pitch_type,release_pos_x,release_pos_z,player_name,pitcher,description,stand,balls,strikes,pfx_x,pfx_z,plate_x,plate_z,vx0,vy0,vz0,ax,ay,az,release_pos_y,delta_run_exp
CH,2.76,5.56,"Andrews, Clayton",677076,swinging_strike,R,1,2,1.2,0.11,-0.23,1.24,-8.620025608267847,-115.14436843372472,-2.8312243905940218,12.290848016516607,20.684732849757008,-30.896919368271277,55.03,-0.283
SI,2.63,5.5,"Andrews, Clayton",677076,swinging_strike,R,1,1,1.37,0.62,-0.12,3.32,-9.915610546912989,-135.50472776034144,-1.20076088940156,18.987885361407404,28.47310191984673,-24.430117769692867,54.9,-0.078
CH,2.77,5.48,"Andrews, Clayton",677076,ball,R,0,1,1.28,0.3,-0.64,1.3,-10.063506381784835,-119.8709244928548,-3.533823896621501,14.292491059438827,22.203958653083827,-28.775543865425867,55.01,0.057
CH,2.94,5.35,"Andrews, Clayton",677076,called_strike,R,0,0,1.19,0.65,1.17,2.3,-6.19419380814234,-118.87592835152384,-1.529047880963549,12.51787312456556,22.69153173183181,-25.91589937922104,54.99,-0.064
FF,2.67,5.38,"Andrews, Clayton",677076,hit_by_pitch,R,3,2,0.53,1.16,-1.44,3.6,-11.383022034110075,-133.0498876809855,-1.1127711355423835,8.7182911462354,28.657057228866773,-18.356872790865992,54.74,0.343
SL,2.89,5.29,"Andrews, Clayton",677076,foul,R,3,2,-1.12,-0.54,-0.32,1.76,-4.918154210140656,-116.8436790429102,-0.078731164553343,-9.199879568920773,23.60824515366866,-37.32155191868421,54.92,0.0
SL,2.95,5.27,"Andrews, Clayton",677076,foul,R,3,2,-0.69,0.06,-0.96,1.82,-7.258077881614813,-116.87227756895768,-1.0757628937242971,-4.999664252890789,21.7974249711442,-31.64941524195962,55.0,0.0
CH,2.72,5.38,"Andrews, Clayton",677076,foul,R,3,2,1.35,0.56,0.63,2.1,-7.083035838393847,-116.87330313019656,-1.5792008040163603,13.73656814928891,24.002828819350142,-26.990658394392376,54.95,0.0
CH,2.67,5.31,"Andrews, Clayton",677076,foul,R,3,2,1.48,0.89,-0.52,2.58,-9.828799437026682,-118.07443480056104,-1.183045517214388,15.759043156501027,23.09372770259032,-23.808592409158745,54.93,0.0
CH,2.69,5.43,"Andrews, Clayton",677076,ball,R,2,2,1.43,0.79,-1.33,2.35,-11.53363434718498,-117.7791178442924,-1.7416616995935268,15.520937305464656,22.20667087302317,-24.676489286426104,55.0,0.093
CH,2.88,5.37,"Andrews, Clayton",677076,ball,R,1,2,1.36,0.56,2.42,1.99,-3.6006552541288315,-118.58465457354288,-2.043065871811234,13.562755684972169,23.13463062498324,-26.715505969696203,55.06,0.036
SL,2.68,5.57,"Andrews, Clayton",677076,foul,R,1,1,-0.51,-0.25,-0.06,3.09,-5.065338573338099,-117.33757331897571,1.6479224126670446,-3.647960947960417,24.12655785049645,-35.075232782002125,54.99,-0.049
CH,2.91,5.44,"Andrews, Clayton",677076,ball,R,0,1,1.45,0.71,0.77,1.32,-7.484509965256149,-119.3585108862464,-4.023499070266875,15.310756614124209,24.660223180275,-24.80804771048514,55.19,0.021
CH,2.85,5.35,"Andrews, Clayton",677076,swinging_strike,R,0,0,1.52,0.72,1.62,2.58,-5.56790131472819,-118.1740634504034,-0.951685025803477,15.301512343591206,23.39396134521235,-25.47440692863377,55.03,-0.032
SI,2.83,5.42,"Andrews, Clayton",677076,hit_into_play,L,0,0,1.46,0.75,0.88,2.6,-8.029383247008782,-134.06616966270494,-2.918122581525775,19.38510659081277,29.57135647828924,-22.672076231199423,54.83,1.0
