pitch_type,release_pos_x,release_pos_z,player_name,pitcher,description,stand,balls,strikes,pfx_x,pfx_z,plate_x,plate_z,vx0,vy0,vz0,ax,ay,az,release_pos_y,delta_run_exp
FF,-1.96,5.14,"Bickford, Phil",641360,hit_into_play,R,0,2,-0.67,1.28,-0.12,2.31,6.3233619021991405,-136.32928887058276,-4.414415114811747,-9.806042424257916,32.20629874418743,-15.420657916611392,53.34,1.742
FF,-1.9,5.19,"Bickford, Phil",641360,called_strike,R,0,1,-0.54,1.45,0.39,2.02,7.225093051432631,-137.04404129320105,-5.756059490460227,-8.462901478286895,33.03639270867913,-12.82522455006646,53.52,-0.116
FF,-2.12,5.05,"Bickford, Phil",641360,swinging_strike,R,0,0,-0.43,1.39,0.52,2.02,7.82628762950186,-135.08069814371902,-5.034632303608442,-7.073271082655954,30.718240923931624,-14.309205015300876,53.49,-0.099
FF,-1.94,5.09,"Bickford, Phil",641360,ball,R,3,1,-0.4,1.3,0.76,1.21,7.969357300264684,-136.51025543766625,-7.241269313751868,-6.868597341451045,32.682318904297425,-14.472375058066737,53.55,0.214
FF,-1.94,5.09,"Bickford, Phil",641360,called_strike,R,3,0,-0.18,1.44,-0.02,2.92,5.395951164582347,-135.50389430208958,-2.9621001559501066,-3.4418104306220627,32.17119655353032,-14.05286006090076,53.39,-0.116
FF,-1.9,5.25,"Bickford, Phil",641360,ball,R,2,0,-0.51,1.51,0.82,3.86,8.220856662862461,-135.6067687386343,-1.088729407453854,-8.167346226695381,31.84298680797836,-13.577400230204834,53.47,0.124
SL,-2.17,5.04,"Bickford, Phil",641360,ball,R,1,0,0.22,0.35,1.71,1.31,8.819498205005434,-124.14481932197027,-3.203650957125932,0.4660564683563475,25.977726315272808,-28.04765702003606,53.25,0.075
SL,-2.12,5.08,"Bickford, Phil",641360,ball,R,0,0,0.27,0.29,1.73,2.05,8.677234895306881,-124.76034699810886,-1.4493149906094531,0.9706305853810644,26.527146654117885,-29.0616580309357,53.45,0.042
FF,-2.17,4.88,"Bickford, Phil",641360,hit_into_play,L,3,1,-0.35,0.92,0.12,2.01,6.605745056184504,-132.8063175936242,-3.356974643510094,-5.531948249194485,28.450130321498445,-20.739708774736734,53.54,-0.694
FF,-2.31,4.89,"Bickford, Phil",641360,called_strike,L,3,0,-0.38,1.35,-0.5,3.29,5.500918981791454,-133.93299487100288,-1.1656437114314095,-5.779077532337653,29.69996756244148,-15.879010125871227,53.53,-0.138
FF,-2.15,5.07,"Bickford, Phil",641360,ball,L,2,0,-0.31,1.46,0.21,4.19,6.791334402898974,-135.268866338012,0.3610713908121268,-5.312647863664892,30.78018654075589,-14.618120652218913,53.67,0.207
FF,-2.36,5.1,"Bickford, Phil",641360,ball,L,1,0,-0.44,1.09,-1.15,3.45,4.105557380810916,-134.96421767598585,-0.7975462212694512,-6.307945868364788,29.687898935214527,-18.939602049112636,53.57,0.096
FF,-2.3,5.13,"Bickford, Phil",641360,ball,L,0,0,-0.63,1.33,-0.66,3.4,5.631355731619973,-135.09127575404963,-1.5052530908500843,-8.97614717608625,32.35773293111105,-15.873730585979365,53.76,0.051
FF,-2.08,5.05,"Bickford, Phil",641360,hit_into_play,R,1,1,-0.54,1.4,0.0,2.66,6.555321498412435,-134.36025404441597,-3.347182038221097,-7.944121508400984,29.633724741887875,-14.749502719962276,53.39,-0.479
FF,-2.24,4.98,"Bickford, Phil",641360,foul_bunt,R,1,0,-0.61,1.23,0.63,2.76,8.855189959140578,-135.99379173900408,-2.7240555393397496,-9.438458804192416,29.25770437083421,-16.521524040878074,53.37,-0.125
SL,-1.9,5.06,"Bickford, Phil",641360,ball,R,0,0,0.43,0.08,2.18,1.49,8.819167947306171,-123.87138200466948,-2.2581398329520166,2.7309685392336536,24.332328804912933,-31.07576621683503,53.53,0.087
FF,-2.16,4.91,"Bickford, Phil",641360,hit_into_play,R,1,0,-0.71,1.47,0.39,2.17,8.203556247358971,-135.62166237158087,-4.518994013643498,-10.643949809317022,32.15214263676774,-13.20783700431548,53.61,0.718
FF,-2.13,4.76,"Bickford, Phil",641360,ball,R,0,0,-0.86,1.35,0.71,1.23,9.463243374947488,-137.79187963031552,-6.625239402389685,-13.124153410252148,32.69420751677603,-13.61933010679851,53.49,0.055
FF,-2.36,4.83,"Bickford, Phil",641360,hit_into_play,L,2,2,-0.6,1.06,-0.9,2.36,5.120771330568954,-136.19935465941128,-2.9806641596366044,-8.59828724189904,30.425037504532497,-18.524229652231195,53.83,0.725
FF,-2.56,4.81,"Bickford, Phil",641360,ball,L,1,2,-0.62,1.37,0.76,3.81,10.022456785387336,-135.6680485147623,0.2291349770198613,-9.91073205756371,31.16198779556958,-15.658765376997437,53.43,0.082
FF,-2.38,4.81,"Bickford, Phil",641360,ball,L,0,2,-0.73,1.38,-1.03,3.44,5.133841100188601,-136.88809751210283,-0.8977577466959404,-10.294095179267742,31.60149064285508,-14.87718030250634,53.83,0.035
FF,-2.5,4.85,"Bickford, Phil",641360,called_strike,L,0,1,-0.73,1.31,-0.89,2.64,5.892916353422547,-137.44399309377107,-2.9943193050985157,-10.582380541648426,31.56509685203377,-15.1309091458636,53.65,-0.087
FF,-2.41,4.76,"Bickford, Phil",641360,called_strike,L,0,0,-0.55,1.32,-0.16,2.26,7.184445051699839,-137.17792592681374,-3.787008960470788,-8.555327939991246,30.798795642241025,-14.817808238459786,53.5,-0.051
FF,-2.2,5.02,"Bickford, Phil",641360,hit_into_play,R,2,1,-0.64,1.3,0.12,2.49,7.478410791117341,-135.8978478431203,-3.660877510550306,-9.558328560655251,31.035287347022187,-15.482125588413007,53.45,0.589
SL,-2.13,5.05,"Bickford, Phil",641360,ball,R,1,1,0.38,0.47,0.45,0.49,5.31904444940051,-123.10156930054332,-5.316907300796752,2.8974355533755096,23.235365841722224,-26.57189193824149,53.49,0.05
FF,-2.29,5.13,"Bickford, Phil",641360,ball,R,0,1,-0.43,1.43,0.07,4.09,7.1479920253676585,-136.7916349235083,-0.155025958645106,-7.007831052560089,29.92652996513814,-14.37735864100556,53.65,0.021
FF,-2.11,4.95,"Bickford, Phil",641360,swinging_strike,R,0,0,-0.59,1.35,0.38,2.86,7.814875737921678,-135.69450775193866,-2.59429902626014,-9.029614404423263,31.09622446482741,-15.103738916162673,53.49,-0.032
SL,-1.78,4.98,"Bickford, Phil",641360,swinging_strike,R,3,2,0.53,0.22,0.57,1.08,4.515845368430892,-122.80126390268444,-3.2219976399438286,4.485104889982726,23.77938976747865,-29.52131788262093,53.2,-0.55
FF,-1.99,4.95,"Bickford, Phil",641360,ball,R,2,2,-0.45,1.53,0.46,3.91,7.429087511728836,-136.18515881892068,-0.3087907625181554,-7.219158398449743,31.066445917020623,-13.37062610610772,53.49,0.191
SL,-1.79,4.86,"Bickford, Phil",641360,blocked_ball,R,1,2,0.71,-0.14,0.97,0.27,5.09029393918428,-122.7639422567329,-3.968691176552892,5.931504125189014,28.59428878761734,-32.8469169511746,53.35,0.077
FF,-1.84,4.91,"Bickford, Phil",641360,foul,R,1,2,-0.3,1.31,0.63,2.72,7.181409855602171,-136.95971223350134,-2.845318249697496,-5.510525318103172,33.38698830052834,-15.383287938647468,53.51,0.0
FF,-2.04,4.75,"Bickford, Phil",641360,foul,R,1,1,-0.78,1.18,-0.89,2.84,4.753101293095891,-135.8479331748769,-1.7630200579387376,-10.669486775613516,29.32379049771141,-17.38876434565661,53.38,-0.078
FF,-2.11,4.84,"Bickford, Phil",641360,ball,R,0,1,-0.89,1.23,-0.3,1.12,6.668155845093411,-134.29952936939773,-6.449933745509145,-12.165144563358876,28.24735928990631,-16.017042005966236,53.2,0.057
FF,-2.06,4.73,"Bickford, Phil",641360,called_strike,R,0,0,-0.9,1.39,0.26,2.86,8.106565559797604,-136.08787110770666,-2.158782942527894,-12.937310758392252,30.69171265872148,-14.667983379822058,53.24,-0.064
FF,-1.96,4.87,"Bickford, Phil",641360,foul,R,1,2,-0.8,1.32,-0.63,2.98,5.309371121274351,-136.74980372030714,-2.07213634739633,-11.29804322586812,34.16790303796668,-15.479110330994708,53.5,0.0
FF,-1.95,4.86,"Bickford, Phil",641360,ball,R,0,2,-0.9,1.23,0.67,3.51,8.835919142593252,-135.78031184915363,-0.3940726456875125,-13.060875550511522,31.10879593712132,-17.133489724247006,53.41,0.019
SL,-1.8,4.9,"Bickford, Phil",641360,swinging_strike,R,0,1,0.29,0.23,0.91,1.52,5.89561458540965,-124.62185463524014,-2.2124380700453314,1.9535058046784783,23.872093679906552,-29.5381780124967,53.33,-0.047
FF,-1.98,4.87,"Bickford, Phil",641360,called_strike,R,0,0,-0.75,1.27,-0.05,2.79,6.654313290830542,-134.5886439017777,-2.243109880996843,-10.634437073740768,32.02423503336827,-16.480231932741596,53.32,-0.032
FF,-1.94,4.72,"Bickford, Phil",641360,foul_tip,R,3,2,-0.68,1.44,1.0,1.42,9.217059760716577,-135.8464129228221,-5.966228577012203,-10.572621921291333,32.18733121791089,-13.218153530095083,53.39,-0.131
FF,-1.95,4.71,"Bickford, Phil",641360,ball,R,2,2,-0.83,1.21,1.63,1.74,11.308932842387163,-136.5772054148404,-4.679802790239572,-13.093384981110262,32.756320817651456,-16.221675134205807,53.39,0.043
FF,-1.97,4.74,"Bickford, Phil",641360,called_strike,R,2,1,-0.69,1.4,0.78,1.75,8.692878377680959,-135.32184653528117,-4.998244318939531,-10.515774720002913,32.11507454833725,-14.064069100869151,53.38,-0.031
FF,-2.05,4.82,"Bickford, Phil",641360,ball,R,1,1,-0.72,1.29,0.57,1.17,8.508806707638218,-136.44641517618908,-6.634566676770013,-10.983492502634396,32.844567795853536,-14.68714299688313,53.32,0.023
FF,-2.02,4.77,"Bickford, Phil",641360,ball,R,0,1,-0.73,1.27,1.14,2.1,9.895106760088012,-135.5957836361891,-3.882546204707823,-11.312539849045256,33.00922966007501,-15.92056654752278,53.32,0.011
FF,-1.91,4.8,"Bickford, Phil",641360,called_strike,R,0,0,-0.64,1.45,0.89,1.89,8.795617755195702,-136.1830760525313,-5.007612520685089,-10.057576253104088,33.00810818411048,-13.233997278374394,53.26,-0.015
FF,-1.97,4.87,"Bickford, Phil",641360,hit_into_play,R,3,2,-0.69,1.27,-0.87,2.61,4.377717512217927,-135.27484057438298,-2.7968222920128314,-9.456747983039351,31.98151090827597,-16.214303034737522,53.49,0.969
FF,-1.9,4.69,"Bickford, Phil",641360,called_strike,R,3,1,-0.79,1.19,0.85,1.72,9.127830878196306,-138.0870345144154,-4.843872862991133,-12.261141168915676,32.860492801870635,-16.019903865660247,53.34,-0.035
FF,-2.18,4.65,"Bickford, Phil",641360,ball,R,2,1,-0.9,1.14,-1.8,2.79,3.004499669216781,-136.38425096037994,-1.5696005173671557,-11.829832652702928,32.01739372389985,-17.839391167311284,53.43,0.046
SL,-1.96,4.74,"Bickford, Phil",641360,ball,R,1,1,0.44,0.61,1.38,0.43,7.053700844810627,-123.63956991176104,-5.087624742968993,3.2062066638397995,23.34965771199332,-25.113309179433703,53.42,0.023
FF,-2.04,4.74,"Bickford, Phil",641360,ball,R,0,1,-0.78,1.4,1.13,2.12,10.151873525833324,-137.441945980242,-4.295996361424636,-12.176487994191762,31.375423881214207,-13.700141387361931,53.39,0.011
FF,-2.12,4.72,"Bickford, Phil",641360,swinging_strike,R,0,0,-0.82,1.21,0.33,1.46,8.256042755521625,-135.7867390331226,-5.390497532825498,-11.97442651051052,30.08363968714748,-16.209727432429066,53.28,-0.015
FF,-1.98,4.65,"Bickford, Phil",641360,hit_into_play,R,3,2,-0.72,1.31,-0.99,2.54,4.233376834462081,-136.61329316928175,-2.624489650205986,-9.975813720309652,32.74200257934163,-15.518743823251082,53.37,-0.211
FF,-1.99,4.77,"Bickford, Phil",641360,foul,R,3,2,-0.59,1.39,0.86,1.6,8.79064445402922,-135.5805757303659,-5.456775555283271,-9.466891501226083,34.18070335682802,-13.988733569315468,53.35,0.0
FF,-1.98,4.71,"Bickford, Phil",641360,ball,R,2,2,-0.7,1.36,1.42,2.51,10.48025915488392,-135.92632141220696,-2.922588811319696,-11.082830451410707,32.03109485022392,-14.896086335584254,53.27,0.069
FF,-2.04,4.84,"Bickford, Phil",641360,called_strike,R,2,1,-0.88,1.43,-0.25,1.45,6.722233924973977,-137.26960767318528,-6.36372317351875,-12.68995014656676,33.522205475759854,-12.838728528450629,53.34,-0.051
FF,-2.09,4.76,"Bickford, Phil",641360,ball,R,1,1,-0.87,1.5,1.04,1.83,10.270073896993976,-137.4264207387201,-5.347651370952503,-13.2890514135186,31.013816283259803,-12.146351139987749,53.33,0.037
SL,-2.14,4.86,"Bickford, Phil",641360,ball,R,0,1,0.14,0.39,1.01,1.75,7.214684001701594,-123.28705276188344,-1.699577920302055,-0.0583139526385098,24.978684201829417,-28.06857013494915,53.36,0.017
FF,-2.0,4.8,"Bickford, Phil",641360,called_strike,R,0,0,-0.81,1.52,0.7,2.47,8.958265344168085,-136.66894112580297,-3.745449233130117,-12.20591032008198,31.33650494865905,-12.489674791634169,53.22,-0.024
FF,-2.2,4.86,"Bickford, Phil",641360,hit_into_play,R,0,2,-0.84,1.37,0.27,2.77,8.412825834042899,-137.05601303305178,-2.7516719689063254,-12.542885326437078,32.9182929835308,-14.60686013238952,53.33,-0.149
FF,-2.2,4.8,"Bickford, Phil",641360,called_strike,R,0,1,-0.75,1.51,0.65,2.96,9.122529331940068,-135.86539004616583,-2.2756953471198176,-11.4753405218761,33.130650195603984,-13.2872068161557,53.4,-0.047
FF,-1.98,4.76,"Bickford, Phil",641360,called_strike,R,0,0,-0.69,1.53,0.25,2.68,7.340928426888865,-134.6732210106656,-2.8516292888660204,-10.071412310946355,31.41655929123452,-13.183856924659924,53.26,-0.032
FF,-2.18,5.17,"Bickford, Phil",641360,hit_into_play,L,0,0,-0.46,1.21,0.87,2.49,8.943024283292074,-135.5164507348057,-3.846734417989128,-7.537159222660644,27.544495842655337,-16.601311057027747,53.54,0.801
FF,-2.05,5.13,"Bickford, Phil",641360,swinging_strike,L,3,2,-0.37,1.09,0.76,2.51,8.070351946364598,-134.55732506438835,-3.313537054416296,-6.097930523365194,26.98801478581678,-18.37435495821384,53.48,-0.647
FF,-2.09,5.25,"Bickford, Phil",641360,ball,L,2,2,-0.27,1.2,-0.93,4.83,3.5882472191676493,-135.45191010398207,2.0783189627913146,-4.053648723258598,29.10489784952546,-18.04179195333641,53.64,0.193
FF,-2.09,5.21,"Bickford, Phil",641360,ball,L,1,2,-0.37,1.23,-0.29,4.4,5.479003247765115,-135.01424117149597,1.0248376549910976,-5.748094021948743,28.444530167732704,-17.532423549102155,53.6,0.057
FF,-2.14,5.21,"Bickford, Phil",641360,ball,L,0,2,-0.27,1.2,-0.75,4.26,4.21451297369171,-135.51804682498283,0.700974785009514,-4.21719936468715,28.46887584900455,-17.692845155696652,53.56,-0.073
FF,-2.09,5.22,"Bickford, Phil",641360,foul,L,0,2,-0.45,1.21,0.55,2.82,7.894835381686527,-135.62369039905727,-3.201907016259925,-7.092216577231773,25.09404929548384,-16.579178936948924,53.42,0.0
FF,-2.06,5.19,"Bickford, Phil",641360,foul,L,0,2,-0.52,1.39,0.15,3.24,6.946665401192985,-135.9096075982854,-2.390941350408992,-7.928563964800706,27.4995375286073,-14.557791535550136,53.55,0.0
FF,-2.14,5.22,"Bickford, Phil",641360,foul,L,0,1,-0.48,1.19,-0.13,3.15,6.2625215926971896,-135.13942201024378,-2.2030220332025023,-7.1160226945440685,26.62987229135814,-17.184664412736723,53.46,-0.06
FF,-2.21,5.23,"Bickford, Phil",641360,called_strike,L,0,0,-0.45,1.02,0.73,3.05,8.546674683020989,-133.98758510791183,-1.999826077484339,-7.130018545629612,26.98933024794636,-19.55428876799828,53.51,-0.097
SL,-1.88,5.24,"Bickford, Phil",641360,hit_into_play,R,1,2,0.26,0.14,1.16,2.2,6.657028029225592,-122.8468917955092,-1.0603576390416458,1.4588403935300505,21.27791805585874,-30.721118602429357,53.53,0.806
FF,-1.99,5.22,"Bickford, Phil",641360,foul,R,1,1,-0.49,1.33,0.18,3.28,6.771171351921186,-135.66268670415906,-2.2202622056240413,-7.465179319649975,26.83466080638178,-15.381900955317148,53.48,-0.105
SL,-2.01,5.16,"Bickford, Phil",641360,ball,R,0,1,0.67,0.28,1.27,1.22,6.324522973434717,-121.68891456534824,-3.2383307054302444,5.405349861719434,23.79332491919485,-28.968042552247468,53.66,0.053
FF,-2.05,5.27,"Bickford, Phil",641360,called_strike,R,0,0,-0.41,1.43,0.61,2.47,7.871635916614927,-136.68016572298026,-4.739307016114993,-6.90907535088537,31.102947995732844,-13.427519014311295,53.6,-0.064
FF,-2.15,5.19,"Bickford, Phil",641360,hit_into_play,L,1,0,-0.69,1.31,-0.44,2.11,5.957143390312968,-134.76743319556564,-4.963497422696819,-9.75695538452448,29.912360248946783,-15.358001621635204,53.5,0.378
FF,-2.19,5.25,"Bickford, Phil",641360,ball,L,0,0,-0.59,1.29,-0.77,3.69,4.962627607985589,-134.81366541057716,-1.0140394082590536,-8.227127701619033,29.76963962555469,-16.405544074020348,53.61,0.032
SL,-2.07,5.22,"Bickford, Phil",641360,hit_into_play,R,1,1,0.57,0.18,0.07,2.05,3.9251990816290494,-123.96029658709308,-1.5628257965134855,5.162500611357784,23.05083304581631,-30.23587173542918,53.54,-0.218
SL,-2.02,5.24,"Bickford, Phil",641360,called_strike,R,1,0,0.6,0.19,0.99,1.83,5.909217535333495,-123.39489121913832,-2.0600876162245045,5.042583693642112,23.62122136833999,-30.00332835341788,53.45,-0.039
SL,-1.92,5.2,"Bickford, Phil",641360,ball,R,0,0,0.59,0.0,1.39,1.15,6.629543715663491,-123.03761451452756,-3.13516222258161,4.732762739128449,23.63751054077922,-31.74408831987981,53.45,0.027
FF,-1.93,5.18,"Bickford, Phil",641360,hit_into_play,R,1,1,-0.67,1.42,0.79,2.5,8.617030251528373,-135.97103054738255,-4.317041273037472,-10.25113973800442,30.81940323894116,-13.86393414840694,53.42,-0.287
FF,-1.82,5.28,"Bickford, Phil",641360,ball,R,0,1,-0.45,1.55,0.99,1.74,8.407573209084333,-136.64958705579164,-6.958923528903167,-7.466695862095797,30.589525181086564,-11.427196915054406,53.4,0.031
FF,-1.9,5.17,"Bickford, Phil",641360,called_strike,R,0,0,-0.74,1.38,0.13,1.81,6.948626222941138,-135.316448867166,-5.971911512213639,-10.574083630392586,30.022266239074533,-14.067702744283084,53.31,-0.042
FF,-2.09,5.27,"Bickford, Phil",641360,hit_into_play,R,1,2,-0.51,1.38,0.06,2.7,6.837759969489085,-137.82878485269532,-4.195115487242074,-7.96600991384267,28.54142363314881,-13.829754484303914,53.51,0.313
FF,-2.03,5.25,"Bickford, Phil",641360,called_strike,R,1,1,-0.42,1.36,0.83,3.02,8.522464173935418,-137.8521986971062,-3.267085206202549,-7.17215950872296,29.89404602129863,-14.245018592632,53.45,-0.04
SL,-2.16,5.24,"Bickford, Phil",641360,called_strike,R,1,0,0.57,0.0,-0.05,2.9,3.8558463607835263,-124.70293067829968,0.7053736522595666,5.351992829181626,22.40792846231909,-32.53800178424137,53.47,-0.031
FF,-2.05,5.25,"Bickford, Phil",641360,ball,R,0,0,-0.6,1.37,0.53,0.92,8.122287747276152,-136.4640986099432,-8.625040830534882,-9.249597440503452,28.56901739798217,-13.336362179970726,53.49,0.024
FF,-2.13,5.17,"Bickford, Phil",641360,hit_into_play,R,2,1,-0.55,1.49,0.58,1.96,8.33786734460743,-135.86723780237563,-5.886169770146271,-8.619470960234587,29.38923413212416,-12.587589217693017,53.29,-0.267
FF,-2.14,5.2,"Bickford, Phil",641360,swinging_strike,R,2,0,-0.39,1.47,0.1,2.49,6.737070561025487,-136.2903542175548,-4.603278576410368,-6.3034137290808765,28.48173641339365,-12.94491094970082,53.52,-0.057
FF,-2.1,5.2,"Bickford, Phil",641360,ball,R,1,0,-0.6,1.45,1.1,2.25,9.856548262668229,-137.86235035582044,-5.381757188881212,-9.762623190920356,29.423147655520008,-12.57138031076638,53.34,0.064
SL,-1.91,5.24,"Bickford, Phil",641360,ball,R,0,0,0.37,0.3,0.77,1.45,5.685906648841152,-125.00957862261671,-3.43404995850216,2.919730601435236,21.789658540333576,-28.55902267658567,53.42,0.032
SL,-1.95,5.26,"Bickford, Phil",641360,hit_into_play,R,0,1,0.65,-0.1,-0.43,2.41,2.3197052961451816,-123.53016835740009,-0.1872393738105079,6.245753354549499,22.454248767183607,-33.339859099397,53.14,-0.085
SL,-2.03,5.13,"Bickford, Phil",641360,swinging_strike,R,0,0,0.71,-0.04,0.38,1.27,4.184845764049341,-121.56878773867886,-2.387860413558535,6.18868190247399,24.405542222368982,-32.26547499060003,53.66,-0.015
FF,-2.27,5.13,"Bickford, Phil",641360,hit_into_play,L,2,2,-0.27,1.17,0.06,3.06,6.575972457307744,-135.31643892618058,-2.1116555323565063,-4.712642675634826,28.22643062577987,-17.51810581286229,54.2,-0.142
FF,-2.31,5.03,"Bickford, Phil",641360,foul,L,2,1,-0.35,1.19,-0.67,3.1,5.029317434186905,-136.36607300190676,-1.8657351548935628,-5.466668842784332,31.14578562865133,-17.18682980249383,53.97,-0.051
FF,-2.19,5.07,"Bickford, Phil",641360,swinging_strike,L,2,0,-0.42,1.36,-0.55,2.99,5.12187982396885,-134.496920641423,-2.4313223577322467,-6.267025831309069,31.183041194634967,-15.447226570291829,53.91,-0.039
FF,-2.13,5.23,"Bickford, Phil",641360,ball,L,1,0,-0.33,1.23,-0.11,4.33,5.946916767569078,-136.46692594501985,0.6903225100076316,-5.444890448362697,31.381926843870016,-17.250934427449476,54.12,0.045
FF,-2.16,5.3,"Bickford, Phil",641360,ball,L,0,0,-0.19,1.25,-0.55,3.65,4.549748970512471,-136.2837287611179,-1.2840538269941884,-3.436630371437208,30.85547944031105,-16.511319125544105,54.51,0.024
FF,-2.02,5.22,"Bickford, Phil",641360,hit_into_play,R,0,1,-0.49,1.38,-0.98,2.83,3.8324450000943657,-137.07409053660018,-3.561911715668696,-7.088260413083932,32.360947120300594,-14.291584527947244,53.76,-0.196
FF,-1.96,5.26,"Bickford, Phil",641360,called_strike,R,0,0,-0.57,1.06,-0.58,2.6,4.774859254130657,-133.57095582752882,-3.16809532681872,-7.920668395808432,29.96769982614578,-19.062827696864684,53.7,-0.032
FF,-2.06,5.18,"Bickford, Phil",641360,hit_into_play,L,1,1,-0.4,1.09,-0.16,2.33,5.7846670532452285,-135.4261657286295,-3.986643762478474,-6.150674554503401,28.045731166918145,-18.037150048733704,53.91,-0.431
SL,-2.08,5.23,"Bickford, Phil",641360,blocked_ball,L,0,1,0.62,-0.12,1.43,-0.16,6.973296642951021,-123.90103154566596,-6.088041578709342,4.942332234904599,25.30438243590772,-32.34411829478523,54.3,0.057
FF,-2.12,5.23,"Bickford, Phil",641360,called_strike,L,0,0,-0.42,1.31,0.8,1.91,8.50961144028341,-136.67055776029346,-5.820976466459192,-7.11436717968216,29.332973132060552,-14.61860515282936,54.06,-0.073
SL,-2.05,5.24,"Bickford, Phil",641360,foul_tip,L,0,2,0.55,-0.17,0.47,1.66,4.880971731912768,-124.6815863775789,-1.8717689983174397,4.736664719058783,24.504328624516173,-33.76882862134092,53.93,-0.32
FF,-2.33,5.18,"Bickford, Phil",641360,swinging_strike,L,0,1,-0.37,1.3,-0.09,3.08,6.801775590974902,-138.01359022211642,-2.810371362869588,-6.255416289632906,29.41584838869968,-15.071931255217162,53.27,-0.079
FF,-2.11,5.21,"Bickford, Phil",641360,called_strike,L,0,0,-0.36,1.24,-0.64,1.75,4.580086121347719,-135.8515228086574,-5.917467273186798,-5.412852241301197,28.412763066196074,-15.714924613283015,54.06,-0.083
FF,-2.18,5.39,"Bickford, Phil",641360,hit_by_pitch,R,0,0,-0.29,0.9,-2.18,4.0,0.621314972992101,-132.35202604567547,0.5400317746409374,-3.5069870066465225,29.044731377398563,-21.97154050827732,53.95,0.237
