pitch_type,release_pos_x,release_pos_z,player_name,pitcher,description,stand,balls,strikes,pfx_x,pfx_z,plate_x,plate_z,vx0,vy0,vz0,ax,ay,az,release_pos_y,delta_run_exp
FF,-1.59,5.49,"Burdi, Nick",595897,ball,R,3,1,-0.74,1.14,0.92,1.19,8.613561322770622,-143.9252218580623,-9.011269074435727,-12.303385129682754,33.8613518483105,-14.315959515923064,53.97,0.214
FF,-1.48,5.42,"Burdi, Nick",595897,blocked_ball,R,2,1,-0.68,1.16,2.39,0.51,12.07351408989555,-142.37958624493297,-10.567551587124722,-11.804429940063054,30.26677823932424,-14.059358222001867,53.82,0.083
SL,-1.81,5.45,"Burdi, Nick",595897,blocked_ball,R,1,1,1.16,-0.31,0.89,0.64,4.248852585507826,-130.1654947387632,-5.226880575420548,12.28072416377076,27.13242084285914,-34.80657934790704,53.99,0.058
SL,-1.76,5.58,"Burdi, Nick",595897,ball,R,0,1,1.3,0.1,0.07,4.35,1.735275721474022,-127.35697269746572,2.947570868249296,13.86595153478758,25.11933153131447,-31.87143218262503,54.16,0.057
SL,-1.73,5.5,"Burdi, Nick",595897,foul,R,0,0,0.58,0.22,0.64,2.21,4.6489427848399005,-131.18922028402557,-2.721764787573317,5.842750589586393,26.087908313615223,-29.24935094183634,54.07,-0.073
FF,-1.88,5.35,"Burdi, Nick",595897,swinging_strike,L,0,2,-0.57,1.05,-1.01,3.06,3.646187542278805,-142.14087233480328,-3.1056141860493214,-8.57783124634455,31.62001041986798,-17.40330513615519,54.21,-0.32
SL,-2.02,5.41,"Burdi, Nick",595897,called_strike,L,0,1,0.59,-0.01,-0.78,2.37,1.842591734096166,-131.92665755623844,-1.6433067249778976,6.509094136159359,28.01171795923768,-32.21177337285388,53.87,-0.079
SL,-1.98,5.43,"Burdi, Nick",595897,called_strike,L,0,0,0.45,-0.03,-0.24,1.84,3.3768820685435053,-130.97153902913797,-2.8507253732578617,4.457686287255303,28.66787652893561,-32.16018354333988,53.99,-0.083
FF,-1.61,5.48,"Burdi, Nick",595897,ball,R,3,2,-0.71,1.27,1.53,1.45,10.220832113388091,-142.81107526407055,-8.443374907443904,-12.01925772281111,32.619189217977706,-12.99448435479367,53.84,0.313
FF,-1.65,5.43,"Burdi, Nick",595897,ball,R,2,2,-0.71,1.27,1.81,1.3,11.008057167286337,-142.05740971511537,-8.590433522922352,-12.141032646168002,32.59206324777191,-13.079523924186134,53.93,0.097
FF,-1.62,5.42,"Burdi, Nick",595897,swinging_strike,R,2,1,-0.61,1.01,1.09,2.34,8.677785118717145,-141.37698528549913,-5.067138377686288,-10.060065776916552,31.401854838436712,-17.60477965937492,54.06,-0.074
SL,-1.74,5.55,"Burdi, Nick",595897,ball,R,1,1,0.46,0.21,1.78,1.43,7.855023780967779,-132.03430101008274,-4.851117695625177,3.740829271951184,27.90903659227677,-28.852113088540374,53.98,0.058
SL,-2.02,5.55,"Burdi, Nick",595897,called_strike,R,1,0,0.34,0.17,-0.59,1.79,2.808940877031559,-130.63281204806003,-3.68101718912425,3.2713932525554577,27.450784587310324,-29.661898581790464,54.41,-0.055
FF,-1.78,5.55,"Burdi, Nick",595897,ball,R,0,0,-0.67,0.91,-0.14,3.96,5.9386686557370565,-141.81080306223166,-0.8803581144635098,-10.362178405957742,31.26996321507757,-19.863303006847573,54.26,0.044
FF,-1.73,5.39,"Burdi, Nick",595897,hit_into_play,R,3,1,-0.86,1.07,0.63,2.1,8.300584708674187,-141.51056751327883,-5.743065692291794,-13.479969912913443,32.584258534812264,-16.699310825575967,54.26,0.853
FF,-1.59,5.45,"Burdi, Nick",595897,ball,R,2,1,-0.59,1.24,2.02,2.26,10.978132456872622,-140.50351464244486,-5.77432944305665,-10.211409338220289,31.377022915445703,-14.57348219701096,54.01,0.108
FF,-1.74,5.45,"Burdi, Nick",595897,foul,R,2,0,-0.52,1.08,0.46,3.15,7.120370649243666,-141.67705666306844,-3.161599645665341,-8.59087056900024,31.67139058846162,-17.036403521814556,54.06,-0.057
SL,-1.85,5.47,"Burdi, Nick",595897,ball,R,1,0,0.75,0.07,1.67,1.04,7.212704535297652,-131.9668351044817,-5.401954120425945,7.510203947261179,24.315014685091864,-30.50212721102452,54.06,0.064
SL,-1.82,5.58,"Burdi, Nick",595897,ball,R,0,0,1.16,0.7,-0.99,3.88,-0.3875879766093903,-127.34150155194484,0.5759634370714433,12.693372498430614,25.736104925711448,-24.89035313764077,54.23,0.032
SL,-1.86,5.43,"Burdi, Nick",595897,called_strike,L,3,2,0.84,-0.02,-0.36,2.59,1.962922403239362,-133.1052161379094,-1.2005653898359694,9.443564776510328,30.81543659448578,-32.31738015840089,54.02,-0.443
FF,-1.76,5.38,"Burdi, Nick",595897,ball,L,2,2,-0.69,1.0,-1.24,3.7,3.0413241993901035,-144.04404170140091,-1.4953963153524377,-10.292632643095391,33.76370282996896,-18.07377470091531,54.17,0.115
SL,-1.79,5.55,"Burdi, Nick",595897,foul,L,2,2,1.27,0.09,0.64,1.85,3.268645659793933,-128.51901409842972,-3.076416365536251,13.277233334987107,28.737361699068085,-30.75050305186845,53.98,0.0
CH,-1.75,5.37,"Burdi, Nick",595897,blocked_ball,L,1,2,-1.29,0.1,-0.85,0.45,5.095107852839158,-133.49889239419934,-6.854681504909938,-16.500060053558244,29.06366771723674,-29.661540501139097,53.82,0.012
FF,-1.86,5.36,"Burdi, Nick",595897,ball,L,0,2,-0.28,0.89,-1.35,3.49,2.0442325484969177,-143.41802331739683,-1.687227877396393,-4.361655975727677,33.199837416144845,-19.748865467273728,54.03,0.009
FF,-1.78,5.31,"Burdi, Nick",595897,foul,L,0,1,-0.38,0.86,0.08,2.96,5.895214972086271,-142.21188083758804,-2.842428492282392,-6.409802996549238,31.40714656759701,-20.057543822885552,54.09,-0.068
SL,-1.81,5.49,"Burdi, Nick",595897,called_strike,L,0,0,0.72,0.13,-0.3,1.84,2.2088519979080745,-129.9794098728038,-3.202878752558936,7.600292156336881,28.869548112461,-30.21344642291292,54.06,-0.073
FF,-1.63,5.39,"Burdi, Nick",595897,hit_into_play,R,0,2,-0.58,0.81,0.03,3.47,5.771709500670083,-141.6018993638795,-1.5162562822523926,-9.038220291332756,31.4489325612205,-21.06372495939336,54.1,-0.317
SL,-1.69,5.45,"Burdi, Nick",595897,called_strike,R,0,1,0.85,0.34,0.92,2.21,4.701083400354102,-131.84410253020016,-2.9085279319840702,8.942066003090915,28.028711106805293,-27.791179953733188,54.16,-0.079
SL,-1.72,5.52,"Burdi, Nick",595897,swinging_strike,R,0,0,0.78,-0.38,0.8,1.05,4.617597487597003,-131.2428933924074,-4.340787413441704,7.916008368219768,29.229828306141734,-35.79725590971209,53.92,-0.083
FF,-1.49,5.53,"Burdi, Nick",595897,hit_into_play,R,2,2,-0.44,1.0,0.81,2.37,7.169890010776707,-140.9179913624695,-5.217257964509808,-7.4815329595191,30.563362003123896,-17.85809270309578,54.09,0.522
FF,-1.62,5.51,"Burdi, Nick",595897,foul,R,2,2,-0.54,1.2,-0.47,3.5,4.342006724537763,-142.93603635143336,-2.7515000318616654,-8.357947017494968,32.87950627520976,-15.322242733713349,54.37,0.0
SL,-1.84,5.51,"Burdi, Nick",595897,ball,R,1,2,1.01,-0.19,1.31,1.05,5.656210656856323,-130.46833067534692,-4.619379806176051,10.253694393131072,29.17621900071148,-33.47034603239369,53.86,0.054
SL,-1.82,5.61,"Burdi, Nick",595897,called_strike,R,1,1,0.84,-0.15,0.95,1.88,5.003385546978006,-128.49354434014006,-2.6652831912201327,8.200457239165502,27.508147569154268,-33.486878274325434,54.11,-0.07
FF,-1.57,5.47,"Burdi, Nick",595897,ball,R,0,1,-0.57,1.29,1.49,3.07,9.60880164851609,-142.03294135093608,-3.93860215035028,-9.966487966344756,32.74668278463798,-13.942663049898355,53.95,0.031
FF,-1.77,5.41,"Burdi, Nick",595897,swinging_strike,R,0,0,-0.72,1.22,0.67,2.59,8.198535266674632,-141.79603717018327,-4.849713091507435,-11.571050356849735,33.60014136893488,-14.808305407425308,54.21,-0.042
SL,-1.88,5.53,"Burdi, Nick",595897,swinging_strike,R,2,2,1.09,-0.11,1.5,2.08,5.91083399296088,-127.08415082060762,-1.903105281893557,10.546149528653205,27.16969274456843,-33.165134306241065,53.99,-0.199
SL,-1.6,5.54,"Burdi, Nick",595897,ball,R,1,2,1.17,-0.19,1.88,0.71,6.052888945303748,-128.40051290985204,-5.227817781139659,11.455950481386123,28.820315234826943,-33.33547233812071,53.93,0.03
FF,-1.54,5.65,"Burdi, Nick",595897,ball,R,0,2,0.27,0.82,1.4,3.42,7.151835644199183,-138.48703892362883,-2.059760271191294,1.8560484113436448,30.567440458568683,-21.33741461868549,54.03,0.026
SL,-1.75,5.7,"Burdi, Nick",595897,foul,R,0,1,0.53,0.16,0.09,3.78,3.473041500798996,-131.88638983174872,0.8222009419602585,5.343943397858888,29.11552207242053,-30.674605741128747,54.12,-0.045
FF,-1.59,5.6,"Burdi, Nick",595897,foul,R,0,0,-0.62,1.19,-0.53,3.5,4.239348125566683,-140.51659317232114,-2.7146649386135318,-9.181931353105313,32.751037120547664,-16.02945535730449,54.15,-0.042
SL,-1.62,5.6,"Burdi, Nick",595897,hit_into_play,R,0,2,1.33,-0.05,0.65,2.0,2.7327961840855783,-127.11073485990944,-2.3855140169876714,13.858879822943576,26.839183058075047,-32.43708515547659,53.93,-0.197
SL,-1.69,5.61,"Burdi, Nick",595897,swinging_strike,R,0,1,0.77,0.08,0.06,1.19,2.6842545153826656,-129.4967214313341,-5.0326318063926125,8.22656445125883,24.9049323054566,-30.55057071142727,53.99,-0.059
FF,-1.7,5.59,"Burdi, Nick",595897,foul,R,0,0,-0.72,1.35,-0.41,3.27,5.059550601263843,-139.52717514627727,-3.5460567056852046,-10.6212551842136,34.67640825583448,-14.047236256136785,54.16,-0.042
CH,-1.68,5.4,"Burdi, Nick",595897,hit_into_play,L,1,2,-1.43,0.17,-0.37,2.14,6.438981666381598,-133.40090371455608,-2.7599601061742742,-18.522329295988666,28.932779726013933,-29.725586910196075,53.95,0.313
FF,-1.83,5.41,"Burdi, Nick",595897,foul,L,1,2,-0.35,0.85,0.52,1.87,7.125969028373354,-141.31083599279785,-5.938541947963927,-6.266495438735488,31.63347906425479,-19.63855631469827,54.0,0.0
FF,-1.77,5.48,"Burdi, Nick",595897,foul,L,1,1,-0.42,1.1,0.4,2.07,6.7371589776277085,-139.84873300813652,-5.999435554976884,-6.995510683856666,30.767707439107472,-16.510838005777682,53.98,-0.04
SL,-1.89,5.58,"Burdi, Nick",595897,ball,L,0,1,0.58,0.09,0.28,1.2,4.139443796792717,-130.48431884604526,-4.961959958065178,5.553887399084323,31.59520950220532,-30.192581003778752,54.05,0.017
FF,-1.87,5.46,"Burdi, Nick",595897,called_strike,L,0,0,-0.26,1.13,0.71,2.51,7.420169618313681,-139.32278915493285,-4.685262521216526,-5.152162020227299,33.512472235487344,-16.658785767350697,53.96,-0.024
FF,-1.72,5.5,"Burdi, Nick",595897,hit_into_play,R,3,2,-0.41,1.27,0.31,2.89,6.410819661176325,-141.02486265476807,-4.337958088816066,-6.935661028607869,33.343997560248326,-14.473940183839494,53.93,-0.297
SL,-1.8,5.64,"Burdi, Nick",595897,ball,R,2,2,0.47,-0.23,-1.41,3.2,-0.0153012513609893,-130.64839570805418,0.4066441568607519,5.381114366341182,27.039810533066177,-35.109862578470576,54.21,0.093
SL,-1.76,5.72,"Burdi, Nick",595897,foul,R,2,2,0.69,-0.27,-0.14,2.13,2.561152282412882,-130.7508237144684,-2.290958712335299,7.222281635581205,30.494078895780888,-34.978484881776986,53.89,0.0
SL,-2.0,5.43,"Burdi, Nick",595897,ball,R,1,2,0.28,0.05,1.64,0.41,8.572936028358438,-132.32859095295962,-6.945893200387268,1.9023377183663392,22.377029087224575,-30.566455296424746,53.87,0.036
SL,-1.7,5.61,"Burdi, Nick",595897,ball,R,0,2,1.09,-0.07,1.68,1.01,5.957678023357031,-128.00413698820304,-4.88950614932508,10.68847284184073,26.651228021596843,-32.147363115075834,54.12,0.019
SL,-1.93,5.55,"Burdi, Nick",595897,called_strike,R,0,1,0.93,0.14,-0.34,3.06,1.9675415688384736,-130.84918851266607,-0.4562155328869315,10.275088168561537,28.673827965206964,-30.745493938045325,54.18,-0.047
SL,-1.85,5.64,"Burdi, Nick",595897,called_strike,R,0,0,0.17,0.2,0.05,1.69,4.3240053593842696,-129.67130719222158,-4.057707359078071,0.886996278771813,29.62938448349002,-29.279053444548374,54.06,-0.032
FF,-1.69,5.56,"Burdi, Nick",595897,hit_into_play,R,0,0,-0.63,1.24,-0.32,3.38,5.10616681855697,-141.10993070015166,-3.069128549570284,-9.592021984991366,35.22229141878698,-15.206733518955772,53.96,-0.1
FF,-1.81,5.41,"Burdi, Nick",595897,hit_into_play,L,1,0,-0.66,1.19,0.12,2.07,6.7158937100426765,-141.56020482436267,-6.155736380198405,-10.441502778604882,34.1205077419139,-14.89400594764478,54.09,-0.187
FF,-1.67,5.49,"Burdi, Nick",595897,ball,L,0,0,-0.67,1.34,2.3,1.89,12.104374759534563,-139.9649443955604,-7.060547292283007,-11.537717907789627,32.11260031334827,-13.082628168346096,53.92,0.024
FF,-1.78,5.48,"Burdi, Nick",595897,called_strike,R,2,2,-0.69,1.2,0.32,1.58,7.222466616979198,-140.68594890943467,-7.630589072536854,-10.84384670964086,31.752412520875417,-14.611363434692953,53.96,-0.204
FF,-1.57,5.52,"Burdi, Nick",595897,ball,R,1,2,-0.57,1.25,1.72,2.62,10.339077330988394,-143.79168013411535,-5.399261577305834,-10.423374338390442,34.31448039235759,-13.690277888544784,54.05,0.036
SL,-1.65,5.73,"Burdi, Nick",595897,ball,R,0,2,0.34,0.22,1.07,2.36,6.070029678634695,-130.97525619450948,-2.830932565688614,2.443064726253329,30.373038303741776,-29.210871591523173,53.98,0.019
FF,-1.66,5.5,"Burdi, Nick",595897,called_strike,R,0,1,-0.81,1.1,1.04,1.97,9.074064455626113,-140.73342740004762,-6.358611920339161,-12.946794710617658,33.50776430221474,-16.31189405034259,54.12,-0.047
SL,-1.84,5.54,"Burdi, Nick",595897,called_strike,R,0,0,0.37,0.1,0.5,2.37,4.975240266304221,-128.6345726634728,-1.8537475747171808,3.012355083056726,28.35148082307858,-30.839419777550702,53.87,-0.032
SL,-2.04,5.51,"Burdi, Nick",595897,hit_by_pitch,R,1,2,1.19,0.07,-1.26,4.11,-0.5867955200551789,-126.10803187680372,2.7624083256189653,12.754601712671834,27.948971107239046,-32.33004357097404,54.4,0.74
SL,-1.99,5.51,"Burdi, Nick",595897,foul,R,1,1,1.37,0.25,1.06,1.94,4.5067663330823,-126.91544780894408,-2.835228400138627,13.629512769447262,29.30856781496096,-29.1262733698494,54.3,-0.065
SL,-2.2,5.43,"Burdi, Nick",595897,ball,R,0,1,0.44,0.12,-0.87,1.48,2.349708043137472,-129.16398775493903,-3.760078593706141,4.230341656756978,31.84588496224938,-30.19844395754619,53.98,0.028
FF,-1.94,5.43,"Burdi, Nick",595897,swinging_strike,R,0,0,-0.75,1.33,0.14,3.07,7.290787799161821,-141.18850412398243,-3.785198377289559,-11.79779412154045,35.07144508976199,-13.762896436330438,54.12,-0.083
FF,-2.08,5.28,"Burdi, Nick",595897,ball,L,3,2,-1.02,1.02,-1.8,2.84,3.103820626393815,-143.29471380433765,-3.485770101752393,-14.683309929446883,36.21801504334045,-17.510668527689017,54.27,0.313
FF,-2.15,5.22,"Burdi, Nick",595897,foul,L,3,1,-0.5,1.23,1.19,2.95,10.144027493834589,-142.35625010603502,-3.4120745797267924,-9.256012379978095,35.800868814463065,-14.957314683639243,54.3,-0.103
FF,-2.18,5.21,"Burdi, Nick",595897,called_strike,L,3,0,-0.32,0.92,-0.11,2.94,6.2270260488120295,-140.26464196266406,-2.520228819874612,-5.777175663077768,34.63241251400505,-19.72855093842083,54.19,-0.065
FF,-2.16,5.35,"Burdi, Nick",595897,ball,L,2,0,-0.73,1.26,-0.98,3.71,4.846299530315338,-142.6741697090173,-1.799522894018598,-11.057829629141882,35.81338916136707,-14.908801648211371,54.38,0.128
FF,-2.12,5.28,"Burdi, Nick",595897,blocked_ball,L,1,0,-0.88,1.26,1.7,0.67,12.186881611252542,-140.6096504994967,-9.593181950519025,-14.521654773568695,34.10939787057008,-13.224253154060632,54.18,0.066
FF,-2.04,5.32,"Burdi, Nick",595897,ball,L,0,0,-0.61,1.32,1.14,1.96,9.872477525690092,-140.9833404380712,-6.443047581904029,-10.433034909585018,33.71110142033655,-13.189779017926908,54.14,0.044
FF,-1.95,5.44,"Burdi, Nick",595897,ball,R,3,2,-0.45,1.3,2.25,2.08,12.405064180345382,-142.86636870076984,-6.635707384774487,-9.129200644741417,34.54510296280799,-12.89300804116942,54.18,0.219
SL,-2.12,5.53,"Burdi, Nick",595897,ball,R,2,2,0.75,0.32,1.39,1.67,7.086540942860714,-130.51052784002755,-4.185481031703758,6.929836014077918,28.83305445887089,-27.82480073790301,54.26,0.069
FF,-2.12,5.5,"Burdi, Nick",595897,ball,R,1,2,-0.93,1.18,1.27,4.24,11.140523767840886,-140.77193498576088,-0.4702369033728976,-14.975626003924829,34.25209515172813,-16.633759970335383,54.2,0.026
SL,-2.22,5.52,"Burdi, Nick",595897,ball,R,0,2,1.2,0.42,2.0,1.85,7.794643825948699,-128.57320454759554,-3.691699079101554,11.529603706264108,28.912435829900904,-26.92673461375056,54.1,0.013
SL,-2.34,5.54,"Burdi, Nick",595897,called_strike,R,0,1,1.26,0.38,0.18,2.98,3.4271919871596244,-126.2329316309787,-0.710424270246945,12.783926450707463,26.188396794394595,-28.15169055449709,54.48,-0.035
SL,-2.46,5.34,"Burdi, Nick",595897,called_strike,R,0,0,0.86,0.57,0.56,2.47,5.513529362101224,-127.19188890026088,-1.9217522269191696,8.149875612970682,26.81017608933197,-25.814747134226515,54.21,-0.024
FF,-1.99,5.46,"Burdi, Nick",595897,ball,L,0,2,-0.9,1.07,-1.23,3.23,4.066787832323289,-140.4527638014364,-2.7710539721181897,-12.85116148588642,32.67972763799307,-17.66523525091711,54.45,-0.143
SL,-2.18,5.49,"Burdi, Nick",595897,foul,L,0,1,1.03,0.39,0.41,2.65,4.074881567929115,-126.89827207827598,-1.445940077065582,10.203500450211331,26.88152506954604,-27.85402436745021,54.58,-0.045
FF,-2.06,5.33,"Burdi, Nick",595897,called_strike,L,0,0,-0.64,1.09,0.32,1.69,7.6109741642832835,-137.51632786659985,-6.21685572982762,-9.88664490115821,31.75122104249832,-17.132261571131775,54.33,-0.042
FF,-1.82,5.34,"Burdi, Nick",595897,swinging_strike,R,2,2,-0.57,1.22,-0.18,3.93,5.653221455641285,-140.1289404385033,-0.9046266124892308,-8.785139960278173,32.161713463693225,-16.178252894568285,54.13,-0.284
FF,-1.82,5.33,"Burdi, Nick",595897,foul,R,2,2,-0.75,1.42,0.8,1.92,8.87743096822271,-142.94722927966345,-7.058714201466205,-12.354697024694316,35.02613327661948,-11.284314833993628,53.88,0.0
SL,-1.84,5.51,"Burdi, Nick",595897,ball,R,1,2,0.74,0.16,2.0,1.37,7.716634274111531,-127.42353249074306,-4.174627519533239,6.432394852896628,27.229308435558355,-29.777490580439647,54.24,0.048
SL,-1.94,5.47,"Burdi, Nick",595897,foul,R,1,1,1.01,-0.08,1.2,1.69,5.586544201059745,-129.53995086994175,-3.0034737818255306,9.966225599808004,30.27879908675091,-32.56114763416659,54.1,-0.075
FF,-1.87,5.27,"Burdi, Nick",595897,called_strike,R,1,0,-0.75,1.06,-0.01,2.28,6.714026149585544,-141.1364671439846,-4.86939279675424,-11.636060844397203,33.907605519258205,-17.138034580011432,54.04,-0.049
SL,-1.81,5.44,"Burdi, Nick",595897,blocked_ball,R,0,0,0.61,0.26,1.21,0.65,6.047402681211128,-127.62123429501182,-5.975842018436091,5.31020555822299,27.889724117912344,-28.25865090818324,54.05,0.021
SL,-2.13,5.38,"Burdi, Nick",595897,hit_into_play,R,1,1,0.84,0.03,1.13,1.53,6.215958370653696,-128.97415300288122,-3.412867758240333,8.086834320060879,26.5702650563072,-31.361018428066565,54.18,-0.359
SL,-1.86,5.51,"Burdi, Nick",595897,called_strike,R,1,0,0.68,-0.14,0.99,2.22,5.520686810572342,-128.30145126433572,-1.6055313012903265,6.361466752306866,26.99647879558012,-33.568438525558214,54.07,-0.055
FF,-1.79,5.15,"Burdi, Nick",595897,ball,R,0,0,-0.82,1.17,1.82,0.84,11.575631673927136,-140.57201978974936,-8.632124204636755,-13.68311529411487,33.97028167264259,-14.706186426230625,53.83,0.044
FF,-1.8,5.34,"Burdi, Nick",595897,ball,R,3,1,-1.0,1.32,-1.05,2.53,4.304009400928073,-141.3632828806809,-4.984181044364569,-14.32360056896461,35.73661145671981,-13.524963961101156,54.13,0.16
FF,-1.93,5.26,"Burdi, Nick",595897,ball,R,2,1,-1.0,1.28,1.78,1.87,12.316101844765114,-141.4485771413984,-6.539769757165439,-16.244272652989018,33.09433857066642,-13.56740054560546,53.87,0.077
FF,-1.79,5.23,"Burdi, Nick",595897,ball,R,1,1,-1.04,1.1,1.07,1.56,10.104327248511774,-141.4800109961171,-6.849711057224363,-16.37530305239011,34.07949451144312,-15.936474647041209,53.93,0.037
SL,-1.9,5.5,"Burdi, Nick",595897,ball,R,0,1,1.45,-0.2,-0.37,3.64,0.6876011317674507,-124.25493503449948,2.4153439336403317,14.71687183139129,28.860002013248973,-35.04924012625754,54.18,0.017
FF,-1.83,5.28,"Burdi, Nick",595897,called_strike,R,0,0,-0.97,1.23,0.13,2.15,7.43426244415221,-140.0991840266626,-5.5066225192330895,-14.479085805019295,33.94598383542108,-14.955734141480658,54.02,-0.024
FF,-1.9,5.33,"Burdi, Nick",595897,called_strike,R,3,2,-1.08,1.28,0.43,1.62,8.79883319293296,-142.31825007065035,-7.454776962235859,-16.699843101663138,34.889673118865936,-13.152951207625213,54.01,-0.297
FF,-2.02,5.38,"Burdi, Nick",595897,swinging_strike,R,3,1,-1.19,1.24,-0.4,2.14,7.092488114012657,-141.6840184117355,-6.012200626889293,-17.736889870158297,34.553217362979794,-14.254253610086584,54.1,-0.078
FF,-1.88,5.23,"Burdi, Nick",595897,ball,R,2,1,-0.95,1.32,2.09,0.91,12.831803444695716,-140.78965535917953,-9.027293105004109,-15.71327282563042,34.179849079700546,-12.577906203616722,53.93,0.108
SL,-1.83,5.49,"Burdi, Nick",595897,ball,R,1,1,1.12,0.4,2.07,1.76,7.0609175671540125,-126.54328507124596,-3.518170585082688,10.354129307998242,28.77294197253966,-27.382297037226245,54.04,0.05
FF,-2.04,5.21,"Burdi, Nick",595897,swinging_strike,R,1,0,-1.03,1.2,-0.5,2.76,6.420447778516971,-139.8183978641598,-3.615342143483919,-14.9981123837933,33.38257837947531,-15.813882427505384,54.2,-0.044
SL,-2.01,5.55,"Burdi, Nick",595897,ball,R,0,0,0.8,0.12,2.33,1.69,8.737875858221821,-126.3338886425006,-3.2137525238547187,6.52318702750615,28.41376633871513,-30.430315428908937,54.34,0.032
FF,-1.76,5.34,"Burdi, Nick",595897,hit_into_play,R,0,1,-0.95,1.11,-0.58,3.01,5.323931157996785,-141.13653564888432,-3.204876662502547,-13.89242628034198,33.950181613477696,-16.813069650181834,54.09,-0.374
FF,-1.76,5.35,"Burdi, Nick",595897,called_strike,R,0,0,-1.04,1.12,-0.33,3.18,6.2670099610117385,-142.20777218420318,-2.897365384746728,-15.598606545812178,34.57980199564692,-16.536002825451924,54.08,-0.073
FF,-1.71,5.4,"Burdi, Nick",595897,hit_into_play,R,0,0,-0.9,1.13,0.21,2.76,7.194795053158636,-141.0721040760738,-4.021953061722144,-13.750049031008317,37.00108920166836,-16.45519019730961,54.17,0.909
FF,-1.81,5.36,"Burdi, Nick",595897,hit_into_play,R,0,0,-0.92,1.17,-0.12,2.62,6.582417306974015,-139.76868360629786,-4.260022438797976,-13.609153244956774,35.47937493725141,-16.114193823583147,54.1,-0.479
FF,-1.77,5.28,"Burdi, Nick",595897,ball,R,3,1,-1.09,1.09,0.12,1.5,7.547921677883022,-140.4627161524401,-6.959310819167156,-16.214747885786636,35.454946870387246,-16.347165954510256,53.99,0.134
FF,-1.89,5.32,"Burdi, Nick",595897,ball,R,2,1,-0.99,1.13,-1.79,3.43,2.565948845503854,-141.5623540636602,-2.0742664978610885,-13.886935363101545,36.767406224957966,-16.809060268795367,54.23,0.107
FF,-1.85,5.41,"Burdi, Nick",595897,ball,R,1,1,-0.79,1.37,1.51,2.64,10.841960346305116,-141.4801890984509,-5.04461615415643,-13.17425482868031,34.49436103623325,-12.74923110986054,54.03,0.028
SL,-1.96,5.61,"Burdi, Nick",595897,ball,R,0,1,0.27,0.21,1.3,1.42,7.31990877665818,-127.87821785910464,-4.368671351957251,1.171542469028475,31.239876157125934,-29.06206208320813,54.23,0.001
SL,-1.94,5.57,"Burdi, Nick",595897,swinging_strike,R,0,0,0.1,0.22,0.47,1.23,5.610945254863934,-127.12862352035256,-4.747310616393818,-0.1472108750805052,27.541800166970745,-28.940236935643288,54.29,-0.081
FF,-1.81,5.37,"Burdi, Nick",595897,swinging_strike,R,3,2,-0.71,1.13,-0.44,3.52,5.425181536206058,-144.76290253362464,-2.4104883211854435,-11.221483024055091,29.31705240338076,-15.805204862304093,54.24,-0.527
FF,-1.75,5.35,"Burdi, Nick",595897,foul,R,3,1,-0.96,1.08,0.74,2.14,9.09772125932043,-144.88039033770426,-5.977676724114531,-15.626394193495353,33.963317360425705,-15.717159465112848,54.05,-0.109
FF,-1.89,5.22,"Burdi, Nick",595897,called_strike,R,3,0,-1.1,0.91,0.21,1.56,8.231302913269316,-142.66666137633507,-6.545055261439673,-16.89355668507077,32.57268747589521,-18.349628600933727,54.09,-0.085
FF,-1.77,5.36,"Burdi, Nick",595897,ball,R,2,0,-1.04,0.98,1.48,1.19,11.293228721832772,-143.88893890691938,-8.260591759724074,-17.049970788202252,33.77614260068495,-16.71404770971431,54.08,0.102
FF,-1.81,5.28,"Burdi, Nick",595897,ball,R,1,0,-0.98,1.07,1.9,1.48,12.30498940442118,-142.1545041197267,-7.222746279325205,-16.17335909067943,33.61537783698445,-16.13954313235881,53.99,0.087
SL,-1.86,5.41,"Burdi, Nick",595897,ball,R,0,0,0.63,-0.08,1.33,1.48,6.598040603421494,-131.05518165385377,-3.6071585991687503,5.791647270177017,28.3580818298592,-32.55370636742117,54.12,0.056
FF,-1.68,5.38,"Burdi, Nick",595897,called_strike,R,1,2,-0.99,1.3,0.61,2.6,8.52748175621249,-143.47017842857676,-5.118764143307836,-15.6110576336194,32.56539217574892,-13.170819216069503,54.28,-0.443
SL,-1.87,5.46,"Burdi, Nick",595897,foul,R,1,1,0.93,0.05,0.31,1.6,3.353291353823093,-128.6947049890961,-3.489404989377076,9.8051874772651,24.65156563740337,-31.091177034266096,54.21,-0.137
SL,-2.11,5.35,"Burdi, Nick",595897,foul,R,1,0,0.96,-0.22,0.63,2.04,4.665309296887613,-128.9277399201041,-1.4774563858377765,9.607492719437934,29.476946521819205,-34.54959804118577,54.13,-0.108
FF,-1.68,5.4,"Burdi, Nick",595897,blocked_ball,R,0,0,-0.96,1.1,1.11,0.27,9.798181436275652,-143.29048057565635,-11.11576389606825,-15.319053855205077,30.144729382036207,-14.567658067353548,54.13,0.028
SL,-2.01,5.47,"Burdi, Nick",595897,hit_into_play,L,2,1,0.22,0.22,-0.25,1.96,3.916557309638311,-131.27028422398746,-3.3125941357517186,1.8362244001396604,23.65102821404664,-29.22137246656977,54.22,0.876
FF,-1.93,5.23,"Burdi, Nick",595897,ball,L,1,1,-1.11,0.94,1.63,0.91,12.133094760739532,-142.6048855949892,-8.42202659189545,-17.631096440173227,27.13500893288708,-17.659554626979457,54.34,0.081
FF,-1.93,5.28,"Burdi, Nick",595897,ball,L,0,1,-0.91,1.34,0.64,1.16,8.980852997843469,-141.67921819093357,-8.707536308238385,-14.072786303805488,27.26398210316732,-12.297375262874878,54.15,0.028
SL,-2.11,5.4,"Burdi, Nick",595897,called_strike,L,0,0,0.05,0.38,-0.31,1.89,4.37018118603538,-131.5864380545834,-3.561477862503196,-0.3733917614957481,29.689490788779096,-27.24224615933,54.13,-0.083
FF,-2.0,5.25,"Burdi, Nick",595897,hit_into_play,L,1,1,-0.81,1.02,0.16,1.94,7.742843493547832,-142.89011630659644,-5.922590314816958,-12.805181157990043,28.2862997032089,-17.05577467541272,54.12,-0.479
SL,-2.2,5.36,"Burdi, Nick",595897,foul,L,1,0,0.07,0.43,0.23,1.93,5.802676830359352,-129.08207866156013,-3.31136372094,-0.275005136628935,23.057875954171298,-26.929833797989016,54.13,-0.125
SL,-2.12,5.33,"Burdi, Nick",595897,ball,L,0,0,1.3,-0.08,2.04,1.09,7.194471185627546,-124.76828897214672,-3.643408723485488,12.378665509475242,22.881658910422995,-32.50821622797095,54.32,0.087
FF,-1.79,5.56,"Burdi, Nick",595897,hit_into_play,R,1,2,-1.39,1.39,-1.07,2.51,5.159007212238792,-143.24003789809012,-5.931404546794406,-20.248758974073837,41.23979037915993,-11.919926433646722,54.34,-0.573
SL,-2.07,5.54,"Burdi, Nick",595897,foul,R,1,2,1.65,0.01,0.85,2.58,3.5700916073392404,-125.51873809704256,-0.6423046278764998,16.14122542541086,33.112452670967194,-32.20803957674361,54.26,0.0
FF,-1.83,5.51,"Burdi, Nick",595897,ball,R,0,2,-1.21,1.22,1.87,2.46,12.745621324464413,-142.41415067792465,-5.550492967232765,-19.466227002312326,35.22001380009855,-14.353778848658804,54.33,0.023
FF,-2.07,5.41,"Burdi, Nick",595897,foul,R,0,1,-0.96,1.05,0.53,2.73,9.195718883238282,-141.9529751401971,-4.129150959560675,-15.092430835006798,33.0177542681207,-17.141879515177095,54.34,-0.116
FF,-2.06,5.5,"Burdi, Nick",595897,called_strike,R,0,0,-0.9,1.31,-0.1,2.88,7.466175261017886,-144.47613725637837,-4.8222078681063145,-14.3878344137467,34.76272252813111,-12.860193281436768,54.27,-0.099
FF,-1.89,5.46,"Burdi, Nick",595897,hit_by_pitch,R,0,1,-1.08,1.37,-1.84,3.85,2.611199202128795,-143.65819470425888,-2.0344525737456616,-15.433326164989149,38.85156035121991,-13.15085910375744,54.7,0.346
FF,-1.95,5.52,"Burdi, Nick",595897,foul,R,0,0,-0.99,1.39,-0.89,3.08,5.0890871781335365,-142.14057763290143,-4.204554681107543,-14.553005213813655,37.534460407715486,-12.609683721032452,54.42,-0.081
FF,-2.09,5.46,"Burdi, Nick",595897,hit_into_play,R,1,0,-0.98,1.16,-1.16,2.91,4.820747063673236,-144.76842662741973,-4.238749358150008,-14.968994427645889,36.49618115923117,-15.134367151626336,54.4,-0.867
SL,-2.05,5.43,"Burdi, Nick",595897,ball,R,0,0,0.69,0.05,1.68,0.58,7.781965231116163,-130.35317941966002,-6.168417437293379,6.476387771395063,24.130258628126985,-30.644774278886555,54.03,0.113
FF,-1.88,5.34,"Burdi, Nick",595897,hit_into_play,R,2,2,-1.22,1.21,-0.47,1.94,6.6236641537686936,-142.1929820485922,-6.3920152103286085,-18.15627452889973,36.81806244983977,-14.423064649806324,54.12,0.959
FF,-2.35,5.38,"Burdi, Nick",595897,called_strike,R,2,1,-1.18,1.68,-0.53,2.18,7.573359683920023,-141.57718916944654,-6.776893893975923,-17.783910352072816,40.75121128876085,-8.304183996486703,54.27,-0.086
FF,-2.01,5.37,"Burdi, Nick",595897,ball,R,1,1,-0.87,1.16,2.34,1.96,13.41712011923102,-139.4297480454164,-5.978402747967153,-14.568218191978035,35.17685350461073,-15.78769712679494,54.32,0.081
SL,-2.04,5.38,"Burdi, Nick",595897,ball,R,0,1,0.57,0.35,0.51,1.45,5.016670792197859,-128.87769251661945,-4.295594465723002,5.508685827974939,23.477380161211222,-27.68431904914244,54.33,0.028
FF,-2.15,5.41,"Burdi, Nick",595897,called_strike,R,0,0,-1.13,1.27,0.69,2.24,10.25783672618104,-141.6848584879434,-5.990272871480959,-17.495152672608526,29.4614483610146,-13.773751928389542,54.11,-0.083
SL,-1.79,5.46,"Burdi, Nick",595897,hit_into_play,R,0,2,0.77,-0.2,-0.44,2.93,1.7215080748902942,-129.63245219361275,0.2511460828637435,8.34368845801216,26.34403238018226,-34.7118357106267,53.98,-0.336
FF,-1.77,5.35,"Burdi, Nick",595897,foul,R,0,1,-0.63,0.85,0.68,2.88,8.00332542282126,-141.33284969877175,-3.083735354317927,-10.180177646574585,30.242768128484716,-20.18334046447948,54.06,-0.137
FF,-1.8,5.31,"Burdi, Nick",595897,foul,R,0,0,-0.78,1.09,0.11,2.84,7.0493075871903095,-143.4955999654597,-3.78262338821692,-12.507529765539145,35.18668507770696,-16.44988494503045,54.1,-0.102
FF,-1.79,5.26,"Burdi, Nick",595897,swinging_strike,R,3,2,-0.69,1.07,0.17,2.14,7.036135318177609,-145.33656181326737,-5.76311248308066,-11.369218673183962,32.53345229926877,-15.86532658020149,54.08,-0.603
FF,-1.8,5.36,"Burdi, Nick",595897,foul,R,3,2,-0.22,0.96,1.02,3.58,8.188607836494157,-142.80900108678304,-1.554565498222527,-4.9694648700785455,32.99266052926031,-18.890533047686617,54.02,0.0
FF,-1.82,5.41,"Burdi, Nick",595897,ball,R,2,2,-0.55,0.72,-0.93,4.27,3.723680346829141,-143.37674380672223,0.6761604671340871,-8.507902647996788,32.20935305665404,-22.56623944262335,54.16,0.344
SL,-1.85,5.54,"Burdi, Nick",595897,foul,R,2,2,1.36,0.02,0.11,2.63,1.9687399023645693,-129.0464311860839,-1.0762040953251109,14.726251517004592,27.457979359179628,-31.968958839649183,54.15,0.0
FF,-1.83,5.34,"Burdi, Nick",595897,foul,R,2,2,-0.85,1.29,-0.14,2.92,6.601361486893787,-143.95520308623338,-4.144157769547598,-13.43524132185355,36.60311612171376,-13.525817792036417,54.17,0.0
FF,-1.71,5.36,"Burdi, Nick",595897,ball,R,1,2,-0.93,1.21,1.32,2.92,10.35615558229037,-142.65669602858043,-3.9118976320576913,-15.11062043912344,32.378428375615506,-14.929304970155115,54.21,0.116
SL,-1.76,5.49,"Burdi, Nick",595897,foul,R,1,2,1.44,0.24,0.67,3.13,2.8896524896295137,-127.2987807475963,-0.0328666520534183,15.055327204887265,26.976218353157343,-29.791587846371204,54.12,0.0
FF,-1.8,5.3,"Burdi, Nick",595897,foul,R,1,2,-0.66,1.06,0.97,3.42,8.975066126252804,-142.338381438186,-2.0819834815425424,-10.828245415010985,29.401213645774117,-17.395001178474658,54.16,0.0
SL,-1.89,5.4,"Burdi, Nick",595897,foul_tip,R,1,1,0.51,-0.13,0.66,2.09,5.3148365429882345,-132.6333098800389,-2.233357773402313,5.165712538661727,24.22020362736576,-33.46028130273091,54.11,-0.209
SI,-1.82,5.21,"Burdi, Nick",595897,ball,R,0,1,-1.42,0.64,-0.21,1.38,7.753902728449268,-144.05553258714488,-6.549616708404556,-21.587834726693835,33.44819236617747,-21.893425121075943,54.01,0.047
FF,-1.91,5.29,"Burdi, Nick",595897,swinging_strike,R,0,0,-0.8,1.12,1.0,2.45,9.726752636624209,-141.89305436456382,-4.771170620892816,-12.902276574021244,30.00956107304076,-16.095420626916887,53.93,-0.121
FF,-1.88,5.34,"Burdi, Nick",595897,ball,R,3,1,-0.57,1.05,0.21,4.02,7.032358341386935,-143.94799830254988,-0.6402365605805248,-9.556604382417085,31.747874726507767,-17.6284073488709,54.21,0.065
FF,-1.86,5.3,"Burdi, Nick",595897,ball,R,2,1,-1.14,0.76,-1.04,1.9,4.904004235037292,-143.91141587869234,-5.625354618572112,-16.98289814455146,33.51762704072236,-20.47441273978168,54.01,0.115
SL,-1.96,5.37,"Burdi, Nick",595897,ball,R,1,1,0.56,0.01,1.09,1.38,6.413381618158603,-130.6513059483431,-3.9661612042213816,5.220684389171368,25.54305625070302,-31.463538685802884,53.96,0.07
SL,-2.04,5.4,"Burdi, Nick",595897,ball,R,0,1,0.27,0.17,-2.25,3.2,-1.108771219524488,-131.56625984087907,-0.0037950003209079,3.417621470709433,23.5474631754963,-30.32891416053683,54.32,0.047
FF,-1.8,5.33,"Burdi, Nick",595897,called_strike,R,0,0,-0.81,1.33,0.89,3.15,9.225649513450357,-143.39347294496173,-3.5974184909566818,-13.342514064161785,32.906500526017226,-13.111152566163804,54.04,-0.121
FF,-1.86,5.47,"Burdi, Nick",595897,ball,R,3,1,-0.27,1.0,0.56,4.27,7.121373883714343,-142.3846618541105,-0.0779416387205405,-5.370152668880811,33.0704716524493,-18.7229755465272,54.39,0.065
FF,-1.75,5.3,"Burdi, Nick",595897,called_strike,R,3,0,-0.82,1.2,0.51,2.89,8.097433108743472,-143.545387799406,-3.9118637260762106,-13.230176655114528,35.81704586211701,-14.849081900720966,53.96,-0.076
FF,-1.92,5.25,"Burdi, Nick",595897,ball,R,2,0,-0.79,1.12,-1.12,3.65,3.9986483412926153,-143.05037956359553,-1.4636651834381018,-11.725398695557326,32.97639781504584,-16.660257989850482,54.11,0.094
FF,-1.9,5.37,"Burdi, Nick",595897,ball,R,1,0,-0.89,1.07,0.34,3.48,8.049865986376002,-141.38589872695033,-1.9948187696362736,-13.803261369294068,33.38518011384579,-17.544735618812823,54.02,0.06
SL,-2.02,5.46,"Burdi, Nick",595897,ball,R,0,0,0.4,-0.22,2.29,0.72,9.76336218407482,-128.97029108295703,-5.009219161232312,2.0339348972922564,30.883721025542023,-33.58669570453432,53.86,0.051
FF,-1.91,5.3,"Burdi, Nick",595897,hit_into_play,R,3,2,-0.69,1.22,0.61,2.64,8.4756541903277,-143.04547219859305,-4.63202427245676,-11.352929411272058,31.219401689832573,-14.477236963844575,53.98,-0.131
FF,-1.88,5.28,"Burdi, Nick",595897,ball,R,2,2,-0.41,0.86,2.1,1.8,11.690204639064726,-141.72794013455945,-5.8754677737238925,-8.030201567001638,30.23462870826514,-19.341972867582523,53.93,0.043
SL,-1.93,5.43,"Burdi, Nick",595897,ball,R,1,2,1.44,0.08,-1.36,4.51,-1.5305171367221186,-123.8209530889816,3.976728832393499,15.120111188963278,23.97911192725401,-32.376757422781466,54.36,0.018
FF,-1.81,5.39,"Burdi, Nick",595897,foul,R,1,2,-0.48,1.06,1.04,3.13,8.784735419903116,-142.01096517345474,-3.0213272590719136,-8.47817032862468,31.118704432865982,-17.34633541279507,54.19,0.0
SL,-1.96,5.43,"Burdi, Nick",595897,called_strike,R,1,1,1.02,0.06,-0.54,3.13,1.3403133082672434,-129.51664618207676,0.2492278779098009,11.308003101891376,25.768359256690648,-31.75303121973775,54.27,-0.026
FF,-1.83,5.35,"Burdi, Nick",595897,ball,R,0,1,-0.74,1.1,1.15,1.62,9.635710346325736,-140.21200636561522,-6.916417411691481,-11.87717352813674,29.488674329298004,-16.203405464774505,54.01,0.011
FF,-1.98,5.25,"Burdi, Nick",595897,foul,R,0,0,-0.74,1.26,-0.62,2.73,5.404955947617645,-142.96414821826474,-4.310348744785195,-11.430629974291692,31.16792220897624,-14.023989219551876,54.21,-0.015
FF,-2.02,5.23,"Burdi, Nick",595897,hit_into_play,L,1,2,-0.9,0.98,-0.99,2.85,4.861670638992061,-142.58478783903786,-3.2065430025356765,-13.420285947803947,32.51840826412524,-18.28174576572451,54.11,-0.116
SL,-2.06,5.4,"Burdi, Nick",595897,foul,L,1,2,1.39,-0.07,0.08,2.61,2.318451983354292,-127.42548528061344,-0.4456763775207815,14.666580879020636,26.10113978748284,-33.113467022635305,54.18,0.0
FF,-1.95,5.24,"Burdi, Nick",595897,foul,L,1,2,-0.74,1.22,-1.3,2.34,3.4528456445540288,-141.89498961796167,-5.089928636103909,-10.723822166328466,31.6216917862868,-14.739136591027869,54.21,0.0
SL,-2.23,5.21,"Burdi, Nick",595897,foul,L,1,1,1.4,-0.3,-0.08,1.62,2.2636769068167104,-125.2632595440247,-1.6757215104693266,14.27782783139608,24.980667954716072,-35.17894652154769,54.09,-0.04
FF,-2.11,5.19,"Burdi, Nick",595897,foul,L,1,0,-0.59,1.08,0.42,2.33,8.149782563195801,-140.91776177757623,-4.553068142025377,-9.712697234480611,31.86962710129267,-16.982546369974393,54.0,-0.031
FF,-1.95,5.19,"Burdi, Nick",595897,ball,L,0,0,-0.19,0.93,-0.23,3.8,5.057718062676744,-141.59703246311423,-0.3305383360438196,-3.717224601286983,32.40629865137514,-19.83535820505552,54.06,0.024
FF,-1.92,5.39,"Burdi, Nick",595897,swinging_strike,R,2,2,-0.36,1.06,1.27,2.65,9.48262611426279,-142.45867444212516,-4.388810694526494,-7.039422412542745,31.94463504027401,-16.835921321460255,53.96,-0.204
FF,-2.03,5.25,"Burdi, Nick",595897,swinging_strike,R,2,1,-0.4,0.96,0.11,2.96,6.64546183925175,-141.18767357464108,-2.8425680532311577,-6.7884239286646055,30.324669317856664,-18.802352513936853,54.05,-0.063
FF,-2.06,5.29,"Burdi, Nick",595897,called_strike,R,2,0,-0.55,1.23,-0.1,2.72,6.539346926441014,-141.92013075167682,-4.251330774847711,-8.959714811975122,31.854821599481514,-14.81562330272761,54.06,-0.057
FF,-2.15,5.31,"Burdi, Nick",595897,ball,R,1,0,-0.73,1.29,0.84,3.47,9.72486634995992,-141.3977558953381,-2.3417299974971555,-12.060889353799103,32.19907655635413,-14.547319438063653,54.08,0.064
FF,-2.12,5.23,"Burdi, Nick",595897,ball,R,0,0,-0.75,1.2,1.45,2.24,11.16909960498256,-139.80126670285284,-5.0907845404065695,-12.262299324978583,30.967072980904568,-15.406112771650877,54.09,0.032
SL,-2.05,5.55,"Burdi, Nick",595897,hit_into_play,R,0,2,1.42,-0.09,-0.32,2.49,1.1935288820237713,-123.12672967602612,-0.57145352180746,14.13336113766507,25.567116872559502,-33.21660428429549,54.51,-0.061
FF,-2.08,5.41,"Burdi, Nick",595897,swinging_strike,R,0,1,-0.95,0.97,-0.14,3.15,7.358791158997075,-141.00341936354903,-2.702690776272402,-14.422906135031372,33.33205175884982,-18.82544666032795,54.23,-0.024
SL,-2.04,5.59,"Burdi, Nick",595897,swinging_strike,R,0,0,0.89,0.12,0.23,2.01,3.617166540335517,-126.74903135581847,-2.664071024667548,8.78357102975827,26.73880440352083,-30.569901929128505,54.47,-0.015
FF,-2.02,5.44,"Burdi, Nick",595897,foul_tip,R,1,2,-0.91,0.88,0.75,2.72,9.405792836951026,-140.98821183127075,-3.719278820690105,-14.250040188484585,32.48856981375341,-19.748903448696836,54.45,-0.116
FF,-2.01,5.51,"Burdi, Nick",595897,ball,R,0,2,-1.02,0.97,1.96,2.2,12.950340769402525,-141.34861054388685,-5.604253065805809,-16.52306929352337,31.173890939630084,-18.024437530486157,54.24,0.013
FF,-2.08,5.35,"Burdi, Nick",595897,called_strike,R,0,1,-1.07,0.86,0.61,2.05,9.502084241614195,-139.48554614848072,-5.060205246676573,-16.140694098093906,32.34184612694289,-19.912127106379444,54.35,-0.035
FF,-2.21,5.38,"Burdi, Nick",595897,foul,R,0,0,-0.81,1.18,0.16,2.22,7.99406566753871,-137.4842522753162,-5.152367030037605,-12.075144230957068,32.38936212881956,-16.288754557780642,54.09,-0.024
SL,-1.95,5.64,"Burdi, Nick",595897,swinging_strike,R,1,2,0.88,-0.2,0.21,1.76,3.38316428467578,-127.8457800464754,-2.805970591067225,8.847946577286079,28.54432288837589,-33.91670881063339,54.41,-0.169
SL,-1.96,5.52,"Burdi, Nick",595897,ball,R,0,2,1.01,-0.25,1.73,0.88,6.746198347659761,-126.02264540330016,-4.318493138776761,9.180569803209874,28.18265660325552,-34.06087426219507,54.28,0.026
SL,-2.04,5.48,"Burdi, Nick",595897,foul,R,0,2,1.42,-0.24,0.77,1.17,3.803289524342981,-125.08572603264912,-3.4045917901590528,13.9333599142596,27.33480693682053,-34.193138699288546,54.28,0.0
FF,-1.88,5.47,"Burdi, Nick",595897,foul,R,0,2,-0.95,1.25,0.16,2.86,7.639253698257133,-141.0731748013258,-4.254290717080668,-14.550974515824477,36.07953212220796,-14.704762628447403,54.23,0.0
SL,-1.94,5.57,"Burdi, Nick",595897,foul,R,0,2,1.06,-0.06,-0.26,2.23,1.8633646665153445,-128.3329650311906,-1.8639716125251569,11.288461867854528,28.023866161216752,-32.680920048527256,54.35,0.0
FF,-1.99,5.33,"Burdi, Nick",595897,called_strike,R,0,1,-0.97,1.18,0.7,1.82,9.32528019961786,-139.66239968869974,-6.313489416269078,-14.934693890077623,35.04576565390224,-15.434884726723418,54.14,-0.045
FF,-1.94,5.3,"Burdi, Nick",595897,called_strike,R,0,0,-1.02,1.37,0.91,1.75,9.875007767861984,-139.81244598980675,-6.902278084035239,-15.663636915843496,34.40922301361279,-12.78719796881475,54.08,-0.042
SL,-1.96,5.59,"Burdi, Nick",595897,hit_into_play,R,2,2,0.32,0.39,-0.72,2.51,2.3988450497994034,-131.4368450322642,-2.5998530567258067,3.2093281179368662,25.99692169518544,-27.296986457689016,54.35,-0.271
SL,-2.14,5.62,"Burdi, Nick",595897,ball,R,1,2,1.21,-0.07,-1.71,3.97,-1.3928281160529767,-121.49610271218648,2.813363914594833,12.22573481633966,26.62897152633047,-33.68597911594227,54.61,0.054
FF,-1.98,5.56,"Burdi, Nick",595897,foul,R,1,2,-0.88,1.25,-0.11,2.92,6.96162812020295,-140.86341601772605,-4.278193193008972,-13.333536780575308,36.419984843194925,-14.751295712584689,54.35,0.0
SL,-1.96,5.54,"Burdi, Nick",595897,swinging_strike_blocked,R,1,1,1.32,-0.26,0.72,0.43,3.678578879425232,-125.62078079404522,-5.293324835552821,12.943099844793336,29.75220398084554,-33.88096396515461,54.21,-0.07
SL,-2.2,5.58,"Burdi, Nick",595897,ball,R,0,1,0.97,0.3,-1.18,2.42,0.448907863477564,-126.3995840001238,-1.9425735308885348,10.208716907077148,27.91402241656585,-28.78048047920801,54.52,0.031
FF,-2.01,5.42,"Burdi, Nick",595897,called_strike,R,0,0,-0.98,1.13,-0.73,2.88,5.624727484622259,-140.16946348946834,-3.6726959354056414,-14.28543643161771,35.14693500025866,-16.74916152872155,54.25,-0.042
FF,-1.86,5.39,"Burdi, Nick",595897,ball,R,3,2,-0.86,1.24,1.42,2.38,10.731477659431937,-140.85568787611828,-5.303965908896912,-14.010649958228193,34.04520313355369,-14.61697608460864,54.14,0.219
FF,-2.15,5.37,"Burdi, Nick",595897,swinging_strike,R,3,1,-0.93,1.23,-0.79,3.24,5.704177459277309,-139.92215763480831,-2.8070826587644326,-13.492967765783003,34.33482342469439,-15.672663838506972,54.37,-0.059
FF,-2.04,5.35,"Burdi, Nick",595897,called_strike,R,3,0,-0.85,1.09,0.42,3.23,8.472758572904254,-140.32112399756107,-2.5146299644514696,-13.272765264339323,33.57991903155664,-17.45801646962132,54.31,-0.048
SL,-2.07,5.55,"Burdi, Nick",595897,ball,R,2,0,1.61,-0.17,1.58,1.43,5.321868007687364,-124.25376834114928,-2.9584753893291085,15.327440542842412,28.34014824531196,-33.50182175471591,54.39,0.086
SL,-2.22,5.53,"Burdi, Nick",595897,ball,R,1,0,1.28,0.12,1.23,2.66,5.540672813670444,-124.66821794969567,-0.6663863001661521,11.946500777487111,28.20637030030989,-30.996374904755186,54.49,0.045
SL,-2.1,5.66,"Burdi, Nick",595897,ball,R,0,0,1.29,-0.02,1.11,1.73,4.88887276254162,-123.03115277664796,-2.691998098191217,11.87132460452226,27.777012413440502,-31.982756809197696,54.41,0.024
