pitch_type,release_pos_x,release_pos_z,player_name,pitcher,description,stand,balls,strikes,pfx_x,pfx_z,plate_x,plate_z,vx0,vy0,vz0,ax,ay,az,release_pos_y,delta_run_exp
FA,-3.27,5.42,"Cabrera, Oswaldo",665828,hit_into_play,R,1,1,-0.77,1.01,0.09,2.15,6.998506052212338,-93.10767998114162,1.0281073741884434,-5.451193846195396,12.95399248824181,-26.6242745672758,54.84,-0.731
FA,-3.17,5.46,"Cabrera, Oswaldo",665828,called_strike,R,1,0,-0.49,1.26,0.19,2.35,6.332333472991514,-89.4235792234148,1.6061895219198272,-3.538534263029563,12.61787816960285,-25.87344247257764,54.86,-0.132
FA,-1.77,5.41,"Cabrera, Oswaldo",665828,ball,R,0,0,-0.35,1.23,2.71,2.45,8.082605193328849,-90.4224187893926,1.721368510066871,-3.0560531674424096,12.672378034142596,-25.86847798742196,54.83,0.086
FA,-2.08,5.46,"Cabrera, Oswaldo",665828,ball,R,3,0,-0.56,1.08,1.49,2.5,7.192330402708556,-95.2649084985126,1.1196740128543368,-4.458487250383974,13.79943718082694,-25.942028234269277,54.99,0.374
FA,-2.19,5.43,"Cabrera, Oswaldo",665828,ball,R,2,0,-0.5,1.04,1.95,2.75,8.422732956953144,-97.77736473536142,1.327365652173437,-4.519885843574309,14.740741637439852,-25.895600090495627,54.54,0.31
FA,-1.98,5.86,"Cabrera, Oswaldo",665828,ball,R,1,0,-0.38,1.06,2.68,1.7,7.576780587561108,-80.77378546189499,1.9086786855432347,-2.6291327643394387,10.39075378774628,-28.03547218404768,54.57,0.226
EP,-1.85,5.98,"Cabrera, Oswaldo",665828,ball,R,0,0,-0.43,1.16,-1.18,4.53,1.3533532531001118,-70.3673992020481,7.715129790410488,-1.5843892962100763,8.275449979182786,-29.479796992004196,55.26,0.086
FA,-2.12,5.6,"Cabrera, Oswaldo",665828,ball,R,3,1,-0.64,1.01,0.93,1.78,5.616371816286812,-83.91570728294627,1.7929438456031783,-3.783659067480632,11.100489301189496,-27.870725979399392,55.16,0.214
FA,-2.12,5.65,"Cabrera, Oswaldo",665828,ball,R,2,1,-0.4,1.15,1.53,2.89,6.491316684264173,-87.72469259487168,2.604741760730493,-2.9652181838597262,12.213959953932402,-26.828525383487875,55.26,0.083
EP,-1.71,5.9,"Cabrera, Oswaldo",665828,ball,R,1,1,-0.19,1.15,1.7,3.25,5.049901672057402,-75.10896334630758,5.184433740242103,-1.3291849133530524,9.001469447931106,-28.688947047995164,54.65,0.058
FA,-2.26,5.58,"Cabrera, Oswaldo",665828,ball,R,0,1,-0.73,1.14,1.77,2.3,8.098556728562787,-93.93927957598144,0.6850165554236316,-5.498573166847676,13.651700349902208,-25.756294321472364,55.4,0.057
EP,-1.95,5.85,"Cabrera, Oswaldo",665828,called_strike,R,0,0,-0.21,1.02,-0.54,3.67,2.226572205640078,-75.79092955443393,5.79359994063626,-1.073507424138124,9.5394251318665,-29.207966105244857,55.4,-0.073
