pitch_type,release_pos_x,release_pos_z,player_name,pitcher,description,stand,balls,strikes,pfx_x,pfx_z,plate_x,plate_z,vx0,vy0,vz0,ax,ay,az,release_pos_y,delta_run_exp
SL,-3.43,5.72,"Cousins, Jake",664776,hit_into_play,R,0,0,1.17,-0.24,-0.8,2.98,3.7044262487813655,-118.84369959149862,0.8437580912439473,10.46027506626169,21.17199247572401,-34.80670291261388,53.66,-0.229
SI,-3.33,5.71,"Cousins, Jake",664776,hit_into_play,L,2,1,-1.37,0.43,-0.28,2.54,11.111899637187054,-137.19263301489966,-3.546518188037834,-19.684481298155912,29.85909839786873,-26.184113518230447,53.5,-0.344
SL,-3.42,5.7,"Cousins, Jake",664776,called_strike,L,2,0,1.38,0.0,-0.31,2.92,4.408882475778967,-119.9117784416275,0.2413152469649584,12.419707684966308,24.33367698256575,-32.41887409893121,53.59,-0.064
SL,-3.34,5.63,"Cousins, Jake",664776,blocked_ball,L,1,0,0.94,-0.24,0.65,0.47,7.3483058210655345,-120.20245956703047,-4.771357796445837,7.484750605122529,25.506246443200997,-33.68846824686169,53.43,0.066
SI,-3.27,5.82,"Cousins, Jake",664776,ball,L,0,0,-1.22,0.85,-0.84,4.03,9.065223193193452,-135.96118872106317,-0.7814281330733805,-17.05245378383165,28.3458020169158,-21.594561462983528,53.62,0.044
SI,-3.29,5.76,"Cousins, Jake",664776,hit_into_play,R,0,0,-1.36,0.53,-0.74,2.54,9.886791865635631,-138.59842677558564,-4.033093297228668,-19.798914757418107,30.978104108398192,-24.65403385820083,53.46,0.965
SL,-3.31,5.78,"Cousins, Jake",664776,hit_into_play,R,0,2,1.26,-0.03,0.58,1.94,6.461497183190168,-119.86990300703737,-2.096088901548329,10.694608432275183,25.030000518525917,-32.28838029230193,53.51,-0.143
SL,-3.38,5.63,"Cousins, Jake",664776,swinging_strike,R,0,1,0.89,0.28,1.31,1.05,9.054508804173578,-120.03582920586638,-4.494169541232773,6.809584737891641,23.77636787383664,-28.71283366246658,53.58,-0.045
SI,-3.1,5.84,"Cousins, Jake",664776,called_strike,R,0,0,-1.5,0.55,0.43,3.12,12.78075683449239,-138.00892037139118,-2.709310956309226,-21.999489408743845,30.945910015321783,-24.70321422291184,53.42,-0.042
SL,-3.33,5.78,"Cousins, Jake",664776,ball,R,3,2,1.25,-0.36,-1.38,2.93,2.0112819980238177,-119.11466600077968,0.8529708791831481,11.50275027078238,23.28558449381396,-35.95345451006948,53.56,0.1
SL,-3.33,5.69,"Cousins, Jake",664776,ball,R,2,2,1.02,0.18,2.02,0.6,10.536834980909218,-122.29947839137382,-5.853783035837909,8.130730120997157,24.0673732261837,-29.38096138115737,53.41,0.043
SL,-3.38,5.74,"Cousins, Jake",664776,foul,R,2,2,0.99,-0.46,-0.9,2.29,3.76985310651333,-120.4604779843762,-0.4553251040314319,8.854472754683158,24.364480152523377,-36.772772569239365,53.5,0.0
SL,-3.33,5.71,"Cousins, Jake",664776,ball,R,1,2,1.23,-0.36,2.02,-0.21,9.857421105069196,-119.43800124866802,-6.174745419723744,9.627116696334346,25.42342228666339,-34.47444764098386,53.4,0.018
SL,-3.35,5.7,"Cousins, Jake",664776,swinging_strike,R,1,1,1.11,0.15,1.15,2.13,8.232547486457166,-120.57392401335892,-1.9886645284056768,9.155562852352991,24.116369594264675,-30.501862513537965,53.39,-0.026
SL,-3.38,5.63,"Cousins, Jake",664776,ball,R,0,1,0.97,-0.21,1.0,0.59,8.138209423308233,-119.3490545976548,-4.501204529426149,7.756298393028828,22.04068801635998,-33.52769579135763,53.51,0.011
SI,-3.25,5.76,"Cousins, Jake",664776,called_strike,R,0,0,-1.4,0.7,0.27,1.87,12.665393158980496,-139.3715983915773,-6.3975842656402975,-20.98462378822134,29.26575631478065,-21.70185237193802,53.34,-0.015
SL,-3.24,5.78,"Cousins, Jake",664776,swinging_strike,L,0,2,0.87,-0.17,0.28,1.06,6.40077984163877,-120.07632637641164,-3.966326420906775,7.273376569079226,22.031310960377265,-33.28845906722867,53.48,-0.104
SL,-3.37,5.74,"Cousins, Jake",664776,swinging_strike,L,0,1,1.07,-0.14,0.88,0.97,7.593409583104346,-118.83403735509866,-3.9400174275198,8.746573083238273,22.051940509787578,-32.94044488319428,53.54,-0.035
SL,-3.35,5.68,"Cousins, Jake",664776,swinging_strike,L,0,0,0.92,-0.16,0.84,1.43,7.818743768500185,-119.99914076683147,-2.899036085686023,7.496497252420467,22.035596952250184,-33.37160077675305,53.67,-0.024
SI,-3.21,5.86,"Cousins, Jake",664776,swinging_strike,L,3,2,-1.52,0.67,-0.63,3.05,10.323763959235889,-138.93086323145695,-3.2812627814279187,-22.015565807233404,33.082442990042985,-22.893499996965705,53.6,-0.297
SL,-3.41,5.69,"Cousins, Jake",664776,foul,L,3,2,1.04,-0.33,0.07,1.33,5.963489593978512,-120.19745930486248,-2.7910232242385904,8.899781019293004,23.310831137850457,-35.05556169430223,53.62,0.0
SL,-3.39,5.75,"Cousins, Jake",664776,ball,L,2,2,0.96,-0.19,0.7,1.05,7.422872021695168,-118.47722939111478,-3.59556326577429,7.578198843348799,23.31268836174313,-33.462601907240185,53.62,0.093
SI,-3.16,5.74,"Cousins, Jake",664776,ball,L,1,2,-1.5,0.42,1.36,1.97,15.161542682522176,-136.57884839976003,-5.045178189767272,-22.058900509529916,28.248575429458743,-25.90729557120121,53.72,0.036
SL,-3.32,5.83,"Cousins, Jake",664776,ball,L,0,2,1.15,-0.33,-0.73,0.61,3.628072278523398,-117.79490674611807,-4.344715187403679,9.79520562413236,25.33553633677872,-34.523419624011105,53.52,0.019
SI,-3.26,5.75,"Cousins, Jake",664776,called_strike,L,0,1,-1.22,0.68,-0.15,3.5,10.872013539670034,-136.50532210999813,-1.6475785255705069,-17.550438851109362,28.969441844723317,-23.432393027620243,53.57,-0.047
SL,-3.46,5.71,"Cousins, Jake",664776,called_strike,L,0,0,0.82,0.58,-0.32,2.47,5.517257190741103,-117.97768371601998,-1.6931478943185332,6.477790673065402,24.15167410334359,-26.65882283004047,53.66,-0.032
SL,-3.19,5.73,"Cousins, Jake",664776,swinging_strike,R,1,2,1.46,-0.03,1.16,1.34,7.098909496133897,-119.32518776733885,-3.260835384400368,12.23731004085216,26.444025238689417,-32.000186204249744,53.38,-0.071
SL,-3.19,5.81,"Cousins, Jake",664776,swinging_strike,R,1,1,0.97,0.03,0.94,2.56,7.6476953712561775,-121.04922962190656,-1.0098022734343333,7.918486960656143,25.398928668934364,-31.91087459146868,53.55,-0.026
SL,-3.16,5.71,"Cousins, Jake",664776,ball,R,0,1,1.16,0.01,1.17,1.07,7.696124129142431,-119.7751188467678,-4.020055577101853,9.421351855071194,25.3992416870642,-31.43601847313655,53.24,0.011
SI,-3.14,5.83,"Cousins, Jake",664776,called_strike,R,0,0,-1.35,0.67,-0.22,3.49,10.818847690335614,-138.84480689566234,-2.0419629190138764,-19.884399299153763,31.35424501403344,-23.26096201795709,53.71,-0.015
SL,-3.25,5.75,"Cousins, Jake",664776,hit_into_play,R,1,2,1.31,-0.08,0.92,1.77,7.072723069050832,-120.88067507562364,-2.4779303430192954,11.41709549040746,24.339225687280933,-32.68505833640461,53.51,-0.116
SL,-3.16,5.8,"Cousins, Jake",664776,ball,R,0,2,1.33,-0.38,1.69,1.06,8.499028016949044,-119.00695716129847,-3.39577627930264,10.866539120151634,23.712403483764543,-35.29624079508973,53.41,0.013
SL,-3.16,5.73,"Cousins, Jake",664776,swinging_strike,R,0,1,1.11,-0.14,1.43,1.36,8.590570692971257,-120.8702004747353,-3.403150097397727,9.423339982158335,21.504408078259416,-33.1571737163834,52.59,-0.035
SL,-3.23,5.76,"Cousins, Jake",664776,swinging_strike,R,0,0,0.92,-0.17,1.68,1.28,9.567679413911645,-120.67680224775523,-3.5088256739301125,7.342459254244256,21.70071979832213,-33.41252153527734,53.41,-0.024
SI,-3.06,5.71,"Cousins, Jake",664776,hit_into_play,R,3,2,-1.48,0.71,-0.82,2.81,9.13901195455422,-136.60500934251823,-3.392493056371199,-20.53437301419409,29.32380278335623,-22.677117492208904,53.79,-0.211
SL,-3.16,5.58,"Cousins, Jake",664776,ball,R,2,2,1.02,0.14,2.78,0.79,11.73970063371968,-120.40695466831868,-4.779340763083023,7.617045253614396,23.797345511038472,-29.97897032122101,53.34,0.069
SI,-3.11,5.65,"Cousins, Jake",664776,called_strike,R,2,1,-1.5,0.56,0.84,1.88,13.76031663955032,-137.6712314570302,-5.526330055372528,-22.007948086682912,28.16030993319382,-23.90892208609051,53.7,-0.051
SL,-3.22,5.59,"Cousins, Jake",664776,ball,R,1,1,1.08,-0.19,1.43,0.31,8.474362507085095,-118.95678139234997,-5.003471626111309,8.658353274761659,22.95910680677463,-33.145829465780274,53.72,0.037
SL,-3.18,5.65,"Cousins, Jake",664776,ball,R,0,1,1.54,-0.11,2.62,1.13,10.2117097662243,-118.85483863053932,-3.380895295857591,12.447136406120077,24.00638789590114,-32.72899167388724,53.62,0.017
SL,-3.29,5.67,"Cousins, Jake",664776,called_strike,R,0,0,1.19,0.4,0.77,2.92,6.921640500559466,-118.79649846707936,-0.3424793646631727,9.839181904085937,23.74551132697206,-28.51559099812953,53.75,-0.024
SI,-3.01,5.75,"Cousins, Jake",664776,hit_into_play,R,0,1,-1.47,0.65,-0.53,3.32,9.817119909548248,-137.9460537682657,-2.144933007435219,-20.959053677463206,30.59106765833096,-23.650840491088776,53.87,-0.196
SL,-3.22,5.71,"Cousins, Jake",664776,foul,R,0,0,0.92,0.03,0.68,2.24,7.039021079581258,-118.97762775400444,-1.3006695071908736,7.407363351922489,22.75801164924992,-31.88058858668325,53.87,-0.032
SL,-3.11,5.63,"Cousins, Jake",664776,swinging_strike_blocked,L,0,2,1.13,-0.35,0.0,0.29,4.931280422664674,-119.65243670910765,-4.916578619532308,9.818080003514336,24.14694743275465,-34.7771382125906,53.4,-0.265
SI,-2.97,5.73,"Cousins, Jake",664776,foul,L,0,1,-1.47,0.68,0.85,2.69,13.425352503644982,-138.08444913148193,-3.876258337368109,-21.81803244717884,30.77717985044152,-22.73746813219133,53.65,-0.131
SL,-3.14,5.66,"Cousins, Jake",664776,called_strike,L,0,0,0.98,-0.01,-0.25,2.06,4.6779337963430505,-119.49229064842142,-1.5919832989135323,8.457209223499257,23.72102265863589,-32.13262780386156,53.7,-0.081
SI,-2.98,5.77,"Cousins, Jake",664776,called_strike,L,1,2,-1.42,0.57,0.47,3.16,12.334308483991462,-137.84484829972152,-2.458534193811407,-20.871951234857285,29.866256276941662,-24.502410774761145,53.6,-0.443
SL,-3.11,5.63,"Cousins, Jake",664776,blocked_ball,L,0,2,1.35,0.02,2.09,-0.27,9.250264439910929,-119.03345571937182,-6.834175692479129,10.856065479009064,24.71371224897252,-30.75898066249268,53.37,-0.046
SI,-3.03,5.72,"Cousins, Jake",664776,called_strike,L,0,1,-1.52,0.83,0.51,2.72,12.748092614674178,-137.65896462663088,-4.033710741873906,-22.173776877274197,31.66252370627675,-20.89642029884419,53.71,-0.09
SL,-3.31,5.65,"Cousins, Jake",664776,swinging_strike,L,0,0,0.87,0.25,0.75,1.66,7.626850880133999,-120.2763877022058,-3.1272336582647995,7.044416354077893,22.81282434806425,-29.298977449574608,53.57,-0.081
SL,-3.32,5.65,"Cousins, Jake",664776,hit_into_play,R,0,1,1.27,-0.1,-0.35,3.14,4.222289358832758,-117.32565266066788,1.3089940880319637,10.854417480097638,23.19339413245468,-33.6011212022206,53.75,0.537
SI,-3.11,5.65,"Cousins, Jake",664776,called_strike,R,0,0,-1.42,0.7,0.4,1.99,12.420286077498064,-137.66310582373194,-5.526732259471888,-20.719449210765035,28.717443949367706,-22.18127897176296,53.69,-0.042
SL,-3.23,5.62,"Cousins, Jake",664776,swinging_strike,R,0,2,1.35,0.09,-0.25,1.99,4.150748193068715,-118.70198820881656,-1.7439956567752088,11.896748448052136,23.461943435211577,-31.175899365336114,53.78,-0.149
SL,-3.24,5.58,"Cousins, Jake",664776,swinging_strike,R,0,1,1.11,0.26,0.4,1.56,6.1247438531694565,-119.21547375406048,-3.0493360924009645,9.38311472753725,23.4380876429108,-29.26860558876015,53.6,-0.047
SL,-3.16,5.63,"Cousins, Jake",664776,swinging_strike,R,0,0,0.93,-0.17,0.87,0.65,7.33387475646261,-119.1099345042731,-4.332205980387974,7.32575384440727,24.726434145653865,-33.08540565284859,53.77,-0.032
SL,-3.12,5.69,"Cousins, Jake",664776,hit_into_play,L,0,1,1.09,-0.18,0.16,2.19,5.385845760639345,-120.20359633664948,-1.1425224561440517,9.597782975089492,21.82994816418032,-33.96906464577842,53.74,-0.085
SI,-3.01,5.54,"Cousins, Jake",664776,called_strike,L,0,0,-1.49,0.42,0.52,1.6,12.785656327926828,-138.41869015683042,-5.762729276191125,-21.92230527103261,28.47492713026439,-25.62498075725996,53.49,-0.015
SL,-3.16,5.55,"Cousins, Jake",664776,swinging_strike,R,2,2,1.06,0.09,0.43,1.72,6.126962283704555,-119.10705641365855,-2.290252662845729,9.058907198889496,21.22160454745185,-31.13556200991835,53.63,-0.142
SL,-3.22,5.61,"Cousins, Jake",664776,ball,R,1,2,1.0,-0.2,-1.43,2.52,2.111560134235384,-119.36087050152273,-0.1316804988312176,9.327531544772956,19.63433647497894,-34.301366059783405,53.84,0.026
SL,-3.2,5.61,"Cousins, Jake",664776,foul,R,1,2,1.11,-0.06,0.73,1.46,6.771009285399934,-118.79161862159278,-2.668097341160236,9.10892131663098,23.409434868919465,-32.38866622261905,53.76,0.0
SL,-3.12,5.61,"Cousins, Jake",664776,ball,R,0,2,1.19,-0.1,1.68,0.75,8.67302647402915,-120.00458730244917,-4.353445993036516,9.721198595602566,23.78606499205464,-32.46431289880756,53.69,0.013
SL,-3.05,5.63,"Cousins, Jake",664776,swinging_strike,R,0,1,1.38,0.1,1.16,2.11,6.956679209575072,-120.0317782587914,-1.6234103517086425,11.77976460886394,25.12582251574945,-31.145304517054125,53.66,-0.035
SI,-2.97,5.63,"Cousins, Jake",664776,called_strike,R,0,0,-1.47,0.65,-0.24,2.77,10.505668519257677,-138.08077750484648,-3.330948246304799,-21.065332156847923,29.105400293167435,-23.304183607159462,53.84,-0.024
SL,-3.21,5.62,"Cousins, Jake",664776,foul_tip,L,0,2,1.24,0.14,0.28,1.21,5.606069574729339,-119.96560291109594,-3.781865882131298,10.755761038662875,24.488850943126668,-30.274569809137635,53.48,-0.149
SL,-3.28,5.61,"Cousins, Jake",664776,foul,L,0,1,1.09,0.15,0.76,2.17,7.121752986604317,-120.13434987806627,-1.6224301967064685,9.205597313872609,23.081277386097124,-30.618895469581943,53.86,-0.047
SL,-3.24,5.49,"Cousins, Jake",664776,swinging_strike,L,0,0,1.01,0.11,0.9,1.15,7.541730142685177,-120.07895464526712,-3.610673141441248,8.224741052722065,23.681390672551,-30.581336374454423,53.63,-0.032
SL,-3.14,5.61,"Cousins, Jake",664776,hit_into_play,R,0,2,1.11,-0.33,-0.44,2.11,3.935429529690046,-118.5804767179746,-0.6038312984348764,9.681902551232117,23.893913037850982,-35.374439582841624,53.78,1.079
SL,-3.19,5.56,"Cousins, Jake",664776,swinging_strike,R,0,1,0.84,0.45,0.41,2.26,6.574904507063244,-119.17768909241092,-1.7693035205212473,6.784402668298307,22.598153792567462,-27.793340951828743,53.71,-0.047
SL,-3.27,5.62,"Cousins, Jake",664776,called_strike,R,0,0,0.93,-0.34,-0.19,2.61,5.22446669874748,-119.77871632736782,0.3873501647326876,7.85580654635194,24.122027734643304,-35.73549174067457,53.79,-0.032
SL,-3.27,5.75,"Cousins, Jake",664776,hit_into_play,L,3,2,1.28,0.14,-0.77,2.74,3.215520019987665,-119.71466145763291,-0.5767679540285908,11.741263570595168,22.52145719940394,-30.929940721586767,53.63,-0.44
SI,-3.18,5.83,"Cousins, Jake",664776,foul,L,3,2,-1.45,0.57,0.06,2.97,11.980730904238555,-139.43477824129744,-3.318083853831268,-21.445351580470664,28.6800935078565,-24.142621714076363,53.51,0.0
SL,-3.16,5.78,"Cousins, Jake",664776,foul,L,3,2,0.99,-0.26,0.1,1.98,5.580397368053075,-120.17471280112136,-1.6822876314843749,8.55384070982312,22.43936901128497,-34.576446863726666,53.56,0.0
SI,-3.18,5.86,"Cousins, Jake",664776,foul,L,3,2,-1.26,0.49,-0.8,3.02,9.288340907398108,-139.6875881659161,-3.127263556329532,-18.47084285133317,29.4335332119063,-25.193639109444277,53.31,0.0
SL,-3.34,5.81,"Cousins, Jake",664776,ball,L,2,2,1.45,-0.11,-2.12,3.25,-0.0367795750594078,-118.85551183433336,1.0629472681057637,13.721203411880602,23.267716977773564,-33.63927080490682,53.7,0.097
SL,-3.19,5.71,"Cousins, Jake",664776,blocked_ball,L,1,2,1.1,-0.26,1.36,0.53,8.316970679262699,-119.65053880288797,-4.708512333534164,8.7581625360627,25.237868309637623,-33.86299422963096,53.34,0.054
SL,-3.48,5.78,"Cousins, Jake",664776,ball,L,0,2,1.5,-0.38,-1.53,1.19,1.513021493809289,-118.84671033455628,-2.931687002289853,13.668039232191528,26.674078561236463,-35.32769974331499,53.68,0.02
SL,-3.43,5.73,"Cousins, Jake",664776,swinging_strike,L,0,1,1.2,-0.24,0.25,1.27,6.127290735108597,-120.68863515448308,-3.2281806813279683,10.350464644694272,25.33556513604506,-34.008892401093505,53.64,-0.059
SI,-3.15,5.86,"Cousins, Jake",664776,called_strike,L,0,0,-1.4,0.55,0.39,2.33,12.648828978389592,-139.11536117492955,-5.026365569504685,-20.97866707929593,29.67766438506328,-24.06181949222545,53.5,-0.042
SI,-2.97,5.95,"Cousins, Jake",664776,hit_by_pitch,R,0,0,-1.5,0.87,-1.46,3.74,7.474523273892999,-139.36348888727247,-2.2123189103495324,-21.18954612186036,32.339734846106005,-20.538493581247085,53.41,0.268
SI,-3.12,5.86,"Cousins, Jake",664776,hit_into_play,R,1,0,-1.42,0.63,-1.32,3.31,8.040157284371812,-138.46735316017708,-2.453819091953992,-20.085197863423847,33.002224883155804,-23.678917783336203,53.31,-0.26
SL,-3.39,5.79,"Cousins, Jake",664776,ball,R,0,0,1.18,0.02,-1.47,3.72,2.096406015626082,-120.00555350897648,1.796816733014282,10.978022662242644,23.56405468074192,-32.556818126777614,53.79,0.032
SL,-3.25,5.72,"Cousins, Jake",664776,hit_into_play,L,1,1,1.31,-0.3,-0.29,1.71,4.13666840463025,-117.85250999669586,-1.7342796064098482,11.323330602732645,23.18745283661787,-34.82484079376772,53.78,-0.097
SL,-3.28,5.71,"Cousins, Jake",664776,called_strike,L,1,0,1.23,-0.23,0.03,1.76,5.116620018014891,-118.59895717172404,-1.8505994107397128,10.694353261491596,22.11681455655384,-34.20294827465293,53.84,-0.019
SI,-3.23,5.65,"Cousins, Jake",664776,ball,L,0,0,-1.12,0.27,0.85,2.02,13.449098046217706,-138.25899915314508,-4.568672946203982,-17.287224437693343,29.592450393797773,-27.868630049500503,53.22,0.016
SL,-3.27,5.76,"Cousins, Jake",664776,hit_into_play,R,2,0,1.23,-0.1,0.48,2.47,6.228752844423954,-119.35670022184786,-0.6704884447937802,10.494944068194512,23.484269806387143,-33.26363346823564,53.14,1.799
SL,-3.43,5.75,"Cousins, Jake",664776,ball,R,1,0,1.16,-0.72,-1.35,1.85,2.459976560654036,-118.4471905452686,-0.6862633089218368,10.338844996887993,25.089799661182145,-39.03129380468759,53.32,0.044
SL,-3.29,5.78,"Cousins, Jake",664776,ball,R,0,0,1.39,0.15,1.07,1.51,7.186586641050552,-119.10513926163178,-3.34421746549688,11.704759982473078,23.868628655525,-30.28360050793343,54.04,0.027
SI,-3.18,5.83,"Cousins, Jake",664776,ball,L,3,0,-1.29,0.5,-1.52,3.49,7.313153759451847,-138.82290500843988,-1.6670248717719462,-18.324056415212723,30.253144286402435,-25.486399159809096,53.86,0.042
SL,-3.4,5.73,"Cousins, Jake",664776,ball,L,2,0,1.22,-0.41,-0.86,1.19,3.3562301199174294,-117.89726776634988,-2.703006532928667,10.680805176042083,23.200871192194416,-35.6332368904758,53.97,0.046
SL,-3.44,5.64,"Cousins, Jake",664776,ball,L,1,0,1.31,-0.37,-2.98,2.26,-1.4947969225495703,-117.74857429524498,-0.1567053587099358,12.446672561354353,23.198527686046067,-35.84089933317773,53.7,0.026
SL,-3.47,5.59,"Cousins, Jake",664776,ball,L,0,0,1.23,0.09,1.98,0.22,10.174335415244164,-120.1205754229258,-5.919680873794608,9.63173387305771,25.471909347763265,-30.2614779495674,53.39,0.016
SL,-3.29,5.71,"Cousins, Jake",664776,swinging_strike,R,2,2,0.93,-0.16,1.49,0.92,9.258665319286465,-120.42926866406503,-4.110976415054846,6.942697847210647,25.962667472414346,-33.03963139433555,53.28,-0.142
SL,-3.24,5.68,"Cousins, Jake",664776,ball,R,1,2,1.42,0.08,1.73,1.52,8.641365075178854,-119.84272658214792,-2.985628987345847,11.48791703995398,28.06336317778585,-30.911372342806487,53.39,0.026
SL,-3.31,5.69,"Cousins, Jake",664776,missed_bunt,R,1,1,1.21,-0.46,1.02,1.35,7.479334653722161,-118.2332532208275,-2.171716865072992,9.62179044996872,25.45069517655134,-36.18277058999119,53.4,-0.04
SL,-3.19,5.74,"Cousins, Jake",664776,foul_bunt,R,1,0,1.26,-0.17,0.06,1.42,4.982152506641441,-119.7191911083428,-2.941218847119621,11.088473892343664,23.780848927624767,-33.41036792498691,53.73,-0.031
SL,-3.12,5.74,"Cousins, Jake",664776,swinging_strike,R,0,2,1.25,-0.12,0.35,1.62,5.563077190531696,-120.19879953303852,-2.6145619973702803,10.895111091085417,24.63892210830917,-33.06467130610994,53.28,-0.061
SL,-3.09,5.72,"Cousins, Jake",664776,foul,R,0,1,1.13,-0.3,0.47,1.33,6.030886655795355,-120.13724244795156,-2.953702945246878,9.783701866385137,22.67193374871441,-34.74769240397582,53.07,-0.024
SL,-3.28,5.73,"Cousins, Jake",664776,called_strike,R,0,0,1.23,-0.04,-0.2,1.77,4.608102917557132,-118.68873295363532,-2.2893535419075777,10.89178282819675,21.441699792242304,-32.30492187559821,53.54,-0.015
SL,-3.2,5.78,"Cousins, Jake",664776,hit_into_play,L,1,2,1.31,-0.19,-0.29,2.03,4.122078907480953,-119.57512942944916,-1.5501716880144607,11.614973552944718,25.450308989093863,-33.8611731075892,53.16,-0.116
SI,-3.22,5.82,"Cousins, Jake",664776,foul,L,1,1,-1.44,0.65,-0.33,3.15,11.016894129550312,-138.44362651968032,-2.8400481989825703,-21.120877265039443,33.232716770094,-23.319194598510126,53.31,-0.04
SL,-3.24,5.76,"Cousins, Jake",664776,foul,L,1,0,1.19,0.03,0.27,1.79,5.667392184909179,-118.58581395380212,-2.3818893194839754,10.093377605545667,23.691743021302013,-31.637830743898515,53.45,-0.031
SI,-3.3,5.78,"Cousins, Jake",664776,ball,L,0,0,-1.42,0.54,-1.23,2.87,8.740038430197734,-138.78862444218873,-3.2350915100490933,-20.39567404968268,32.30251671774536,-24.67343809897597,53.66,0.024
SL,-3.26,5.64,"Cousins, Jake",664776,hit_into_play,R,1,2,1.23,0.12,1.34,1.67,8.157268963503386,-119.46625272217548,-2.6829115993688677,10.11536046961494,23.84895648504402,-30.674985154477216,53.3,-0.168
SL,-3.22,5.76,"Cousins, Jake",664776,foul,R,1,2,1.29,0.11,-0.58,2.41,3.5557335690104424,-119.98862757683952,-1.2514428502080368,11.567717403005132,25.706060211204385,-31.098352217986445,53.23,0.0
SL,-3.35,5.69,"Cousins, Jake",664776,called_strike,R,1,1,1.01,0.08,0.7,2.25,7.358488688882314,-119.84946432547548,-1.39363419766817,8.053535050477159,25.658843398478396,-31.29918449695343,53.28,-0.049
SL,-3.27,5.83,"Cousins, Jake",664776,foul,R,1,0,1.2,-0.17,0.21,2.34,5.642935903570505,-119.57474113290216,-0.9926298124226216,10.336557423289472,24.28316502628586,-33.82724443244231,53.33,-0.044
SL,-3.36,5.67,"Cousins, Jake",664776,ball,R,0,0,1.27,-0.13,1.52,0.31,8.668337665176747,-119.96284789050704,-5.397549892978154,10.416152707082594,25.04918035996249,-32.529856600688355,53.87,0.032
SL,-3.31,5.74,"Cousins, Jake",664776,called_strike,R,2,2,1.02,0.18,-0.17,2.64,5.294388316744958,-122.09305974834518,-1.181040323638865,9.338823797290186,22.28139564680272,-30.30432187606405,53.69,-0.199
SL,-3.21,5.72,"Cousins, Jake",664776,ball,R,1,2,1.16,0.28,1.0,1.16,7.414372071311011,-120.25509214993244,-4.490586502861955,9.831318550387431,23.62339962760366,-28.7457638582188,53.49,0.03
SL,-3.15,5.79,"Cousins, Jake",664776,swinging_strike,R,1,1,1.26,-0.16,0.95,1.5,6.980546870206564,-120.39362896576075,-2.898020863792064,10.51000237990619,27.14590027238832,-33.30672994463986,53.53,-0.048
SL,-3.28,5.6,"Cousins, Jake",664776,blocked_ball,R,0,1,1.38,-0.04,1.79,-0.03,9.064569211528664,-121.47235833785126,-6.4544516910203855,11.68133554267871,25.40557204857673,-31.43617037467372,53.56,0.03
SI,-3.2,5.78,"Cousins, Jake",664776,foul,R,0,0,-1.41,0.57,-0.85,3.26,9.519520767301907,-139.52879574689027,-2.37061545480279,-20.51918644714254,31.43454774723707,-24.3744917742379,53.57,-0.042
SL,-3.24,5.68,"Cousins, Jake",664776,hit_into_play,R,1,1,1.45,0.12,0.53,2.05,5.847246257054435,-120.60514701814402,-2.0233132794211053,12.940031430085764,24.127036874918065,-30.84372409278416,53.54,-0.307
SL,-3.32,5.62,"Cousins, Jake",664776,blocked_ball,R,0,1,1.5,-0.09,2.27,0.43,10.01616683456179,-121.18167100643096,-5.34443104443546,12.800249177738776,23.76992783305856,-32.17885982557451,53.51,0.05
SL,-3.23,5.7,"Cousins, Jake",664776,foul,R,0,0,1.35,0.15,0.33,2.33,5.50865398863465,-120.52061785035444,-1.4189139133394737,11.844153066987856,26.630590540132594,-30.609329328288148,53.81,-0.071
SL,-3.44,5.67,"Cousins, Jake",664776,hit_into_play,L,2,0,1.54,-0.02,0.3,1.99,5.619634306458542,-120.52614880424048,-1.9342396759805895,14.055011472232424,21.554576006354548,-32.22726182691609,53.52,-0.48
SI,-3.12,5.75,"Cousins, Jake",664776,ball,L,1,0,-1.33,0.41,1.23,1.73,14.64673149320522,-138.9351698264777,-5.988919677750927,-20.3983209918034,28.557978464295797,-25.702023572199607,53.5,0.066
SL,-3.38,5.65,"Cousins, Jake",664776,ball,L,0,0,0.94,0.38,1.68,1.5,9.914728717184795,-121.2645595150776,-3.8408564322972776,7.137652512384123,25.23047152321789,-27.83913952201039,53.4,0.044
SL,-3.38,5.65,"Cousins, Jake",664776,hit_into_play,R,1,0,0.9,-0.02,0.04,1.45,6.154755618982687,-120.92769323758924,-3.194180613648692,7.783496259711097,22.21701876188798,-31.96639944325964,53.37,0.242
SL,-3.29,5.77,"Cousins, Jake",664776,ball,R,0,0,1.04,-0.02,-0.66,3.51,3.998989908466015,-120.08075490612488,1.3949910000517294,9.34047323182057,22.173704816601013,-32.8097414416758,53.57,0.024
SL,-3.41,5.68,"Cousins, Jake",664776,hit_into_play,R,1,1,1.53,0.08,0.09,2.03,5.004858823569839,-118.93555834957309,-1.8568127107811048,13.616193929442138,22.1626224848216,-31.264867506025773,53.52,-0.216
SL,-3.39,5.7,"Cousins, Jake",664776,called_strike,R,1,0,1.45,-0.04,0.25,2.28,5.518828848465798,-120.16598159181012,-1.2121467808776667,12.971710670701484,22.96634212647005,-32.49393116132345,53.52,-0.044
SL,-3.37,5.75,"Cousins, Jake",664776,ball,R,0,0,1.03,-0.38,-1.01,2.56,3.361878909943921,-119.15052760211272,0.0534181227873866,9.338703850360432,20.84105487398162,-35.979547828392136,53.61,0.032
SL,-3.13,5.72,"Cousins, Jake",664776,swinging_strike,L,1,2,1.38,-0.39,0.76,0.7,6.081806728463754,-117.4760800507032,-3.658170340466824,11.101269546160523,27.450997511268376,-35.154368070469786,53.59,-0.169
SL,-3.23,5.66,"Cousins, Jake",664776,called_strike,L,1,1,1.44,0.22,-0.23,2.47,4.009123468974661,-118.02376500569896,-0.7997218815257361,12.28220505516505,27.13982121137188,-30.210179187979367,53.73,-0.048
SL,-3.15,5.65,"Cousins, Jake",664776,foul,L,1,0,1.2,0.44,1.05,1.76,7.200077244225785,-118.77893623172362,-3.0093958403570182,9.887430148955866,23.9090376740357,-27.63366242408266,53.67,-0.039
SL,-3.3,5.58,"Cousins, Jake",664776,ball,L,0,0,1.28,-0.01,0.22,1.49,5.481788051330387,-118.19468741522388,-2.462173447771078,10.715883548445449,25.238863697227345,-31.963845757810965,53.68,0.027
SL,-3.11,5.62,"Cousins, Jake",664776,swinging_strike,R,0,2,1.31,-0.08,1.62,1.19,8.1391129841179,-118.1230460137606,-3.087670728437675,10.462511673385936,25.22643415979366,-32.45643387887133,53.66,-0.194
SL,-3.11,5.62,"Cousins, Jake",664776,foul,R,0,2,1.15,-0.22,0.2,1.51,5.233802489787469,-117.63660950618656,-1.9454977207551707,9.259670524388309,27.382773115110822,-33.96611654479968,53.68,0.0
SL,-2.96,5.74,"Cousins, Jake",664776,foul,R,0,1,1.26,0.03,0.57,2.98,5.551503628674983,-118.56442523558896,0.4755398510987134,10.396415808293565,27.76251230456127,-32.24654485623658,53.71,-0.059
SL,-3.22,5.63,"Cousins, Jake",664776,called_strike,R,0,0,1.27,0.07,-0.29,2.03,4.140799399173413,-117.61857226087312,-1.392940229853064,10.625143521349491,26.74229438581464,-31.44519514036081,53.73,-0.042
SL,-3.11,5.58,"Cousins, Jake",664776,hit_into_play,L,2,2,1.14,0.27,-0.53,2.39,3.6307811949274,-118.3702037140128,-0.931534639381103,9.703140079229213,27.4301067658587,-29.689115414634315,53.68,0.287
SI,-2.99,5.64,"Cousins, Jake",664776,foul,L,2,2,-1.65,0.5,0.62,1.94,13.373571958529435,-138.54835081461948,-5.225559752461299,-24.32251773873961,33.70745108445826,-24.66064176732989,53.44,0.0
SL,-3.04,5.72,"Cousins, Jake",664776,ball,L,1,2,1.41,-0.26,0.32,0.86,4.869642692441734,-118.62846706792774,-3.711581257683853,11.977877576117264,27.650758652260283,-33.97128795235228,53.75,0.026
SL,-3.02,5.72,"Cousins, Jake",664776,foul,L,1,2,1.29,0.26,1.11,1.17,6.917136401972234,-119.57087876065198,-4.223062995798099,10.699888999155029,26.17865356760961,-29.04759166019437,53.66,0.0
SL,-3.12,5.71,"Cousins, Jake",664776,foul,L,1,2,1.46,0.18,-0.19,1.98,3.7746162686125135,-117.6503941226974,-1.912580073089145,12.53992647190834,26.492429178803818,-30.324692897079984,53.6,0.0
SL,-3.1,5.65,"Cousins, Jake",664776,ball,L,0,2,1.41,0.09,0.84,1.16,6.193630951917112,-118.25529149622892,-3.517887088287773,11.587670975215906,27.33405540829628,-30.78714792035296,53.53,0.013
SL,-3.1,5.71,"Cousins, Jake",664776,swinging_strike,L,0,1,1.43,0.21,0.35,0.96,5.04257328156714,-118.78579607631256,-4.453218109481471,12.270621053966176,26.60238762369708,-29.40856365047791,53.75,-0.035
SL,-3.23,5.67,"Cousins, Jake",664776,called_strike,L,0,0,1.27,-0.11,-0.75,2.18,3.1349062005131447,-117.648829605418,-0.7822387200091441,10.906457622887906,26.65134908212085,-33.28967710361802,53.85,-0.024
SL,-3.11,5.65,"Cousins, Jake",664776,called_strike,R,0,2,1.49,0.33,0.0,3.28,4.161226976154488,-118.84231074945453,0.7525929100929625,12.907631674113777,27.463915317953884,-29.5333349801443,53.78,-0.149
SI,-2.94,5.76,"Cousins, Jake",664776,foul,R,0,1,-1.68,0.77,0.22,2.65,12.115006849917178,-137.38617155435668,-4.109062787040973,-24.07923410314016,34.054007155585886,-21.678973552290437,53.54,-0.047
SL,-3.23,5.68,"Cousins, Jake",664776,called_strike,R,0,0,1.04,-0.05,0.42,2.18,6.170194950852822,-117.40073112584916,-0.8807707377718892,8.001108335265242,27.37662649876773,-32.64392539535813,53.8,-0.032
SL,-3.07,5.63,"Cousins, Jake",664776,swinging_strike,R,1,2,1.12,-0.24,1.23,1.45,7.656634071168711,-119.43897090932995,-2.3394503403872684,8.74013950072595,27.729744033044422,-34.102200792427524,53.61,-0.071
SL,-3.22,5.68,"Cousins, Jake",664776,called_strike,R,1,1,1.2,-0.25,-0.05,2.45,4.871427330990782,-119.03164902576913,-0.1063720998473713,10.175433015180564,26.89453959098076,-34.75058941196768,53.68,-0.026
SL,-3.05,5.7,"Cousins, Jake",664776,ball,R,0,1,1.42,-0.2,2.33,1.09,9.508761708627128,-118.90108017918172,-3.293361083289417,10.994509094601028,28.221341542823435,-33.490774326500016,53.51,0.011
SI,-2.88,5.83,"Cousins, Jake",664776,called_strike,R,0,0,-1.65,0.61,-0.63,2.95,9.778085025551198,-139.04992182327112,-3.332832830776573,-23.673626332516346,35.00742682437432,-23.72106781338027,53.47,-0.015
SL,-3.08,5.67,"Cousins, Jake",664776,swinging_strike,R,2,2,1.21,-0.22,1.04,0.75,7.06380241849212,-119.43410754702636,-4.05398752391967,9.68278759187982,28.1145452377189,-33.53111329880141,53.58,-0.142
SI,-2.86,5.78,"Cousins, Jake",664776,foul,R,2,2,-1.4,0.59,0.71,2.88,12.62288477816421,-137.95016756345993,-3.2518042089057877,-20.775866832854504,33.05267470934948,-24.10483090290337,53.44,0.0
SL,-3.08,5.7,"Cousins, Jake",664776,foul,R,2,2,1.4,0.27,0.96,1.76,6.561161776039291,-120.51332507408088,-2.962810088012308,12.0164176437838,27.319380285177107,-29.15691908937622,53.42,0.0
SL,-3.2,5.64,"Cousins, Jake",664776,foul,R,2,1,1.39,0.2,0.09,1.87,4.7394308333566,-118.21926799900056,-2.141631590754866,11.873124352489995,25.43101669885541,-30.1190352105914,53.66,-0.051
SL,-3.26,5.6,"Cousins, Jake",664776,called_strike,R,2,0,1.42,0.3,-0.33,2.31,3.938921849211652,-119.7414786846533,-1.4506289191941049,12.701401799587742,25.51798946964115,-29.28347561560955,53.62,-0.039
SI,-3.0,5.72,"Cousins, Jake",664776,ball,R,1,0,-1.66,0.84,1.47,1.57,15.627871973286748,-137.98446736899515,-7.188132506126244,-24.789170534632447,32.46833706003255,-19.770741849808267,53.39,0.045
SI,-2.96,5.7,"Cousins, Jake",664776,ball,R,0,0,-1.66,0.79,1.87,1.72,16.587176577202946,-137.93006988599444,-6.593253381671199,-25.02543959184036,33.238734264239426,-20.50893942098947,53.41,0.024
SL,-3.05,5.63,"Cousins, Jake",664776,swinging_strike,R,0,2,1.19,0.11,1.53,1.05,8.066176432204774,-118.30463686036455,-3.8143033740535817,9.27283998532658,25.86507121866122,-30.529571223865208,53.53,-0.149
SL,-3.22,5.74,"Cousins, Jake",664776,foul,R,0,1,1.54,0.28,0.66,1.94,5.738254767814376,-118.09632134551524,-2.2939004610214555,12.96214464899266,26.518187735956552,-29.34927162872016,54.09,-0.047
SL,-3.14,5.71,"Cousins, Jake",664776,called_strike,R,0,0,1.3,0.16,0.16,2.67,4.957006470930271,-118.43494731648823,-0.3884282758054498,10.889607942728068,27.28289860110097,-30.84718336309265,53.48,-0.032
SL,-3.01,5.77,"Cousins, Jake",664776,foul_tip,R,0,2,1.28,0.0,-0.56,3.04,3.078372405611688,-118.60287833613307,0.6191826041650299,11.14474626744996,27.658581093654348,-32.621866951694294,53.66,-0.214
SI,-2.97,5.81,"Cousins, Jake",664776,foul,R,0,1,-1.64,0.8,0.24,2.35,12.374075828201578,-139.1797044539273,-5.358778530288488,-24.25166168962799,34.10905091115657,-20.682535751052058,53.42,-0.077
SL,-3.13,5.67,"Cousins, Jake",664776,called_strike,R,0,0,1.21,-0.22,0.6,2.38,6.208457319416823,-120.02005662810907,-0.3847586919873642,9.975323067608226,28.64184308780306,-34.397942622478645,53.62,-0.048
SL,-3.1,5.74,"Cousins, Jake",664776,called_strike,R,3,2,1.26,-0.22,0.44,2.53,5.647532948263499,-119.48290407814358,-0.0878725122737282,10.4098951781821,29.522689976546555,-34.52098713228672,53.47,-0.392
SL,-3.01,5.71,"Cousins, Jake",664776,ball,R,2,2,1.16,0.4,1.79,0.87,8.7495110310034,-119.83186813936446,-5.142830139967193,8.891187600489712,28.270438020480714,-27.42382589649702,53.64,0.097
SL,-3.09,5.68,"Cousins, Jake",664776,ball,R,1,2,1.37,0.41,1.85,1.86,8.699204305771364,-120.81630454118428,-2.9633539640034385,11.087676928157864,29.340116806052556,-27.71863922842725,53.58,0.054
SL,-3.16,5.66,"Cousins, Jake",664776,foul,R,1,2,1.15,0.34,0.11,2.17,5.233951902255356,-120.0770273751377,-2.0179869775102275,9.848728785688968,26.86751725938456,-28.714540529040317,53.58,0.0
SI,-2.93,5.79,"Cousins, Jake",664776,foul,R,1,1,-1.58,1.0,-1.29,2.45,7.966941149936675,-139.1017357255862,-5.42118372106658,-22.302603863134976,34.046451882652335,-18.163401867401525,53.7,-0.07
SL,-3.14,5.74,"Cousins, Jake",664776,called_strike,R,1,0,1.47,0.24,0.33,2.13,5.026987241813687,-119.38050794824126,-1.97212491084642,12.785619533424825,26.762993152118565,-29.72683168901052,53.79,-0.055
SI,-3.05,5.74,"Cousins, Jake",664776,ball,R,0,0,-1.57,0.93,0.7,1.9,13.423781664170646,-137.44091619034532,-6.460333265024072,-22.936924127479028,31.70987932434106,-19.05999075668296,53.59,0.044
SI,-2.9,5.76,"Cousins, Jake",664776,ball,R,3,1,-1.59,0.99,0.55,1.3,12.902358096872035,-139.40856142138165,-8.511655640091494,-23.76089093070228,34.14406455980111,-17.275429874812602,53.46,0.16
SL,-3.12,5.73,"Cousins, Jake",664776,ball,R,2,1,1.09,0.17,1.01,1.95,7.277419801004329,-118.84074194775934,-2.1391326722568413,8.573645739791402,26.54150351600316,-30.38412858990809,53.64,0.077
SI,-3.02,5.75,"Cousins, Jake",664776,ball,R,1,1,-1.73,0.7,1.02,2.39,14.579362443523618,-137.4816026254216,-4.634501878063798,-25.32896113426737,33.19695639847869,-22.38575408261952,53.46,0.037
SL,-3.08,5.64,"Cousins, Jake",664776,ball,R,0,1,1.36,0.24,2.09,1.0,9.193758152572304,-119.90493990604394,-4.442436169700756,10.91829496654055,26.497471607451487,-29.069968062883017,53.67,0.017
SI,-3.0,5.77,"Cousins, Jake",664776,foul,R,0,0,-1.65,0.78,0.08,2.82,11.883774444899032,-137.57346070682013,-3.762624981322956,-23.666335148903364,32.64768466151244,-21.606460923458823,53.48,-0.024
SL,-3.13,5.68,"Cousins, Jake",664776,hit_into_play,R,1,0,1.29,0.13,0.77,1.68,6.32907100900367,-118.6657662482841,-2.525487934628523,10.546158119582056,27.632691778156666,-30.66351283108468,53.55,-0.26
SI,-3.06,5.69,"Cousins, Jake",664776,ball,R,0,0,-1.76,0.7,0.72,2.52,13.938700806677488,-137.04811059783867,-4.0870858684570255,-25.46462386738809,33.471167718316075,-22.58607992553909,53.48,0.032
SL,-3.31,5.64,"Cousins, Jake",664776,hit_into_play,R,2,1,1.26,0.15,0.74,2.29,6.77646292140887,-119.34689721961536,-1.366127967442692,10.899302182374512,21.73825841312991,-30.67555407834537,53.79,-0.12
SI,-3.05,5.63,"Cousins, Jake",664776,ball,R,1,1,-1.2,0.75,0.62,0.97,12.517638232949515,-138.30682874859997,-8.436894921179649,-18.13043684373984,29.365922784474897,-20.713446982228515,53.31,0.023
SL,-3.26,5.72,"Cousins, Jake",664776,swinging_strike,R,1,0,1.18,0.13,0.89,1.99,7.06703725355881,-117.91235752036604,-1.9453782782169424,9.65489032322458,22.70691706991945,-30.764714906100647,53.8,-0.019
SL,-3.15,5.7,"Cousins, Jake",664776,ball,R,0,0,0.97,0.26,1.96,1.08,9.844942288576496,-119.63671672512656,-4.551494565047406,7.599083570690807,21.13668288013536,-28.995194941265392,53.47,0.016
SL,-3.18,5.65,"Cousins, Jake",664776,hit_into_play,R,0,2,0.9,-0.34,-0.77,2.39,3.698344263321878,-117.99147744015993,-0.0546989692528261,7.76394379392137,20.70560007657673,-35.579939117524944,53.84,-0.104
SL,-3.23,5.69,"Cousins, Jake",664776,foul,R,0,1,0.87,0.28,-0.32,1.29,4.854566867040164,-117.49011238051396,-3.731828326334453,7.185128136476593,21.293030187157463,-29.04632991528494,54.09,-0.035
SI,-3.09,5.79,"Cousins, Jake",664776,foul,R,0,0,-1.27,0.65,-1.18,3.11,7.951615796811702,-138.20337811739125,-2.862031467066989,-18.08450988155632,29.95293565438801,-23.350693043761712,53.58,-0.024
SL,-3.27,5.67,"Cousins, Jake",664776,swinging_strike,R,3,2,1.05,-0.28,0.57,1.49,6.771735692638964,-120.39257294386572,-2.549062652683833,9.022096565241402,22.504773434393133,-34.58772873593942,53.57,-0.297
SL,-3.29,5.73,"Cousins, Jake",664776,foul,R,3,2,1.11,-0.25,0.83,1.61,7.23802914993345,-120.02577923781794,-2.3985389973697693,9.32714527264949,22.958528638094663,-34.337002943241274,54.16,0.0
SI,-3.2,5.68,"Cousins, Jake",664776,foul,R,3,1,-1.4,0.46,-0.48,1.7,10.304312904384126,-137.49061386649572,-5.785411779882559,-20.030397871134863,29.01041694902764,-25.24223476353889,53.62,-0.078
SI,-3.15,5.76,"Cousins, Jake",664776,called_strike,R,3,0,-1.3,0.66,0.03,2.5,11.038551613686064,-133.67663389936212,-3.900011613879109,-17.90025294226104,27.109991294476053,-23.63696909431208,53.43,-0.083
SL,-3.29,5.67,"Cousins, Jake",664776,ball,R,2,0,1.04,0.18,1.32,1.89,8.436271909198089,-119.20043110147353,-2.3326207823564395,8.31198010239853,22.60175998813007,-30.248121987805508,54.06,0.133
SL,-3.27,5.7,"Cousins, Jake",664776,ball,R,1,0,1.08,0.23,1.97,0.99,9.77620054002395,-118.36270630450854,-4.45660564348709,8.33375107108936,21.804976338549302,-29.375926175213007,53.67,0.064
SI,-3.17,5.9,"Cousins, Jake",664776,ball,R,0,0,-1.19,1.08,-1.95,5.96,5.776345559956976,-135.12842564949105,3.590386916392676,-15.82942496130176,29.0927569668742,-19.880980740982466,53.81,0.032
SL,-3.12,5.64,"Cousins, Jake",664776,swinging_strike,R,0,2,1.4,-0.02,2.04,1.09,9.120399539892738,-120.14314187050778,-3.833504762111323,11.787572903665655,23.636877970633293,-31.79604709374585,53.58,-0.209
SL,-3.07,5.74,"Cousins, Jake",664776,swinging_strike,R,0,1,1.22,-0.56,0.02,1.22,4.648155988420014,-118.24431609560196,-2.4246298702612217,10.50375767502008,23.133959140896952,-37.19856610444173,53.49,-0.065
SL,-3.33,5.66,"Cousins, Jake",664776,swinging_strike,R,0,0,1.04,0.14,0.61,1.85,7.01744374040015,-119.77545057214311,-2.4189973214755014,8.646538437471325,22.7644195462785,-30.608505648453736,53.4,-0.042
FF,-3.2,5.69,"Cousins, Jake",664776,hit_into_play,L,0,0,-0.83,1.11,-0.44,3.19,9.262834092663931,-138.82963796045718,-3.4678113166665177,-12.920492184068925,32.30700790166216,-17.202927599155824,53.57,2.708
SI,-3.17,5.79,"Cousins, Jake",664776,ball,R,3,1,-1.26,0.98,0.48,1.0,12.554781674906938,-138.84928390201034,-9.25968863181264,-19.127437198282514,31.937126284911777,-17.38455998515001,53.7,0.214
SI,-2.97,5.81,"Cousins, Jake",664776,ball,R,2,1,-1.35,1.02,1.84,1.99,15.839252535399185,-137.73463486303234,-6.685819896905812,-20.875558910737727,32.282823363728006,-17.632656269834715,53.34,0.083
SI,-3.03,5.75,"Cousins, Jake",664776,ball,R,1,1,-1.3,0.73,-1.13,1.85,8.035194660232907,-138.81914628817324,-6.334084826582293,-18.632801511197037,31.922736408807346,-21.46317706499709,53.45,0.058
SL,-3.3,5.6,"Cousins, Jake",664776,ball,R,0,1,1.15,0.07,0.73,0.81,6.8562659475647,-118.86640246355128,-4.29024506471585,9.379264523981057,25.159787054199462,-30.81332387672345,54.19,0.057
SI,-3.06,5.72,"Cousins, Jake",664776,called_strike,R,0,0,-1.21,0.97,-0.29,1.72,10.090302574638372,-137.72516904782626,-7.006280508902535,-17.698026166145993,31.9938401631233,-18.399991577325057,53.49,-0.073
SI,-3.02,5.82,"Cousins, Jake",664776,hit_into_play,R,2,1,-1.27,0.53,-0.06,1.81,10.70817807169754,-137.62066043241072,-6.002704695871037,-18.645796613514648,33.068316571213444,-24.16853110170941,53.4,-0.267
SL,-2.94,5.73,"Cousins, Jake",664776,ball,R,1,1,1.44,0.28,2.04,1.32,8.532494035166774,-118.69603220772603,-3.765162703535837,11.44049877904597,27.483455838848187,-28.95524253720752,53.4,0.049
SI,-3.15,5.85,"Cousins, Jake",664776,called_strike,R,1,0,-1.34,0.72,-0.2,3.28,10.816637080647336,-137.6328593385361,-2.658805724344218,-19.410586710966395,30.692193678531908,-22.663824189814964,53.59,-0.039
SI,-2.99,5.92,"Cousins, Jake",664776,ball,R,0,0,-1.33,0.89,0.21,4.02,11.43455326439598,-137.28537279876022,-1.2696794325262997,-19.35541322056196,29.464168262279888,-20.79416229294197,53.47,0.027
SI,-3.03,5.76,"Cousins, Jake",664776,hit_into_play,L,1,2,-1.35,0.61,-0.38,1.92,10.147535225236457,-138.35095111516907,-5.893212113287289,-19.60754056317263,30.420909172882293,-23.16382282369368,53.44,-0.217
SL,-3.21,5.72,"Cousins, Jake",664776,blocked_ball,L,0,2,1.03,0.16,1.46,0.25,8.594543232051011,-117.463040056135,-5.918034727190899,7.975610084761513,21.44559934199434,-29.7896451609488,53.26,0.02
SL,-3.23,5.78,"Cousins, Jake",664776,called_strike,L,0,1,0.96,-0.03,0.3,2.24,6.124831136696807,-117.21068539527336,-1.108633719636518,7.624037494933563,23.13241712811249,-32.42426489639732,53.34,-0.059
SL,-3.25,5.74,"Cousins, Jake",664776,called_strike,L,0,0,1.15,0.05,-0.15,2.17,4.736522651445183,-116.92462284655946,-1.3208624966305746,9.700362627122388,21.851374909383352,-31.681567290142656,53.55,-0.042
SL,-3.23,5.77,"Cousins, Jake",664776,hit_into_play,R,1,1,1.0,0.07,0.68,2.74,6.979493731274359,-118.796438173192,-0.3907338662291,8.233640226487427,22.050758714747097,-31.68626477307255,53.48,-0.529
SI,-3.16,5.8,"Cousins, Jake",664776,ball,R,0,1,-1.37,0.9,1.41,1.33,15.029682500950209,-136.48681720399796,-7.963922177847081,-20.39543197918056,29.537978165261386,-19.21980797390872,53.5,0.057
SL,-3.27,5.75,"Cousins, Jake",664776,called_strike,R,0,0,1.15,0.25,0.09,2.1,5.361527222155541,-117.14115227231134,-1.9006765583688368,9.515198898910722,22.64691233968746,-29.735866029149676,53.32,-0.064
SI,-3.15,5.78,"Cousins, Jake",664776,ball,R,3,1,-1.44,0.66,0.98,1.96,14.07035891602052,-136.30049978506722,-5.703007576141953,-20.96980619764592,29.0311780524072,-22.80410562009884,53.35,0.265
SI,-3.03,5.67,"Cousins, Jake",664776,ball,R,2,1,-1.46,0.63,2.07,0.06,16.795187749877382,-137.16076184652397,-10.5414254038524,-22.01878457161761,28.2697304209427,-21.871150350817224,53.27,0.108
SI,-3.16,5.74,"Cousins, Jake",664776,called_strike,R,2,0,-1.36,0.49,0.83,1.9,13.483619219248146,-136.33633058037591,-5.393655547913676,-19.88048514400686,28.65765856001668,-24.945860641966103,53.54,-0.057
SI,-3.2,5.74,"Cousins, Jake",664776,ball,R,1,0,-1.36,0.67,2.59,0.4,18.290260413531094,-136.55910170799663,-9.811086941912812,-20.942337070451536,29.329927042425066,-21.520347884186883,53.34,0.064
SL,-3.43,5.66,"Cousins, Jake",664776,ball,R,0,0,1.43,-0.03,2.08,0.75,9.709539756697316,-117.61135608273386,-4.238544198660794,11.152466502302271,24.711980946701622,-31.740852597923784,53.27,0.032
SL,-3.02,5.69,"Cousins, Jake",664776,hit_into_play,R,0,2,1.13,0.15,0.62,2.94,6.108008435099732,-118.78689343713528,0.172121163093933,9.390122280543856,24.271062899349616,-31.04514939565056,53.51,-0.271
SI,-2.95,5.72,"Cousins, Jake",664776,called_strike,R,0,1,-1.34,0.86,0.19,2.92,11.439992963072596,-139.4141704811651,-3.770423189451694,-19.997330420462507,31.635653830347238,-20.24414694663921,53.6,-0.131
SL,-3.17,5.58,"Cousins, Jake",664776,foul,R,0,0,1.15,0.05,0.49,1.65,6.096059095379312,-118.71034439142588,-2.2982686882822483,9.54733532139248,25.034482823290805,-31.470443654580205,53.41,-0.081
SL,-3.12,5.63,"Cousins, Jake",664776,swinging_strike,R,1,2,1.11,0.28,1.46,2.46,8.348583377309685,-120.03376361959543,-1.200196980649148,8.959824794627286,24.70200648786624,-29.42930045972491,53.47,-0.443
SL,-3.33,5.57,"Cousins, Jake",664776,swinging_strike,R,1,1,1.05,0.25,1.41,1.35,8.882052585722358,-120.12345465624072,-3.6138258832721206,8.456981411247048,23.256994446890285,-29.223363934153817,53.35,-0.137
SI,-2.92,5.7,"Cousins, Jake",664776,called_strike,R,1,0,-1.57,0.74,0.34,2.68,12.139831120432774,-137.3937279262434,-3.8743799196334097,-22.551974307245825,29.858421576440577,-22.064799472942404,53.53,-0.108
SI,-3.29,5.54,"Cousins, Jake",664776,ball,R,0,0,-1.55,0.56,-1.05,2.18,9.373196046614297,-137.2057350885686,-4.315328261052269,-21.695369510950787,30.513350539843984,-24.348535832814985,53.66,0.028
SI,-3.04,5.65,"Cousins, Jake",664776,hit_into_play,R,0,1,-1.46,0.84,-1.06,2.63,8.635434196717197,-138.2910737984606,-4.180954680315216,-20.744223697002475,31.86497097734285,-20.57894634311671,53.32,-0.188
SL,-3.2,5.58,"Cousins, Jake",664776,swinging_strike,R,0,0,1.28,0.11,1.82,1.18,9.019005205326938,-119.95448828063915,-3.617438465565364,10.114374760139794,27.83743260921412,-30.500580577969444,53.41,-0.042
SI,-3.18,5.68,"Cousins, Jake",664776,hit_by_pitch,R,2,1,-1.64,0.91,-2.09,3.47,6.596774301719225,-137.65474904289488,-2.097966411740701,-22.35752473587369,33.37196165750664,-20.37496668167584,53.73,0.111
SI,-3.06,5.71,"Cousins, Jake",664776,ball,R,1,1,-1.61,0.75,1.1,2.73,14.566769868700057,-136.77943972054766,-3.684050338103804,-23.554024282197496,32.29228219410962,-22.02342945227208,53.46,0.023
SI,-3.07,5.6,"Cousins, Jake",664776,called_strike,R,1,0,-1.63,0.84,0.1,2.04,12.14282196381182,-137.88614575239222,-5.54333453133504,-23.592422751754285,33.986757363630915,-20.376341705710374,53.31,-0.019
SI,-3.09,5.68,"Cousins, Jake",664776,ball,R,0,0,-1.54,0.79,-0.88,3.15,9.344665008746391,-137.16664054231362,-2.6222912047571034,-21.590349021380803,33.145993513557,-21.796479886679087,53.34,0.016
SL,-3.22,5.64,"Cousins, Jake",664776,hit_into_play,R,1,2,1.57,-0.05,-0.51,2.39,3.108066883266813,-118.19926105353052,-0.4444462612169433,13.843230305876276,26.132747836278504,-32.83336642079897,53.27,-0.116
SL,-3.31,5.59,"Cousins, Jake",664776,foul,R,1,2,1.14,0.22,-0.12,2.18,5.147614948128873,-120.96720380810454,-1.7243968076959255,9.903782614085042,26.708273340023283,-29.85251548832281,53.39,0.0
SL,-3.11,5.61,"Cousins, Jake",664776,ball,R,0,2,1.57,0.12,2.93,0.1,10.800391440754924,-119.98572534642872,-6.209649246091833,12.407401301265494,28.06694231515687,-29.760599594263425,53.52,0.013
SI,-3.01,5.66,"Cousins, Jake",664776,called_strike,R,0,1,-1.57,0.77,0.16,2.67,12.01719425269427,-138.378914503986,-3.888206379502885,-22.995732785843717,35.46489823234402,-21.63566865525487,53.34,-0.035
SL,-3.22,5.59,"Cousins, Jake",664776,swinging_strike,R,0,0,1.47,0.16,1.25,1.53,7.3666481289462045,-119.36701950825658,-2.878169854853379,12.296002580128691,26.46608725245475,-30.222490561796256,53.35,-0.024
SL,-3.07,5.6,"Cousins, Jake",664776,swinging_strike,R,1,2,1.46,0.13,2.1,1.43,8.99604300576906,-119.53903331285731,-3.0951452017189247,11.86697602232971,26.506404022563,-30.495727511606702,53.31,-0.168
SL,-3.2,5.61,"Cousins, Jake",664776,ball,R,0,2,0.96,-0.12,1.52,0.09,8.949623756240486,-119.7274822469579,-5.746006003468176,7.180296085504186,26.46901287155121,-32.25430114996444,53.47,0.019
SI,-3.05,5.72,"Cousins, Jake",664776,called_strike,R,0,1,-1.64,0.65,-0.06,3.28,11.515875654437377,-136.46766558361287,-1.9775471229347572,-23.08854756347821,32.82132088130176,-23.818403702685703,53.52,-0.047
SI,-3.04,5.69,"Cousins, Jake",664776,called_strike,R,0,0,-1.44,0.84,-0.8,2.34,9.120512687637046,-136.6321116455879,-4.819721460243329,-20.134464179891115,33.357752192042845,-20.770259549616146,53.39,-0.032
SI,-3.12,5.63,"Cousins, Jake",664776,hit_into_play,R,3,1,-1.57,0.37,-0.69,2.96,10.092493506574126,-138.55994349077827,-2.1778332816304644,-22.54585612085056,33.948114702858355,-27.079491148228037,53.27,-0.324
SI,-3.12,5.59,"Cousins, Jake",664776,called_strike,R,3,0,-1.61,0.77,0.58,2.41,13.46863164973541,-137.67212972123988,-4.411652174744288,-23.463875466039354,31.01973676137976,-21.468818171090057,53.27,-0.047
SI,-3.09,5.7,"Cousins, Jake",664776,ball,R,2,0,-1.46,0.71,-1.21,2.2,8.294815567264681,-138.26041017022902,-5.159602090665975,-20.526242260441048,30.834902370864835,-22.12997625567758,53.48,0.071
SL,-3.17,5.54,"Cousins, Jake",664776,blocked_ball,R,1,0,1.4,0.16,2.58,0.01,10.391315680812085,-118.0650172288609,-6.057974480799258,10.627345228210723,26.52024081789701,-29.518320154323582,53.09,0.044
SL,-3.25,5.52,"Cousins, Jake",664776,ball,R,0,0,1.28,0.31,1.32,1.98,7.918224593046705,-118.87885685346798,-1.9064303491446184,10.208932442526844,27.03355077854892,-29.042902356546605,53.38,0.027
SL,-3.18,5.65,"Cousins, Jake",664776,swinging_strike,L,2,2,1.34,-0.2,1.3,1.07,7.617050334456803,-119.55033748531056,-3.325020400732992,10.772469029298852,28.677155583904938,-33.50416945597777,53.65,-0.268
FF,-3.13,5.72,"Cousins, Jake",664776,ball,L,1,2,-0.83,1.28,-1.47,4.63,6.248219838353244,-137.603592046161,0.0680556087208023,-12.005747916817436,34.131178388199686,-16.355732482718235,53.5,0.054
FF,-3.21,5.62,"Cousins, Jake",664776,ball,L,0,2,-1.06,1.15,-2.04,4.79,5.531550512949703,-137.7605839158195,1.0151975040008208,-14.776343098108413,33.84486270878487,-18.181609203863733,53.4,0.02
SL,-3.19,5.64,"Cousins, Jake",664776,foul,L,0,2,1.03,-0.08,0.53,1.34,6.414141009645929,-117.37381109048412,-2.6607777264722867,7.951896488785171,26.3583293619782,-32.55303931534467,53.2,0.0
SL,-3.24,5.59,"Cousins, Jake",664776,foul_tip,L,0,1,1.51,0.31,0.96,1.82,6.575157572672246,-117.59961056798622,-2.226783027586955,12.269860047342055,27.367102769502992,-29.09327040029131,53.26,-0.059
SL,-3.44,5.55,"Cousins, Jake",664776,called_strike,L,0,0,1.07,0.14,-0.65,1.87,4.253590376252407,-117.81919550431611,-1.7719403453642455,8.948244238041944,25.28938849950932,-30.738968685879065,53.27,-0.042
SI,-3.26,5.6,"Cousins, Jake",664776,ball,L,3,0,-1.25,0.62,0.92,2.14,13.719760207550763,-135.95990991744844,-4.641916596346554,-18.344851044628424,26.652145161696104,-23.65154524384188,53.44,0.144
SL,-3.33,5.63,"Cousins, Jake",664776,ball,L,2,0,1.37,0.21,-1.34,3.46,1.84630254372424,-117.8591766727602,1.4372409454274044,12.44861981705088,22.617491327921247,-30.73970883623303,53.36,0.128
SI,-3.26,5.69,"Cousins, Jake",664776,ball,L,1,0,-1.76,0.29,-1.82,2.48,7.645679360117786,-135.48404062720613,-3.110928011637613,-23.39062608327407,30.757073733518595,-28.1161072699648,53.78,0.066
SI,-3.2,5.61,"Cousins, Jake",664776,blocked_ball,L,0,0,-1.8,0.53,0.66,0.74,14.174328755089867,-136.86883643444392,-8.188282410973338,-25.90630074849178,32.70522732154214,-23.55889886629035,53.6,0.044
SL,-3.13,5.68,"Cousins, Jake",664776,hit_into_play,R,3,2,1.61,-0.1,1.46,1.51,7.30283349158853,-119.36795271257996,-2.5511663290171445,13.40619744599435,28.39826236172988,-32.76930285051626,53.66,0.218
SI,-3.32,5.8,"Cousins, Jake",664776,called_strike,R,3,1,-1.88,1.08,-0.23,1.88,12.30170486272753,-136.43459369018686,-6.834123172209766,-26.34161089533662,33.72805270137602,-17.1877744204097,53.64,-0.059
SL,-3.16,5.66,"Cousins, Jake",664776,ball,R,2,1,1.29,-0.6,2.92,-0.51,11.2803327078553,-118.42881188684488,-6.042274842439773,9.458623094082172,26.72250078265581,-36.568511111347696,53.58,0.077
SI,-3.0,5.62,"Cousins, Jake",664776,ball,R,1,1,-1.61,0.83,1.1,0.57,14.337211752665784,-135.99501788409972,-9.28112728758391,-23.03645447708396,29.00538523132864,-19.81386702574937,53.34,0.037
SL,-3.19,5.75,"Cousins, Jake",664776,foul,R,1,0,1.23,0.24,0.67,2.66,6.306085250341631,-117.63796899828516,-0.5897416453611013,9.982925622763522,25.34739229881607,-30.104242947603257,53.67,-0.031
SL,-3.19,5.71,"Cousins, Jake",664776,ball,R,0,0,1.23,-0.25,-0.99,2.42,2.528649256426593,-116.41386092924546,0.0737686426342816,10.503731738321308,25.9483934107461,-34.70781529997236,53.63,0.024
SI,-3.21,5.72,"Cousins, Jake",664776,hit_into_play,L,0,0,-1.63,0.42,-0.38,2.6,10.978313109894772,-135.94284021588302,-3.167456770190034,-22.76495578018907,33.43528460596301,-26.44053737922929,53.8,-0.228
SL,-3.27,5.65,"Cousins, Jake",664776,hit_into_play,R,2,2,0.88,0.04,0.69,1.63,7.407846676892998,-119.57201013099863,-2.6649239047389424,6.934195805716702,23.991039694981797,-31.4243891087042,53.16,-0.326
SI,-3.08,5.8,"Cousins, Jake",664776,foul,R,2,2,-1.84,0.79,0.84,2.72,14.61536456943528,-138.56335782572853,-4.312764304166755,-26.866538593082417,29.639141618928157,-21.138220808771862,53.46,0.0
SL,-3.11,5.8,"Cousins, Jake",664776,foul,R,2,2,1.15,-0.26,-0.33,1.4,4.060014187491989,-117.6072776657688,-2.578797173050929,9.669096432704585,25.9691406194241,-34.249427309023766,53.23,0.0
SL,-3.24,5.63,"Cousins, Jake",664776,ball,R,1,2,1.23,0.26,1.38,0.95,8.083085485178666,-118.42334134577249,-4.352666654525546,9.701021782431066,25.942289713700596,-28.99867051339813,53.58,0.012
SL,-3.21,5.75,"Cousins, Jake",664776,foul,R,1,1,1.47,-0.04,-0.08,2.18,4.209093547143429,-117.94778254072826,-1.097938655081686,12.395869952931076,28.57969263454248,-32.54345866814602,53.64,-0.116
SL,-3.23,5.56,"Cousins, Jake",664776,ball,R,0,1,1.29,0.18,0.58,1.16,6.161579596445116,-118.89311493116531,-3.5647518788481087,10.565098574279853,28.01987873994949,-29.883166782441148,53.52,0.057
SL,-3.2,5.67,"Cousins, Jake",664776,swinging_strike,R,0,0,0.91,0.29,0.63,1.85,6.935301110095312,-118.0274125607604,-2.2895468896776965,6.574184968785389,29.48770511747485,-29.19225151287888,53.26,-0.073
SI,-3.23,5.64,"Cousins, Jake",664776,hit_into_play,L,3,2,-1.82,0.37,-0.49,2.2,11.250128709446468,-136.19806008371165,-3.858205533827932,-25.33908135049444,37.86558876531119,-26.76024871025645,53.61,-0.576
SL,-3.33,5.64,"Cousins, Jake",664776,ball,L,2,2,1.78,0.03,-1.01,2.12,1.7370595121530403,-115.69042207679352,-0.7899254010034147,15.215400755464811,28.417721344838604,-31.957055425529003,53.65,0.157
SL,-3.3,5.63,"Cousins, Jake",664776,called_strike,L,2,1,1.23,0.12,-0.39,2.21,4.132561950691432,-116.21803864939712,-0.7637701865673804,9.724330586861331,30.147907711838357,-31.24552811707881,53.66,-0.086
SL,-3.44,5.65,"Cousins, Jake",664776,called_strike,L,2,0,1.17,0.09,-0.69,2.41,3.8896729591656247,-116.30413708099614,-0.3008471745746385,9.23224019101414,30.70498734399092,-31.63371069623844,53.59,-0.122
SI,-3.25,5.64,"Cousins, Jake",664776,ball,L,1,0,-2.16,1.02,-0.11,1.38,12.998270670013712,-135.72471321956652,-7.418448680580658,-29.775401523287822,36.827729716433936,-17.853951300194215,53.59,0.096
FF,-3.22,5.62,"Cousins, Jake",664776,ball,L,0,0,-1.21,1.57,0.58,3.61,12.727866573085512,-137.62782675894042,-3.0625635569235063,-18.33216432734045,33.94031182678327,-11.750724325057236,53.64,0.051
SL,-3.31,5.75,"Cousins, Jake",664776,ball,R,3,2,0.96,0.58,1.81,1.44,9.691280524206494,-117.60368916893788,-3.9453761629288526,6.4307177687295685,27.779913319500952,-26.198522206823284,53.51,0.231
SI,-3.1,5.69,"Cousins, Jake",664776,called_strike,R,3,1,-1.72,0.56,-0.42,2.93,11.000661936108443,-137.80924036021744,-2.821708931188586,-24.428536993053683,31.07077539511853,-24.57390087074136,53.55,-0.097
SL,-3.14,5.63,"Cousins, Jake",664776,ball,R,2,1,1.29,0.24,1.67,1.17,8.310082609338421,-116.9617405418944,-3.607258624815956,9.937192338026732,25.052752385021257,-29.46205028527762,53.48,0.107
SL,-3.33,5.62,"Cousins, Jake",664776,ball,R,1,1,1.28,0.44,1.14,1.9,7.481607748492405,-115.88841305098444,-2.0491173025435807,9.368582001433303,29.176399361644705,-28.03800723275151,53.52,0.064
SL,-3.39,5.57,"Cousins, Jake",664776,called_strike,R,1,0,0.97,-0.01,0.55,2.01,7.008019314383387,-117.63315651664044,-1.2121675379538166,7.4709554611670335,24.16723959509364,-32.27959454276756,53.57,-0.062
SL,-3.35,5.6,"Cousins, Jake",664776,ball,R,0,0,1.33,0.15,1.2,2.07,7.6990698337462735,-118.19316853882796,-1.464961231799348,10.553315001746734,27.09083145760448,-30.677135203090213,53.6,0.036
SI,-3.11,5.63,"Cousins, Jake",664776,hit_into_play,R,0,1,-1.52,0.29,-0.3,2.29,10.752495356855126,-136.55554916243568,-3.5539682100598204,-21.401530901899147,31.79446500664032,-27.95031865268353,53.68,1.036
SL,-3.4,5.64,"Cousins, Jake",664776,called_strike,R,0,0,1.34,-0.22,0.68,2.5,6.568833938819245,-117.28741031144035,0.2299889034954554,10.814810012042296,25.64223606290872,-34.458774881318284,53.59,-0.047
SL,-3.24,5.56,"Cousins, Jake",664776,hit_into_play,R,2,2,1.24,-0.24,0.25,1.93,5.56611142134465,-118.95391762538156,-1.0901868858638395,10.552573620989092,24.868884608509276,-34.46253469721485,53.21,-0.449
SL,-3.32,5.45,"Cousins, Jake",664776,ball,R,1,2,1.43,-0.12,1.99,0.15,9.362942271437545,-119.5610468844042,-5.199181460579332,11.454939984154564,27.038911698109047,-32.36940958037413,53.4,0.142
SL,-3.25,5.55,"Cousins, Jake",664776,foul,R,1,2,1.13,0.13,0.92,1.35,7.4047788628529085,-120.3080708383731,-3.34548441888116,9.469028707359769,24.52293457698002,-30.464317083854688,53.31,0.0
SI,-3.18,5.54,"Cousins, Jake",664776,foul,R,1,1,-1.37,0.48,-0.33,2.06,10.669920697831794,-138.2474230130181,-4.590901972227858,-19.93955512826375,30.108410814189646,-25.09709118063753,53.61,-0.145
SL,-3.31,5.58,"Cousins, Jake",664776,called_strike,R,1,0,1.3,0.28,0.63,2.47,6.4535811432509504,-118.78158658351109,-0.9059129815073674,10.959502080658991,24.164048703039,-29.61394968118301,53.32,-0.132
SL,-3.23,5.52,"Cousins, Jake",664776,ball,R,0,0,1.27,0.14,1.24,1.18,7.841561430001654,-120.09479802527164,-3.633030423938449,10.521786839918375,25.57291644140689,-30.30064888550901,53.25,0.086
SL,-3.2,5.52,"Cousins, Jake",664776,blocked_ball,L,3,2,1.34,-0.25,1.93,-0.07,9.16733874899306,-119.61931557009194,-5.6458544431400615,10.762623853057429,26.28537323918184,-33.479643774525634,53.31,0.267
SL,-3.2,5.51,"Cousins, Jake",664776,called_strike,L,3,1,1.56,0.08,-0.5,2.05,3.0954418237944505,-118.14451040944836,-1.2490464462502897,13.899204817421335,23.819947456590697,-31.40121830949174,53.33,-0.109
SI,-3.21,5.54,"Cousins, Jake",664776,ball,L,2,1,-1.51,0.5,-1.37,2.58,8.298019944577828,-138.3538324372182,-3.2646007443222183,-21.24948163304705,30.2009521445978,-25.2297601413042,53.56,0.157
SL,-3.33,5.45,"Cousins, Jake",664776,swinging_strike_blocked,L,2,0,1.2,-0.1,0.9,0.61,7.341280237494645,-119.20408405183387,-4.17127696312955,9.887817239211945,24.494149964910964,-32.4872858212317,53.35,-0.14
SL,-3.39,5.51,"Cousins, Jake",664776,ball,L,1,0,1.35,0.21,-2.26,3.09,-0.0633888591408504,-118.22037812292136,0.8364373802314169,12.669438787188996,23.657906873703404,-30.59792114292894,53.49,0.087
SI,-3.17,5.55,"Cousins, Jake",664776,ball,L,0,0,-1.41,0.45,-1.19,3.04,8.507014104004222,-138.16085951656106,-1.9322456307380853,-20.01961333305001,31.63525620772289,-26.17967513304168,53.27,0.056
SL,-3.08,5.62,"Cousins, Jake",664776,swinging_strike,L,2,2,1.6,-0.11,0.65,0.9,5.365128547426142,-118.62061429060796,-3.7664269764924,13.796922313694022,25.940868759303484,-32.58907568406611,53.38,0.427
SL,-3.24,5.51,"Cousins, Jake",664776,ball,L,1,2,1.23,0.01,-1.02,1.3,2.7020182887640387,-120.71496891922752,-3.1727180287181707,11.428375914170289,24.82838848432471,-31.67478638200116,53.42,0.03
SI,-3.15,5.57,"Cousins, Jake",664776,foul,L,1,1,-1.25,0.8,-0.07,3.32,11.064628090640277,-138.45998756530804,-2.1234763720300647,-18.387184840999016,27.70709248673541,-21.555041100246758,53.37,-0.048
SI,-3.05,5.59,"Cousins, Jake",664776,ball,L,0,1,-1.01,0.39,0.79,3.37,12.59996597605312,-139.10744040446016,-1.1889117673913954,-15.727583893303644,27.713464290555088,-27.019146330229315,53.33,0.03
SL,-3.35,5.6,"Cousins, Jake",664776,called_strike,L,0,0,1.02,-0.16,-0.83,2.68,3.771821948574747,-119.78671437201854,0.2033235185792348,9.18752003118321,22.40545456965544,-33.94405767407114,53.46,-0.042
SI,-3.03,5.54,"Cousins, Jake",664776,hit_into_play,L,2,2,-1.62,0.22,0.12,1.75,12.12885900382208,-138.63612482276827,-4.855769674056818,-23.67459830251838,33.072270176015834,-28.28787203851346,53.33,0.141
SL,-3.3,5.6,"Cousins, Jake",664776,ball,L,1,2,1.25,-0.38,-1.27,1.29,2.210639495687731,-119.45895261808708,-2.3986765513520023,11.316915533437516,26.31050608127266,-35.4832454580484,53.65,0.018
SI,-3.1,5.56,"Cousins, Jake",664776,called_strike,L,1,1,-1.5,0.41,0.61,1.51,13.248839934013104,-137.86150534674198,-5.927747340209734,-22.04575153657208,31.163718996142155,-25.688556904876567,53.41,-0.026
SL,-3.24,5.56,"Cousins, Jake",664776,called_strike,L,1,0,1.13,-0.02,-0.77,2.01,3.439131551778141,-118.66793164260878,-1.2866036089677273,9.860914178237294,24.499696620804983,-32.334601875639024,53.32,-0.019
SI,-3.13,5.63,"Cousins, Jake",664776,ball,L,0,0,-1.35,0.45,-1.38,3.29,7.72752978428516,-138.70516822179945,-1.5392090443542794,-19.13945850232404,30.65557045991761,-26.184824684010024,53.54,0.016
SL,-3.07,5.59,"Cousins, Jake",664776,swinging_strike_blocked,L,0,2,1.56,-0.18,1.77,0.21,8.09157727992011,-119.8435966173341,-5.343166946409746,13.109521278535013,26.664515294808808,-32.899688757828855,53.23,-0.104
SI,-3.05,5.58,"Cousins, Jake",664776,swinging_strike,L,0,1,-1.54,1.09,0.18,2.89,12.122833146947418,-138.61318530473,-3.9303192224448087,-22.53084905360399,31.523331202682822,-17.353922886222005,53.45,-0.035
SL,-3.33,5.48,"Cousins, Jake",664776,swinging_strike,L,0,0,1.49,0.0,-0.05,1.68,4.571806063223638,-119.0219851673586,-1.9435238249439872,13.113096787913232,25.066036944666457,-32.02988952876504,53.68,-0.024
SI,-3.13,5.64,"Cousins, Jake",664776,hit_into_play,L,1,1,-1.59,0.75,0.02,3.11,11.978882871069356,-138.02786447438308,-2.6918362570819765,-22.94644359275551,29.196869920395,-22.10195482567536,53.45,-0.216
SL,-3.18,5.61,"Cousins, Jake",664776,ball,L,0,1,1.35,-0.02,-0.78,1.3,2.836278435553074,-118.22690796366504,-3.014825697950354,12.085388831327055,23.511637826678413,-31.951881247151366,53.42,0.021
SL,-3.31,5.56,"Cousins, Jake",664776,called_strike,L,0,0,1.32,0.04,-0.42,1.93,3.989676686920738,-118.11294825858234,-1.5422760855412645,11.543684480717042,23.594085635285143,-31.75197922630176,53.52,-0.032
SL,-3.12,5.53,"Cousins, Jake",664776,swinging_strike,R,0,2,1.26,0.04,1.82,0.78,8.870542881709396,-119.57218480745428,-4.322215105349742,10.245364962633769,24.415818053995757,-31.090779684950665,53.39,-0.061
SI,-3.06,5.58,"Cousins, Jake",664776,called_strike,R,0,1,-1.31,0.88,0.73,1.91,13.152258871264452,-138.9618631605984,-6.176591344237589,-19.83739993131412,30.11512337745964,-19.415142271083816,53.32,-0.024
SL,-3.19,5.58,"Cousins, Jake",664776,called_strike,R,0,0,1.21,0.04,0.23,2.4,5.446148393313569,-119.47622548252768,-0.6949902050229013,10.429481652446512,24.347095862808118,-31.850476766939057,53.75,-0.015
SL,-3.28,5.57,"Cousins, Jake",664776,swinging_strike,R,2,2,1.19,-0.18,-0.25,2.26,4.599101634284535,-118.5799865263622,-0.4614201579984138,10.293029430447154,23.816742577514983,-34.012173190047555,53.24,-0.142
SL,-3.03,5.59,"Cousins, Jake",664776,ball,R,1,2,1.29,-0.12,2.87,0.35,10.964229424133446,-118.8219387897522,-5.029173831750508,9.880922601352315,24.370143971374933,-32.42074536706603,53.36,0.026
SL,-3.29,5.6,"Cousins, Jake",664776,called_strike,R,1,1,1.24,0.07,-0.84,2.97,3.1713243030802736,-118.40463245262946,0.5761665840886425,11.105407498736383,21.866346538901105,-31.84315698393265,53.24,-0.04
SI,-3.03,5.72,"Cousins, Jake",664776,foul,R,1,0,-1.41,0.49,-0.43,2.58,10.18992450192653,-139.28995664177367,-3.83469224880826,-20.68505500575423,30.980772561412287,-25.13399577735991,53.51,-0.031
SL,-3.16,5.57,"Cousins, Jake",664776,ball,R,0,0,0.89,-0.02,0.95,1.88,7.727029492991863,-119.85323012765193,-1.8179977160438556,7.041502050984378,23.82513032002207,-32.217629484317484,53.3,0.024
SI,-3.0,5.7,"Cousins, Jake",664776,hit_into_play,R,1,1,-1.53,0.6,-0.53,3.16,10.066032058809222,-138.85052927828852,-2.4338297669615825,-22.06267724706276,29.559363572193558,-24.08996790039572,53.59,2.116
SL,-3.27,5.64,"Cousins, Jake",664776,called_strike,R,1,0,1.18,0.11,0.73,1.95,6.8314167357142,-118.40489979337492,-1.8252880271394811,9.48423822134015,25.499809079322254,-30.98605570474289,53.37,-0.108
SL,-3.23,5.47,"Cousins, Jake",664776,ball,R,0,0,1.07,-0.15,1.67,1.1,9.156719992346964,-118.91966153954688,-2.9494027149555104,8.09831640916063,25.16022377148318,-33.18219104862342,53.14,0.028
SL,-3.28,5.51,"Cousins, Jake",664776,hit_into_play,R,0,0,1.22,-0.03,-0.28,2.22,4.480835798070821,-119.60773892600405,-0.8288347291201325,10.753012417866644,24.61630780710843,-32.5110673406388,53.31,-0.43
