pitch_type,release_pos_x,release_pos_z,player_name,pitcher,description,stand,balls,strikes,pfx_x,pfx_z,plate_x,plate_z,vx0,vy0,vz0,ax,ay,az,release_pos_y,delta_run_exp
SI,2.36,5.09,"González, Victor",624647,hit_into_play,R,1,0,1.53,0.7,0.52,2.88,-8.061169000781774,-135.49413776463777,-1.4179982459689713,20.69564100765617,32.1025628182249,-23.44377325473101,54.38,-0.116
SI,2.28,5.14,"González, Victor",624647,ball,R,0,0,1.67,0.24,-0.31,0.99,-10.164797932740582,-133.79332424207712,-5.151903546581554,22.270508253661728,31.86784170261133,-28.25100585168268,54.23,0.016
CH,2.34,4.92,"González, Victor",624647,hit_into_play,R,0,1,1.19,0.8,-0.04,2.35,-8.16275471339279,-127.297165027332,-1.713140690642598,14.589585126040705,25.776021821725465,-23.31856112777803,54.28,1.912
SI,2.12,5.12,"González, Victor",624647,called_strike,R,0,0,1.37,0.66,-0.52,1.67,-9.87696942092519,-137.38957347968628,-4.771206969496418,19.46538355513333,29.22752226266973,-22.879435413729222,54.33,-0.042
SI,1.99,5.21,"González, Victor",624647,hit_into_play,L,2,1,1.44,0.89,-0.55,2.07,-9.835148013544016,-137.0905971711456,-4.4577026124518255,20.32998713791738,30.215965250187995,-20.100287441417105,53.98,-0.416
SL,2.05,5.18,"González, Victor",624647,ball,L,1,1,-0.3,-0.01,-1.4,1.53,-7.590545000097189,-125.40560761743336,-2.477815704739708,-1.7581783015600043,23.045484021573117,-32.03892970486409,54.26,0.058
SI,2.09,5.25,"González, Victor",624647,called_strike,L,1,0,1.5,0.7,-0.14,2.15,-9.107256836905073,-135.7801610073324,-3.808507700741184,20.5359679582355,28.336502511518223,-22.900830998572854,53.8,-0.055
SL,2.22,5.16,"González, Victor",624647,ball,L,0,0,0.27,0.69,-1.39,1.25,-9.373167684878595,-129.19704522846388,-5.037068669239776,4.768128715711264,23.74294422612126,-23.62988587964489,54.36,0.044
SI,2.09,5.2,"González, Victor",624647,called_strike,R,0,2,1.62,0.81,-0.81,2.78,-11.141556224096895,-137.2252457936374,-2.425526513455087,22.968174275825096,29.692298095013008,-21.56163537236246,54.23,-0.23
SL,2.16,5.17,"González, Victor",624647,foul,R,0,1,0.14,0.81,0.05,3.02,-5.459165349912139,-129.9391845600337,-1.0785903269117492,2.553879475547423,22.368222731595797,-22.876247917028863,54.35,-0.075
SI,2.19,5.22,"González, Victor",624647,foul,R,0,0,1.42,0.7,-0.07,2.53,-8.884299658421185,-135.36177594089688,-2.69208178218473,19.358285102991776,27.635676318385087,-23.138099820889657,54.39,-0.064
CH,2.19,5.11,"González, Victor",624647,ball,R,3,2,1.48,0.69,1.46,3.79,-4.764752500777531,-125.9285628423247,1.6412489598618891,16.742288700262314,24.371510272708704,-25.382930029118675,54.26,0.343
SI,2.26,5.27,"González, Victor",624647,foul,R,3,1,1.4,0.73,0.39,3.37,-7.899421149290632,-136.79574584774255,-0.8408712386046776,19.237749193314794,28.027632060866843,-23.00675197707342,54.41,-0.078
SI,2.32,5.12,"González, Victor",624647,called_strike,R,3,0,1.48,0.44,-0.58,1.79,-10.546025331572627,-133.76029153223752,-3.5475585535849623,20.082845479859632,28.272496620822366,-26.32225001046489,54.32,-0.083
SI,2.36,5.09,"González, Victor",624647,ball,R,2,0,1.39,0.66,0.1,3.61,-8.885580381284333,-136.39470842347637,0.4328294519855876,19.3110025701752,29.17021511295345,-24.265184214649825,54.32,0.133
SI,2.23,5.34,"González, Victor",624647,ball,R,1,0,1.52,0.74,0.4,3.94,-8.022676366345236,-135.9501245261334,0.4871743415567694,20.60573479222562,27.838376938104485,-23.32015512100353,54.47,0.064
CH,2.45,5.16,"González, Victor",624647,ball,R,0,0,1.44,1.05,2.51,3.39,-2.773758945337144,-125.6808787114144,-0.1253775111092996,15.85156122081136,26.390446270489917,-21.23431914278826,54.38,0.032
CH,2.22,4.83,"González, Victor",624647,hit_into_play,R,2,1,1.76,0.55,0.63,2.41,-7.379817006025599,-125.66622328083233,-0.6571618850937395,20.110985754648294,25.560394776324102,-26.44550789771643,54.08,-0.344
SI,2.08,4.98,"González, Victor",624647,ball,R,1,1,1.56,0.92,1.99,3.41,-3.673298039662354,-137.20879094703432,-0.4055892879085296,20.464016212374265,31.36560842446541,-20.76687267603858,54.5,0.058
CH,2.21,4.85,"González, Victor",624647,ball,R,0,1,1.56,0.8,-1.13,1.3,-11.152078878454626,-125.45082140400004,-3.872844741739552,18.738707998840194,24.277491584817145,-23.10485416190552,54.08,0.031
CH,2.24,5.05,"González, Victor",624647,called_strike,R,0,0,1.29,0.77,-0.12,1.86,-8.267484422858981,-125.76649395708148,-2.9848312181274697,15.368644937986431,23.99579794090075,-23.605649145851334,54.19,-0.042
SI,2.38,5.07,"González, Victor",624647,hit_by_pitch,L,0,0,1.36,0.77,2.68,4.04,-2.214999115953205,-137.18300728250605,1.3511569111371011,17.563265890358853,32.87630688727666,-23.02640957625548,54.49,0.268
SL,2.3,5.14,"González, Victor",624647,hit_into_play,R,1,0,0.27,0.85,-0.33,2.49,-7.047203490220943,-130.45102805131725,-2.386613704472324,4.521174244707305,26.55296856363248,-22.14242108113097,54.35,-0.26
CH,2.21,5.21,"González, Victor",624647,ball,R,0,0,1.54,0.33,1.23,2.64,-5.4162914382181375,-125.0403771823634,-0.5012842240784054,17.21956958137443,26.516337218056343,-28.809437973498103,54.31,0.032
SI,2.32,5.19,"González, Victor",624647,hit_into_play,R,1,1,1.39,1.0,0.74,2.28,-7.175917007854668,-137.16997766451877,-4.078995834329738,19.109567373784383,30.58878101475401,-18.791896262847537,54.42,-0.097
CH,2.35,5.14,"González, Victor",624647,ball,R,0,1,1.22,0.47,-1.65,1.05,-12.177779563713742,-127.53455396429204,-4.77639118645413,15.735913979929425,25.05626186753569,-26.180739307757843,54.21,0.011
SI,2.38,5.18,"González, Victor",624647,called_strike,R,0,0,1.25,1.1,-0.25,2.09,-9.559774778378264,-136.9092662152431,-4.730598158333931,17.848799670890315,29.623916812422184,-17.453741570100696,54.33,-0.015
SL,2.18,5.25,"González, Victor",624647,hit_into_play,L,1,2,-0.08,-0.1,-1.01,2.1,-7.415135938364622,-125.99434674252466,-1.12959139638283,0.6119735277720182,25.262862831232063,-33.1731474688076,54.39,-0.116
SL,2.32,5.12,"González, Victor",624647,foul,L,1,2,-0.34,0.18,-1.29,1.62,-7.893897806718948,-125.52708017150664,-2.4883250799647203,-2.0517189366810773,24.36843531175548,-29.990029189222792,54.23,0.0
SI,2.22,5.22,"González, Victor",624647,foul,L,1,1,1.32,0.65,0.11,1.79,-8.280637874055898,-135.0559297988948,-4.41547967146313,18.001230341155054,29.01604043572079,-23.49202775844896,54.21,-0.04
SL,2.3,5.23,"González, Victor",624647,ball,L,0,1,0.07,0.75,-1.15,2.99,-8.578566085493089,-129.75771710206715,-1.128278778479492,2.4390999118129497,24.1282892785277,-23.56083338262105,54.47,0.017
SL,2.44,5.15,"González, Victor",624647,foul,L,0,0,-0.25,0.11,0.67,1.96,-3.638727741455439,-122.7495218797678,-1.33728184510464,-1.8789058126629377,21.538131691356853,-30.976772408715476,54.21,-0.024
SI,2.16,5.09,"González, Victor",624647,called_strike,L,2,2,1.43,0.98,-0.78,2.17,-10.71588555088851,-136.1587407629223,-3.955166266004456,20.169182330588825,29.474612713523857,-19.25309960306508,54.29,-0.204
SL,2.27,5.13,"González, Victor",624647,ball,L,1,2,-0.26,-0.2,-1.03,0.51,-7.179503259997632,-123.0442670534418,-4.066123587280908,-1.350995895300545,22.886301633058867,-33.619925755243244,54.2,0.036
SL,2.33,5.21,"González, Victor",624647,called_strike,L,1,1,-0.37,0.0,0.15,2.45,-4.308607284031415,-122.9001997589596,-0.1612678641490499,-3.1320827677053447,19.83285060845663,-32.34374326788766,54.39,-0.049
SL,2.34,5.32,"González, Victor",624647,called_strike,L,1,0,0.07,0.82,0.71,3.15,-4.069857290150093,-128.01382066231122,-0.9632252638571944,1.4794030389645312,21.338404319750342,-23.051314258082066,54.46,-0.044
SL,2.31,5.2,"González, Victor",624647,ball,L,0,0,-0.06,0.23,-1.79,0.1,-9.389604755793089,-121.91392619013271,-5.948783734567686,0.9668932707381496,19.78895517628638,-29.023848593195076,54.04,0.032
SL,2.42,4.83,"González, Victor",624647,called_strike,L,2,2,0.2,0.54,0.3,1.43,-5.582443086688004,-128.85560629812986,-3.379451398459356,3.3250235010499805,25.897829965845496,-25.67946401459127,54.17,-0.088
SI,2.42,4.75,"González, Victor",624647,ball,L,1,2,1.54,0.59,-0.52,1.03,-10.701115140400944,-132.43763983918876,-4.728208460142137,20.41091455102584,27.687368422890724,-24.330595981085875,54.15,0.018
SI,2.47,4.81,"González, Victor",624647,foul,L,1,2,1.46,0.69,0.49,2.66,-8.273241368426135,-135.0273865513598,-1.2142772007079872,19.743910392250186,30.894064082400245,-23.65151105826773,54.2,0.0
SL,2.47,4.87,"González, Victor",624647,called_strike,L,1,1,0.21,0.78,-0.41,1.82,-7.422192073031119,-128.1264663238388,-2.960520235194471,3.7594241602597527,25.32504435983164,-23.118927044650867,54.13,-0.026
SL,2.52,4.85,"González, Victor",624647,swinging_strike,L,1,0,0.02,0.76,-0.08,2.0,-6.346963328518551,-127.90752610094084,-2.3727850118926237,1.5194856785355326,25.497898973149475,-23.535201733463627,54.1,-0.019
SL,2.61,4.89,"González, Victor",624647,ball,L,0,0,0.13,0.98,-2.17,1.45,-11.883093398770027,-127.52684785841588,-4.200050817634077,3.956653438495483,27.614118930738453,-20.74835589793312,53.97,0.035
CH,2.57,4.78,"González, Victor",624647,hit_into_play,R,0,0,1.5,0.6,1.23,2.5,-6.158887306160294,-123.2227988971308,-0.0790452188418726,16.49744997681058,28.5779639572156,-26.338199648142645,53.93,-0.655
CH,2.61,4.62,"González, Victor",624647,ball,R,3,2,1.39,-0.22,2.01,2.27,-4.223356986384107,-124.18750872234097,1.326847899294823,15.165136370817002,29.31189320052255,-34.95399053861839,54.2,0.377
CH,2.49,4.72,"González, Victor",624647,foul,R,3,1,1.64,0.07,0.32,2.22,-8.354089850695255,-123.13029031923114,0.4290063206760495,18.402213018028707,26.25118300727525,-31.80563892295384,54.16,-0.126
CH,2.57,4.71,"González, Victor",624647,ball,R,2,1,1.68,0.4,1.81,1.92,-5.249515253839492,-125.51305528282414,-1.175205441639764,18.820120679176902,28.11071085829207,-27.907147325740983,54.1,0.135
CH,2.74,4.78,"González, Victor",624647,foul,R,2,0,1.68,-0.03,1.06,2.44,-7.3637680319478465,-124.22948668326652,0.9733837431481456,18.933533786421723,29.60303475019103,-32.99347065739689,54.09,-0.068
SL,2.59,4.78,"González, Victor",624647,ball,R,1,0,0.49,1.0,1.15,2.6,-4.480177394677114,-127.90175198862752,-1.194819088881299,6.321603906137611,28.943166642573825,-21.19317108817184,54.2,0.06
CH,2.53,4.85,"González, Victor",624647,ball,R,0,0,1.74,0.28,1.35,1.94,-6.36091018354805,-124.66148023714383,-1.0904045063911794,19.43653159322937,28.441315118279693,-29.240272864162225,53.8,0.06
SI,2.49,4.97,"González, Victor",624647,hit_into_play,L,1,1,1.54,0.7,0.19,2.56,-8.984490049072981,-131.20573280885847,-1.4918110255421353,19.68543574388173,29.093017901688512,-23.996115904387946,54.2,0.701
SI,2.54,4.99,"González, Victor",624647,ball,L,0,1,1.58,0.93,-0.61,1.92,-11.451800467216016,-134.31945541594632,-4.029388422321491,21.63102717080111,29.2354147558538,-20.23450732503005,54.12,0.053
SL,2.53,4.96,"González, Victor",624647,called_strike,L,0,0,0.33,0.91,0.62,2.1,-5.247929794744338,-126.29298508522272,-2.544122616559563,4.539043242151703,24.828452724900984,-22.146921100681308,54.07,-0.051
CH,2.58,4.94,"González, Victor",624647,hit_into_play,R,0,1,1.62,0.44,0.64,2.15,-7.848476574950776,-123.92757813501844,-1.0465473378880774,18.337694518399925,27.903652056070023,-27.663815512405183,54.02,0.66
CH,2.57,4.93,"González, Victor",624647,swinging_strike,R,0,0,1.61,0.4,0.04,1.45,-9.332014870803784,-125.2175807001883,-2.7706132812737065,18.911057960930684,28.624618809861666,-27.584978167209627,53.92,-0.032
SL,2.29,4.87,"González, Victor",624647,hit_into_play,R,1,2,-0.11,0.27,0.56,2.26,-3.8851921280831134,-125.72815820841524,-0.4583706346964495,-0.3057720242090704,28.137323255556705,-29.511884116059864,54.12,0.158
CH,2.46,4.68,"González, Victor",624647,ball,R,0,2,1.3,0.33,0.52,1.02,-7.290915616254824,-125.80383067678864,-3.191156239154181,15.242128400157227,25.182936803422656,-28.26665452782313,54.09,0.009
CH,2.4,4.96,"González, Victor",624647,foul,R,0,1,1.35,0.53,-0.76,1.43,-10.346671756829108,-125.73558435695752,-3.3088333747035867,16.44362163461219,24.99909358151533,-26.03293614881469,53.95,-0.024
SI,2.24,5.1,"González, Victor",624647,swinging_strike,R,0,0,1.29,0.96,-0.3,2.53,-9.401571477335324,-135.89960586319148,-2.9935716950770503,18.11032629795717,30.481801069324057,-19.78241556367806,54.19,-0.015
CH,2.4,5.02,"González, Victor",624647,hit_into_play,R,0,1,1.55,0.74,0.28,1.25,-8.240732742656572,-126.251389009205,-4.356651074337931,18.265965337941225,25.816047805791086,-23.514176864572512,54.17,-0.139
SI,2.3,5.14,"González, Victor",624647,called_strike,R,0,0,1.5,0.94,0.84,1.96,-6.893449875455795,-133.1392944022867,-4.161907880922715,19.31300775427652,29.1438629700866,-20.29914824196098,54.32,-0.024
SI,2.37,5.18,"González, Victor",624647,hit_into_play,L,0,0,1.54,1.04,0.56,2.69,-7.894271555132384,-133.36231087787445,-2.662373206738928,20.14634957928385,29.97415956054633,-19.37435377752833,54.31,-0.228
SI,2.67,4.98,"González, Victor",624647,hit_into_play,R,0,0,1.47,0.67,0.27,2.07,-9.295873976730288,-134.83353593166174,-3.121168144868689,19.984614508136016,28.352318162163623,-23.484174787906625,54.39,-0.23
SI,2.51,5.07,"González, Victor",624647,hit_into_play,R,1,1,1.55,0.67,0.92,2.2,-7.439254785816435,-135.1844567456891,-3.0593805347406064,20.58147598989924,28.034983823227996,-23.497627088997163,54.4,-0.359
SI,2.61,5.09,"González, Victor",624647,ball,R,0,1,1.44,0.6,1.33,2.75,-6.482685768203647,-136.90181310674,-1.707240047295185,19.491687494932272,28.7550523023897,-24.463546255440228,54.41,0.031
SI,2.75,5.07,"González, Victor",624647,foul,R,0,0,1.4,0.73,0.59,3.11,-8.558873194579883,-134.66825460788027,-0.7949645712074098,18.90893973386972,28.388839149988787,-23.367805149206763,54.29,-0.042
SI,2.61,4.74,"González, Victor",624647,ball,L,3,2,1.59,0.39,0.31,0.65,-9.257480602225868,-133.39269123728576,-5.36576918918033,20.92365718899301,26.687234533191997,-26.51952689307297,54.15,0.219
SI,2.6,4.73,"González, Victor",624647,foul,L,3,2,1.56,0.76,0.2,1.62,-9.50434561123616,-134.22127705321094,-3.746635051205144,20.886074651177925,29.2369825811337,-22.31471032547876,54.22,0.0
SI,2.44,4.99,"González, Victor",624647,ball,L,2,2,1.54,0.68,-0.98,1.62,-12.164843405433077,-135.7498358617312,-4.456783545311438,21.66260820250096,28.711180401842697,-22.89887216355207,54.27,0.069
SL,2.59,4.95,"González, Victor",624647,foul,L,2,2,-0.19,0.72,0.28,3.37,-5.2481113498580205,-129.57402172492294,0.6333604267046447,-1.0149323217710946,27.2448284564696,-24.44294076528368,54.38,0.0
SL,2.79,4.75,"González, Victor",624647,foul,L,2,2,-0.84,0.27,0.11,2.32,-4.53113974225363,-122.12960653169183,0.2588656239264058,-7.449210580063891,24.78000962850766,-29.785509322878607,54.31,0.0
SI,2.68,4.87,"González, Victor",624647,foul,L,2,2,1.47,0.69,1.02,2.62,-7.554582864120292,-136.66711361635765,-1.6513712235272906,20.12879392319189,29.88430189906348,-23.35882401999395,54.27,0.0
SL,2.53,4.93,"González, Victor",624647,ball,L,1,2,0.01,0.62,-1.24,0.86,-9.11031679742826,-127.46432173692116,-5.0415855369715015,1.7583782297419956,23.341092393769134,-24.588632483096024,54.24,0.026
SI,2.41,4.86,"González, Victor",624647,ball,L,0,2,1.43,0.85,0.59,1.34,-7.674275379025376,-133.39707425496266,-4.852572339359044,18.779258987379087,28.461987971495315,-21.1801407451714,54.4,0.013
SL,2.71,4.95,"González, Victor",624647,called_strike,L,0,1,0.2,0.78,-0.28,1.82,-7.712228008026646,-129.30580387607338,-3.3381037726965204,3.669223640507166,23.26689193645666,-22.8840721854722,54.44,-0.035
SI,2.61,5.03,"González, Victor",624647,called_strike,L,0,0,1.49,0.78,-0.66,2.53,-11.515086572071494,-133.84203994265306,-2.237808926755473,20.39688051009989,27.725839762977078,-22.43345828007156,54.2,-0.024
SI,2.68,5.1,"González, Victor",624647,hit_into_play,R,0,0,1.49,0.75,-0.02,1.97,-9.965045596038138,-133.01107977594745,-3.656454942848939,19.825459197279837,26.672078010398096,-22.617639075516937,54.48,-0.228
CH,2.65,4.82,"González, Victor",624647,swinging_strike,R,3,2,1.23,0.01,-0.16,0.4,-9.217659604072542,-125.50108839290884,-4.339355560711922,14.786120648078391,24.354664429434184,-31.3950889069198,53.85,-0.55
SI,2.4,5.0,"González, Victor",624647,ball,R,2,2,1.51,0.49,0.65,1.06,-7.904347880535552,-136.29987202532865,-5.549376470920025,20.568599936455207,29.76014646790035,-24.95974896466647,54.0,0.191
CH,2.44,4.79,"González, Victor",624647,ball,R,1,2,0.94,0.01,2.31,2.53,-2.2077576567067108,-125.73421079615234,0.7882036331142315,10.38795092915336,24.7089609580244,-32.44474618500487,54.16,0.077
CH,2.53,4.84,"González, Victor",624647,foul,R,1,2,1.45,0.25,0.11,2.17,-8.706660966707968,-125.37400687560616,-0.5997923627070365,17.05502418789713,26.30222256447433,-29.60274823333348,54.04,0.0
CH,2.49,4.84,"González, Victor",624647,ball,R,0,2,1.32,0.31,1.54,1.79,-4.952429752783397,-126.40506284624584,-1.7663826761813857,15.15176867590072,24.78452421369895,-28.721278925020037,54.28,0.053
SI,2.38,5.03,"González, Victor",624647,called_strike,R,0,1,1.55,0.55,0.48,2.67,-8.323755948582855,-136.0768007713853,-1.53352662581894,21.16309830297261,31.13695246748719,-25.177179993006938,54.3,-0.075
SI,2.26,5.05,"González, Victor",624647,foul,R,0,0,1.38,0.59,0.14,2.32,-8.492231498824903,-135.9869574099325,-2.591562633063776,19.039480265250724,29.99428429445501,-24.51271538395885,54.24,-0.064
SL,2.58,4.98,"González, Victor",624647,hit_by_pitch,L,1,2,-0.56,-0.46,1.92,2.44,-0.4053120461396299,-122.57339966373088,1.3633615324488717,-5.637657292345844,22.90427355225768,-37.31989322547741,54.42,0.472
SL,2.31,4.99,"González, Victor",624647,foul,L,1,2,-0.33,0.51,-0.74,1.83,-6.666883115444009,-127.6913241823502,-2.598672561603472,-2.208391294718929,25.950262710949783,-26.23848390951685,54.36,0.0
SL,2.39,5.06,"González, Victor",624647,called_strike,L,1,1,0.0,0.47,-0.81,2.3,-7.620117741923644,-126.28930389816834,-1.3941385958175356,1.474020629766012,24.791160252725643,-27.004852721364824,54.28,-0.049
SL,2.29,5.14,"González, Victor",624647,ball,L,0,1,0.07,0.61,-1.29,2.27,-8.84956269036331,-128.93716039583887,-2.258812343202784,2.4751280733771166,25.455478058749435,-25.068196848937703,54.46,0.021
SL,2.39,5.05,"González, Victor",624647,called_strike,L,0,0,-0.24,0.37,0.46,1.5,-4.133658756313929,-126.65994849123646,-3.172885733140094,-1.8397301004072095,23.137370519327323,-27.71206124080513,54.35,-0.032
SL,2.45,4.91,"González, Victor",624647,hit_into_play,L,0,1,-0.03,0.71,-0.35,1.58,-6.615008477380351,-125.98704362153822,-3.277346172799447,0.8060084813750059,20.789753801269704,-24.151805875513286,54.28,-0.376
SI,2.44,5.1,"González, Victor",624647,called_strike,L,0,0,1.39,0.54,-0.3,1.66,-9.91905507641784,-134.09185306413852,-4.109665043161429,18.88662184314736,28.532158555707145,-24.885013983158352,54.39,-0.073
SI,2.44,5.06,"González, Victor",624647,ball,R,3,0,1.5,0.54,2.29,3.06,-3.710484978936022,-137.26869031019802,-0.719860194712215,19.761668620341464,30.626798855522093,-25.348034317547526,54.22,0.042
SL,2.28,5.14,"González, Victor",624647,ball,R,2,0,-0.16,0.58,0.17,3.9,-4.845015960399864,-129.34402228686673,1.807059414005479,-0.7446580406365598,26.78691460204722,-26.26791979987477,54.2,0.046
SI,2.14,5.05,"González, Victor",624647,ball,R,1,0,1.34,1.02,-1.83,1.15,-13.434037169674792,-138.1061439503463,-6.82912506787587,20.283930104747565,33.03461481134973,-17.57606253609736,54.04,0.026
SI,2.31,5.23,"González, Victor",624647,ball,R,0,0,1.36,0.64,0.69,3.32,-7.240612555063537,-138.07321707987398,-0.734000791872821,19.03466990946348,33.07246489899438,-24.057093387319973,54.34,0.016
SI,2.11,5.2,"González, Victor",624647,hit_into_play,R,2,1,1.47,0.59,-0.49,2.05,-10.023435344566696,-137.19301247027312,-3.765259631786329,20.86158185498488,33.13587315935578,-24.10640406021812,54.26,-0.193
CH,2.37,4.87,"González, Victor",624647,ball,R,1,1,1.4,0.3,0.04,1.04,-8.503009423648626,-126.23066919132368,-3.517573658203588,16.797475926535217,29.298805910175805,-28.38103407956167,53.78,0.037
CH,2.2,4.92,"González, Victor",624647,ball,R,0,1,1.3,0.3,-2.61,0.45,-14.295701451852416,-126.35617852390834,-5.153969760626702,16.94167156711266,27.62351702244045,-27.903019213789168,53.78,0.017
SL,2.44,5.08,"González, Victor",624647,called_strike,R,0,0,-0.07,0.45,0.55,3.04,-4.491823186272727,-129.65399055550478,0.0598937812510458,0.181818794344114,27.449388759868437,-27.288342637397097,54.28,-0.024
SL,2.24,5.17,"González, Victor",624647,hit_into_play,R,0,1,0.09,0.82,0.04,1.51,-5.663770113275921,-131.15050563244816,-4.896386384079054,2.1515862186902326,25.908906648180235,-21.886950341378203,54.21,-0.196
SI,2.29,5.16,"González, Victor",624647,called_strike,R,0,0,1.37,0.67,-0.01,2.49,-8.87583497247112,-135.0058914450253,-2.513748930688243,18.66693240400336,29.74653882350413,-23.627658810495475,54.29,-0.032
SL,2.6,4.81,"González, Victor",624647,swinging_strike,L,2,2,-0.24,-0.19,0.52,1.42,-4.351210328610828,-122.9730105323136,-1.193831414230592,-1.6911558141475522,22.745127374698185,-34.11467317035976,54.17,-0.328
SL,2.53,4.92,"González, Victor",624647,foul,L,2,2,-0.14,0.3,-0.34,0.76,-6.482886578642036,-124.16886591180818,-4.190351909162846,-0.3305798541540565,20.84883661937327,-28.481020688478992,54.1,0.0
SL,2.5,4.92,"González, Victor",624647,swinging_strike,L,2,1,0.04,0.8,-1.35,1.92,-9.413920087204891,-127.90859229809254,-2.9226485857787097,2.057502708503156,22.006035943191097,-22.982459436766597,54.1,-0.162
SI,2.43,5.09,"González, Victor",624647,called_strike,L,2,0,1.29,0.46,-0.09,2.76,-9.2585472219176,-135.0493272459154,-1.240522761734602,17.708887550779366,26.498356295894467,-26.477633590945025,54.3,-0.076
SI,2.52,5.07,"González, Victor",624647,ball,L,1,0,1.49,0.67,-0.65,1.12,-11.30308856860122,-134.3235364737098,-5.7296345149696055,20.401234759488705,26.928371114181115,-22.97562292021525,54.23,0.075
SL,2.43,5.34,"González, Victor",624647,ball,L,0,0,-0.05,0.8,-0.15,3.71,-5.992357079415212,-125.43896411365384,0.6945653804704848,0.5732466380212337,23.45673257817043,-24.01219681107168,54.33,0.042
SI,2.1,4.88,"González, Victor",624647,hit_into_play,L,3,2,1.51,0.49,0.23,2.05,-8.150504641518394,-136.0900098206295,-2.548177865919981,20.57558968613009,35.230843783041905,-25.695315845599268,54.21,0.98
SI,2.23,4.89,"González, Victor",624647,called_strike,L,3,1,1.44,0.67,0.21,2.01,-8.414105523771706,-136.44781393161256,-3.1488744891747555,19.92687950941371,33.37799061069394,-23.328867466818963,54.16,-0.109
SL,2.37,4.69,"González, Victor",624647,ball,L,2,1,-0.24,0.5,-1.4,0.96,-8.677882874127326,-128.19547656765852,-3.971907182482366,-0.7272134703476639,27.830365019920563,-26.005112817344266,54.06,0.157
SL,2.38,4.7,"González, Victor",624647,blocked_ball,L,1,1,0.26,0.45,-2.02,0.62,-11.13436106043948,-127.22689763739618,-4.698154867319413,4.863246143412796,23.112067010690367,-26.529889412801243,54.2,0.028
SL,2.44,4.73,"González, Victor",624647,swinging_strike,L,1,0,0.21,0.37,-0.2,1.8,-6.792504754486991,-126.89524857436716,-1.7128194487714272,3.491821144382332,22.726916251050817,-28.01564398168145,54.08,-0.081
SL,2.51,4.79,"González, Victor",624647,ball,L,0,0,0.17,0.55,-0.62,1.33,-8.025028866453388,-129.03436208441502,-3.65787521336912,3.358573658472482,23.064721346328984,-25.446971486282504,54.08,0.056
CH,2.47,4.82,"González, Victor",624647,hit_into_play,R,0,1,1.27,0.41,0.84,2.23,-6.433596534692642,-124.49638248768385,-0.5857002790603513,14.541427035496836,28.49603827210418,-28.021855772845843,54.03,-0.395
CH,2.51,4.84,"González, Victor",624647,foul,R,0,0,1.5,0.59,0.61,2.23,-7.573475318426713,-124.96224019707005,-0.9821921956659828,17.355551810514537,31.0150242535885,-26.139371639302723,54.05,-0.083
SI,2.35,4.91,"González, Victor",624647,hit_into_play,R,0,1,1.37,0.6,0.12,2.16,-8.805362761037633,-136.46280926411205,-2.684700081985347,19.071875665658343,31.071712867480954,-24.294262438144543,54.15,0.173
SI,2.46,4.92,"González, Victor",624647,foul_bunt,R,0,0,1.43,0.62,0.89,2.81,-7.132192958915701,-134.9509207304174,-0.9441934166274316,19.056611241863457,30.486849483013614,-24.66675412177106,54.26,-0.081
SL,2.58,4.75,"González, Victor",624647,hit_into_play,L,0,0,0.01,0.5,0.22,2.18,-5.7838007565546805,-128.45773829077305,-1.2902955294882876,1.146450029136475,23.47702311471192,-26.50397515603353,54.05,-0.631
SI,2.39,4.79,"González, Victor",624647,ball,R,3,1,1.55,0.58,2.48,2.53,-3.2085088044955463,-135.94929880811645,-1.2737449824441869,19.86361929213904,33.31307192588756,-24.992931584322506,54.3,0.49
SI,2.34,4.91,"González, Victor",624647,ball,R,2,1,1.39,0.74,1.42,1.88,-5.392694091578976,-135.3724893422671,-3.6034853166638734,18.20743723367228,31.142381115995445,-22.47652302864279,54.34,0.238
SI,2.44,4.78,"González, Victor",624647,called_strike,R,2,0,1.29,0.31,0.84,2.7,-6.880604318386088,-134.26313264015675,-0.1849179099188064,17.06737583265137,27.623804769792795,-28.53623915332822,54.18,-0.157
CH,2.43,4.77,"González, Victor",624647,ball,R,1,0,1.43,0.19,1.93,2.12,-4.00814285747303,-122.439235895446,-0.0916938069819273,15.139123948990337,25.62738776054027,-30.522526842534155,54.09,0.162
SI,2.41,4.84,"González, Victor",624647,blocked_ball,R,0,0,1.3,0.96,-0.37,0.43,-9.887730754956,-133.73185726324135,-7.39042063661758,17.823964162871658,30.226220664211308,-19.142052104405504,54.18,0.087
SL,2.0,5.03,"González, Victor",624647,hit_by_pitch,R,1,1,-0.13,0.43,-2.11,3.1,-9.858971229715651,-130.23275620667897,0.2859534404602953,0.3867399903092464,25.175215727435305,-27.51360962074547,54.29,0.275
SI,1.96,4.95,"González, Victor",624647,ball,R,0,1,1.52,0.56,-0.63,0.91,-10.160234496426108,-137.8153770523984,-6.145800907149214,21.642952851971152,30.258583924746198,-23.759949286346483,54.25,0.017
SL,2.17,5.07,"González, Victor",624647,foul,R,0,0,0.1,0.52,-0.05,2.74,-5.6785733732285975,-130.4424779188226,-0.9465829578376466,2.1887020252813705,24.213337104472235,-26.14456086548996,54.32,-0.024
SI,1.92,4.99,"González, Victor",624647,called_strike,R,2,2,1.27,0.62,-0.54,1.87,-9.296207964475917,-138.41804697214027,-3.947606396762965,18.34302873309656,29.50335218460504,-23.48216767833241,54.27,-0.204
SL,2.32,5.0,"González, Victor",624647,foul,R,2,1,0.02,0.49,0.19,1.9,-5.2558147623833,-129.17655671819577,-2.629073960978576,1.1968572064966465,23.37187332273035,-26.372112157228862,54.29,-0.063
SI,2.13,5.08,"González, Victor",624647,ball,R,1,1,1.2,0.83,-1.0,2.55,-10.788081323525228,-137.70131275682633,-2.7656716288049514,17.635182705740466,31.072121341666104,-21.19778235047617,54.37,0.05
CH,2.35,4.82,"González, Victor",624647,swinging_strike,R,1,0,1.48,0.57,1.09,1.52,-6.061813400564541,-126.22568243766204,-2.840249583992362,17.109087894523586,27.127719556381493,-25.759086383986013,54.2,-0.044
SI,2.24,5.09,"González, Victor",624647,ball,R,0,0,1.32,0.92,-0.16,1.32,-9.121321083898271,-136.75999674961656,-6.065190124845426,18.611059839194688,31.192111855892524,-19.424045567243148,54.34,0.032
SL,2.17,5.03,"González, Victor",624647,hit_into_play,R,0,0,-0.21,0.61,-0.9,1.68,-7.03127251290798,-128.5861228578938,-3.4450635536366585,-1.1558469431921676,22.168072684972632,-24.93913352144487,54.19,-0.1
CH,2.21,4.85,"González, Victor",624647,hit_into_play,R,3,2,1.3,0.26,0.1,1.74,-7.803019411320659,-127.07712768373668,-1.924807176534084,15.660610923586765,24.437831096150298,-29.136370345006508,53.98,-0.211
SL,2.16,4.99,"González, Victor",624647,ball,R,2,2,0.03,0.38,-1.86,1.33,-9.777079042857062,-127.11067798161169,-3.5008367781492384,2.176212447823262,24.33921192852905,-27.527004132183865,54.01,0.069
CH,2.44,4.76,"González, Victor",624647,foul,R,2,2,1.32,0.63,1.13,2.32,-5.939710695029985,-128.15968538443192,-1.1424073935004089,15.758159122662386,25.790412495759348,-25.23847520276969,54.11,0.0
CH,2.4,4.81,"González, Victor",624647,foul,R,2,2,1.33,0.26,0.79,1.95,-6.660715408154863,-127.34214704350964,-1.3501214447680991,15.7975603692841,24.65784389872437,-29.243273579166814,53.9,0.0
SL,2.27,4.97,"González, Victor",624647,ball,R,1,2,-0.41,0.4,-1.82,1.8,-8.984190653803461,-126.86844338527334,-2.281481196189397,-2.629165046099221,25.49168322529801,-27.633710696216987,54.19,0.026
CH,2.4,4.83,"González, Victor",624647,ball,R,0,2,1.59,0.3,-0.17,0.79,-9.471494903303563,-127.13922480947254,-4.174814512048325,19.25739524074238,26.865934886219893,-28.196240693514717,54.19,0.013
CH,2.55,4.84,"González, Victor",624647,swinging_strike,R,0,1,1.55,0.3,0.97,1.85,-7.012099917233527,-127.08501318937591,-1.637563627030407,18.269846141358677,27.111954610264192,-28.761272186410466,54.12,-0.035
SI,2.42,5.19,"González, Victor",624647,called_strike,R,0,0,1.49,0.78,0.89,2.66,-7.297691146703296,-137.61820976307027,-2.628476895658612,20.55075821888009,31.352692504947598,-21.925094176721977,54.41,-0.024
SI,2.27,5.04,"González, Victor",624647,hit_into_play,L,2,1,1.49,0.63,0.25,2.56,-8.479681351738472,-135.84231860688834,-1.9771328183755037,20.330458605717972,31.07133059116922,-24.21638267009492,54.11,-0.12
SL,2.39,5.0,"González, Victor",624647,ball,L,1,1,-0.1,0.04,0.47,1.34,-4.284720892119596,-123.33614373071936,-2.261683244759314,-0.138430620556389,25.12283982736588,-31.518012362852108,54.14,0.023
SI,2.19,5.21,"González, Victor",624647,called_strike,L,1,0,1.5,0.62,-0.23,3.04,-9.688217958643625,-138.06800133335815,-1.385343207207549,21.41567359246307,31.35552107543205,-24.135918002816563,54.27,-0.019
SL,2.32,5.01,"González, Victor",624647,ball,L,0,0,-0.14,0.8,-1.62,1.62,-9.27924036268266,-127.90287381352826,-3.739326731681537,0.5277755281754338,28.44076484200427,-22.77797833002161,54.13,0.016
SI,2.13,5.05,"González, Victor",624647,called_strike,R,3,2,1.56,0.77,-0.24,1.68,-9.649450701154976,-137.1635571753948,-4.812180848869989,21.7829009561882,29.607989726306904,-21.525581179171397,54.05,-0.211
CH,2.31,4.94,"González, Victor",624647,foul,R,3,2,1.46,0.52,0.3,2.49,-7.8401419728346,-126.30161018042756,-0.7186767253007122,17.192133125308033,25.933955994730333,-26.6757733950105,53.95,0.0
SL,2.26,5.04,"González, Victor",624647,ball,R,2,2,0.06,0.3,-1.75,-0.2,-9.678037111987152,-125.55564830043512,-6.908856137652522,2.4864569321408165,23.82525568811904,-27.845901852604243,54.07,0.069
CH,2.45,4.9,"González, Victor",624647,foul,R,2,1,1.48,0.61,0.41,2.22,-7.868416520277873,-124.84612945268135,-1.2714017900127237,17.05574602405688,27.50054766780761,-25.75501785318977,53.75,-0.051
SL,2.23,5.05,"González, Victor",624647,foul,R,2,0,0.14,0.31,-0.33,1.75,-6.483141954464707,-126.85524511379693,-2.402288009754327,2.8833663424293228,25.878382009550258,-28.582852031188803,54.09,-0.039
CH,2.48,5.11,"González, Victor",624647,ball,R,1,0,1.7,0.53,1.62,2.77,-5.5195160878847815,-125.4180345831999,-0.3810115600316558,19.03539801957781,26.668512747142294,-26.748218548114984,54.05,0.045
CH,2.33,4.99,"González, Victor",624647,ball,R,0,0,1.58,0.49,-1.85,0.96,-13.131613739253108,-124.54936508250448,-4.254372692332431,19.11515317365979,26.258770887189637,-26.32509535619019,53.81,0.024
SI,2.19,5.16,"González, Victor",624647,hit_into_play,L,2,2,1.81,0.78,0.84,2.82,-7.54445294543977,-136.97834665498434,-2.0752344839958106,24.490645211170687,32.51871283223068,-22.088011468296123,54.17,-0.204
SL,2.48,4.98,"González, Victor",624647,ball,L,1,2,-0.03,0.33,-0.09,0.77,-6.124073099326184,-127.18823401635127,-4.671658602299168,0.939280827560802,25.949608066894235,-27.815068096066906,54.22,0.036
SL,2.29,5.12,"González, Victor",624647,swinging_strike,L,1,1,-0.22,0.48,-1.11,2.18,-7.635869454026701,-125.47613563356076,-1.7353287377674422,-0.7909321276104192,25.689229069967897,-27.008340598396416,54.16,-0.049
SL,2.41,5.14,"González, Victor",624647,ball,L,0,1,-0.09,0.48,-1.25,1.75,-8.614430624748652,-126.85741486132083,-3.011610254395178,0.6807585294355064,24.495008008314503,-26.515772444957985,54.16,0.021
SI,2.16,5.33,"González, Victor",624647,called_strike,L,0,0,1.6,0.83,0.74,3.47,-7.089366397571832,-134.6472245257178,-0.7349515644676586,20.95711331625958,30.35429086474691,-22.15392821784693,54.28,-0.032
SI,2.15,5.0,"González, Victor",624647,hit_into_play,R,3,1,1.66,0.51,0.5,1.75,-7.851950940356557,-135.79562834756743,-3.723988394311557,22.22323114353966,30.047989789966973,-25.209961975679864,54.33,-0.166
CH,2.09,4.77,"González, Victor",624647,ball,R,2,1,1.49,0.57,-0.97,1.68,-10.266896252233703,-124.71929538261506,-2.2254022979966663,17.58956408811357,24.02157521774248,-25.932372044121276,54.16,0.046
SI,2.04,4.8,"González, Victor",624647,ball,R,1,1,1.36,0.75,-0.78,3.45,-10.27384063880771,-136.61716195490988,0.5203389890724461,19.209309268970227,27.97753986149558,-23.00080290268508,54.3,0.023
CH,2.18,4.71,"González, Victor",624647,ball,R,0,1,1.55,0.64,0.07,0.97,-8.395083383855047,-128.2045696648958,-4.3535912250661175,18.83312869434875,26.50255035338287,-24.364683480666056,53.9,0.011
SL,2.18,4.91,"González, Victor",624647,called_strike,R,0,0,-0.1,0.59,0.13,2.09,-4.833321686463067,-129.7707407536912,-2.163252773429284,-0.2271813765875978,25.59301728959986,-25.276511428428662,54.24,-0.015
CH,2.08,4.79,"González, Victor",624647,hit_into_play,R,0,2,1.56,0.67,-0.19,1.52,-8.73472101120546,-127.2610225621327,-3.113479695768195,18.749797819176724,26.49067315784329,-24.435688224571333,53.97,-0.104
SL,2.12,4.87,"González, Victor",624647,foul,R,0,1,0.15,0.39,-1.28,2.73,-8.55414658699174,-128.08372353133487,0.0283499061976246,3.2580162600449647,23.36823042014287,-28.091727714819275,54.3,-0.035
SI,2.09,4.97,"González, Victor",624647,foul,R,0,0,1.44,0.7,-0.48,2.81,-9.793792800987056,-136.29526640364358,-1.4131526863623711,20.02162980318011,28.74006608435429,-23.334576669397784,54.32,-0.024
SL,2.2,4.86,"González, Victor",624647,hit_into_play,L,1,2,0.12,0.17,-0.51,1.72,-6.693562387038913,-125.92476548690662,-1.697152941374216,2.4162192014243997,21.8309158318284,-30.278215766770977,54.26,-0.168
SL,2.34,4.79,"González, Victor",624647,called_strike,L,1,1,-0.12,0.28,-0.79,1.89,-7.146803053701223,-124.82440476931546,-1.1977333463491109,0.0215791065613019,22.98767547638261,-29.22619433728024,54.21,-0.049
SL,2.17,4.79,"González, Victor",624647,ball,L,0,1,-0.05,0.24,-1.49,1.38,-8.666594216440055,-125.7201228971405,-2.476055918412505,0.9982178589806958,22.224527123301364,-29.2921728403279,53.99,0.021
SI,2.2,5.07,"González, Victor",624647,foul,L,0,0,1.41,0.54,-0.12,1.58,-9.027519742210556,-135.4868631733935,-4.407758583850305,19.281729435099187,29.0667879149597,-24.680808857397174,54.35,-0.032
SI,2.44,4.92,"González, Victor",624647,hit_into_play,L,3,1,1.72,0.55,0.46,2.53,-8.79462763720279,-134.56610651692344,-1.4612509231195965,22.7874011403412,29.91066472321353,-25.401312111594557,54.15,-0.271
SI,2.46,4.92,"González, Victor",624647,ball,L,2,1,1.48,0.77,0.66,1.19,-7.820349702860348,-134.90457231407615,-5.411227334396425,19.74481694441424,29.88404637583115,-21.81529545467417,54.12,0.077
SL,2.5,4.85,"González, Victor",624647,ball,L,1,1,-0.16,0.06,-1.26,0.87,-8.508816807985925,-123.68917483973276,-3.1201834771092702,0.0820513240849757,25.60105789483882,-31.090158669047383,53.98,0.037
SI,2.4,4.86,"González, Victor",624647,swinging_strike,L,1,0,1.57,0.79,0.77,2.33,-7.603971417386913,-134.61599122289107,-2.314236143797509,20.82105269384274,31.836434040265857,-22.30585905151437,54.18,-0.031
SI,2.45,4.95,"González, Victor",624647,ball,L,0,0,1.57,0.54,0.22,1.41,-9.297018128982678,-136.9959060838587,-4.670815673664411,21.799443584167,30.69856716787449,-24.54659867662144,54.09,0.024
CH,2.56,4.86,"González, Victor",624647,hit_into_play,R,1,1,1.49,0.79,0.65,2.08,-7.69240792740646,-126.32464640053496,-2.0306404262627296,17.555395398403828,28.091960303226493,-23.513588742355694,53.76,1.007
CH,2.5,4.82,"González, Victor",624647,ball,R,0,1,1.45,0.69,-1.32,0.89,-12.003388109262463,-124.53159766634502,-4.397001842950434,17.607885153892866,26.34074585096838,-24.205084195077912,53.96,0.017
SI,2.4,5.06,"González, Victor",624647,called_strike,R,0,0,1.56,0.34,0.47,2.14,-8.422651730589413,-135.6080281114533,-2.488446576604445,21.078977507738387,30.83944505357307,-27.582128731479905,54.05,-0.024
SI,2.33,4.94,"González, Victor",624647,hit_into_play,L,1,0,1.49,0.31,-0.89,2.14,-11.518892088781772,-135.09739436247642,-2.034495165203894,20.738472327872103,30.30960610314556,-28.112484970004967,54.15,-0.26
SI,2.37,4.98,"González, Victor",624647,ball,L,0,0,1.55,0.46,0.52,0.86,-8.148840081661357,-135.5972138638296,-5.82670578222606,20.922704405489338,30.26912448797511,-25.39896733853236,54.19,0.032
SI,2.23,4.95,"González, Victor",624647,hit_into_play,L,2,1,1.67,0.63,-0.4,1.94,-10.226665666577723,-132.55792444348032,-3.0414745160872503,21.83282850427498,27.032983092278577,-24.24676162240929,54.01,-0.485
SI,2.28,5.1,"González, Victor",624647,called_strike,L,2,0,1.82,0.61,0.1,2.86,-9.440754034744554,-133.08442117097292,-1.0532051971389431,23.703506761596437,30.07594693796836,-24.957886681325093,54.06,-0.14
SL,2.22,4.99,"González, Victor",624647,ball,L,1,0,-0.16,0.21,-1.81,2.03,-8.836553601576052,-118.8525935645514,-0.5033304447795109,0.1646939308471992,22.56569554014421,-30.288247910460875,53.76,0.087
SL,2.39,4.87,"González, Victor",624647,blocked_ball,L,0,0,-0.03,0.51,-2.55,-0.26,-11.46623056377256,-122.16610736585692,-6.53768711137054,1.9537471695152309,23.745195420333214,-25.93647057941595,53.8,0.056
SL,2.24,4.82,"González, Victor",624647,hit_into_play,L,0,2,-0.28,-0.09,-0.03,2.41,-4.7806190110624,-123.55293760362396,0.9106427297726984,-1.8807129338004371,25.396859888711692,-33.54030836351934,53.86,-0.061
SL,2.09,5.04,"González, Victor",624647,called_strike,L,0,1,-0.19,-0.12,-0.52,2.91,-5.775198428533063,-124.11376545126902,1.549130689376511,-0.7395135795183407,25.46064549386446,-33.909668508152585,54.07,-0.024
SI,2.02,5.1,"González, Victor",624647,called_strike,L,0,0,1.55,0.76,-0.4,2.52,-9.7492207908033,-137.2864312568717,-2.7137907059770594,21.71808821073647,30.879175026460235,-22.100520876595905,54.19,-0.015
SI,2.15,4.98,"González, Victor",624647,hit_into_play,R,3,1,1.73,0.44,0.27,2.75,-8.490813627889635,-133.46699951679295,-0.671540768465674,22.48516716004348,31.603840819937208,-27.08703380336072,54.19,-0.271
SI,2.23,4.98,"González, Victor",624647,called_strike,R,3,0,1.71,0.59,1.12,2.32,-6.623858751345841,-136.1041222585383,-2.3615463089003352,22.663628188177388,33.78983423390088,-24.55354251295644,54.22,-0.048
SI,2.21,4.9,"González, Victor",624647,ball,R,2,0,1.69,0.81,1.11,2.59,-6.590454949232303,-135.76145059698516,-1.9144786056206664,22.389028166103024,32.43523284799401,-21.992134504919203,54.1,0.086
SI,2.35,4.94,"González, Victor",624647,ball,R,1,0,1.78,0.39,2.61,2.58,-3.2556787656968336,-135.00971815664,-1.048280440572043,22.442376684372785,32.10461646471595,-27.46060014015978,54.14,0.045
SL,2.22,5.13,"González, Victor",624647,ball,R,0,0,-0.09,0.14,2.11,3.28,-0.0594435749518132,-120.7374925966691,1.9424103893120697,-0.9046286263301572,22.835857969735983,-31.356131876578736,54.21,0.024
CH,2.45,4.86,"González, Victor",624647,hit_into_play,R,1,2,1.62,0.53,0.6,1.77,-7.701148687053534,-125.17673204885374,-2.132205718613159,18.61373007132292,26.481761289930443,-26.420391693445808,53.97,-0.168
CH,2.17,4.65,"González, Victor",624647,ball,R,0,2,1.61,0.22,-1.08,0.99,-10.926822548386069,-123.5530007047104,-2.702831279554468,18.681284701160006,25.56637587587501,-29.517653218300783,53.72,0.019
CH,2.27,4.9,"González, Victor",624647,swinging_strike,R,0,1,1.55,0.54,0.62,1.05,-7.085621106439981,-126.322099580934,-4.1144864531694205,18.009974316128485,26.337928189398784,-25.757802653849897,54.28,-0.047
SI,2.22,5.08,"González, Victor",624647,called_strike,R,0,0,1.55,0.67,0.12,2.15,-8.801825182032625,-135.60856082651117,-3.229164326256152,21.12152059762603,30.532763770790265,-23.38798285079669,54.24,-0.032
CH,2.34,4.82,"González, Victor",624647,hit_into_play,R,1,2,1.79,0.33,0.08,1.94,-9.07483261723449,-126.09398167883865,-1.2774699609488631,20.983918464712787,28.71133807013801,-28.57945741701178,54.17,-0.586
SL,2.17,4.87,"González, Victor",624647,blocked_ball,R,0,2,0.02,0.22,-1.39,0.87,-8.62207237653173,-126.27970023493457,-3.74124674640608,2.2335934976297502,29.89983060777905,-29.20529810853428,53.88,0.023
CH,2.22,4.84,"González, Victor",624647,foul,R,0,2,1.73,0.45,1.03,1.68,-6.337633294074471,-124.86154928789132,-2.124691574429095,19.330583064873164,26.22374311843148,-27.20788748676132,54.0,0.0
CH,2.2,4.91,"González, Victor",624647,foul,R,0,1,1.74,0.36,0.21,2.25,-8.291995799767,-124.8169111167758,-0.7168591786298473,19.90149813056304,26.162255086950506,-28.5410403056672,53.9,-0.116
SI,2.2,4.96,"González, Victor",624647,called_strike,R,0,0,1.64,0.5,0.3,2.52,-8.598087209092537,-136.70474274539882,-1.712786804362426,22.43178464689722,30.91795548701071,-25.692911133388307,53.9,-0.099
SI,2.14,5.02,"González, Victor",624647,ball,R,3,0,1.66,0.42,-0.93,1.39,-11.528501347227277,-135.4629851699924,-4.452644373437021,23.00296590220472,30.432270939096096,-26.17305469405178,54.18,0.072
SI,2.12,5.08,"González, Victor",624647,ball,R,2,0,1.67,0.65,-0.28,3.5,-9.78153215252353,-134.8752648664977,0.3729305174894207,22.59272129259986,30.62110160918358,-24.629602052937656,54.22,0.102
SI,2.3,5.01,"González, Victor",624647,blocked_ball,R,1,0,1.6,0.6,-0.03,0.41,-9.483645600298631,-134.7544571334417,-7.261768597309007,21.569043277334504,30.049075932988707,-23.38220381718679,54.04,0.087
SI,2.32,5.11,"González, Victor",624647,ball,R,0,0,1.56,0.53,1.23,1.89,-6.1836517504714585,-135.04937384373378,-3.635087671032584,20.426423218798984,29.579514782964555,-25.04374860983491,54.31,0.056
CH,2.13,4.62,"González, Victor",624647,hit_into_play,R,3,2,1.34,0.29,0.71,2.56,-6.2014562766619,-126.14393050717042,0.7395145797146158,15.573148101409878,26.77397610004858,-29.5051340431077,53.66,-0.441
CH,2.21,4.61,"González, Victor",624647,foul,R,3,2,1.33,0.26,-0.58,1.63,-9.534173507330316,-126.56124236881568,-1.482605716673259,16.22875283831334,26.966009922917717,-29.28495880246619,53.56,0.0
SL,2.19,4.62,"González, Victor",624647,blocked_ball,R,2,2,-0.13,-0.09,-1.0,0.42,-7.28820048958007,-123.84339781577168,-3.359560018104515,0.1217947156234701,25.517866742593647,-32.60481297180767,53.75,0.115
CH,2.28,4.63,"González, Victor",624647,called_strike,R,2,1,1.58,0.17,-0.27,1.67,-9.396044313822374,-126.1806780563665,-1.2062723326283404,18.77055395382673,26.52293413991132,-30.36596412759916,53.72,-0.162
SL,2.08,4.69,"González, Victor",624647,ball,R,1,1,-0.23,-0.29,-1.52,0.77,-8.025358250523016,-123.76458789184368,-2.299100884489926,-0.7473146353909246,24.769634986616936,-34.893384257335136,53.98,0.058
SL,2.19,4.68,"González, Victor",624647,swinging_strike,R,1,0,-0.2,-0.17,-1.67,0.95,-8.697903282876,-123.72029594229622,-2.096524905538385,-0.3200141239658721,24.6650555459924,-33.72223479737618,53.89,-0.058
SI,2.2,4.67,"González, Victor",624647,ball,R,0,0,1.47,0.47,1.75,1.58,-4.4509348033643725,-137.13361990125497,-3.3626032510239914,19.451890868912106,31.98106985439101,-25.642492886550304,53.99,0.042
CH,2.22,4.73,"González, Victor",624647,swinging_strike,R,2,2,1.41,0.02,1.66,2.26,-4.270150949409339,-126.2827190509588,0.2806013334681587,15.947421835139783,27.57537234517476,-32.20446203491831,53.88,-0.422
CH,2.08,4.57,"González, Victor",624647,ball,R,1,2,1.57,0.15,-1.12,1.28,-10.94425580172634,-125.89828467103432,-1.937738413995844,18.95972739248169,26.275086413713574,-30.362966866076107,53.69,0.06
CH,2.23,4.7,"González, Victor",624647,swinging_strike,R,1,1,1.49,0.16,0.14,2.77,-8.06724520665047,-125.26857025378796,1.4150543784864107,17.34623453686423,26.72876966000548,-31.075279928477432,53.65,-0.065
SI,2.21,4.87,"González, Victor",624647,ball,R,0,1,1.54,0.46,2.24,2.69,-3.359713303014813,-137.0422539149182,-0.9521977861359018,20.110356753059563,32.07879951597915,-26.3907439094212,54.05,0.028
SI,2.13,4.93,"González, Victor",624647,foul,R,0,0,1.41,0.82,0.44,2.35,-7.5574277768019265,-137.0680212030705,-2.817127507550102,19.38833761323421,30.4652864215099,-21.42451707499835,54.01,-0.083
SI,2.05,4.78,"González, Victor",624647,hit_into_play,R,3,2,1.46,0.62,0.13,2.69,-8.260774580403389,-136.78248541747342,-1.0419611895725702,20.12962347871104,31.555741083964165,-24.414055740235,53.97,0.425
SI,2.12,4.78,"González, Victor",624647,ball,R,2,2,1.35,0.61,2.25,2.36,-2.6692072460250342,-137.42019537716538,-1.9647331504400245,17.624500956436794,32.17048382093679,-24.224599615151245,54.17,0.097
CH,2.23,4.63,"González, Victor",624647,blocked_ball,R,1,2,1.22,0.14,1.12,0.51,-5.206711114973102,-126.40197760570244,-3.9248107169389694,14.182112527138711,27.804631951775168,-30.069887768139687,53.8,0.054
CH,2.16,4.6,"González, Victor",624647,foul,R,1,2,1.53,-0.04,-0.49,1.48,-9.468773538917432,-125.23414914016368,-1.028440053807412,18.10319687243831,27.30994835425259,-32.6454346579628,53.78,0.0
SI,2.13,4.85,"González, Victor",624647,swinging_strike,R,1,1,1.45,0.66,0.84,2.78,-6.524467669513581,-136.10292570459447,-1.01267914910449,19.444776142301578,31.28440856596491,-24.049559291411096,54.07,-0.07
CH,2.28,4.65,"González, Victor",624647,ball,R,0,1,1.39,0.31,-0.24,0.85,-8.888249483706158,-124.95621357921932,-3.3983408393587213,16.383967811046467,25.34931798723061,-28.41887465635774,53.67,0.031
CH,2.27,4.69,"González, Victor",624647,foul,R,0,0,1.58,0.13,0.1,2.31,-8.294000219393086,-123.39830678188746,0.610712752828515,17.805084178249366,27.892488243909117,-31.247765740101528,53.75,-0.042
SI,2.05,4.92,"González, Victor",624647,ball,R,3,0,1.43,0.71,1.37,2.61,-4.901267232073508,-135.42400015612697,-1.694299894958086,18.68899324308918,31.98847036881283,-23.276649881540266,54.14,0.113
SI,2.21,5.02,"González, Victor",624647,ball,R,2,0,1.38,0.64,1.13,2.55,-5.804867129118335,-135.76245869953195,-1.9706300786220137,18.31649633999017,32.05402338810742,-24.05344294119015,54.35,0.086
SI,2.27,4.65,"González, Victor",624647,ball,R,1,0,1.55,0.74,2.33,2.23,-3.245655484038621,-134.74848427422504,-1.9277581131899504,19.50280947681781,32.938852649393354,-23.032038922904523,54.13,0.045
SI,2.31,4.89,"González, Victor",624647,ball,R,0,0,1.4,0.71,2.49,2.97,-2.6340005286416748,-135.4291899864989,-0.6606297540700262,17.7853295178711,32.44937490826776,-23.546774805645345,54.17,0.024
SI,2.11,4.78,"González, Victor",624647,hit_into_play,L,3,2,1.53,0.32,-0.33,2.43,-9.639198683320908,-135.54311475389716,-0.9683807435723696,21.034043161964668,30.7222151634685,-28.207459766084884,54.12,-0.297
SL,2.25,4.79,"González, Victor",624647,ball,L,2,2,0.04,0.07,-1.6,0.93,-9.087089472644712,-122.50487986983735,-2.7142442706745067,2.204267931096753,24.214269805473872,-31.13938232361075,53.78,0.093
SI,2.18,4.85,"González, Victor",624647,called_strike,L,2,1,1.55,0.32,-0.8,1.82,-10.963901367339288,-134.09431028305164,-2.558234955459473,21.05053078634756,28.94739473578339,-27.96405157021058,54.09,-0.063
SI,2.31,4.83,"González, Victor",624647,called_strike,L,2,0,1.63,0.39,-0.13,1.19,-9.788289426853728,-134.05549134499634,-4.276265850383044,21.8461951879948,29.683676050640926,-26.665216156124547,53.95,-0.057
SI,2.15,5.07,"González, Victor",624647,ball,L,1,0,1.61,0.63,1.15,2.57,-5.928502109773678,-132.25470419915996,-1.668301333108454,20.144728381245965,29.70096307164293,-24.65440658838336,54.38,0.064
SI,2.15,4.94,"González, Victor",624647,ball,L,0,0,1.47,0.56,-0.6,1.09,-10.015496666473704,-132.1508622919762,-4.946264275923094,19.351202087871517,28.01729734109619,-24.69766757587534,54.18,0.032
SI,1.82,5.08,"González, Victor",624647,hit_into_play,L,2,2,1.58,0.5,0.04,2.41,-7.911901969202569,-133.05118071486473,-1.9068995655299863,20.5219394035924,30.583883782285127,-26.038722942843123,54.19,-0.342
SL,2.02,4.92,"González, Victor",624647,blocked_ball,L,1,2,-0.11,0.02,-2.03,0.62,-9.196440208702116,-122.22964883996949,-3.6207665998870233,0.7107535496443889,23.829940998010144,-31.473280600879697,53.96,0.054
SL,2.08,4.92,"González, Victor",624647,called_strike,L,1,1,-0.18,-0.16,-0.7,1.69,-6.046120145261913,-120.47174501940933,-0.5642691054440879,-0.5013375433342053,24.10080313383241,-33.832269490456994,53.82,-0.07
SI,1.8,5.14,"González, Victor",624647,foul,L,1,0,1.71,0.83,0.82,1.54,-6.182591780488989,-133.76576987078573,-5.07815218543085,21.82438284951593,29.056394755012715,-21.339660142536985,54.29,-0.055
SL,2.1,4.88,"González, Victor",624647,ball,L,0,0,-0.13,0.1,-0.02,1.17,-4.610021469220787,-121.06878676779002,-2.2962915886443267,-0.4635209803424123,21.476642772799558,-31.00665479806995,54.13,0.044
SI,2.08,5.04,"González, Victor",624647,hit_into_play,L,2,2,1.56,0.74,0.34,2.31,-7.891579230692898,-134.90201983880547,-2.769438241815463,20.751840735155223,31.51345588052621,-22.762824144789025,53.96,-0.528
SI,1.88,5.13,"González, Victor",624647,ball,L,1,2,1.67,0.82,1.08,2.51,-5.640664079581463,-133.55365758317942,-2.512920420466483,21.202754865997036,31.83739322245279,-22.025505498627243,54.31,0.077
SL,2.14,5.04,"González, Victor",624647,foul,L,1,2,-0.14,-0.05,0.23,2.23,-4.064499616643942,-119.5386747705868,0.3237556697340149,-0.4757376749601973,24.415052257488117,-32.967396941104035,54.15,0.0
SL,1.89,5.09,"González, Victor",624647,blocked_ball,L,0,2,-0.22,0.08,-2.91,0.07,-10.784091997164838,-123.06794535873983,-5.34436831678678,0.5418656360954742,31.34937090195089,-30.27045008073205,54.1,0.053
SI,1.99,5.14,"González, Victor",624647,called_strike,L,0,1,1.6,0.81,-0.15,1.62,-8.930111455260999,-134.5953298656098,-4.860483361247891,21.500628834676576,32.789654952540296,-21.45493404036639,54.25,-0.075
SL,2.25,5.09,"González, Victor",624647,called_strike,L,0,0,-0.13,0.25,-0.95,2.56,-7.075796578213627,-120.57992926645656,0.3298361884875065,0.3431405722562616,27.74418691520125,-30.100589306414463,54.03,-0.064
SL,2.03,5.03,"González, Victor",624647,ball,L,3,2,-0.51,-0.42,1.08,0.78,-1.1584588328921148,-118.96822149596106,-2.1810647314503084,-4.604580608084491,23.524343904095165,-35.9288920203435,54.25,0.343
SL,2.22,4.93,"González, Victor",624647,foul,L,3,2,-0.06,-0.33,-0.51,2.2,-6.090457220452928,-120.44602454527023,0.9837606518625271,0.7286523970742755,26.17512708716311,-35.851806494966944,54.4,0.0
SI,2.11,5.04,"González, Victor",624647,ball,L,2,2,1.45,0.5,1.58,3.11,-4.499263883908262,-134.16688834012373,-0.0899543576200245,18.403359956663955,34.31132425645126,-26.38943224418208,54.25,0.093
SL,2.09,5.01,"González, Victor",624647,ball,L,1,2,-0.04,-0.24,-1.29,0.61,-7.820870516663083,-123.5681503555612,-3.5051508008521663,1.1127942371950212,24.175330849472218,-34.117758054956816,54.22,0.036
SI,2.04,5.14,"González, Victor",624647,foul,L,1,1,1.48,0.43,0.45,2.04,-7.250334526586482,-134.28703412820798,-2.97171416435862,19.48250781797652,30.496321655293293,-26.56448550913245,54.26,-0.049
SL,2.13,4.94,"González, Victor",624647,ball,L,0,1,-0.27,-0.52,-1.6,1.34,-7.967312967884654,-120.18344444920491,-0.6660245319585805,-1.0003498954296108,24.005662374688853,-37.25208675252812,54.21,0.021
SL,2.17,5.11,"González, Victor",624647,swinging_strike,L,0,0,-0.16,-0.23,-0.18,1.31,-5.112731457574617,-121.51911980375108,-1.810050975792673,-0.4522158868422403,25.768885495089616,-34.328240521725824,54.27,-0.032
SI,1.9,5.09,"González, Victor",624647,hit_into_play,R,2,2,1.59,0.56,0.41,2.28,-7.229688479902671,-133.9962260786063,-2.4727656397648183,20.72389032851805,32.02363713583072,-25.11484789279887,54.27,1.579
CH,2.03,4.93,"González, Victor",624647,blocked_ball,R,1,2,1.34,0.05,-0.4,-0.01,-8.35021866827563,-123.38833106548464,-5.292468088494398,15.391850666340606,25.447163354224248,-30.74329987045012,54.33,0.077
CH,2.25,4.88,"González, Victor",624647,ball,R,0,2,1.33,-0.01,1.67,1.75,-4.0031091348922425,-123.68445730047743,-0.9132062281194132,14.377758299149075,27.93372873442668,-32.28450268904866,54.33,0.053
SI,1.93,5.11,"González, Victor",624647,foul,R,0,1,1.4,0.57,0.01,2.6,-7.84821373790472,-133.52948495264957,-1.657825830609538,18.53827808038025,31.672343013125243,-25.26384574753357,54.44,-0.075
CH,2.25,5.06,"González, Victor",624647,swinging_strike,R,0,0,1.34,0.21,0.33,1.4,-7.091719761761701,-122.2840064521402,-2.41402803230208,14.898024546763065,27.21639731043481,-29.75922001393286,54.27,-0.064
SI,2.09,5.12,"González, Victor",624647,hit_into_play,R,1,0,1.45,0.77,0.52,1.46,-7.112454561065077,-133.9578576330941,-5.0503223538292445,18.990334700377165,32.425756786028224,-21.91506842563068,54.35,0.378
CH,2.34,5.16,"González, Victor",624647,ball,R,0,0,1.57,0.09,1.84,2.44,-4.239963163984276,-121.85156045131544,0.0765159777654156,16.374215163220107,27.86369968690231,-31.59887130057399,54.25,0.032
CH,2.0,4.83,"González, Victor",624647,hit_into_play,R,0,2,1.47,0.12,0.31,1.8,-7.1288694229534055,-127.63236361492974,-1.3625639122711266,17.60336974708621,30.084491122534207,-30.791970413323337,54.22,-0.143
CH,2.11,4.85,"González, Victor",624647,foul,R,0,2,1.58,-0.04,1.5,1.72,-4.648339484590348,-125.69854594012084,-1.0858588442744537,17.722383455323467,27.46842738029773,-32.61972734576546,54.43,0.0
CH,1.97,4.78,"González, Victor",624647,foul,R,0,2,1.63,0.34,1.43,1.91,-4.548780202963021,-124.29858403094364,-1.1260196312518391,17.781228509832598,26.41311792250108,-28.65834120708635,54.08,0.0
SI,1.9,4.91,"González, Victor",624647,foul,R,0,1,1.64,0.72,0.31,2.43,-7.599191536837317,-134.14448343942038,-1.973558214378792,21.46883146343597,31.80886617304144,-23.338158729983576,54.21,-0.045
CH,1.92,5.05,"González, Victor",624647,called_strike,R,0,0,1.45,0.38,0.24,1.85,-6.89956991450739,-124.78117656852088,-2.0553276206945235,16.513695185833903,25.632784473069595,-27.95941299255196,54.27,-0.042
CH,2.14,4.8,"González, Victor",624647,ball,R,3,2,1.61,0.19,2.67,2.41,-2.003044753880445,-125.4864731957494,0.1881919170694244,17.42145483489258,26.15829354409585,-30.454329224995867,54.08,0.1
CH,2.12,4.85,"González, Victor",624647,foul,R,3,2,1.26,0.47,0.11,1.53,-7.358659256723657,-125.86257154640808,-2.5995097637229976,14.954985197321362,27.71606690215169,-26.89555623583351,54.17,0.0
SL,2.07,4.92,"González, Victor",624647,foul,R,3,2,-0.13,0.15,-0.24,1.14,-5.120477900808638,-122.7387657824376,-2.65951560276548,-0.146436827224685,27.009525081388507,-30.267405938339117,54.12,0.0
SL,2.03,4.83,"González, Victor",624647,foul,R,3,2,-0.06,0.1,0.29,1.71,-4.018273535481312,-125.24174406416245,-1.3557531688007571,0.2138332983020829,25.6033558208588,-31.056412695146637,54.16,0.0
SI,2.06,4.88,"González, Victor",624647,ball,R,2,2,1.59,0.58,2.25,2.35,-3.036680992908133,-136.0649343748076,-1.983685423721476,20.296621665113044,33.871849977577604,-24.76740632990132,54.25,0.043
SL,2.0,4.82,"González, Victor",624647,ball,R,1,2,-0.01,0.04,-0.65,0.55,-6.2010263156498056,-123.74902252203402,-3.770890769217784,1.121236588676653,25.11824793466114,-31.215729059162843,54.07,0.018
SL,1.96,4.91,"González, Victor",624647,ball,R,0,2,-0.05,0.2,-0.88,1.08,-6.682916814235087,-125.84981841224938,-3.373964443593855,0.7344110763100429,23.627827973166625,-29.62271135655722,54.1,0.009
SI,2.01,4.92,"González, Victor",624647,swinging_strike,R,0,1,1.23,0.76,0.4,2.65,-6.893881826632163,-136.84928973588018,-1.8435743456868765,16.947389614005065,30.634741414733487,-22.48997880958233,54.13,-0.024
SL,2.19,4.93,"González, Victor",624647,called_strike,R,0,0,-0.12,-0.1,0.74,1.75,-3.152487626618165,-123.96928437363972,-0.9767238461950448,-0.6279164885050458,23.937885521055904,-33.1834098251465,54.33,-0.015
CH,2.19,4.76,"González, Victor",624647,hit_into_play,R,1,2,1.44,0.17,0.05,1.41,-8.005267954423896,-125.33473729595312,-2.039175563102058,16.805860313084526,26.75499205251107,-30.163540364872475,54.14,-0.116
SI,2.03,5.02,"González, Victor",624647,foul,R,1,1,1.44,0.59,-0.05,2.6,-8.496796655898688,-135.60364911426348,-1.7520340996561523,19.660244449859483,30.1034521995882,-24.75898834783062,54.25,-0.04
SI,2.16,5.01,"González, Victor",624647,ball,R,0,1,1.48,0.52,1.27,2.59,-5.530884809730253,-135.8127014435365,-1.605476890945252,19.52376437638421,30.220766818587137,-25.613125877372816,54.27,0.017
SI,2.05,5.05,"González, Victor",624647,called_strike,R,0,0,1.46,0.62,0.69,1.96,-6.6661492772889,-134.89565346796422,-3.426729742849594,19.29197085117965,30.770006552634975,-24.07635000866138,54.13,-0.024
SI,2.0,5.0,"González, Victor",624647,called_strike,R,1,2,1.56,0.68,-0.11,1.38,-8.884514198940096,-135.9809133625884,-5.043772766161981,21.392599049853604,31.799595830818525,-22.750939577814453,54.2,-0.168
CH,2.21,4.95,"González, Victor",624647,foul,R,1,2,1.69,0.25,-0.13,1.25,-8.865911662698881,-123.415263891417,-2.790216900570517,19.069967984297342,25.435055558279952,-29.21703798351828,54.17,0.0
CH,2.13,4.82,"González, Victor",624647,ball,R,0,2,1.63,0.38,-1.54,0.76,-12.028071398243467,-125.3501016145796,-4.215975065331393,19.58333072270764,24.861242508226237,-27.452641483033027,54.2,0.019
CH,2.3,4.89,"González, Victor",624647,swinging_strike,R,0,1,1.69,0.33,1.04,1.28,-6.297653278129455,-123.0463783391301,-2.6794190733679253,18.392180012014474,25.366971305391232,-28.49547318595014,54.2,-0.047
CH,2.34,4.93,"González, Victor",624647,swinging_strike,R,0,0,1.57,0.0,0.91,0.62,-6.28604973986416,-119.7731813518665,-3.202862372953359,16.29468526601875,24.518616997894835,-31.77560584542551,54.14,-0.032
SL,2.37,4.92,"González, Victor",624647,hit_into_play,L,1,0,-0.18,-0.37,0.49,1.89,-3.8661936293726287,-118.49775156952444,0.5817189044967124,-0.9148187654983124,24.786197641646,-36.03844454911011,54.15,-0.116
SL,2.36,4.9,"González, Victor",624647,ball,L,0,0,-0.2,-0.19,-1.16,1.19,-7.629834307718863,-120.10972243643896,-1.5562559613534692,-0.3473503550172282,24.23014569127301,-33.92144652397051,54.13,0.016
SI,2.24,4.85,"González, Victor",624647,hit_into_play,R,2,0,1.58,0.71,0.92,1.77,-6.956892530997352,-137.26229102844476,-3.836598900789781,21.541089512878305,33.34730540788362,-22.584703725299264,54.04,-0.3
SI,2.02,4.91,"González, Victor",624647,ball,R,1,0,1.53,0.76,-0.97,1.54,-11.023068211107889,-135.12174468429416,-4.482770423428798,21.22309826444483,31.0077421125076,-22.00755816922938,54.06,0.044
SL,2.16,4.86,"González, Victor",624647,ball,R,0,0,-0.21,-0.36,-0.99,2.3,-6.929790700169563,-122.80513822398824,1.1395948865816028,-0.7860886609282943,24.44887493371872,-36.257259743897286,54.09,0.027
SI,2.12,4.82,"González, Victor",624647,ball,R,3,2,1.62,0.58,-1.07,1.53,-11.902946442752508,-136.42341950740376,-4.035274086384224,22.941986160022594,31.57556107382074,-24.1695375027698,53.95,0.1
SI,2.09,4.93,"González, Victor",624647,foul,R,3,1,1.46,0.88,1.02,2.22,-6.001285710664128,-136.7240849262542,-3.218516807419992,19.63115716267341,32.44470758304813,-20.59478794286742,54.13,-0.035
SI,2.28,4.75,"González, Victor",624647,ball,R,2,1,1.57,0.77,1.19,2.49,-6.348312628821747,-137.92507667618952,-1.9182430714408636,21.385678148416734,32.93133523237487,-22.200998377146405,54.18,0.046
SI,2.01,4.88,"González, Victor",624647,ball,R,1,1,1.53,0.78,-0.52,1.19,-9.902296697183033,-136.0530345544224,-5.471249916837724,21.15791785779815,31.142915150449003,-21.39804003293932,54.11,0.023
SL,2.02,4.83,"González, Victor",624647,ball,R,0,1,0.0,0.21,-2.1,0.44,-9.903539712607236,-126.99485646139006,-4.856647344671552,1.9409546454031408,25.56688964483021,-29.048068781215655,54.15,0.011
SI,2.09,4.85,"González, Victor",624647,called_strike,R,0,0,1.54,0.59,-0.37,1.62,-9.76150724881241,-136.0749691266509,-3.838367428316048,21.28419180071053,31.35830779129608,-24.1930153197255,54.15,-0.015
SL,2.3,4.72,"González, Victor",624647,hit_into_play,R,2,2,-0.21,-0.13,-0.14,1.5,-5.305837085185221,-123.4965447882374,-1.0053564908570336,-1.230892258435968,21.705686082340357,-33.56796643023235,54.05,-0.142
CH,2.32,4.77,"González, Victor",624647,foul,R,2,2,1.22,0.31,0.92,1.29,-5.918540546683425,-127.0339523417782,-2.8448739928499776,14.401883046585262,26.952484479568582,-28.468354962664744,53.95,0.0
SL,2.34,4.82,"González, Victor",624647,ball,R,1,2,-0.01,-0.55,0.16,0.95,-5.093601058622763,-123.00279325257785,-1.553288395856551,0.9489369707786902,24.8930335071474,-37.64718043943984,53.94,0.026
SL,2.28,4.91,"González, Victor",624647,foul,R,1,1,-0.07,0.04,-0.89,2.11,-7.270389289906795,-123.56517511897424,-0.2692740930447721,0.7703355503013432,26.087972727055377,-31.943933349206056,54.21,-0.04
SI,2.11,4.95,"González, Victor",624647,called_strike,R,1,0,1.59,0.59,-0.7,1.67,-10.681174303535498,-135.0374451051927,-3.862829373567126,21.86016500674074,31.815166903596715,-24.290616607111343,54.12,-0.031
SI,2.21,5.02,"González, Victor",624647,ball,R,0,0,1.39,1.01,-0.26,1.6,-9.401769019042463,-135.44844062877607,-5.203602968114819,19.20877470091188,31.457172107331036,-18.71834763077078,54.19,0.024
SI,2.05,4.98,"González, Victor",624647,hit_into_play,L,2,2,1.46,0.73,-0.47,2.33,-9.716961032105448,-135.35607454315883,-2.57700775267624,20.149082628595654,32.24708052504209,-22.80736767239258,53.97,-0.204
SL,2.39,4.72,"González, Victor",624647,foul,L,2,2,-0.5,-0.34,0.76,2.46,-2.715266400254836,-120.36818203356692,1.9875246441611207,-4.420216432738542,22.381684391031985,-36.09509839533133,54.24,0.0
SL,2.38,4.69,"González, Victor",624647,ball,L,1,2,0.02,-0.22,-1.17,0.32,-8.334794699664485,-124.1031984889274,-3.4898522328632837,1.888679465352919,25.63595732639188,-33.964399584313924,54.38,0.036
SI,2.11,5.09,"González, Victor",624647,swinging_strike,L,1,1,1.5,0.68,-0.07,2.67,-8.851053347515938,-134.87591071477314,-1.8470030583341508,20.299983510253718,32.0547425354164,-23.71230697611677,54.17,-0.049
SL,2.15,4.89,"González, Victor",624647,ball,L,0,1,-0.21,-0.55,-1.66,2.09,-8.360415341487581,-121.43342618334265,1.1330539730215046,-0.3775524636012364,25.01791680104276,-38.057676660263326,54.1,0.021
SI,2.2,5.0,"González, Victor",624647,called_strike,L,0,0,1.5,0.58,0.28,3.04,-8.137096669087628,-134.16475366780338,-0.3625918941489278,19.931282570054528,31.20079800791697,-25.37664970370379,54.25,-0.032
SI,2.09,4.71,"González, Victor",624647,hit_into_play,L,1,2,1.38,0.14,0.68,1.4,-6.66269756270723,-136.68178392768056,-3.19432156607534,18.73395442891754,26.71719950478872,-29.91831858275269,54.59,-0.168
SI,2.0,4.95,"González, Victor",624647,foul,L,1,2,1.47,0.59,0.59,2.24,-6.88468768659425,-136.7687833072197,-2.704866986112469,20.00396477984373,25.549345346810117,-24.31661855611336,54.39,0.0
SL,1.95,4.85,"González, Victor",624647,ball,L,0,2,-0.25,-0.28,-1.71,2.52,-8.15501891813107,-125.59399701309724,1.150347055321878,-1.3119243032570516,20.924698835000157,-35.57353067284532,54.47,0.019
SI,2.0,4.88,"González, Victor",624647,called_strike,L,0,1,1.3,0.18,-0.7,1.45,-9.67049612029376,-134.05927027809713,-3.308003802925032,17.651939317934968,26.18783375567053,-29.516272097384128,54.24,-0.047
SL,2.23,4.97,"González, Victor",624647,called_strike,L,0,0,-0.47,-0.36,-0.06,2.72,-4.38094538384392,-123.35161612068266,1.6765856607507457,-4.169800717667777,20.215989356217637,-36.34280292671425,54.52,-0.032
SI,1.87,4.95,"González, Victor",624647,hit_into_play,R,0,0,1.21,0.39,0.23,2.65,-6.969403062636355,-138.08884601952175,-1.2995368922220534,17.01940484808732,26.0297163736142,-27.06788866957925,54.52,-0.1
CH,1.99,4.75,"González, Victor",624647,hit_into_play,R,1,2,1.2,0.21,0.41,1.69,-6.33113994470999,-128.35810444556813,-1.8538922882328133,14.588599179384255,23.361038098473166,-29.649057029706764,54.29,-0.116
SI,2.02,4.93,"González, Victor",624647,foul,R,1,1,1.34,0.49,0.87,2.72,-5.965154805143549,-138.46786192727853,-1.2978522611519048,18.5274486902548,28.91003228021216,-25.760699246230796,54.43,-0.04
CH,2.29,4.72,"González, Victor",624647,foul,R,1,0,1.3,0.28,0.43,2.1,-7.052556272681203,-125.31687143855127,-0.5762036923155117,15.126052482662026,24.047616205930005,-29.30366911221489,54.19,-0.031
SI,2.22,4.92,"González, Victor",624647,ball,R,0,0,1.23,0.65,-0.49,1.28,-9.67038729792901,-135.91202985005015,-5.089663665009084,17.400779706427038,28.99585109187908,-23.124683920857333,54.36,0.024
SI,2.33,4.9,"González, Victor",624647,swinging_strike,L,0,2,1.43,0.42,1.61,2.2,-4.941276673571763,-135.24095141028587,-2.058914220176769,18.61410055925828,28.479638670765976,-26.808059966886816,54.52,-0.149
SL,2.32,4.81,"González, Victor",624647,foul,L,0,1,-0.5,-0.56,-0.41,2.32,-5.225024450682833,-120.35306174953824,1.7434216134642624,-4.181505063770493,17.937983470445882,-38.16337161040634,54.55,-0.047
SI,2.22,5.03,"González, Victor",624647,called_strike,L,0,0,1.2,0.28,-0.06,1.92,-8.374873558884246,-134.3235325738537,-2.796475992954365,16.204535837737254,23.24229961408318,-28.373743998386317,54.41,-0.032
SL,2.17,4.88,"González, Victor",624647,hit_into_play,L,1,1,-0.2,-0.56,-0.4,1.34,-5.617567318394206,-122.4651119973728,-0.6664070262540972,-0.8508191347225051,25.98782736084455,-37.89441516684806,53.67,-0.097
SL,2.26,5.0,"González, Victor",624647,foul,L,1,0,-0.18,-0.23,0.22,2.95,-4.379763521279792,-122.6073538513278,2.0327077514083305,-1.0582178474433992,22.39982815274346,-35.1266832735309,54.22,-0.019
SL,2.11,5.03,"González, Victor",624647,ball,L,0,0,-0.11,-0.05,-1.58,1.66,-8.439965513045815,-123.49395434428588,-1.5233744140646697,0.3621644582249095,21.577676751321736,-32.6071942681087,54.02,0.016
SI,2.22,4.94,"González, Victor",624647,hit_into_play,L,2,0,1.68,0.47,0.71,2.86,-7.633156713862377,-135.1165860786882,-0.4881897712349624,22.312557200937423,33.060267227700926,-26.604939299689907,53.76,-0.232
SI,2.31,4.98,"González, Victor",624647,ball,L,1,0,1.55,0.29,2.02,2.31,-4.132063009743964,-134.87611341724315,-1.5665257607169556,19.71304073573816,33.503735795758224,-28.573528310241837,54.08,0.045
SI,2.35,5.16,"González, Victor",624647,ball,L,0,0,1.72,0.56,0.32,3.67,-8.961741097115414,-134.87738622901628,0.8577406991825542,22.9740361744155,33.64389406838407,-25.951056050395668,54.1,0.024
SI,2.18,5.07,"González, Victor",624647,hit_into_play,R,0,0,1.43,0.46,-0.47,1.35,-9.842406757751942,-133.9027643272534,-4.555124160112787,19.367898202463667,30.777456332760156,-25.84876128374315,54.08,-0.228
SI,2.12,4.86,"González, Victor",624647,ball,R,3,1,1.69,0.45,2.25,2.65,-3.3800191526943038,-134.3679139777377,-0.6717247843564843,21.042896004639065,35.06570199782449,-26.87975602545874,53.81,0.065
CH,2.16,4.93,"González, Victor",624647,ball,R,2,1,1.87,0.24,1.79,2.86,-4.664143439919219,-124.50826916382132,1.072097322224746,20.21171290598709,31.192826351079862,-30.26762856052993,53.9,0.046
CH,2.07,4.9,"González, Victor",624647,ball,R,1,1,1.66,0.05,-0.84,0.95,-10.357450681748713,-124.629966608356,-3.14364739882062,19.48405286434052,27.230778208581544,-31.21264110152128,53.49,0.023
SI,1.76,4.87,"González, Victor",624647,ball,R,0,1,1.54,0.59,-1.78,1.74,-12.525625390536328,-134.8697599117394,-3.4862369800561632,21.513467517197604,30.40789653643184,-24.411897675049104,53.66,0.011
CH,2.22,4.95,"González, Victor",624647,swinging_strike,R,0,0,1.89,0.48,0.88,1.85,-7.1666018270542935,-126.35330108973338,-2.138966667902168,21.719258947512508,29.75259663492795,-26.810151655891318,53.7,-0.015
CH,2.11,4.97,"González, Victor",624647,hit_into_play,R,1,1,1.74,0.56,-0.25,2.23,-9.227448652238255,-124.90795163259472,-1.350027033641828,20.12706397031354,25.87418785224096,-26.25785844182395,53.58,-0.156
SI,1.88,4.99,"González, Victor",624647,called_strike,R,1,0,1.67,0.48,0.14,3.33,-8.054880046449016,-133.65942297027505,0.650705376357773,21.81468766171145,30.16683054090718,-26.823385972193616,54.05,-0.031
SL,2.18,4.94,"González, Victor",624647,ball,R,0,0,-0.33,0.03,1.32,2.64,-1.363111966328204,-124.72927635107644,0.6356292970946875,-3.301180061896657,19.73885776687964,-32.149757203768324,54.5,0.024
SI,1.92,4.92,"González, Victor",624647,hit_into_play,R,1,0,1.59,0.63,0.56,2.83,-6.981356085147136,-135.3876860791519,-0.931405197823068,21.046416980390383,30.92622570158029,-24.49728901694572,54.08,-0.26
SI,1.82,5.09,"González, Victor",624647,ball,R,0,0,1.72,1.02,-0.18,1.3,-8.922422978556872,-134.76138729750218,-6.109971153055618,22.878698477673765,31.643314529978223,-18.5135165026676,53.89,0.032
SI,1.97,4.97,"González, Victor",624647,hit_into_play,R,0,0,1.45,0.57,0.0,1.62,-8.140971268112237,-133.88037288894895,-3.876891539940184,19.169490336894984,30.713748253483324,-24.606819020032507,54.13,-0.23
CH,2.12,4.98,"González, Victor",624647,hit_into_play,R,3,2,1.45,0.22,1.12,2.99,-5.275269143215934,-122.57046978931544,1.4998147514741755,15.665802272268063,29.153940580727543,-30.65225967770096,53.43,-0.375
SI,2.03,4.97,"González, Victor",624647,foul,R,3,2,1.23,0.8,0.65,1.83,-6.308514299577256,-135.1007523127419,-3.9689515266882704,16.521691970755697,34.59691196726908,-21.675774235366298,53.57,0.0
CH,2.11,4.87,"González, Victor",624647,ball,R,2,2,1.31,0.71,-0.79,1.45,-9.64244320583546,-124.35128568310644,-3.2103913951297613,15.6082310838691,26.568944326867783,-24.3557571487178,53.38,0.115
SI,2.11,4.94,"González, Victor",624647,called_strike,R,2,1,1.42,0.54,0.83,1.81,-6.434817355140364,-134.8400949820033,-3.37788531734375,18.713589700422386,30.90888381377375,-25.08005318180984,53.71,-0.105
SI,2.09,5.05,"González, Victor",624647,foul_tip,R,2,0,1.37,0.66,0.25,2.22,-7.722847863724475,-134.77858310643646,-2.845161613472781,18.394909801638228,31.52959631859024,-23.71062214364607,53.97,-0.057
SI,2.16,5.01,"González, Victor",624647,ball,R,1,0,1.46,0.58,1.65,2.44,-4.556029997601293,-134.67016346155646,-1.962773989898112,18.70860149270517,33.14670881678638,-24.923113117873456,53.74,0.059
SI,2.14,5.17,"González, Victor",624647,ball,R,0,0,1.16,0.79,1.15,2.27,-5.064923415329908,-134.6516113786257,-3.2569781138206446,15.18086778332651,32.246448161262286,-22.05550107208781,54.02,0.036
SI,2.03,4.8,"González, Victor",624647,ball,R,3,2,1.29,0.5,-0.21,3.44,-8.707262013645572,-137.2074558135783,1.0582631181294269,18.206466939775225,29.63893296224384,-26.320582968191204,54.08,0.131
SI,2.18,4.65,"González, Victor",624647,swinging_strike,R,3,1,1.3,0.26,1.28,1.79,-5.192258330122412,-136.14704595680556,-2.2285672816405637,17.35414718104419,28.744671393746177,-28.62966270279644,54.18,-0.024
CH,2.33,4.76,"González, Victor",624647,ball,R,2,1,1.23,0.01,1.13,3.14,-5.418123712887588,-126.5567547662054,2.287310313186043,14.32448899080452,26.221911356353573,-32.81189009777902,54.0,0.219
SI,2.17,4.73,"González, Victor",624647,foul,R,2,0,1.32,0.36,0.24,2.72,-7.9654790427866,-137.14642389422988,-0.3314441207691196,18.41829368437854,30.68700706789922,-27.71987687798657,54.13,-0.142
CH,2.35,4.75,"González, Victor",624647,ball,R,1,0,1.3,0.29,1.26,3.47,-5.234258583432847,-125.46338322587772,2.643293202907559,14.844175188503876,26.39184209390232,-29.95548404627793,54.21,0.141
SI,2.15,4.88,"González, Victor",624647,ball,R,0,0,1.37,0.58,1.35,2.71,-5.114672883780911,-137.3280281862762,-1.227505847361512,18.462382856411047,30.45076678227508,-24.817375056333777,54.31,0.093
CH,2.37,4.76,"González, Victor",624647,hit_into_play,R,2,1,1.19,0.2,0.39,2.62,-7.084634845654447,-124.71220272232044,0.8414411949249971,13.815967060779196,24.960645619594096,-30.52462386937369,54.05,0.403
SI,2.2,4.76,"González, Victor",624647,ball,R,1,1,1.41,0.53,1.06,2.51,-6.122171526175046,-137.8133236578621,-1.342594826479432,19.278637062524275,31.858911644639065,-25.37696209240861,54.23,0.05
SI,1.86,5.0,"González, Victor",624647,ball,R,0,1,1.38,0.76,-1.64,1.14,-12.226526214653152,-138.01206904510477,-6.123203440349216,20.41516528270205,30.981714719353004,-21.25719819514464,54.28,0.021
CH,2.29,4.81,"González, Victor",624647,called_strike,R,0,0,1.27,0.47,0.67,2.87,-6.349505375773262,-123.52150615121984,0.8640325786151557,14.316523247154768,25.12490442937606,-27.80007170495603,54.19,-0.032
CH,2.34,4.72,"González, Victor",624647,hit_into_play,R,2,0,1.33,0.44,0.28,2.69,-7.693641690914752,-126.82187354245514,0.3844013768379427,15.9779725600614,26.417105106636484,-27.706691328471397,54.2,-0.445
SI,2.21,4.87,"González, Victor",624647,ball,R,1,0,1.45,0.63,-0.16,1.17,-9.478967517134508,-138.24520249060535,-5.454093103689615,20.746444520162893,31.531763802772826,-23.005677613773024,54.13,0.076
SL,2.16,4.88,"González, Victor",624647,ball,R,0,0,-0.2,-0.04,-1.62,1.4,-8.49918197049699,-123.98839191981068,-1.846408427587003,-0.4655789037106546,22.850362064833536,-32.456017092630454,54.22,0.028
SI,2.03,4.88,"González, Victor",624647,hit_into_play,L,2,1,1.48,0.49,-0.08,2.31,-8.75890682001173,-137.09650519340585,-2.031082836388482,20.657704265818648,31.59484608186704,-25.70129091092376,54.26,0.448
SL,2.03,4.82,"González, Victor",624647,ball,L,1,1,-0.09,-0.18,-1.7,1.25,-8.497895444635848,-122.62312891375636,-1.5380179135122118,0.8125139545870677,25.04577098663552,-33.91401911746069,54.15,0.058
SI,2.04,4.87,"González, Victor",624647,called_strike,L,1,0,1.28,0.72,0.07,2.73,-7.966297001822953,-137.77036697606923,-1.4804410396413408,18.03823116670704,31.87611151241331,-22.94454615387458,54.36,-0.055
SL,2.47,4.86,"González, Victor",624647,ball,L,0,0,-0.1,-0.25,1.86,2.49,-1.2383476818803043,-124.17460465968882,1.2089159961500786,-0.7784212307752044,23.78775009569912,-35.250555636920964,54.35,0.044
SI,2.09,4.88,"González, Victor",624647,swinging_strike,R,1,2,1.29,0.53,0.14,1.27,-7.95904973748193,-137.79853657152037,-4.879161800026654,18.258309774084523,31.993628338608676,-24.55673136690533,54.32,-0.283
SL,2.15,4.89,"González, Victor",624647,ball,R,0,2,-0.26,-0.25,0.06,0.58,-4.396352587797173,-124.47935159278276,-3.43691874865776,-1.9331029256387124,23.36015038905806,-34.290249396653174,54.29,0.053
SL,2.3,4.85,"González, Victor",624647,foul,R,0,2,-0.32,-0.01,-0.22,1.24,-5.17465016389672,-122.23541331157296,-2.011298202483673,-2.317922156570183,22.054846335293025,-32.065507555803364,54.35,0.0
CH,2.2,4.85,"González, Victor",624647,swinging_strike,R,0,1,1.4,0.48,-0.27,1.86,-8.685011252258644,-125.18041476602954,-1.8101015733470864,16.445915320383634,25.58312939404736,-26.95781555461253,54.25,-0.075
SI,2.25,5.02,"González, Victor",624647,called_strike,R,0,0,1.48,0.47,0.79,2.95,-6.973499248574783,-134.9276590118709,-0.5109092023186896,19.587654960219105,30.43829404953418,-26.61428601067411,54.3,-0.064
SI,2.37,4.62,"González, Victor",624647,hit_into_play,R,0,1,1.52,0.46,0.76,2.55,-7.629402401304904,-138.06081564216953,-0.7878923250636269,21.09247122293771,30.58990604529394,-26.366547353174635,54.08,-0.29
CH,2.31,4.77,"González, Victor",624647,called_strike,R,0,0,1.25,0.12,-0.64,2.81,-9.71811115714024,-127.03246232136784,1.1955375253356744,15.467019545542652,25.410817994401416,-31.381576113831173,54.02,-0.048
CH,2.49,4.59,"González, Victor",624647,hit_into_play,R,1,1,1.34,0.22,-0.53,1.54,-9.901082842203776,-124.59248563395349,-1.3099196855653334,16.02213797163913,27.687390213969067,-29.86944881246761,53.93,-0.307
SI,2.32,4.69,"González, Victor",624647,foul,R,1,0,1.58,0.6,-0.54,1.92,-10.925099962793698,-136.52133653461212,-2.779542642130995,22.21335664226441,30.773230898062607,-24.180801189974588,54.12,-0.062
SI,2.51,4.68,"González, Victor",624647,ball,R,0,0,1.5,0.71,0.73,2.29,-7.887650874707691,-135.72311545656245,-1.939346587918803,20.29499379819337,30.32734372408087,-23.206518491666703,54.11,0.036
SI,2.17,4.99,"González, Victor",624647,hit_into_play,R,1,1,1.37,0.8,0.32,3.4,-7.893976142988493,-138.4789618724106,-0.3170972442789008,19.341848513719533,30.937209916446527,-21.98868941287715,54.3,0.426
SI,2.32,4.87,"González, Victor",624647,swinging_strike,R,1,0,1.42,0.84,0.07,2.66,-8.998160636196744,-136.675872692988,-1.8611516300567053,19.77886262509228,29.533183256205756,-21.40964299730431,54.04,-0.031
SI,2.28,4.97,"González, Victor",624647,ball,R,0,0,1.55,0.38,0.45,3.45,-8.192100249372796,-137.01157448902777,0.9172590460734718,21.345677616875577,30.110268385634548,-27.796142706609334,54.17,0.024
SI,2.33,4.87,"González, Victor",624647,hit_into_play,R,0,0,1.56,0.72,0.08,2.98,-9.30986641768936,-136.4548962153581,-0.7480275735769162,21.584177715770277,30.663414148892315,-23.24124849575225,53.99,-0.228
SI,2.3,4.98,"González, Victor",624647,hit_into_play,R,0,2,1.51,0.81,1.01,2.36,-6.695525787099698,-136.472369347691,-2.76233817530384,20.40662044160418,33.43188000156137,-21.704813415548,54.19,-0.317
SL,2.28,4.98,"González, Victor",624647,foul,R,0,1,-0.12,-0.01,-0.4,1.15,-6.137183674232936,-125.22064796102735,-2.856865395790613,-0.0619471255815229,23.854016608740142,-31.89497964784956,53.96,-0.079
SI,2.27,5.12,"González, Victor",624647,foul,R,0,0,1.48,0.81,-0.3,1.45,-9.85490848409692,-135.30195241174576,-5.379636170004449,20.38166852929653,32.02238628963565,-21.182097320093792,54.13,-0.083
SI,2.16,4.98,"González, Victor",624647,hit_into_play,L,3,2,1.48,0.59,0.83,3.09,-6.772493813951659,-137.14081621299317,-0.4782642886740187,20.228981300994736,33.43993251130332,-24.864906078458773,54.17,0.425
SI,2.25,5.04,"González, Victor",624647,foul,L,3,1,1.73,0.51,0.07,2.0,-9.410285228769926,-135.57066574886426,-3.1393638520930724,23.408967111733524,32.58633093189845,-25.36200269760101,54.11,-0.103
SI,2.24,4.93,"González, Victor",624647,ball,L,2,1,1.73,0.61,0.61,1.04,-7.979845126227516,-134.63327590520345,-5.407686824487357,22.832533426849224,32.06839306912906,-23.77010775160516,53.99,0.127
SI,2.23,5.0,"González, Victor",624647,ball,L,1,1,1.57,0.87,1.73,2.71,-4.751236014683445,-135.89283955788292,-2.000416764352903,20.4690266295626,32.86788649519766,-21.271735093516547,54.29,0.058
SL,2.18,4.99,"González, Victor",624647,ball,L,0,1,-0.15,-0.04,-1.91,1.44,-9.371629847298411,-123.94818680698742,-1.956417454784853,0.3302124463792142,24.970849920927648,-32.40728596705658,53.89,0.031
SI,2.34,5.14,"González, Victor",624647,called_strike,L,0,0,1.55,1.06,0.53,2.51,-8.13969538365529,-136.58403817534247,-3.389619679132573,21.229847548648817,32.740731833398776,-18.36978253665799,54.12,-0.042
SI,2.23,5.11,"González, Victor",624647,ball,L,3,1,1.59,0.8,1.69,3.15,-4.841023286010241,-134.19690391109197,-0.8268268988462175,20.22787776387341,32.12515147731421,-22.625337595536635,54.07,0.16
SI,2.28,5.18,"González, Victor",624647,ball,L,2,1,1.62,0.63,0.95,2.73,-7.045920013657318,-136.42750898820907,-1.9367862155661,21.78173978573131,32.65387407032652,-24.10316053969508,54.06,0.077
SI,2.17,5.22,"González, Victor",624647,swinging_strike,L,2,0,1.67,0.93,0.8,2.86,-7.158082315662311,-134.48976170328353,-2.1930644061000324,21.79520130832553,31.62633504019522,-20.600891313706075,54.12,-0.039
SI,2.27,5.02,"González, Victor",624647,ball,L,1,0,1.57,1.09,-0.88,2.65,-11.371913438127102,-133.68317999320757,-2.473602415866575,21.377832380618443,31.40034415401641,-18.83783144640342,54.21,0.045
SI,2.21,5.04,"González, Victor",624647,ball,L,0,0,1.68,0.88,-1.23,1.24,-12.600338834296318,-135.66010931592217,-5.934045893912264,23.626161949671648,31.39651204150629,-20.143452746767927,54.07,0.024
