pitch_type,release_pos_x,release_pos_z,player_name,pitcher,description,stand,balls,strikes,pfx_x,pfx_z,plate_x,plate_z,vx0,vy0,vz0,ax,ay,az,release_pos_y,delta_run_exp
ST,-1.5,5.7,"Gómez, Yoendrys",672782,swinging_strike,R,0,2,1.37,0.32,1.91,1.71,5.202342637118036,-120.94643210712522,-3.3185908751350848,12.356602424036634,24.482984402426407,-28.59654315347936,53.47,-0.142
FF,-1.46,5.64,"Gómez, Yoendrys",672782,swinging_strike,R,0,1,-0.42,1.54,0.03,3.58,4.833489281530812,-135.41060568415656,-2.9124281137769663,-6.248614944743716,30.36966031952955,-12.795182329557376,53.41,-0.045
FF,-1.55,5.56,"Gómez, Yoendrys",672782,foul,R,0,0,-0.64,1.34,0.49,1.97,6.818095208045922,-136.91012809071665,-6.697950308267038,-9.508448001464082,28.656134930163795,-13.995440647982718,53.4,-0.042
FF,-1.96,5.53,"Gómez, Yoendrys",672782,hit_into_play,L,3,0,-0.6,1.29,-0.38,1.7,5.460903882048947,-135.08724999347044,-6.952943991256928,-8.565341346137005,28.37870235132043,-15.024746704251632,53.34,-0.537
FF,-1.82,5.6,"Gómez, Yoendrys",672782,ball,L,2,0,-0.59,1.25,0.93,2.19,8.464290897955866,-134.70619932948472,-5.770350115408202,-8.968686689191156,27.200208552170437,-15.802086653312497,53.36,0.128
CU,-1.99,5.64,"Gómez, Yoendrys",672782,ball,L,1,0,0.91,-0.69,-0.76,3.21,1.0029600641454937,-115.47378860847174,2.7692311806344394,7.9616590576678625,20.573499241065,-39.10814554409643,53.53,0.066
FF,-1.74,5.65,"Gómez, Yoendrys",672782,ball,L,0,0,-0.6,1.28,-1.08,2.71,3.058936312623328,-134.81465606197563,-4.598688903813351,-8.032894737434509,28.076664335537647,-15.779814196313916,53.46,0.044
ST,-1.97,5.61,"Gómez, Yoendrys",672782,hit_into_play,R,1,0,0.97,0.02,0.23,1.54,3.165170041641783,-120.20908456330652,-2.736655618124037,8.619009930349883,26.636527823267595,-31.59760495412513,53.4,0.242
ST,-1.88,5.71,"Gómez, Yoendrys",672782,ball,R,0,0,1.16,0.16,-0.78,2.8,0.2403539282868588,-120.10513938589015,-0.3907953951238501,11.137762726622626,25.06237562050359,-30.73861192173601,53.59,0.024
FF,-1.77,5.5,"Gómez, Yoendrys",672782,hit_into_play,R,3,2,-0.67,1.29,-0.8,2.35,4.097213491189471,-137.18903850172836,-5.448027439039849,-9.35069963568388,29.37214361165073,-14.932090376966794,53.32,-0.297
FF,-1.83,5.6,"Gómez, Yoendrys",672782,foul,R,3,1,-0.64,1.41,-0.29,3.32,5.453738158816188,-135.3883642922532,-3.1811536219236545,-9.055970365441564,31.035889644234,-14.434231245387986,53.29,-0.078
ST,-2.07,5.46,"Gómez, Yoendrys",672782,ball,R,2,1,1.16,0.2,0.89,1.21,4.645833624427319,-122.29085445221222,-3.894788261916548,10.671620586022549,24.631221531593997,-29.62716970710298,53.38,0.108
ST,-1.8,5.72,"Gómez, Yoendrys",672782,ball,R,1,1,1.19,0.05,1.22,1.45,4.6845469433727365,-121.8690998051646,-3.577299864369415,10.828024696782142,24.86574262618788,-31.115547933038705,53.4,0.05
FF,-1.56,5.6,"Gómez, Yoendrys",672782,ball,R,0,1,-0.43,1.3,1.01,2.62,7.792634494281487,-137.61157435587694,-5.08199302677906,-7.197694743309265,29.77455902777701,-14.704917675492933,53.31,0.021
FF,-1.52,5.77,"Gómez, Yoendrys",672782,foul,R,0,0,-0.26,1.37,0.62,2.52,6.177890275483756,-135.5264342365348,-5.703188527066763,-4.583206364117944,29.744734692949628,-14.193344659882314,53.26,-0.032
ST,-1.7,5.37,"Gómez, Yoendrys",672782,hit_into_play,R,1,1,1.52,0.42,0.81,2.0,2.7951131046767173,-119.6508756347796,-1.922002526641914,14.033230230942548,23.65361617679371,-27.949526363140773,53.44,-0.479
FF,-1.49,5.5,"Gómez, Yoendrys",672782,foul,R,1,0,-0.51,1.49,-0.05,3.02,4.91356126110774,-136.56464265872845,-4.04173220494812,-7.384811785004467,29.04635880158023,-12.838807637642017,53.37,-0.081
FF,-1.9,5.56,"Gómez, Yoendrys",672782,ball,R,0,0,-0.6,1.44,-1.21,4.03,3.1719065134902515,-136.4979899973685,-1.4053246972630686,-8.23536947980487,30.09084404843762,-14.10456876531217,53.47,0.056
ST,-2.0,5.42,"Gómez, Yoendrys",672782,hit_into_play,R,1,0,1.5,0.23,0.51,2.49,2.776489183497445,-118.90616420818478,-0.4730023054989263,13.695728112862096,22.92974049428456,-30.11274105055968,53.5,0.739
ST,-1.92,5.47,"Gómez, Yoendrys",672782,ball,R,0,0,0.73,0.62,2.87,0.63,9.89218272036771,-123.38982808399294,-6.277124634040908,5.349580700117024,25.855415548650505,-24.748698949288805,53.39,0.027
CH,-1.83,5.45,"Gómez, Yoendrys",672782,hit_into_play,L,0,1,-1.25,0.68,-0.59,1.55,5.81842047387558,-130.35761458090005,-5.136892091724422,-15.532968686795927,28.572790797998085,-23.47766521616919,53.35,0.163
CU,-1.91,5.74,"Gómez, Yoendrys",672782,called_strike,L,0,0,0.66,-0.75,-0.23,2.59,2.5424382171612563,-119.68429062111014,0.853026162039604,5.905421716705667,22.81891300242781,-39.73996639562652,53.45,-0.015
ST,-1.87,5.65,"Gómez, Yoendrys",672782,hit_into_play,R,0,2,1.0,0.44,0.9,1.46,4.475520772402411,-121.62094884427864,-4.151028891181838,9.066155584592316,23.4481613893752,-27.17204754443832,53.49,-0.104
ST,-1.89,5.65,"Gómez, Yoendrys",672782,called_strike,R,0,1,0.97,0.05,-0.19,2.0,1.9678496653312196,-117.9356418708666,-1.6210266199163568,8.689353266687936,23.0566523351186,-31.569495434188408,53.34,-0.035
ST,-1.76,5.65,"Gómez, Yoendrys",672782,swinging_strike,R,0,0,0.82,0.07,0.82,1.17,4.316076607488079,-119.88268311293923,-3.83032961636432,7.115818863997546,23.039327677269416,-30.977321864041382,53.44,-0.024
CU,-1.75,5.67,"Gómez, Yoendrys",672782,hit_into_play,L,0,1,1.03,-0.81,-0.74,1.79,0.2995369792697225,-119.24474063705672,-0.6679845026345995,9.755214549433504,22.34142808382979,-40.03362977241761,53.63,-0.196
FF,-1.77,5.58,"Gómez, Yoendrys",672782,called_strike,L,0,0,-0.6,1.39,-0.07,1.89,5.775785191175484,-135.43941591507036,-6.854865075303279,-8.668940788364438,28.64832105547162,-13.720967083300067,53.46,-0.032
FF,-1.66,5.48,"Gómez, Yoendrys",672782,hit_into_play,L,2,2,-0.57,1.37,-0.07,1.41,5.390419012466954,-134.17181368295215,-7.630304275121369,-8.059789827554114,29.67957357996649,-14.212407526141702,53.21,-0.2
ST,-2.0,5.38,"Gómez, Yoendrys",672782,foul,L,2,2,1.16,0.08,-0.69,2.49,0.7233397495855842,-119.2474936248116,-0.1354506699356373,10.964261769790715,22.04673636461697,-31.610234546842232,53.6,0.0
FF,-1.87,5.51,"Gómez, Yoendrys",672782,foul,L,2,2,-0.46,1.23,-0.85,2.81,3.692960191255832,-136.08607844303185,-4.000272603979596,-6.496018525500062,28.63959869188071,-16.206495855810807,53.5,0.0
CU,-1.81,5.58,"Gómez, Yoendrys",672782,foul,L,2,2,0.73,-0.83,-0.64,1.3,1.2179056372771455,-118.69154349307296,-1.437371555844032,6.71203060699674,22.627208705986888,-39.95977752244975,53.8,0.0
FF,-1.92,5.49,"Gómez, Yoendrys",672782,ball,L,1,2,-0.12,1.45,-0.7,4.07,3.4365215713148425,-134.81560417962913,-0.9774461134190786,-2.2698754042606013,29.81342999857298,-14.500319233332252,53.61,0.03
FF,-1.72,5.53,"Gómez, Yoendrys",672782,called_strike,L,1,1,-0.16,1.6,0.33,1.52,5.69745833813797,-135.93248814617417,-8.227576056486392,-3.1598480799618582,28.94513062494029,-10.736904695831434,53.35,-0.048
CH,-1.95,5.35,"Gómez, Yoendrys",672782,ball,L,0,1,-1.44,0.52,0.09,1.37,8.223486833259322,-130.3780185304415,-4.991919162711799,-18.192862700360983,29.403395779853064,-25.31502913201587,53.35,0.03
FF,-1.99,5.58,"Gómez, Yoendrys",672782,called_strike,L,0,0,-0.3,1.51,-0.68,3.21,4.07138322978253,-135.1202050342021,-3.5862403905763136,-4.565526197366396,31.72506825650565,-13.138326761718998,53.38,-0.042
FF,-1.77,5.52,"Gómez, Yoendrys",672782,hit_into_play,R,2,2,-0.44,1.63,-0.32,2.92,4.7487746553066055,-134.76995260064325,-4.401909789046255,-6.491349619098749,31.392682062580818,-11.658418897896627,53.52,-0.271
ST,-1.62,5.44,"Gómez, Yoendrys",672782,ball,R,1,2,1.34,0.12,2.19,1.49,6.206736606205524,-121.3639676253026,-2.848456087641205,11.878537706503636,25.28343105125357,-30.66108336843933,53.42,0.054
ST,-1.54,5.63,"Gómez, Yoendrys",672782,ball,R,0,2,1.32,-0.02,1.45,1.54,4.301992321719999,-120.57720115859952,-2.8134910900088785,11.883716425804913,25.625622213795424,-31.9520752288876,53.37,0.02
ST,-1.82,5.52,"Gómez, Yoendrys",672782,foul,R,0,2,1.3,0.12,0.22,1.95,2.158420833058393,-120.2189223508736,-1.8420711410765964,12.145599915062895,24.25214433841989,-30.8490037310902,53.39,0.0
ST,-1.77,5.63,"Gómez, Yoendrys",672782,foul,R,0,2,1.27,0.4,0.74,3.39,3.3064922332552515,-121.5379757904128,0.568886001634569,11.763607097026526,25.94997285345872,-28.58896544363065,53.44,0.0
FF,-1.73,5.52,"Gómez, Yoendrys",672782,foul,R,0,1,-0.38,1.48,-0.56,3.4,3.917432305624126,-136.36076255265883,-3.006003870117918,-5.676098508421246,32.26615033181652,-13.300623372768468,53.55,-0.059
ST,-2.05,5.48,"Gómez, Yoendrys",672782,called_strike,R,0,0,1.15,0.48,0.35,3.31,3.2594237253061538,-120.4103374961908,0.7647096250136214,10.225034186700997,28.052769482201768,-28.05834757371037,53.41,-0.042
ST,-2.22,5.39,"Gómez, Yoendrys",672782,hit_into_play,R,3,2,1.34,0.2,-0.68,2.83,0.9169173595984504,-120.79317449047596,0.2677634703222249,12.857773969398114,24.602335882945788,-30.52064769026948,53.52,0.218
FF,-2.0,5.46,"Gómez, Yoendrys",672782,foul_tip,R,3,1,-0.18,1.76,0.15,2.15,5.97893958454746,-134.2965239661818,-6.515627613330543,-3.5160162017873,31.178635778784948,-9.686316457365804,53.19,-0.059
ST,-1.82,5.39,"Gómez, Yoendrys",672782,ball,R,2,1,1.26,0.6,1.33,0.94,4.800096364082207,-120.96776676285462,-4.953530246699914,11.365159631170426,24.4743745243295,-25.55389375297522,53.42,0.077
CU,-1.72,5.44,"Gómez, Yoendrys",672782,ball,R,1,1,0.76,-0.98,-0.06,1.35,2.321589044229815,-119.5128923219318,-0.7593999862583514,6.785479905243275,24.75453649967796,-41.631945468419104,53.51,0.037
ST,-2.0,5.38,"Gómez, Yoendrys",672782,ball,R,0,1,1.5,0.31,1.64,1.76,5.478220753105957,-121.21263689593628,-2.443884908899928,13.501346440065676,25.924851874584967,-28.798712999793985,53.43,0.017
ST,-1.92,5.45,"Gómez, Yoendrys",672782,called_strike,R,0,0,1.17,0.17,0.49,2.1,3.2294186744168543,-120.12657795925044,-1.41610672294214,10.6277158290981,24.717267890043587,-30.46115703556558,53.66,-0.024
ST,-1.77,5.55,"Gómez, Yoendrys",672782,hit_into_play,R,1,1,1.74,0.18,0.93,1.75,2.730675038419906,-117.35555583178255,-2.077665326604704,15.379141390993526,24.715680734022985,-30.324110011499123,53.55,-0.216
FF,-1.64,5.52,"Gómez, Yoendrys",672782,called_strike,R,1,0,-0.52,1.57,0.54,3.25,6.708478586755327,-132.72776360192964,-3.1809506435741057,-7.717662887380512,30.827375149962197,-13.201296911024958,53.42,-0.044
FF,-1.97,5.55,"Gómez, Yoendrys",672782,ball,R,0,0,-0.4,1.62,-0.88,3.69,3.7416924691731888,-135.0089893438786,-2.482976248727868,-5.716284878267592,31.73034983757516,-12.156937237424366,53.17,0.032
SL,-2.19,5.69,"Gómez, Yoendrys",672782,hit_into_play,L,0,0,0.49,-0.56,-0.09,1.53,3.916093048039468,-122.0161919032914,-2.094105675229446,4.073725383993907,24.78464943858236,-37.59053447500675,53.84,-0.447
FF,-1.6,5.38,"Gómez, Yoendrys",672782,hit_into_play,R,1,1,-0.53,1.3,0.05,3.16,5.50185670974413,-136.03656946651333,-2.904738231657276,-7.730956251873522,29.15610717853152,-15.521874974293029,53.39,-0.316
ST,-1.67,5.41,"Gómez, Yoendrys",672782,ball,R,0,1,1.3,0.18,1.45,1.05,4.6697006867134,-121.14463047464068,-3.944192196422518,11.873590148119591,23.84314297041516,-29.867520083024825,53.46,0.047
CU,-1.73,5.6,"Gómez, Yoendrys",672782,called_strike,R,0,0,1.0,-0.77,-0.54,2.69,0.7441231599469607,-115.88995421492407,1.831386506234204,8.910631140640891,21.79553709518177,-39.628834899083806,53.58,-0.121
FF,-2.1,5.52,"Gómez, Yoendrys",672782,ball,R,3,0,-0.5,1.46,-0.75,3.4,4.636505035892699,-135.80205863262674,-2.949177377934937,-7.195371788864228,29.117041189979957,-13.60289457157704,53.66,-0.011
FF,-1.54,5.52,"Gómez, Yoendrys",672782,ball,R,2,0,-0.44,1.46,1.55,2.13,9.088932313473428,-136.86276080178095,-6.40333112013015,-7.431219988162106,29.0284215125826,-12.596366605292689,53.53,0.094
CU,-1.67,5.59,"Gómez, Yoendrys",672782,ball,R,1,0,0.91,-0.84,-0.78,4.31,0.2612817507643427,-117.47291786945678,5.495408151927151,8.379661664888706,22.235249143466497,-41.24379287243192,53.65,0.06
FF,-1.83,5.62,"Gómez, Yoendrys",672782,ball,R,0,0,-0.47,1.51,0.94,1.37,8.402523493459134,-137.24256807706968,-8.883164875080421,-7.793143017703182,30.459834278215705,-11.268076161988454,53.15,0.03
FF,-1.55,5.46,"Gómez, Yoendrys",672782,hit_into_play,R,0,1,-0.62,1.33,0.24,2.78,6.064674812933091,-135.7564613096389,-4.081332735761051,-9.051882030765247,32.08662295566127,-15.015516446289476,53.48,1.002
FF,-1.7,5.54,"Gómez, Yoendrys",672782,swinging_strike,R,0,0,-0.35,1.52,-0.08,3.49,5.009565244038756,-135.46347978611328,-2.823295562076777,-5.486039019276736,32.60107994554349,-13.130021185370296,53.38,-0.042
CU,-1.76,5.46,"Gómez, Yoendrys",672782,swinging_strike,L,1,2,1.13,-0.67,-0.75,1.19,0.1028497243341229,-117.3688135817114,-1.532570362387568,10.383277434898185,23.13219892798596,-38.26599954836176,53.71,-0.168
FF,-1.68,5.63,"Gómez, Yoendrys",672782,swinging_strike,L,1,1,-0.19,0.95,-1.12,3.11,1.8254996874193143,-131.66660966745098,-2.4124175248429225,-2.599277177532545,26.67008109847412,-20.79274701568102,53.77,-0.049
CH,-1.93,5.34,"Gómez, Yoendrys",672782,foul,L,1,0,-1.07,0.32,-0.71,2.39,5.153332457778909,-124.8951332196354,-1.404504096139095,-12.242749514439796,24.56808589549876,-28.70191405209345,53.33,-0.044
CU,-2.03,5.62,"Gómez, Yoendrys",672782,ball,L,0,0,0.85,-0.85,-1.51,2.59,-0.4387166690624278,-114.80537669898683,1.849846895266396,7.540557031298121,22.108982824409388,-40.217870383737136,53.63,0.032
ST,-1.9,5.29,"Gómez, Yoendrys",672782,hit_into_play,R,0,1,1.2,0.59,0.28,2.5,2.5988242647503363,-117.49802565786264,-0.5708686870499671,10.426558687176124,25.923700451294163,-26.8960743783292,53.27,1.032
ST,-2.05,5.49,"Gómez, Yoendrys",672782,called_strike,R,0,0,1.11,0.59,0.07,1.89,2.6805331105372847,-120.08613778256571,-2.8012822299164246,10.125876698506724,25.591037584943845,-26.11225971878181,53.31,-0.032
FF,-1.35,5.47,"Gómez, Yoendrys",672782,hit_into_play,L,2,1,-0.41,1.66,-0.39,2.2,3.2973129621425614,-130.99017669752627,-5.717214157334549,-5.456099032363574,28.719194547799365,-12.09895344511981,53.43,-0.266
FF,-1.52,5.62,"Gómez, Yoendrys",672782,ball,L,1,1,-0.2,1.48,0.2,3.95,4.8255189428365695,-133.1909482318645,-1.5254197596636971,-3.4303907439373265,30.73330982332221,-14.542359340533546,53.5,0.049
CH,-2.03,5.43,"Gómez, Yoendrys",672782,blocked_ball,L,0,1,-1.4,0.31,-0.16,0.32,7.54479953010739,-127.87416446177808,-6.993472724943556,-16.95866613499834,27.861968917552293,-27.384903325063508,53.42,0.03
FF,-1.58,5.54,"Gómez, Yoendrys",672782,foul,L,0,0,-0.66,1.25,-0.01,2.17,5.419557688060432,-131.85313998436652,-5.227930219718076,-8.908125248695635,29.304782025041096,-16.662332116580117,53.27,-0.042
ST,-1.72,5.39,"Gómez, Yoendrys",672782,ball,R,3,2,1.02,0.45,1.64,1.11,5.820465838561712,-121.76959035006122,-4.312015267698548,8.749771300842045,26.777221283325503,-27.02042535558182,53.32,0.1
FF,-1.51,5.54,"Gómez, Yoendrys",672782,called_strike,R,3,1,-0.35,1.53,0.45,1.7,5.77739449886283,-132.36803947031737,-7.102065594502037,-5.377008205846733,30.12320684033987,-12.90144361946397,53.26,-0.035
ST,-1.88,5.43,"Gómez, Yoendrys",672782,ball,R,2,1,1.2,0.48,-0.31,3.61,1.2393466041156158,-118.3057381982169,1.7125944119263543,10.91452167830199,24.584624169781684,-28.274949817107107,53.43,0.046
FF,-1.59,5.35,"Gómez, Yoendrys",672782,foul,R,2,0,-0.39,1.2,-0.24,2.13,4.293458407625654,-131.9577876552018,-4.808905136721966,-5.471688538628444,25.79896145238605,-17.339620399321333,53.33,-0.022
ST,-2.15,5.35,"Gómez, Yoendrys",672782,ball,R,1,0,1.44,0.4,1.57,0.89,5.84490388689,-121.7053153342518,-4.731133361099863,13.088872910971002,24.216551011178243,-27.41913061289704,53.2,0.026
ST,-1.95,5.46,"Gómez, Yoendrys",672782,ball,R,0,0,1.43,0.47,0.48,1.3,2.780181304619401,-120.29568506844632,-3.9126351345029375,13.308433829713794,24.093128235846255,-27.08047202218317,53.58,0.016
SL,-1.86,5.66,"Gómez, Yoendrys",672782,hit_into_play,R,1,1,0.41,0.18,-0.43,2.11,2.5768343930835824,-124.95693258758696,-2.527201307946345,3.7796298175198255,24.7526498839809,-30.03921846741541,53.5,2.667
ST,-1.98,5.32,"Gómez, Yoendrys",672782,blocked_ball,R,0,1,1.32,0.24,0.92,0.66,4.0201847629933445,-118.8624105537418,-4.400366982493102,11.719982946368152,23.701033448504862,-29.228330161012103,53.69,0.057
FF,-1.84,5.45,"Gómez, Yoendrys",672782,called_strike,R,0,0,-0.78,1.0,0.02,1.49,6.480784233854422,-133.24862714517184,-6.409789043935777,-10.671495827361378,28.557648529870647,-19.10694414777852,53.31,-0.073
FF,-1.5,5.52,"Gómez, Yoendrys",672782,hit_into_play,R,2,2,-0.51,0.92,0.04,3.61,5.037831636191607,-132.84465289430108,-0.93356485481169,-7.04520733330419,27.392445929852244,-21.22326857404033,53.32,0.333
ST,-1.91,5.33,"Gómez, Yoendrys",672782,ball,R,1,2,1.33,0.46,1.62,1.14,5.461762336143868,-119.40465692915562,-3.8809787449089423,11.76983492496445,22.227782499615778,-27.254060326085103,53.54,0.03
ST,-1.77,5.34,"Gómez, Yoendrys",672782,ball,R,0,2,1.46,0.32,2.06,1.54,6.015364152392787,-121.82454799541036,-3.0206998399724423,13.37209826483757,23.97237394506507,-28.582977165879395,53.57,0.026
FF,-1.54,5.55,"Gómez, Yoendrys",672782,called_strike,R,0,1,-0.25,0.91,0.78,2.35,6.606333725402152,-135.58199172442596,-4.521356323411419,-4.551022268414738,29.84095003217384,-20.14581518286787,53.44,-0.045
ST,-1.99,5.37,"Gómez, Yoendrys",672782,swinging_strike,R,0,0,1.27,0.22,0.61,1.56,3.512952337906091,-120.76628296585632,-2.702238025009044,11.778893561397409,23.103668449690066,-29.718694242868,53.61,-0.042
ST,-2.09,5.42,"Gómez, Yoendrys",672782,hit_by_pitch,R,3,2,1.54,0.5,-1.25,2.95,-1.080697083624147,-117.82097585152184,0.2520650561471269,14.464213228758243,25.01482545262265,-27.86247889794361,53.7,0.1
FF,-1.74,5.45,"Gómez, Yoendrys",672782,foul,R,3,2,-0.42,1.34,-0.35,2.7,4.480166413514112,-133.02923632381157,-3.952657073388513,-6.002658408118448,31.483461753194742,-15.71887502655082,53.38,0.0
FF,-1.7,5.6,"Gómez, Yoendrys",672782,foul,R,3,2,-0.3,1.07,0.46,3.24,6.119073636921173,-132.0227403476667,-2.2666255306788035,-4.915675836808248,29.49191167029992,-19.36430940111634,53.6,0.0
ST,-1.76,5.29,"Gómez, Yoendrys",672782,foul,R,3,2,1.59,0.36,0.93,1.76,3.073129137008708,-121.31220619123889,-2.3634827578011843,15.020413483028335,25.1768503133916,-28.414674323138545,53.7,0.0
FF,-1.68,5.61,"Gómez, Yoendrys",672782,foul,R,3,2,-0.04,1.26,-0.6,2.89,2.853421169012285,-132.9382940098008,-3.763036853126812,-1.0926145078120946,26.693084254257943,-16.573852334629898,53.43,0.0
ST,-2.04,5.33,"Gómez, Yoendrys",672782,called_strike,R,3,1,1.27,0.31,-0.65,2.62,0.6927966597859926,-118.4158086268344,-0.0890586016598204,11.827633889034656,22.01743428693231,-29.406556646015257,53.59,-0.035
ST,-2.05,5.34,"Gómez, Yoendrys",672782,ball,R,2,1,1.33,0.31,0.32,0.69,2.834059594753577,-119.436934975204,-4.629658827049949,12.22206727067941,22.781362390783087,-28.53485572904806,53.47,0.046
ST,-1.84,5.45,"Gómez, Yoendrys",672782,ball,R,1,1,1.28,0.64,0.51,1.22,2.8480021366271857,-119.2115020865627,-4.277650269519072,11.695032010821803,22.48084706307344,-25.47216499251989,53.65,0.023
FF,-1.6,5.6,"Gómez, Yoendrys",672782,ball,R,0,1,0.02,1.52,1.14,2.9,7.02061050407572,-134.1201388597912,-4.367714576687523,-1.3922535429880978,30.68883564289153,-13.092470733168556,53.47,0.011
FF,-1.8,5.74,"Gómez, Yoendrys",672782,swinging_strike,R,0,0,-0.26,1.5,-0.5,3.34,3.877580498179728,-132.21149147443774,-3.326796629369162,-3.929958823442064,29.864616464396534,-14.102993981630435,53.49,-0.015
ST,-1.9,5.31,"Gómez, Yoendrys",672782,hit_into_play,R,1,2,1.41,0.93,0.28,2.05,2.2059245078707588,-119.17813763222946,-2.580143820578294,12.980377546761634,23.52290693539319,-23.056966466982285,53.59,-0.116
ST,-1.88,5.34,"Gómez, Yoendrys",672782,swinging_strike,R,1,1,1.35,0.9,1.52,1.52,5.159327481213498,-119.7204791130679,-3.882354065604882,11.951315793872691,24.004736445489907,-22.980241118840272,53.45,-0.04
SL,-1.8,5.65,"Gómez, Yoendrys",672782,foul,R,1,0,0.53,0.05,-0.63,3.66,1.6438238402702263,-121.30957860352252,1.835448096651087,4.884725154163206,24.92292451066534,-32.26242712498208,53.57,-0.031
FF,-1.76,5.5,"Gómez, Yoendrys",672782,ball,R,0,0,-0.33,1.28,1.07,2.55,7.91452293378441,-132.52334760345587,-4.314884257559773,-5.602698970511945,28.62540899855752,-16.33046025992703,53.6,0.024
CU,-1.92,5.64,"Gómez, Yoendrys",672782,hit_into_play,L,2,2,0.83,-0.68,-0.12,2.47,2.42565348170507,-116.52875913339857,1.0100917460226804,7.136638201337721,21.993416142005152,-38.75707099049762,53.79,-0.204
FF,-1.77,5.46,"Gómez, Yoendrys",672782,foul,L,2,1,-0.28,1.34,0.66,2.0,6.745718423186879,-131.37511975683705,-5.629323750549758,-4.55975672292157,26.124755539908385,-15.607164599979992,53.44,-0.063
SL,-1.81,5.59,"Gómez, Yoendrys",672782,called_strike,L,2,0,0.61,0.25,-0.07,2.47,2.9096549126606086,-123.36869977431886,-1.556474657497449,5.786878220296669,21.210615733252745,-29.47825134288509,53.49,-0.057
SL,-1.38,5.68,"Gómez, Yoendrys",672782,ball,L,1,0,0.79,0.04,-1.37,4.21,-1.538165654235064,-119.2575861166724,3.1137300693110364,7.871628934521355,20.41449251187029,-32.473492575042684,53.67,0.064
FF,-1.61,5.55,"Gómez, Yoendrys",672782,ball,L,0,0,-0.31,1.17,-0.87,3.61,2.5038479187721183,-131.75352528282465,-1.46316728719674,-4.072612156646299,25.895248566793924,-18.354128336435394,53.66,0.032
FF,-1.8,5.57,"Gómez, Yoendrys",672782,hit_into_play,L,0,1,-0.48,1.09,0.38,3.04,6.696948497651115,-134.58452618932046,-3.0470333078584693,-7.330392095815467,29.585045025364785,-18.45033799395772,53.53,-0.474
CU,-2.04,5.63,"Gómez, Yoendrys",672782,called_strike,L,0,0,0.67,-0.65,-0.55,2.33,2.097245138987865,-119.0387752081124,0.4059361145909741,5.904041914019018,23.707669025415047,-38.65490192338026,53.89,-0.102
FF,-1.86,5.45,"Gómez, Yoendrys",672782,hit_into_play,R,0,0,-0.42,1.23,0.36,2.6,6.673000099645874,-134.12389262303145,-4.121003659330214,-6.567017368628816,30.01260266903193,-16.67253518876885,53.38,1.559
CH,-2.07,5.29,"Gómez, Yoendrys",672782,hit_into_play,L,1,2,-1.15,0.86,-0.36,2.06,6.74198495810729,-130.87219468089452,-3.863692016232916,-14.650593992198106,28.37922086389823,-21.671120077796427,53.7,-0.107
CH,-2.14,5.2,"Gómez, Yoendrys",672782,ball,L,0,2,-1.25,1.0,-0.34,1.33,7.070920730273381,-127.97904516977287,-5.387996005964177,-15.198519088622486,28.26489539372099,-20.24769433396903,53.38,0.054
SL,-2.1,5.52,"Gómez, Yoendrys",672782,foul,L,0,1,0.49,0.01,0.04,2.27,4.125040986509919,-124.99240942056488,-1.471259403931465,4.304114928451169,24.402472026547763,-31.99013445077393,53.66,-0.215
CH,-2.04,5.32,"Gómez, Yoendrys",672782,called_strike,L,0,0,-1.0,0.85,0.91,1.83,9.373188673718635,-128.373328042747,-4.213086345537829,-13.051459981642076,27.13950260584252,-22.06386148323412,53.61,-0.121
SL,-1.97,5.48,"Gómez, Yoendrys",672782,ball,R,3,2,0.53,0.01,-1.57,3.26,-0.1282977949877476,-123.18205921654248,1.1633758016293718,5.491338562755623,23.303308222620963,-32.539228166038576,53.37,0.835
ST,-2.22,5.4,"Gómez, Yoendrys",672782,ball,R,2,2,1.38,0.45,-1.2,3.17,-0.3587392276184845,-117.82414049720474,0.8146789737263854,12.899523857179954,23.17788327044912,-28.33295737668564,53.88,0.344
ST,-2.31,5.39,"Gómez, Yoendrys",672782,swinging_strike,R,2,1,1.08,0.5,0.76,2.29,4.995076770310469,-121.24297930121874,-1.6563796124422274,9.587808614572984,24.657779017267803,-27.174423998506008,53.39,-0.285
ST,-2.14,5.36,"Gómez, Yoendrys",672782,blocked_ball,R,1,1,1.71,0.41,2.06,0.57,6.360737421108691,-120.79817446454284,-5.309165360594612,15.27202808654794,25.64168768433168,-27.266146884345364,53.35,0.192
SL,-1.87,5.55,"Gómez, Yoendrys",672782,ball,R,0,1,0.51,0.41,0.94,1.56,5.743101060064543,-125.50473938246505,-4.164052276596735,4.268695826216296,23.954127089076064,-27.266315825811784,53.39,0.047
ST,-2.25,5.4,"Gómez, Yoendrys",672782,swinging_strike,R,0,0,1.32,0.53,0.8,0.8,4.43975143596447,-120.64848002897102,-5.104637623535522,12.067293819809526,23.607991256819982,-26.212681596161797,53.67,-0.121
ST,-2.21,5.27,"Gómez, Yoendrys",672782,ball,R,3,2,1.4,0.5,-0.13,1.52,2.0425571134692637,-119.8788762467278,-3.000632226385491,13.042532884980712,23.531662460560007,-26.97289661626476,53.31,0.342
ST,-1.87,5.23,"Gómez, Yoendrys",672782,ball,R,2,2,1.8,0.33,2.71,1.08,7.027593848157933,-120.93181569327947,-3.6754103747515687,16.165156414370156,24.897465007640104,-28.37141509665046,53.64,0.077
ST,-2.08,5.38,"Gómez, Yoendrys",672782,foul,R,2,2,1.54,0.6,0.56,2.63,3.0364972675793807,-118.7020641368304,-0.7356211714368396,13.886997109122325,23.47584182012016,-26.549551802041115,53.12,0.0
ST,-2.06,5.48,"Gómez, Yoendrys",672782,swinging_strike,R,2,1,1.43,0.63,0.43,2.43,2.8815512071103218,-119.80595419329602,-1.5709852755174971,13.116751871317549,25.06729724635842,-26.002975318217068,53.5,-0.239
SL,-2.08,5.6,"Gómez, Yoendrys",672782,foul,R,2,0,0.55,0.23,-0.37,2.87,2.9145824136497533,-122.80203777348824,-0.4507816093937529,4.961048169902756,24.14329890019503,-29.925928995027075,53.58,-0.098
ST,-2.22,5.32,"Gómez, Yoendrys",672782,ball,R,1,0,1.32,0.49,1.21,1.01,5.254913589939235,-118.95340673624266,-4.1314671295069045,11.575332558922232,22.478486235945898,-26.956268865424235,53.41,0.06
ST,-2.36,5.53,"Gómez, Yoendrys",672782,hit_into_play,R,1,1,1.09,0.02,-0.34,1.37,2.4718655710301864,-119.21681409649972,-2.92949609945454,9.960597333900582,22.640240191332985,-31.613444129256656,53.46,0.426
ST,-2.02,5.48,"Gómez, Yoendrys",672782,ball,R,0,1,1.51,0.6,1.72,1.36,5.622013138353289,-119.2608871220105,-3.933998919701006,13.25362569018896,23.982062466784583,-25.84575810540039,53.24,0.017
SL,-2.01,5.69,"Gómez, Yoendrys",672782,called_strike,R,0,0,0.33,0.44,0.64,1.67,5.743751073024265,-126.06388289412554,-4.350739462701778,2.361639953925135,25.102838962969063,-26.841669429521637,53.43,-0.024
ST,-2.1,5.53,"Gómez, Yoendrys",672782,swinging_strike,R,2,2,1.33,0.52,1.02,2.45,4.508218151247613,-117.82830784188003,-1.226678933782578,11.46519437467282,22.88441866482791,-27.333640119074204,53.42,-0.204
ST,-2.33,5.42,"Gómez, Yoendrys",672782,foul,R,2,2,1.55,0.56,0.02,3.25,2.338777488126737,-120.1664875152114,0.5411862241420539,14.410180649133292,25.00998996035512,-27.16433531987769,53.92,0.0
FF,-1.96,5.61,"Gómez, Yoendrys",672782,ball,R,1,2,-0.59,1.42,-1.15,1.62,3.4001733147594035,-134.08810889733488,-7.581225200768496,-7.823831299489203,28.835483296928043,-13.55460217791892,52.94,0.036
FF,-1.96,5.7,"Gómez, Yoendrys",672782,foul,R,1,2,-0.37,1.18,0.15,3.2,6.3342832434335765,-135.71392000093613,-3.3179743400840787,-5.926181864700561,28.276338166230385,-17.030748580333636,53.34,0.0
ST,-2.05,5.44,"Gómez, Yoendrys",672782,foul,R,1,2,1.31,0.49,0.45,2.73,3.075603252327008,-117.92895517614978,-0.3093154825087313,11.560854008537628,24.170180620668862,-27.802691315971902,54.05,0.0
FF,-1.87,5.57,"Gómez, Yoendrys",672782,called_strike,R,1,1,-0.8,1.48,0.57,1.7,8.072975826664646,-134.181290422395,-7.334164399378943,-11.435640221061188,31.137977056924083,-12.83321680822992,53.28,-0.049
SL,-1.97,5.66,"Gómez, Yoendrys",672782,swinging_strike,R,1,0,0.33,0.44,1.06,1.34,6.634247244068824,-124.95043805489316,-4.935011065895699,2.079826016657848,25.481339680659,-26.733139509468955,53.17,-0.044
FF,-2.19,5.64,"Gómez, Yoendrys",672782,ball,R,0,0,-1.0,1.39,-1.32,1.53,4.3412093680835575,-131.46454449480987,-7.230539105955487,-12.572410113769424,31.046884722914356,-14.721869236362805,53.84,0.032
CU,-2.01,5.66,"Gómez, Yoendrys",672782,hit_into_play,R,1,1,0.95,-0.64,0.32,2.95,3.3920992441218467,-116.59350331447646,1.964865742955324,8.02159903577569,21.58157213328189,-38.5848655237144,53.62,-0.217
FF,-2.02,5.45,"Gómez, Yoendrys",672782,called_strike,R,1,0,-0.61,1.47,0.2,1.59,6.997122602078516,-132.98394469139558,-7.100992177514258,-8.735813996101626,27.785969038979776,-13.417038023985308,53.56,-0.039
FF,-2.33,5.48,"Gómez, Yoendrys",672782,ball,R,0,0,-0.69,1.47,-0.47,1.77,6.336440693978048,-134.56589225448516,-6.939094432927716,-9.759458923991565,30.604592143200787,-12.935672754330383,53.35,0.027
CU,-2.23,5.58,"Gómez, Yoendrys",672782,hit_into_play,R,0,1,1.0,-0.59,-0.26,1.8,2.493058470051669,-116.12044317626427,-0.4549586698436197,8.525957052501147,22.350108096136367,-37.60334373330301,53.71,-0.256
FF,-2.11,5.58,"Gómez, Yoendrys",672782,foul,R,0,0,-0.54,1.45,0.09,2.29,6.794686834096276,-132.91086869868408,-5.600402097073924,-7.856617894184018,28.797066872840617,-13.981927037867846,53.49,-0.042
CU,-2.11,5.6,"Gómez, Yoendrys",672782,swinging_strike,L,0,2,0.72,-0.73,-0.1,1.79,3.1331299234658494,-117.03228701926434,-0.337189367697873,5.9336603604659,23.457026549886297,-39.03936937763668,53.67,-0.23
CU,-2.05,5.59,"Gómez, Yoendrys",672782,foul,L,0,2,0.93,-0.77,0.29,1.72,3.4897952397211007,-118.26713324792132,-0.539288454955129,7.932097473829869,24.036017861107773,-39.44826060053205,53.7,0.0
CU,-2.31,5.56,"Gómez, Yoendrys",672782,called_strike,L,0,1,0.86,-0.63,-0.66,2.09,2.0618182269276426,-116.8426493557214,0.225953753601271,7.436234328414767,22.46161692185776,-38.16987823310907,53.72,-0.075
CH,-2.23,5.39,"Gómez, Yoendrys",672782,called_strike,L,0,0,-1.29,0.62,0.75,2.08,9.890639784965291,-125.88109107041014,-2.9707842929248627,-15.729305392445209,25.9879189353253,-25.1975865464849,53.44,-0.064
SL,-1.96,5.64,"Gómez, Yoendrys",672782,ball,R,3,2,0.39,0.22,1.3,1.35,7.087920053604987,-125.12655857186088,-4.441812927387157,2.6461842910813203,25.451482415625893,-29.104935601347325,53.12,0.343
FF,-2.19,5.49,"Gómez, Yoendrys",672782,foul,R,3,2,-0.33,1.35,0.71,2.65,8.160566408529395,-133.27668499256382,-4.275312361260573,-5.711855907025795,29.27760282038616,-15.329230069823494,53.29,0.0
FF,-1.89,5.63,"Gómez, Yoendrys",672782,ball,R,2,2,-0.14,1.25,1.35,3.09,8.723305771569065,-133.99085899200392,-3.374399782567756,-3.6388328722788823,29.148686088053125,-16.589113067684497,53.17,0.093
FF,-2.05,5.61,"Gómez, Yoendrys",672782,foul,R,2,1,-0.87,1.29,-0.43,2.36,6.110413514195251,-134.13700576452877,-5.326603435817352,-11.819131998974784,29.634474083172595,-15.60128469062753,53.3,-0.063
SL,-1.77,5.75,"Gómez, Yoendrys",672782,ball,R,1,1,0.47,0.38,1.55,1.68,7.008650547259772,-124.51576279968133,-4.192099888237865,3.617204309481353,22.973961721821823,-27.580286964695112,53.28,0.05
FF,-1.85,5.63,"Gómez, Yoendrys",672782,foul,R,1,0,-0.51,1.61,0.72,2.76,7.7401896093934415,-133.13752257563524,-4.891635550573809,-7.804940929016931,31.11091434263061,-12.209147301452914,53.08,-0.044
FF,-2.07,5.54,"Gómez, Yoendrys",672782,ball,R,0,0,-0.37,1.22,1.76,2.08,10.537727802593958,-131.71132543137162,-5.446587216628341,-6.4158613535705005,26.438078034305228,-16.910789311158634,53.32,0.032
CH,-2.04,5.41,"Gómez, Yoendrys",672782,swinging_strike,L,2,2,-1.04,0.79,-0.69,2.6,5.553910351228493,-128.16872325070324,-2.3680958642570253,-12.604173536999488,28.088712654395376,-23.157380670956357,53.32,-0.088
CU,-1.99,5.66,"Gómez, Yoendrys",672782,ball,L,1,2,0.89,-0.72,1.26,0.75,5.6803368377701045,-119.47285676344528,-3.1366429992504576,7.263962142726798,24.983716448838184,-38.60126465135968,53.71,0.018
FF,-2.14,5.61,"Gómez, Yoendrys",672782,foul,L,1,1,-0.7,1.34,-0.64,2.76,5.432695266519215,-134.75764958526207,-4.425429906460219,-9.740076844730856,31.31072682845864,-15.072172426135351,53.53,-0.026
CH,-2.05,5.31,"Gómez, Yoendrys",672782,swinging_strike,L,1,0,-1.31,0.3,0.24,1.35,8.24533250641381,-125.47309889570208,-3.7711280935191858,-15.619612240409822,28.528603222656866,-28.349350554108096,53.32,-0.019
CU,-2.18,5.64,"Gómez, Yoendrys",672782,ball,L,0,0,0.78,-0.99,-2.25,1.62,-1.5965531487236106,-113.8017364379578,0.1749405224510327,7.048856890745063,24.8550546908438,-40.93937396235583,53.94,0.016
FF,-2.22,5.6,"Gómez, Yoendrys",672782,hit_into_play,L,1,2,-0.24,1.33,-0.51,2.98,4.92933391536192,-134.37276395419087,-3.7064031314627823,-4.087582342470645,32.44814724679803,-15.578299495106243,53.78,-0.116
CU,-2.23,5.69,"Gómez, Yoendrys",672782,foul,L,1,2,0.72,-0.87,-0.1,1.95,3.463773744741326,-118.89399923927034,-0.1546250815986194,6.14177886017313,23.29928926779433,-40.56533406986992,53.57,0.0
CU,-2.42,5.53,"Gómez, Yoendrys",672782,foul,L,1,1,1.12,-0.57,-0.5,2.29,2.158568851740058,-117.53799073639166,0.505166866943946,10.039153501709116,21.764688899742808,-37.7276230764269,53.7,-0.04
CH,-2.16,5.45,"Gómez, Yoendrys",672782,swinging_strike,L,1,0,-1.41,0.5,-1.12,1.57,5.448600347354609,-126.1318537030683,-4.117443649712159,-16.135505337026547,27.188181371120525,-26.2171133282608,53.37,-0.031
CH,-2.14,5.63,"Gómez, Yoendrys",672782,ball,L,0,0,-1.07,0.79,-1.21,2.13,4.567034229472911,-128.67860097539207,-4.208338025200212,-12.881082493892173,24.97784466743894,-22.68356915512516,53.46,0.024
ST,-2.24,5.52,"Gómez, Yoendrys",672782,hit_into_play,R,0,1,0.89,0.44,0.12,2.32,3.774769441623455,-122.80425707351186,-1.9685736501604647,8.235615040862122,24.310880708804984,-27.556159717933863,53.55,-0.196
FF,-2.29,5.62,"Gómez, Yoendrys",672782,called_strike,R,0,0,-0.55,1.32,0.04,1.77,7.181698613503024,-133.5328333647844,-6.851907828636445,-8.149959967481555,27.793729068667044,-15.10324538108348,53.43,-0.032
FF,-2.09,5.5,"Gómez, Yoendrys",672782,hit_into_play,R,2,2,-0.49,1.27,0.22,2.03,7.11629089603776,-135.550479259937,-6.017537367189803,-7.563677812435923,29.29505291771485,-15.337550776425998,53.52,-0.328
SL,-2.21,5.44,"Gómez, Yoendrys",672782,blocked_ball,R,1,2,0.74,0.0,2.22,0.04,8.947174204876866,-122.53891284445672,-6.210807169753006,5.489329562164665,26.27542219912312,-30.99300747589709,53.32,0.012
ST,-2.32,5.41,"Gómez, Yoendrys",672782,swinging_strike,R,1,1,0.78,0.36,0.83,1.22,5.66302110970748,-120.00387719315364,-3.741528863799057,6.470394096269613,22.78139202551461,-28.191225981685854,54.08,-0.116
SL,-1.8,5.67,"Gómez, Yoendrys",672782,ball,R,0,1,0.5,-0.42,1.44,1.37,6.519817099768657,-120.764550296196,-2.521077104388329,3.521386991539899,24.5495963240542,-35.99504526860467,53.56,0.057
ST,-2.61,5.41,"Gómez, Yoendrys",672782,foul,R,0,0,0.68,0.69,-0.84,1.9,2.6881896919744954,-118.92971049849784,-2.638770112488612,5.900376105344344,24.04880069139889,-25.329571620407684,54.0,-0.073
ST,-2.49,5.37,"Gómez, Yoendrys",672782,hit_into_play,R,1,0,0.91,0.67,-0.76,2.09,2.1705328243261137,-119.38039258968996,-2.190752162080458,8.303414262460146,22.191154404496157,-25.52816205799557,53.54,-0.53
ST,-2.6,5.37,"Gómez, Yoendrys",672782,blocked_ball,R,0,0,0.99,0.57,2.7,-1.32,10.34433732085439,-122.01842545369206,-10.207732809850404,7.598005331944225,26.5800843073019,-24.43505186581404,53.83,0.051
SL,-2.07,5.56,"Gómez, Yoendrys",672782,hit_into_play,R,1,1,0.6,0.13,-0.06,1.74,3.550288914675275,-123.92010083995788,-2.9081371485832346,5.442302360319299,26.062308646524585,-30.460269949986696,53.41,0.506
FF,-2.14,5.58,"Gómez, Yoendrys",672782,ball,R,0,1,-0.39,1.26,-0.07,1.15,6.2147413602733765,-134.62926064968178,-8.324980991034137,-6.177124830215777,30.619861874403394,-15.156866773250709,53.49,0.031
FF,-2.3,5.65,"Gómez, Yoendrys",672782,foul,R,0,0,-0.41,1.44,-0.69,3.05,5.085546943845472,-135.20022137068474,-4.028332376510005,-6.188501171005497,32.70618910447958,-13.851775976554723,53.51,-0.042
SL,-2.37,5.66,"Gómez, Yoendrys",672782,hit_into_play,R,1,0,0.59,0.67,-0.74,2.16,2.729711768884699,-126.90273589177662,-3.6587933872089695,5.778637945191672,26.33982897254442,-24.390734149332125,53.53,0.242
ST,-2.55,5.39,"Gómez, Yoendrys",672782,ball,R,0,0,1.32,0.5,0.8,0.68,5.089077650355046,-120.10175455840056,-5.1209487685437285,11.583586517946486,26.315161410069447,-26.525572068163857,53.74,0.024
FF,-2.18,5.7,"Gómez, Yoendrys",672782,hit_into_play,L,2,1,-0.33,1.07,-0.74,2.23,4.3612712090278025,-131.3656916514571,-5.0829084492885706,-4.754165026241936,25.674771614733142,-18.850602081830665,53.21,-0.267
SL,-2.24,5.78,"Gómez, Yoendrys",672782,called_strike,L,2,0,0.79,0.36,0.56,1.9,5.045319991870183,-123.89583263770147,-3.6309377893656847,7.23013542764246,22.51083287041584,-27.95435271560709,53.54,-0.057
SL,-2.31,5.66,"Gómez, Yoendrys",672782,ball,L,1,0,0.69,0.24,0.82,3.17,5.974810561024853,-122.26954811649668,0.1453803068297117,5.784321027752211,22.98999139306204,-29.98045168324293,53.35,0.064
SL,-2.44,5.57,"Gómez, Yoendrys",672782,ball,L,0,0,0.51,-0.24,-0.11,1.11,4.285985570400982,-118.47958771551224,-2.975450028641321,3.996230203507408,22.69449391334001,-34.061291151362084,53.55,0.032
ST,-1.7,5.43,"Gómez, Yoendrys",672782,swinging_strike,R,1,2,1.36,0.64,1.26,2.63,4.174648930198246,-121.2095636293212,-1.2300079454542252,12.570559607435014,24.010844523265227,-25.838128428001557,53.53,-0.317
ST,-1.7,5.38,"Gómez, Yoendrys",672782,ball,R,0,2,0.68,0.54,1.75,0.97,6.737481142043732,-121.37640477195858,-4.926056583176043,5.589022351027745,21.480415585505018,-26.04696677427532,53.11,0.009
FF,-1.53,5.53,"Gómez, Yoendrys",672782,swinging_strike,R,0,1,-0.61,1.36,0.34,2.68,6.29491710428983,-136.14832740427957,-4.626178937437353,-9.072414493428766,33.863039604574546,-14.442011533844914,53.29,-0.068
ST,-1.85,5.28,"Gómez, Yoendrys",672782,swinging_strike,R,0,0,0.77,0.68,0.43,1.45,3.743061582987969,-119.65081291152003,-3.489968798289216,6.671752029140272,23.576725415930994,-25.18851709642277,53.12,-0.073
CH,-2.03,5.2,"Gómez, Yoendrys",672782,ball,L,3,2,-1.49,0.3,-0.14,0.6,7.693080155660665,-125.52223176008584,-5.397081338525478,-17.34830928346369,26.734849850422,-28.08354766043685,53.14,0.184
CH,-2.06,5.19,"Gómez, Yoendrys",672782,ball,L,2,2,-1.25,0.42,-2.6,3.2,1.297621962231966,-127.56842281317782,0.5235006208785999,-13.869413756168754,29.724341267703743,-28.016783400125615,54.29,0.071
SL,-1.7,5.49,"Gómez, Yoendrys",672782,foul,L,2,1,0.54,0.41,0.77,1.81,4.932545518603607,-126.8627350556628,-3.586874110273392,4.810372189297477,25.967481428766508,-27.22221369583205,53.05,-0.067
CH,-2.03,5.32,"Gómez, Yoendrys",672782,called_strike,L,2,0,-1.01,0.28,-0.97,1.84,4.696337263382458,-126.72081060419292,-2.778516160128385,-11.826779357673717,26.046281135819985,-28.842889370742157,53.3,-0.033
CH,-1.91,5.28,"Gómez, Yoendrys",672782,ball,L,1,0,-1.38,0.48,-1.09,2.88,4.823918438907874,-127.37554077834696,-0.6706945435045772,-16.05125572566168,24.553705250003222,-27.00727188440001,54.22,0.044
SL,-2.05,5.72,"Gómez, Yoendrys",672782,blocked_ball,L,0,0,0.67,0.12,1.24,1.69,6.539179153675633,-125.0787908162529,-3.5471186153511134,5.628689384005182,26.222615485677235,-30.432556442302094,53.35,0.027
FF,-1.91,5.46,"Gómez, Yoendrys",672782,ball,L,3,0,-0.73,1.6,-0.86,1.29,4.366109053930318,-134.69580397064118,-8.438950843243452,-9.857627338181466,31.83336391563605,-11.093492773288135,53.11,0.042
SL,-1.98,5.6,"Gómez, Yoendrys",672782,ball,L,2,0,0.5,0.48,-0.06,1.44,3.5279835231778884,-122.822676938329,-4.212120534529812,4.13523902972576,28.500842368598573,-26.649503016119446,53.49,0.046
ST,-2.49,5.49,"Gómez, Yoendrys",672782,ball,L,1,0,0.99,0.97,-1.35,2.71,0.6633915815930296,-120.44203966482702,-1.663866121683565,9.43123986676306,26.54123727181707,-22.711711695652205,53.8,0.026
CH,-2.01,5.33,"Gómez, Yoendrys",672782,ball,L,0,0,-1.46,0.42,-0.97,1.45,5.652345627715225,-128.52023495876205,-4.312574763023879,-17.35810710431865,26.504278999661267,-26.794830583670866,53.37,0.016
FF,-1.92,5.57,"Gómez, Yoendrys",672782,hit_into_play,R,1,1,-0.55,1.21,0.28,2.5,7.050176702736052,-136.24181841060712,-4.97139174796382,-8.368519593993055,29.65347535023169,-16.129746058147493,53.09,-0.156
ST,-2.4,5.38,"Gómez, Yoendrys",672782,called_strike,R,1,0,1.27,0.7,-0.16,1.42,2.615308871237584,-118.46020717126646,-3.6571218374133374,11.428171978655577,23.59313219464407,-25.09260613114592,53.43,-0.031
ST,-2.38,5.39,"Gómez, Yoendrys",672782,ball,R,0,0,0.95,0.59,1.42,-0.03,7.0231516984408575,-122.66951736372106,-7.481990941367602,8.21059340969461,24.135664796034188,-24.937827229241663,53.63,0.024
SL,-2.06,5.67,"Gómez, Yoendrys",672782,hit_into_play,R,1,0,0.34,0.36,-0.33,2.05,3.4239330354962925,-124.1742872962964,-2.985833340694064,2.842620350324511,23.36199133980091,-28.05837366788145,53.93,-0.26
FF,-2.13,5.66,"Gómez, Yoendrys",672782,ball,R,0,0,-0.56,1.52,-1.25,2.96,3.5308006153796274,-134.7488390574667,-4.4604344163114575,-7.546452535358541,29.927629039768934,-12.877715276919352,53.17,0.032
ST,-1.97,5.37,"Gómez, Yoendrys",672782,swinging_strike,R,1,2,1.04,0.03,1.18,1.01,5.097833102568812,-119.37035745706952,-3.3014584722222,8.811999060094788,25.220194671320456,-31.42289641663096,54.13,-0.21
ST,-2.15,5.52,"Gómez, Yoendrys",672782,swinging_strike,R,1,1,0.98,0.75,0.93,1.04,5.186127261180759,-120.35411279431196,-5.262086483216171,8.484230584506912,23.343688910648183,-24.049778325512097,53.3,-0.087
FF,-1.68,5.53,"Gómez, Yoendrys",672782,ball,R,0,1,-0.5,1.36,-0.09,1.36,5.270492020510221,-135.19810186754975,-8.019282897326597,-7.281904332849948,28.509021007512573,-13.94861005622607,53.29,0.022
ST,-2.4,5.56,"Gómez, Yoendrys",672782,called_strike,R,0,0,0.63,0.69,-0.63,2.51,2.837616681692171,-119.70138106686936,-1.627595354773804,5.320238929127521,27.02596043942158,-25.53171242553741,53.43,-0.042
CU,-1.53,5.6,"Gómez, Yoendrys",672782,swinging_strike,L,1,2,1.29,-0.91,-0.6,1.77,-0.3832454652760012,-118.29713448422994,-0.0936297339650262,12.001347118658204,26.95836448759233,-40.809437560266495,53.86,-0.071
FF,-1.41,5.36,"Gómez, Yoendrys",672782,swinging_strike,L,1,1,-0.32,1.11,-0.06,2.74,4.189317041785347,-134.8351296639893,-3.326376677971624,-4.7957992785853705,30.63477662115509,-18.08103790260473,53.65,-0.026
FF,-1.6,5.41,"Gómez, Yoendrys",672782,swinging_strike,L,1,0,-0.18,1.33,-0.76,2.7,2.542568466197766,-133.45320366722774,-3.872366780691075,-2.754714213490076,31.133115882947745,-15.724794524157293,53.61,-0.019
SL,-1.62,5.5,"Gómez, Yoendrys",672782,ball,L,0,0,0.2,0.98,-0.63,4.28,2.0842386911926027,-133.65675148951058,0.685674827017157,1.950405420072656,31.12848796444145,-20.908651968707595,53.68,0.016
FF,-1.59,5.67,"Gómez, Yoendrys",672782,called_strike,L,1,2,-0.07,1.35,-0.55,2.18,2.88196211218558,-136.16893863686812,-6.259495029328803,-1.5278598328497586,32.482844709071244,-14.162530536075144,53.69,-0.116
SL,-1.61,5.49,"Gómez, Yoendrys",672782,called_strike,L,1,1,0.58,-0.1,-0.32,2.92,1.8161697514627764,-120.10302234966863,0.948034955397465,5.157392699665487,25.65537400521208,-33.59560509733975,53.62,-0.04
CU,-1.65,5.58,"Gómez, Yoendrys",672782,ball,L,0,1,0.89,-1.01,-0.94,3.09,-0.1114414387720287,-115.10885028297164,3.3750107653575867,7.829808712381485,24.82402848201468,-41.98102803643899,53.77,0.017
FF,-1.59,5.38,"Gómez, Yoendrys",672782,called_strike,L,0,0,-0.44,1.19,-0.48,3.03,3.835217590652247,-134.91235957650622,-2.8033295709843378,-6.231627133247343,31.99139589960553,-17.25791287050261,53.68,-0.024
FF,-1.69,5.37,"Gómez, Yoendrys",672782,called_strike,R,2,2,-0.51,1.26,0.18,2.27,6.026216921491065,-136.4348116472398,-5.075486682969907,-7.768926402023733,32.840781909034945,-15.55974700453177,53.51,-0.204
ST,-1.85,5.15,"Gómez, Yoendrys",672782,ball,R,1,2,0.98,0.45,0.99,1.5,4.617174512042844,-120.01017553738586,-2.5932995901024865,8.29257052411051,26.69592413982563,-27.506837669889887,53.53,0.036
ST,-1.52,5.31,"Gómez, Yoendrys",672782,ball,R,0,2,1.26,0.5,2.05,0.68,5.813110289348657,-121.3944446725161,-5.177714399927643,11.097648091952816,26.69867014738286,-26.32342112146176,53.49,0.019
ST,-1.58,5.38,"Gómez, Yoendrys",672782,swinging_strike,R,0,1,1.41,0.69,0.98,2.38,3.090031578437854,-120.11335355385596,-1.6286631968644925,12.927551254361449,25.28701401102265,-25.41567674926228,53.62,-0.047
FF,-1.58,5.45,"Gómez, Yoendrys",672782,called_strike,R,0,0,-0.44,1.28,0.29,3.29,5.753430364715141,-133.43825106725467,-2.3771542635319056,-6.502297259942109,29.190604316613403,-16.54461509721284,53.58,-0.032
