pitch_type,release_pos_x,release_pos_z,player_name,pitcher,description,stand,balls,strikes,pfx_x,pfx_z,plate_x,plate_z,vx0,vy0,vz0,ax,ay,az,release_pos_y,delta_run_exp
SI,4.11,2.97,"Hill, Tim",657612,hit_into_play,L,0,0,1.29,-0.37,0.58,1.78,-11.27233206012475,-126.58400983397937,4.137210536410816,16.12405115557281,24.572772243419973,-37.30789880298524,53.46,-0.228
SI,4.1,2.87,"Hill, Tim",657612,hit_into_play,L,0,0,1.17,-0.55,0.89,1.69,-10.354197186196728,-128.02603127261548,4.437718735396719,14.942438822051589,24.63645242015694,-39.42319007983036,53.57,0.909
SI,4.16,2.83,"Hill, Tim",657612,ball,R,3,2,1.29,-0.49,0.56,0.73,-11.755807815493554,-131.062503886125,1.7581425774875614,17.180898909628247,25.08559564534949,-38.42317493681136,53.84,0.184
FF,3.8,3.34,"Hill, Tim",657612,ball,R,2,2,1.26,0.36,-1.5,3.18,-16.10531943847929,-131.55489176251092,4.841716230687838,17.817220701781746,25.4863996978686,-29.341634410418127,53.52,0.071
SI,4.05,2.89,"Hill, Tim",657612,foul,R,2,2,1.24,-0.5,-0.54,1.58,-14.069146601659485,-130.18037304040158,3.8911610130106578,17.064230138394436,26.83076154415153,-38.97591820095495,53.66,0.0
FF,3.85,3.37,"Hill, Tim",657612,ball,R,1,2,1.39,0.25,-0.27,3.78,-13.3387506729755,-131.0486506158524,6.582457665679221,18.839330497156983,28.50128527453329,-31.117048661973172,53.53,0.03
SI,4.25,2.88,"Hill, Tim",657612,blocked_ball,R,0,2,1.51,-0.6,0.13,0.48,-13.478017228450303,-130.3023231271825,1.3757209038266092,20.01284345452509,27.175723558508285,-39.585904423507046,53.76,0.026
FF,3.79,3.45,"Hill, Tim",657612,foul,R,0,1,1.41,0.36,-0.34,3.04,-13.53223170749902,-132.5080611079793,4.170998497596204,19.571143244524105,28.789578952976026,-29.218756497314956,53.72,-0.045
SI,4.13,2.86,"Hill, Tim",657612,foul,R,0,0,1.59,-0.35,0.69,2.69,-11.843393782967466,-128.9149467484563,6.480305641730796,20.154228027553543,26.693795857127213,-37.81899404959984,53.7,-0.042
SI,4.19,2.97,"Hill, Tim",657612,swinging_strike,L,0,2,1.25,-0.44,0.83,2.09,-11.0801356574539,-130.7831565921646,4.7745210251294505,16.62486859036527,26.238498355285422,-38.51841587153965,53.69,-0.194
SI,4.05,2.88,"Hill, Tim",657612,swinging_strike,L,0,1,1.38,-0.45,0.43,1.76,-11.81006054533578,-128.91864125917834,4.332747901204996,17.833360439365258,26.94572199407165,-38.43894735426653,53.75,-0.059
SI,3.84,2.92,"Hill, Tim",657612,foul,L,0,0,1.12,-0.7,0.49,2.13,-10.523705601852807,-127.72268028642044,5.755241412807605,14.407547504073294,26.674861447447547,-41.37342238223668,53.67,-0.042
SI,4.0,2.78,"Hill, Tim",657612,swinging_strike,L,1,2,1.27,-0.45,0.12,2.93,-12.268575177044768,-128.5969733995848,7.524464048666376,16.542198904536843,25.51060014730728,-39.09911600258129,53.43,-0.168
FF,3.78,3.12,"Hill, Tim",657612,ball,L,0,2,1.4,0.41,-0.83,3.43,-14.52767795103663,-130.34822976173774,6.025508723707503,19.00358204598997,26.848534445379048,-29.17357855729479,53.5,0.019
SL,3.85,2.85,"Hill, Tim",657612,foul_tip,L,0,1,0.2,0.75,0.04,2.29,-9.229971861478711,-120.88330111471748,3.7176664481960753,3.620028708098667,21.12361123538608,-25.65055255314021,53.61,-0.047
SI,3.84,2.8,"Hill, Tim",657612,called_strike,L,0,0,1.39,-0.23,0.3,2.12,-11.64171359628935,-127.86564596107168,5.0297706828405175,17.57850985257458,24.97421882362536,-36.04240489860992,53.39,-0.032
SI,3.75,2.83,"Hill, Tim",657612,hit_into_play,L,0,1,1.19,-0.3,0.34,2.14,-10.914446491579612,-128.20498027909565,5.0862517456383305,15.327904214416677,24.45921563553461,-36.74283020643493,53.56,-0.188
SI,3.81,2.8,"Hill, Tim",657612,called_strike,L,0,0,1.19,-0.68,-0.6,2.07,-13.123441059931055,-125.24926028027916,6.017523376663864,15.117545367914492,23.6219484403438,-40.91019997078999,53.28,-0.042
SI,3.78,2.72,"Hill, Tim",657612,ball,L,3,2,1.21,-0.45,-0.36,3.96,-12.551376390428285,-125.78519903434874,10.261767560076544,15.152733197956728,22.496840089702765,-39.302194470965865,53.27,0.1
SI,3.84,2.78,"Hill, Tim",657612,foul,L,3,2,1.2,-0.41,-0.56,2.63,-13.112136623322222,-125.2288360557832,6.841103562622152,15.145692015731006,23.346094943968463,-38.23780284931357,53.25,0.0
FF,3.69,3.16,"Hill, Tim",657612,ball,L,2,2,1.35,0.3,-0.9,3.07,-14.404294308156103,-130.52286933458927,5.213684661014246,18.312721600858566,25.5235907615398,-30.14261623362612,53.41,0.043
SI,3.66,2.71,"Hill, Tim",657612,called_strike,L,2,1,1.3,-0.43,-0.61,1.83,-13.142384481813856,-126.63933654407892,5.04943412483396,16.583869632404664,24.334531532583824,-38.17974856913573,53.34,-0.031
SI,3.77,2.94,"Hill, Tim",657612,ball,L,1,1,1.3,-0.39,-0.85,3.84,-13.99323359869589,-126.7404623698251,9.326489864824223,16.701216217880575,23.67779282587307,-38.623788270747234,53.27,0.023
SL,3.66,3.06,"Hill, Tim",657612,ball,L,0,1,0.02,0.7,-1.39,1.59,-11.721554292961434,-120.16430688830872,1.7432279737642151,2.096260005741017,19.34078020428396,-25.81761113040752,53.42,0.011
FF,3.74,3.19,"Hill, Tim",657612,called_strike,L,0,0,1.5,0.25,0.5,2.0,-11.323129189540936,-130.29835206727196,2.527345078168196,19.394676201402817,25.27580919163975,-30.04680031251892,53.5,-0.015
SI,4.01,2.84,"Hill, Tim",657612,hit_into_play,L,0,1,1.29,-0.54,-0.65,2.07,-14.0643958280503,-126.98115893221777,5.511084873841426,16.718215264372876,24.505199926772296,-39.552162069040975,53.47,-0.139
SI,3.88,2.84,"Hill, Tim",657612,called_strike,L,0,0,1.36,-0.6,0.15,2.44,-11.785053343811798,-125.52891109238642,6.632575387069333,16.732288648056944,25.083831462349927,-40.250606506236,53.53,-0.024
SI,3.82,2.79,"Hill, Tim",657612,ball,L,3,1,1.24,-0.46,-0.9,2.87,-14.113536854177122,-127.3565097505097,7.39012034750399,16.36616547381594,25.020293935609743,-39.11021614317789,53.56,0.265
SI,4.0,2.74,"Hill, Tim",657612,called_strike,L,3,0,1.36,-0.53,0.61,1.95,-11.165558446510822,-128.0609219140348,5.390122262775525,17.28318952237233,26.567368320934296,-39.48124746040328,53.63,-0.083
SI,3.79,2.85,"Hill, Tim",657612,ball,L,2,0,1.33,-0.38,-1.19,3.02,-14.99286766550582,-127.14554893861744,7.493720728131439,17.457894414239647,24.878545253060764,-38.25260183461038,53.32,0.133
SI,3.94,2.77,"Hill, Tim",657612,ball,L,1,0,1.02,-0.52,1.09,2.31,-8.979092900781394,-125.98773296995188,6.2215619168497724,12.679997977238312,24.012658616724835,-39.23763018478569,53.62,0.064
FF,3.59,3.16,"Hill, Tim",657612,ball,L,0,0,1.47,0.25,-1.09,3.26,-14.728748245375373,-129.38366999654428,5.897041845334247,19.51749146873759,26.58685901291263,-31.00938329147544,53.52,0.032
SI,3.95,2.82,"Hill, Tim",657612,hit_into_play,R,0,0,1.2,-0.23,0.11,1.63,-11.97708859321246,-128.2834574009921,3.7092239772485582,15.590074272872757,24.452145135246717,-35.68965931540133,53.55,-0.449
SI,3.9,2.86,"Hill, Tim",657612,hit_into_play,L,3,2,1.18,-0.54,0.02,2.57,-12.18613836317489,-129.888482144289,6.555324073508153,15.96945143805265,27.590036500452577,-40.07630634180534,53.61,0.262
SL,3.76,3.04,"Hill, Tim",657612,ball,L,2,2,0.32,0.57,-2.42,4.07,-15.164515962757518,-122.16609879404282,7.838114639699205,6.077600963066113,23.16848368922174,-28.47715846818368,53.34,0.071
FF,3.68,3.12,"Hill, Tim",657612,ball,L,1,2,1.47,0.35,-0.54,4.02,-13.722860460046968,-130.42359225399315,7.660169537113957,19.68739714002488,28.593661429798924,-30.342606936549107,53.49,0.03
FF,3.76,3.16,"Hill, Tim",657612,called_strike,L,1,1,1.55,0.32,-0.54,3.07,-14.10361778017983,-130.52576392633898,5.208803929352044,20.778441082499985,28.06094822749687,-30.05048983459178,53.56,-0.048
SI,3.87,2.81,"Hill, Tim",657612,foul,L,1,0,1.12,-0.49,0.09,1.87,-11.571431821262872,-126.9419425313276,5.003513556750012,14.487556933930309,25.54153098885069,-38.80794702408025,53.46,-0.039
FF,3.72,3.31,"Hill, Tim",657612,ball,L,0,0,1.32,0.34,0.1,4.05,-11.833118667842577,-130.05215470368856,7.238445328221426,17.40002408191543,26.885388086083186,-30.195939772821124,53.59,0.027
SI,3.8,2.88,"Hill, Tim",657612,hit_into_play,L,0,2,1.07,-0.46,0.29,1.76,-10.990513651760375,-129.76828570348016,4.262035039721635,14.2503881518696,24.932262634882854,-38.49320766934972,53.64,0.708
FF,3.73,3.3,"Hill, Tim",657612,foul,L,0,2,1.28,0.46,0.55,3.03,-10.67416281833107,-130.8259040737503,4.35884610676885,16.857471659373285,26.158690894054008,-28.015846603043077,53.75,0.0
SI,3.77,2.83,"Hill, Tim",657612,foul,L,0,2,1.31,-0.37,-0.31,1.74,-12.899589737331803,-129.14125533970736,4.218538390457757,17.283509091629973,26.57970223418728,-37.481264683953626,53.48,0.0
SI,3.82,2.92,"Hill, Tim",657612,foul,L,0,1,1.2,-0.57,0.81,1.35,-10.108219699026623,-130.69129250958443,3.3565057749002523,15.9068173524468,27.974426910270576,-39.72466082578521,53.66,-0.047
SI,3.78,3.02,"Hill, Tim",657612,foul,L,0,0,1.09,-0.56,1.29,1.99,-8.40921243817402,-128.3288310046663,4.817784954877728,13.753422685223644,26.246775958135263,-39.58624460218123,53.58,-0.032
SL,3.81,3.18,"Hill, Tim",657612,hit_into_play,R,0,1,0.26,0.23,-0.25,2.15,-9.995906624692491,-121.7208938090474,3.6294515041563633,4.400967924088245,22.528150060799387,-30.77899455803026,53.63,1.032
SI,3.95,2.96,"Hill, Tim",657612,foul,R,0,0,1.39,-0.25,0.57,3.04,-11.181495731754124,-127.3163457243654,7.0052130633596,17.384090361682805,26.57863562515843,-36.70794543224434,53.51,-0.032
SI,3.89,2.78,"Hill, Tim",657612,hit_into_play,R,2,2,1.23,-0.55,0.87,1.87,-10.098834737644925,-129.6772934741616,5.013237956304155,15.975541866758416,26.69015608221794,-39.7431127763125,53.68,-0.088
FF,3.61,3.36,"Hill, Tim",657612,foul,R,2,2,1.35,0.46,0.98,3.26,-9.651806548838264,-133.23741209557866,4.673094673550494,18.16572194113334,27.597429170997405,-27.90416162175054,53.76,0.0
SI,3.83,2.97,"Hill, Tim",657612,foul,R,2,2,1.45,-0.42,-0.78,1.73,-14.700639099869726,-130.96961187815884,3.856222455448071,19.781423213131134,27.555826094537075,-38.17778587341235,53.6,0.0
FF,3.68,3.32,"Hill, Tim",657612,foul,R,2,2,1.45,0.52,-0.88,3.02,-14.714415487924867,-132.28441893037697,4.143724891023274,20.1341585083556,28.007204840600213,-27.311114300203208,53.49,0.0
SI,3.8,3.05,"Hill, Tim",657612,called_strike,R,2,1,1.33,-0.42,-0.45,2.82,-13.457051400236567,-130.01676155841133,6.463872169312916,17.81454038785289,26.37348907802969,-38.72218307554252,53.51,-0.031
FF,3.75,3.36,"Hill, Tim",657612,ball,R,1,1,1.49,0.43,1.66,3.2,-8.419473541172309,-130.48488924538094,4.764512705184095,18.75844857405989,28.271157599324034,-28.5467480945846,53.54,0.023
SI,3.95,2.99,"Hill, Tim",657612,ball,R,0,1,1.27,-0.66,2.13,1.63,-7.235571083983741,-130.8117193045367,4.060342060539022,16.07126251873963,27.24169354416561,-40.88804982360443,53.87,0.011
SI,3.94,2.97,"Hill, Tim",657612,called_strike,R,0,0,1.15,-0.69,0.42,2.37,-11.068443643510513,-129.08963605987566,6.083739649628258,15.117438218409935,26.201572105619988,-41.43706628558604,53.84,-0.015
SI,3.95,2.85,"Hill, Tim",657612,hit_into_play,R,1,1,0.97,-0.74,0.58,2.06,-10.435125923685987,-129.86141718291628,5.726978922476957,13.220001869016738,27.698728254635007,-42.042551297852015,53.68,-0.156
SI,3.95,2.87,"Hill, Tim",657612,ball,R,0,1,1.33,-0.59,1.09,0.92,-9.810417172355075,-128.52937168670312,2.6057360863681485,16.757251005425463,26.681074958947416,-39.57347262706739,53.75,0.017
SL,3.94,3.24,"Hill, Tim",657612,foul,R,0,0,0.11,0.26,-1.32,2.16,-12.418909813227469,-121.19965677271104,3.5432553083912466,3.488777792464475,23.75917832348433,-30.63581434421376,53.6,-0.024
SL,3.92,3.22,"Hill, Tim",657612,swinging_strike,L,1,2,0.07,0.29,0.29,3.33,-8.573221888460594,-121.275873283318,6.208156196739841,2.308879921816576,23.06012169877049,-30.75556670085541,53.51,-0.168
SI,4.0,3.14,"Hill, Tim",657612,foul,L,1,1,1.42,-0.13,0.3,2.95,-12.221737602763612,-129.89002416431268,5.903856846789167,18.622584405446027,27.105756376162766,-35.22918531712343,53.66,-0.049
SI,3.92,3.01,"Hill, Tim",657612,called_strike,L,1,0,1.2,-0.55,0.21,2.98,-11.710541472197637,-128.4062184457668,7.313338634877833,15.690445664768122,26.216073297177623,-40.15981404717823,53.48,-0.044
SI,3.9,2.96,"Hill, Tim",657612,ball,L,0,0,1.39,-0.14,0.25,1.28,-12.003906488987743,-129.01989198283854,2.301188814271738,18.037187754941893,26.492552140088527,-34.46571497202887,53.45,0.032
SI,4.04,3.06,"Hill, Tim",657612,hit_into_play,R,1,1,1.31,-0.25,0.12,2.68,-12.38148452555553,-128.20782166609905,5.814415395785079,17.07904591107365,27.298649589090687,-36.51773641223465,53.66,-0.431
SI,3.97,2.97,"Hill, Tim",657612,foul,R,1,0,1.16,-0.66,0.4,2.31,-11.271719864350766,-128.8043638673793,5.949357467666712,15.282543612214884,26.862813145696524,-41.164126030473,53.55,-0.058
SI,4.04,3.0,"Hill, Tim",657612,ball,R,0,0,1.29,-0.49,0.88,1.79,-10.482170685155111,-127.88161440811425,4.311474931651549,16.33502046409461,26.880070776454613,-38.79958368188998,53.52,0.042
SI,3.87,2.99,"Hill, Tim",657612,hit_into_play,R,0,0,1.27,-0.46,-0.17,1.74,-12.389192162272243,-126.02685804130915,4.233467340774569,16.025107161289807,24.97649205008936,-38.23613230426942,53.59,-0.228
FF,3.6,3.29,"Hill, Tim",657612,hit_into_play,R,3,2,1.27,0.38,0.37,2.88,-10.758534357918212,-130.30615321091548,4.185013569365797,16.535577940964014,23.9429888236612,-28.80565748686229,53.64,-0.131
FF,3.67,3.44,"Hill, Tim",657612,ball,R,2,2,1.61,0.32,2.17,2.52,-7.238506803237907,-131.6655023415668,2.91631269720891,20.29133025482228,24.64358516429554,-29.13212928799846,53.79,0.043
FF,3.79,3.32,"Hill, Tim",657612,swinging_strike,R,2,1,1.35,0.32,0.75,2.58,-10.516380414752344,-131.11771330038374,3.38300595818965,17.614904470582008,23.63312077477428,-29.25511239694301,53.76,-0.031
SI,4.07,2.85,"Hill, Tim",657612,ball,R,1,1,1.36,-0.36,1.87,1.34,-8.347396520809584,-130.0612772548443,3.007765531227537,17.08805680040598,23.84390181318257,-37.071532735523846,53.82,0.023
FF,3.65,3.44,"Hill, Tim",657612,ball,R,0,1,1.41,0.48,0.51,3.55,-10.997640153973324,-132.6904291086439,5.129655557155576,18.869929908485187,25.21079281688138,-27.74461953825644,53.74,0.011
FF,3.75,3.41,"Hill, Tim",657612,called_strike,R,0,0,1.65,0.37,-0.6,2.23,-14.525133474011255,-131.86383729218323,2.149752224650994,22.058643493029965,23.94770238792353,-28.470524997480744,53.67,-0.015
FF,3.72,3.39,"Hill, Tim",657612,hit_into_play,L,0,2,1.45,0.38,0.43,2.43,-11.264832923253682,-130.34671648565202,2.8092192885023266,18.8304539446794,24.36619345773122,-28.62930146661654,53.86,-0.104
SI,3.89,3.1,"Hill, Tim",657612,foul,L,0,2,1.23,-0.46,0.33,3.31,-11.257332435531945,-127.60538451059956,7.627683350178886,15.549840759988289,23.11322674636221,-38.946964744747696,53.7,0.0
SL,3.81,3.23,"Hill, Tim",657612,foul,L,0,1,0.3,0.29,-0.62,2.28,-10.4970826618359,-116.65429383716535,4.084799109025241,4.5884890525215605,20.372770771198464,-30.48323220283983,53.5,-0.035
SI,3.87,3.15,"Hill, Tim",657612,called_strike,L,0,0,1.52,-0.34,0.77,2.46,-10.734852829738912,-127.35269579449805,5.197236032498807,18.698689854273283,24.167906868023238,-37.15675494373456,53.7,-0.024
SI,3.62,2.93,"Hill, Tim",657612,hit_into_play,L,2,1,1.13,-0.39,0.9,2.42,-9.01453871210196,-128.19014809111988,5.703854815461294,14.30556718911405,26.05672671848661,-37.95987742805171,53.94,-0.12
SI,3.64,2.99,"Hill, Tim",657612,called_strike,L,2,0,1.08,-0.46,0.4,2.43,-10.09620074436146,-127.53746868029026,5.770190208534208,13.85850507217885,25.95073980320076,-38.69038497067876,54.01,-0.022
SI,3.64,2.93,"Hill, Tim",657612,ball,L,1,0,1.35,-0.42,1.15,3.55,-9.07197730836737,-129.30879269900635,8.567955392064965,17.03707580415155,26.036594780330734,-38.946114691871,53.53,0.026
SI,3.84,3.0,"Hill, Tim",657612,ball,L,0,0,1.27,-0.32,1.22,2.03,-9.131860140701704,-129.27528977245444,4.37977114986434,16.17679657260523,26.41357253386656,-36.967033058350665,53.94,0.016
FF,3.57,3.25,"Hill, Tim",657612,hit_into_play,R,0,2,1.34,0.25,0.41,3.12,-10.881450413964252,-131.82346894948498,5.14367869212432,17.910179003217017,27.23955742365504,-30.589592433929685,53.65,-0.398
SI,3.89,2.82,"Hill, Tim",657612,foul,R,0,1,1.25,-0.21,0.01,1.63,-12.343049823501683,-130.7798021366183,3.4691640779117865,16.804552974122757,24.3915842580988,-35.51921275418334,53.89,-0.075
SI,3.72,2.96,"Hill, Tim",657612,called_strike,R,0,0,1.35,-0.09,0.17,2.89,-11.583191669566771,-129.1637027497351,6.101724921801507,17.534542351684124,25.93768315410905,-34.731289544944474,53.94,-0.064
SI,3.74,2.74,"Hill, Tim",657612,hit_into_play,R,2,2,1.08,-0.47,-0.54,2.77,-12.741912740872024,-128.49586990477022,7.217390660288936,14.512863972370544,25.979129696621754,-39.30539312256297,53.86,0.434
FF,3.54,3.13,"Hill, Tim",657612,ball,R,1,2,1.35,0.41,0.39,4.3,-10.92764030337472,-132.36262000850243,8.120202208348854,18.223669080404413,29.92348946862621,-29.58576545056706,53.61,0.036
SI,3.78,2.9,"Hill, Tim",657612,foul,R,1,2,1.1,-0.52,-0.24,1.6,-12.38248035131137,-130.75162494903427,3.8573369129858976,15.093939919938135,24.962458807541424,-39.16879630282772,53.79,0.0
SI,3.8,2.94,"Hill, Tim",657612,foul,R,1,1,1.14,-0.35,0.75,1.72,-9.968463649901246,-129.34095844594913,3.846643091773609,14.83259486276057,26.215424130194,-37.19631789747081,53.65,-0.049
SL,3.48,3.1,"Hill, Tim",657612,ball,R,0,1,-0.17,0.47,-1.0,2.54,-9.84317212258448,-119.13248891270904,4.457894726807854,0.3116452155499725,23.53856815101498,-28.92743925923609,53.85,0.021
SI,3.62,3.04,"Hill, Tim",657612,called_strike,R,0,0,1.25,-0.27,0.27,1.44,-11.065187572565646,-130.3840086616624,2.639000274020296,16.52419537586721,25.482756851472107,-36.03868053466428,53.56,-0.032
SI,3.78,2.9,"Hill, Tim",657612,hit_into_play,L,2,2,1.38,-0.5,0.91,2.51,-10.14581645705533,-130.5841482577815,6.1842178939161245,17.941009572242947,27.58714986955137,-39.48550568209286,53.5,-0.2
SI,3.73,2.85,"Hill, Tim",657612,foul,L,2,2,1.38,-0.74,0.25,1.42,-11.643512178301313,-130.97075698534022,4.081259610151685,18.346849879562853,28.139984412113165,-41.882441118438095,53.75,0.0
FF,3.61,3.24,"Hill, Tim",657612,ball,L,1,2,1.57,0.45,-1.75,2.65,-16.857795448817946,-131.6793985859374,3.562787918290676,21.767315721791164,26.749271023336576,-28.06882094603252,53.83,0.03
SI,3.76,2.83,"Hill, Tim",657612,ball,L,0,2,1.24,-0.6,0.65,1.62,-10.379462340780268,-129.98872333159085,4.33895041185605,16.201699868514737,26.081999639241044,-40.199913395992006,53.73,0.026
SL,3.71,3.01,"Hill, Tim",657612,called_strike,L,0,1,0.13,0.47,-0.52,2.8,-9.89687987355414,-119.14104777966828,5.291736353598423,3.266196970813726,24.67719575959332,-29.13267823491976,53.77,-0.045
SI,3.76,3.05,"Hill, Tim",657612,called_strike,L,0,0,1.33,-0.48,0.96,2.8,-9.807086619045158,-130.2393353792229,6.478524218404631,17.208945899751427,27.849094024669352,-39.33715293847202,53.8,-0.042
FF,3.55,3.17,"Hill, Tim",657612,hit_into_play,R,0,1,1.55,0.38,0.14,2.43,-11.934562655827206,-132.20184340486168,3.318519212185554,20.706600915807805,28.86502700228156,-28.79278727160104,53.84,-0.256
SI,3.65,2.94,"Hill, Tim",657612,called_strike,R,0,0,1.46,-0.35,0.08,2.07,-11.9136600207276,-129.68020123267792,4.655010849566192,18.87789055860728,26.39087273463129,-37.36818491528033,53.83,-0.042
SI,3.88,2.83,"Hill, Tim",657612,hit_into_play,L,0,2,1.55,-0.59,-0.2,1.96,-13.358510745216172,-129.71344005154785,5.207992620425372,20.32540053693745,27.438327634088026,-40.329333685587486,53.86,-0.398
SI,3.66,2.76,"Hill, Tim",657612,foul,L,0,1,1.41,-0.47,0.87,1.87,-9.851853384124734,-129.08774913528012,4.950241432809135,17.826645821101934,27.431896452541068,-38.82053140899966,53.81,-0.075
SI,3.66,2.96,"Hill, Tim",657612,called_strike,L,0,0,1.35,-0.4,-0.11,2.1,-12.143815886253144,-128.85632138603526,4.869652379680201,17.54899253584419,26.73191217902387,-37.968158229756696,53.76,-0.064
SL,3.82,3.23,"Hill, Tim",657612,hit_into_play,L,0,1,0.19,0.18,0.42,2.42,-8.117886973861788,-118.53790740705276,4.581652427087975,3.4226234343837603,24.536906804448247,-31.67983179087935,53.39,0.442
SI,3.62,2.92,"Hill, Tim",657612,called_strike,L,0,0,1.55,-0.22,-0.8,3.05,-14.097185475607189,-128.18785390691912,6.974831196910763,20.007687187189088,25.987868010287407,-36.473834126712994,53.75,-0.032
FF,3.9,3.26,"Hill, Tim",657612,called_strike,L,0,2,1.38,0.45,0.05,3.04,-12.664929924796244,-130.8633230107074,4.584287824540788,18.560741072951465,28.650684017907217,-28.35638332351151,53.47,-0.324
SL,3.88,3.21,"Hill, Tim",657612,foul_bunt,L,0,1,0.05,0.38,0.13,1.98,-8.640513856997858,-118.88427642139098,3.1449210041688933,2.210143086187698,23.437738772928903,-29.456706820914206,53.62,-0.157
SI,3.96,2.97,"Hill, Tim",657612,foul_bunt,L,0,0,1.31,-0.23,0.93,3.02,-10.382542721998792,-130.16196927286845,6.771070278577383,17.18070071915702,28.80448175146948,-36.66263818699541,53.52,-0.093
SI,4.15,2.88,"Hill, Tim",657612,hit_into_play,R,1,2,1.44,-0.56,0.74,1.83,-11.612369882618228,-130.7812823034678,4.699979135689074,19.10744373609099,29.951591862566545,-39.96031791625168,53.65,0.777
SI,4.14,2.92,"Hill, Tim",657612,ball,R,0,2,1.35,-0.52,0.98,1.37,-10.75395117040792,-130.3440513289324,3.3453362022855164,17.689945086677103,29.018994665194494,-39.18084947530477,53.76,0.053
FF,3.84,3.26,"Hill, Tim",657612,foul,R,0,2,1.26,0.78,-0.12,3.49,-12.6755425391121,-131.61303053368476,5.003438081282919,17.533230460358972,31.894199064473007,-24.784040807425303,53.71,0.0
FF,3.98,3.26,"Hill, Tim",657612,swinging_strike,R,0,1,1.27,0.65,0.7,3.17,-10.993970071228942,-131.83228204977584,4.441003039874311,17.284048812027272,31.49436717850237,-26.038312328510536,53.76,-0.075
SI,3.91,3.01,"Hill, Tim",657612,called_strike,R,0,0,1.33,-0.56,0.52,1.98,-11.130391120140033,-128.16701234855398,4.900955844207274,17.11110415521333,28.825801316579,-39.712956613053855,53.56,-0.064
FF,3.93,3.29,"Hill, Tim",657612,hit_into_play,L,0,0,1.52,0.34,-0.26,2.4,-13.755223010629232,-130.53416676874193,3.237040623065504,20.623550245387765,32.679958582093256,-29.49516541608368,53.57,0.41
SI,4.12,2.93,"Hill, Tim",657612,hit_into_play,R,1,1,1.27,-0.56,0.42,0.83,-11.988043481021938,-130.4888577916085,2.0964750867806403,17.227645085822513,30.307159457282246,-39.30926717107999,53.59,-0.718
FF,3.97,3.29,"Hill, Tim",657612,called_strike,R,1,0,1.48,0.76,-0.24,3.11,-13.725849337516845,-130.9466292965605,4.051010419781896,20.07547749750856,31.105038752541198,-24.81800795968696,53.61,-0.132
FF,3.82,3.23,"Hill, Tim",657612,ball,R,0,0,1.51,0.54,-0.32,3.85,-13.626120645288731,-130.9366580075072,6.524577842016422,20.44516678576968,30.88371834279056,-27.935538216096464,53.7,0.086
FF,3.91,3.15,"Hill, Tim",657612,called_strike,L,0,2,1.44,0.25,-0.56,2.34,-14.406244587011454,-131.91079761038037,3.4870673504585614,20.092303383341804,31.45272924031629,-30.457587959835763,53.64,-0.424
SL,4.09,3.21,"Hill, Tim",657612,swinging_strike,L,0,1,-0.06,0.45,-0.97,2.07,-11.305304457452843,-117.53690774410032,3.376611462414076,1.722954561561076,23.98651972184824,-29.063264578905773,53.48,-0.215
SI,4.13,2.98,"Hill, Tim",657612,called_strike,L,0,0,1.32,-0.35,-0.19,2.28,-13.303468432361152,-127.38546094763512,5.322475496546737,17.28650025096736,28.34940541886723,-37.52859869049133,53.68,-0.121
SI,3.72,2.78,"Hill, Tim",657612,hit_into_play,L,0,0,1.2,-0.32,0.22,1.45,-11.162284890964871,-128.21333616807442,3.5704230211829104,15.472155299309524,24.82607139461866,-36.67929186431108,53.48,-0.229
SI,3.78,2.99,"Hill, Tim",657612,hit_into_play,R,3,1,1.3,-0.1,-0.6,2.56,-13.5885476610697,-128.37840053046605,5.309165842240494,16.927153719011173,22.333581674289785,-34.57372910535192,53.31,-0.471
FF,3.73,3.25,"Hill, Tim",657612,ball,R,2,1,1.16,0.29,1.03,3.71,-9.253608000402677,-130.1094307172864,6.584276141782631,15.057120775211432,24.540272443107423,-30.33673794249903,53.42,0.127
SI,3.75,2.93,"Hill, Tim",657612,foul,R,2,0,1.51,-0.21,0.07,2.27,-12.243909601224512,-127.893035045305,5.011419397351347,18.968124884191653,23.450746885557106,-35.7583573148524,53.37,-0.064
SI,3.75,2.9,"Hill, Tim",657612,ball,R,1,0,1.36,-0.24,1.29,1.54,-8.860049640164624,-127.2181320499068,3.37393872048404,16.48408219084435,23.165281755840788,-35.670761945533684,53.44,0.066
SI,3.71,2.95,"Hill, Tim",657612,ball,R,0,0,1.36,-0.23,1.49,2.25,-8.33302168756223,-127.90238216636072,4.953214464371693,16.59648847548682,24.313831512840636,-35.937828831361315,53.33,0.044
SI,3.91,2.93,"Hill, Tim",657612,swinging_strike,R,0,2,1.38,-0.34,0.28,2.29,-11.971357635491142,-129.99339328075374,5.2401144723473045,18.159479717010303,26.547020321140472,-37.46674540445009,53.62,-0.23
SL,3.71,3.28,"Hill, Tim",657612,called_strike,R,0,1,-0.28,0.64,0.0,3.17,-7.833404862470834,-117.35791756238456,5.254496096209443,-1.190061230504135,20.85746117395574,-27.423799115656827,53.52,-0.075
SI,3.77,2.97,"Hill, Tim",657612,foul,R,0,0,1.22,-0.36,-0.08,2.48,-12.10902551834498,-128.74162773089833,5.709350054256804,16.05934080092942,25.314598747115447,-37.65510453108326,53.46,-0.064
SI,3.9,2.96,"Hill, Tim",657612,hit_into_play,L,0,1,1.31,-0.37,1.01,1.88,-9.928550957793536,-129.4904956990673,4.180694011322577,16.690049105675545,24.54374510466016,-37.481904770467615,53.68,0.474
SI,3.71,3.02,"Hill, Tim",657612,called_strike,L,0,0,1.17,-0.32,0.14,2.77,-11.133552693301429,-126.69315205643362,6.264119210481724,14.687573734589323,22.43886996061668,-37.04118423393596,53.41,-0.032
SI,3.83,2.93,"Hill, Tim",657612,hit_into_play,R,2,1,0.99,-0.62,0.17,2.52,-11.1356255115287,-128.31527168405907,6.499765126967328,13.283361952607782,26.313405388374992,-40.69670545641308,53.49,-0.12
SI,3.85,3.01,"Hill, Tim",657612,ball,R,1,1,1.02,-0.39,-0.61,3.68,-13.072253650697064,-127.63752958521152,8.701610163631061,13.677296698558328,24.445283707350985,-38.60549251077772,53.51,0.023
SL,3.9,3.14,"Hill, Tim",657612,ball,R,0,1,0.13,0.58,1.39,2.95,-6.052720491794459,-120.34915208172208,4.984371213916496,2.391124649735206,22.524880405808783,-27.733653402454696,53.63,0.011
SI,3.89,2.93,"Hill, Tim",657612,foul_tip,R,0,0,1.03,-0.51,-0.29,3.37,-12.402493946127649,-127.5846314752584,8.401017160314748,13.729237453805007,25.88218418885348,-39.85038441332044,53.53,-0.015
SI,3.78,3.0,"Hill, Tim",657612,hit_into_play,L,2,1,1.22,-0.44,-0.38,2.37,-12.744590826971852,-126.77259923055652,5.688230062680291,15.76156148124175,25.219158352712466,-38.46153997228324,53.27,-0.193
SI,3.84,2.8,"Hill, Tim",657612,ball,L,1,1,1.48,-0.65,-0.22,0.9,-13.195616394660393,-128.9647500268043,2.826413801096013,19.256223393784385,25.858520671551084,-40.31809237711317,53.5,0.037
SI,3.87,2.84,"Hill, Tim",657612,ball,L,0,1,1.29,-0.45,0.23,1.43,-11.72653674295026,-128.850023428895,3.6057963559078754,16.78318201174108,25.91317822465724,-38.17674042759453,53.5,0.017
SI,3.79,2.91,"Hill, Tim",657612,called_strike,L,0,0,1.34,-0.37,-0.03,2.44,-12.153858408745922,-127.3593343398095,5.859636966224799,17.065688144788947,24.89206225925189,-37.72748308573294,53.54,-0.024
SI,3.89,2.88,"Hill, Tim",657612,hit_into_play,L,1,1,1.45,-0.37,-0.33,1.73,-13.536740867951709,-128.6626989360429,4.155744221666055,18.9129157939755,26.44648210229122,-37.53943403103748,53.38,-0.216
SL,3.67,3.13,"Hill, Tim",657612,ball,L,0,1,0.52,0.8,-1.58,3.24,-13.316289585702805,-121.81313229328106,5.1746622202770105,7.680929828136096,23.04189636219626,-25.516989002609247,53.41,0.021
SI,3.73,3.04,"Hill, Tim",657612,called_strike,L,0,0,1.48,-0.29,0.26,1.66,-11.53134323037439,-126.74072822609055,3.5350704205608494,18.32750444998081,25.94935587627971,-36.283939383909406,53.47,-0.032
SI,3.7,2.92,"Hill, Tim",657612,hit_into_play,L,2,2,1.19,-0.24,0.42,2.46,-10.665877718318322,-129.5635268224262,5.451319480413661,15.562149965920142,24.531161390353592,-36.235197282666725,53.68,-0.088
SI,3.74,2.91,"Hill, Tim",657612,foul,L,2,1,1.44,-0.35,0.17,2.29,-11.826973478118044,-128.41002835304727,5.384876288341612,18.275583632118323,25.4341480186984,-37.484352354653005,53.5,-0.031
FF,3.7,3.3,"Hill, Tim",657612,ball,L,1,1,1.4,0.11,-0.47,3.77,-13.457704120224951,-130.66343588027107,6.991301992680383,18.735985071173403,25.19311193773972,-32.68628305196478,53.6,0.023
SI,3.77,2.8,"Hill, Tim",657612,called_strike,L,1,0,1.26,-0.44,0.54,2.14,-10.477697334559396,-127.32482896235663,5.48699665701045,15.731149984695904,24.06277084628424,-38.34808567307905,53.67,-0.019
SL,3.75,3.29,"Hill, Tim",657612,ball,L,0,0,0.35,0.33,0.62,3.89,-7.903168860815146,-120.14343583854696,7.296414243620584,4.810426838345158,21.598286779367506,-30.58754746038841,53.55,0.016
SI,3.83,2.83,"Hill, Tim",657612,hit_into_play,L,2,2,1.29,-0.39,0.79,2.43,-10.205569140137731,-128.60310999743578,5.978428027040796,16.381616852704383,24.62854553209852,-37.9777582290961,53.57,-0.142
SI,3.75,2.93,"Hill, Tim",657612,ball,L,1,2,1.21,-0.26,-0.67,2.87,-13.45972811597326,-128.8548262876473,6.509307795074441,16.055496329283553,23.366109379119347,-36.65123565092684,53.57,0.026
SI,3.75,3.03,"Hill, Tim",657612,ball,L,0,2,1.18,-0.24,-0.58,3.05,-13.14106522137781,-128.60269682709404,6.6432734980111885,15.591734644162806,22.917157244828477,-36.37566860041004,53.62,0.013
SL,3.84,3.26,"Hill, Tim",657612,called_strike,L,0,1,0.62,0.36,-0.4,2.5,-11.214420820262372,-122.40476447048908,3.9241470202553415,8.263217901694318,21.19888634889525,-29.50839019720523,53.57,-0.035
SI,3.7,3.11,"Hill, Tim",657612,called_strike,L,0,0,1.26,-0.37,0.35,2.91,-10.783923920857458,-126.69289650635218,6.540307930014929,15.750875745936598,24.27500750305185,-37.79558677581554,53.53,-0.024
SI,4.0,2.82,"Hill, Tim",657612,hit_into_play,R,1,1,1.68,-0.39,1.67,1.94,-9.282710705668912,-128.6434727700641,4.835312322568359,20.55167190089192,27.22262194797969,-37.82279582893043,53.57,-0.423
SI,4.01,2.95,"Hill, Tim",657612,foul,R,1,0,1.45,-0.5,1.15,2.31,-10.01881685115588,-127.8007276980433,5.67536315099769,17.965487331431987,26.43197682896807,-39.11034799509298,53.67,-0.106
SI,3.87,2.9,"Hill, Tim",657612,ball,R,0,0,1.26,-0.18,1.23,3.06,-8.930175881620904,-125.69205538093247,7.01439062497658,15.049502419962366,22.43213409097801,-35.68463698897206,53.6,0.051
SI,3.92,2.94,"Hill, Tim",657612,hit_into_play,R,2,1,1.29,-0.35,0.52,2.78,-11.022936758001132,-127.8375169477233,6.539075757179047,16.35421970857254,25.26681829727563,-37.6410343800759,53.61,0.448
SI,3.99,3.01,"Hill, Tim",657612,called_strike,R,2,0,1.67,-0.07,0.72,2.94,-11.48385441072306,-127.54039088820475,6.246237142369008,20.572925671430504,26.22409452273192,-34.629525932023775,53.54,-0.064
SI,3.88,3.03,"Hill, Tim",657612,ball,R,1,0,1.18,-0.2,0.37,4.06,-11.051448745892074,-127.58705050448977,9.149793251751484,15.11373762225266,24.698842445105235,-36.55066692646975,53.64,0.066
SI,3.93,3.07,"Hill, Tim",657612,ball,R,0,0,1.31,-0.29,1.31,2.68,-9.258565532636403,-129.31582119411755,5.770070951635667,16.62020359141855,26.660113140335717,-36.944505702104166,53.62,0.044
FF,3.82,3.15,"Hill, Tim",657612,hit_into_play,R,1,2,1.35,0.19,1.31,2.22,-9.218220248360852,-131.44848383477458,3.266473807287104,17.588118422574805,27.403681832674295,-30.957602118321745,53.61,0.313
SI,3.88,2.96,"Hill, Tim",657612,foul,R,1,2,1.26,-0.5,0.57,2.32,-10.836080350577726,-129.39073854876236,5.581974379915668,16.314036012013496,25.43854595021156,-39.196673168178286,53.72,0.0
FF,3.76,3.35,"Hill, Tim",657612,foul,R,1,2,1.33,0.56,0.27,3.68,-11.601555363097614,-131.03173820189366,5.632518833347143,17.57680316066827,24.25011703046378,-27.07267995687189,53.65,0.0
SI,4.0,2.91,"Hill, Tim",657612,foul,R,1,1,1.42,-0.42,0.2,2.48,-12.262502549550256,-127.39021143335886,6.061951748398654,18.007408563766727,25.88567039670912,-38.35986819497317,53.57,-0.04
FF,3.66,3.42,"Hill, Tim",657612,ball,R,0,1,1.39,0.41,0.36,4.55,-11.199651103319848,-130.25948705883715,8.1169676974888,18.29265075913318,29.75374738045837,-29.796980588401293,53.6,0.017
SI,3.98,2.83,"Hill, Tim",657612,called_strike,R,0,0,1.44,-0.43,-0.07,2.94,-12.942752419978223,-128.09671010430773,7.395902938459507,18.579321931264037,27.014206628796693,-38.91778260124793,53.72,-0.024
SI,3.94,2.89,"Hill, Tim",657612,hit_into_play,R,2,0,1.21,-0.5,-0.26,2.16,-12.649934547168153,-125.9417710479982,5.581888261758312,15.474073467355376,25.573563088502933,-38.98211300373945,53.61,-0.324
SI,3.94,3.02,"Hill, Tim",657612,ball,R,1,0,1.47,-0.25,-0.88,3.05,-14.89380763481252,-127.73174808878444,6.8379763955103074,19.13740515239157,25.630405174142645,-36.74013920389378,53.52,0.064
SI,4.0,2.98,"Hill, Tim",657612,ball,R,0,0,1.36,-0.29,-0.77,1.38,-14.47972108158351,-127.5582971755626,2.8836315961826817,17.762080608389855,25.17401365407023,-36.22843668000712,53.69,0.032
SI,4.01,2.97,"Hill, Tim",657612,hit_into_play,R,0,1,1.42,-0.25,-0.11,2.34,-13.201393621987142,-129.7854649049248,5.0123907064124,18.60174532055661,23.95894658389614,-36.25262708948132,53.77,-0.085
SI,4.01,3.03,"Hill, Tim",657612,called_strike,R,0,0,1.24,-0.27,0.89,2.86,-10.271537116209364,-128.67691884548935,6.2749505810379365,15.867215114570698,25.25429369223363,-36.77343854573267,53.77,-0.015
SI,3.98,2.93,"Hill, Tim",657612,hit_into_play,R,0,0,1.36,-0.34,0.49,1.91,-11.534758545454409,-129.61546836699543,4.258762180870935,17.668775638882483,25.50433273422203,-37.21356542071838,53.76,-0.163
SI,3.95,2.99,"Hill, Tim",657612,hit_into_play,R,0,1,1.3,-0.44,0.69,2.61,-10.670313028074531,-127.4396088385908,6.141001998008981,16.256331827743285,22.675716475046364,-38.37805540271532,53.65,-0.196
SI,3.82,3.02,"Hill, Tim",657612,called_strike,R,0,0,1.47,-0.27,0.27,2.94,-11.757947768719662,-127.5449420603563,6.584105411967007,18.367796640547475,25.178456572047637,-36.75746279084501,53.51,-0.032
SI,3.82,2.82,"Hill, Tim",657612,hit_into_play,R,1,0,1.48,-0.55,0.76,2.18,-10.508255338985023,-126.34649157714222,5.906677619911883,18.00909252061844,26.18876144506815,-39.62681621360532,53.51,-0.116
FF,3.63,3.3,"Hill, Tim",657612,ball,R,0,0,1.55,0.66,0.17,3.51,-12.08364837999888,-131.68044206581982,5.139865657876558,20.57201379807083,27.55685044457298,-25.91263367071496,53.55,0.016
SI,3.87,2.82,"Hill, Tim",657612,hit_into_play,L,1,0,1.34,-0.42,0.34,2.23,-11.36607872642564,-126.54010208358903,5.767085737372824,16.74752269109362,25.89446251215789,-38.24342706693663,53.52,-0.187
SI,3.87,2.9,"Hill, Tim",657612,ball,L,0,0,1.42,-0.49,1.29,3.19,-9.27929570249538,-127.46525941182206,7.996785070856603,17.433838932639745,26.760974402826182,-39.51872912948136,53.57,0.024
SI,3.73,2.9,"Hill, Tim",657612,hit_into_play,R,1,0,1.27,-0.33,0.33,2.35,-11.003979828779531,-127.72324028876604,5.5697753536789225,16.15220763061746,26.0173095514614,-37.25161499741145,53.56,-0.26
SL,3.64,3.1,"Hill, Tim",657612,ball,R,0,0,0.1,0.37,1.65,1.92,-4.656794366171669,-117.15050169530988,3.416809134206788,1.8246115307570767,23.19455325145349,-29.651299755046345,53.63,0.032
FF,3.67,3.25,"Hill, Tim",657612,hit_into_play,L,1,2,1.58,0.46,0.16,2.72,-12.158199336079592,-130.34682900228293,3.820568391447198,20.664319769575048,28.472018011870546,-28.09138675181525,53.58,-0.17
FF,3.67,3.24,"Hill, Tim",657612,ball,L,0,2,1.35,0.4,-0.42,3.6,-13.068064350746212,-129.3929080084013,6.253585678147549,17.886744365664295,27.55047396690403,-29.452055519174323,53.4,0.026
SL,3.58,3.08,"Hill, Tim",657612,swinging_strike,L,0,1,0.28,0.19,-0.44,1.16,-9.615918901626362,-117.584014329641,2.029075987155548,4.385470283611349,21.484836517408823,-31.070595441165327,53.58,-0.045
SI,3.82,2.95,"Hill, Tim",657612,swinging_strike,L,0,0,1.28,-0.68,-0.18,2.06,-12.296802983313688,-125.7155936257408,5.6380104671101625,16.1547292121287,26.90413536201161,-40.95429318497241,53.52,-0.042
FF,3.82,3.2,"Hill, Tim",657612,hit_into_play,R,0,1,1.53,0.34,0.51,2.54,-11.847572968504911,-133.35334689692516,3.623470165257737,20.9201393853622,32.83483621763272,-29.4422801362058,53.41,-0.188
SI,3.78,2.84,"Hill, Tim",657612,foul,R,0,0,1.31,-0.45,1.32,2.04,-8.994829778999737,-130.93255736164198,5.088004617500296,17.069557040984794,29.80659998623411,-38.83465919504384,53.54,-0.042
FF,3.47,3.36,"Hill, Tim",657612,hit_into_play,R,0,2,1.77,0.61,-0.67,3.29,-14.367752469449668,-131.61328272331392,4.646765451462686,23.69488284658353,30.21684433778703,-26.573884821613536,53.23,0.168
SI,4.08,2.85,"Hill, Tim",657612,called_strike,R,0,1,1.24,-0.52,0.1,3.09,-12.724136738769973,-131.2445717019256,7.836680802448984,17.07471675994331,27.79428301499191,-40.32479051335165,53.46,-0.024
SI,3.83,2.96,"Hill, Tim",657612,called_strike,R,0,0,1.39,-0.47,-0.62,2.57,-14.135386416918909,-130.11762538470035,6.216207322865767,18.76691170593394,27.43737457241849,-39.23493867220103,53.35,-0.015
SI,3.75,2.85,"Hill, Tim",657612,hit_into_play,L,2,1,1.33,-0.53,0.38,1.92,-11.19843041799185,-129.1581162011516,5.037893475985481,17.25759587257218,27.948752360178997,-39.53993460678269,53.34,-0.193
SL,3.81,3.11,"Hill, Tim",657612,ball,L,1,1,-0.18,0.71,-0.62,3.45,-9.933767291020647,-120.85702151643564,6.0157511327934206,0.3293458219591803,25.67808400093499,-26.840598721161847,53.37,0.037
SI,3.81,2.93,"Hill, Tim",657612,called_strike,L,1,0,1.41,-0.51,0.01,2.24,-12.446727765404026,-129.1920326346439,5.593770210237126,18.505710827212905,28.206505520923155,-39.5186640022858,53.4,-0.031
SI,3.63,2.88,"Hill, Tim",657612,ball,L,0,0,1.31,-0.48,1.02,2.91,-9.202844892423522,-127.93605894828114,7.379257292730895,16.30450017935466,28.01488540590072,-39.37152188722468,53.39,0.024
SI,3.87,2.87,"Hill, Tim",657612,hit_into_play,R,0,0,1.32,-0.22,0.45,2.49,-11.180002387220403,-127.42080750339052,5.843644406113119,16.78081234620862,27.441071141593408,-36.19453133394782,53.35,-0.228
SI,3.75,2.81,"Hill, Tim",657612,hit_into_play,R,1,0,1.02,-0.79,0.98,1.59,-8.914708073308294,-127.53415592826065,4.917288047109149,13.030161316899898,27.799623650296,-42.08181930797037,53.59,-0.491
SI,3.93,2.94,"Hill, Tim",657612,ball,R,0,0,1.36,-0.62,0.48,1.2,-11.42183929131247,-128.78428044888486,3.2130973466485075,17.506342781083994,26.75399398692168,-40.09231613542735,53.41,0.042
SI,3.81,3.0,"Hill, Tim",657612,hit_into_play,L,1,2,1.29,-0.35,0.08,2.4,-11.89335642441302,-128.76373092605937,5.395802181496682,16.73046450108594,25.368482494894383,-37.46042487725077,53.64,-0.358
SI,3.71,3.0,"Hill, Tim",657612,swinging_strike,L,1,1,1.41,-0.22,-1.23,2.27,-15.195408741777705,-128.6987974326436,4.80974888344293,18.687497892894545,25.23805861556316,-35.9490007535013,53.5,-0.065
SI,3.71,2.97,"Hill, Tim",657612,foul,L,1,0,1.22,-0.48,-0.81,1.47,-13.729140970372468,-128.58008160351156,3.550364495487675,16.438035276710632,27.679688428138984,-38.61848267734038,53.59,-0.106
FF,3.68,3.25,"Hill, Tim",657612,ball,L,0,0,1.12,0.37,-0.71,3.07,-13.356471822469713,-130.23162811473418,4.862196760891257,15.569745408819278,26.891651378736714,-29.290762243813933,53.54,0.051
SI,4.03,2.94,"Hill, Tim",657612,hit_into_play,R,1,0,1.22,-0.5,0.74,2.05,-10.691320671260176,-128.8074603184519,5.035029453837096,15.860814876835011,27.40764628936156,-39.07577032536488,53.6,0.782
SI,3.99,2.99,"Hill, Tim",657612,ball,R,0,0,1.12,-0.62,1.18,2.96,-9.26559784309276,-128.55022274118514,7.432483770724627,14.31945483584368,26.530712009294906,-40.89311065444052,53.58,0.028
SI,3.96,3.0,"Hill, Tim",657612,hit_into_play,R,0,1,1.15,-0.7,0.16,2.69,-11.61284913847808,-126.50226493314706,6.929209887025022,14.630826011021018,23.9152669981258,-41.41461909974307,53.61,-0.423
SI,3.79,3.02,"Hill, Tim",657612,called_strike,R,0,0,1.08,-0.62,-0.12,2.87,-11.766317334074197,-126.58218679098772,7.23226654267562,13.91126774758838,24.414285776974616,-40.68758094772809,53.38,-0.093
SI,3.95,2.81,"Hill, Tim",657612,hit_into_play,R,3,2,1.12,-0.78,0.35,1.39,-11.07151860817108,-126.40573723637404,4.510505709501817,14.349850045538645,27.46764435890668,-41.82724295588984,53.42,0.509
SL,3.82,3.0,"Hill, Tim",657612,ball,R,2,2,0.02,0.4,1.85,3.22,-4.511416850291263,-118.45487921517908,6.463295800903252,1.1280074482997444,24.71887959140657,-30.029481826651768,53.64,0.191
SI,3.7,3.06,"Hill, Tim",657612,foul,R,2,2,1.28,-0.57,-0.68,3.06,-13.55433749408332,-128.64680010818714,7.40577700604292,16.93974579789326,25.75952946256103,-40.40810550084044,53.44,0.0
SI,3.96,2.76,"Hill, Tim",657612,ball,R,1,2,1.23,-0.66,0.21,1.04,-11.770304407479868,-128.31309113742444,3.361688568458127,16.114001929853686,27.430505563071904,-40.52471515503453,53.76,0.077
FF,3.81,3.31,"Hill, Tim",657612,foul,R,1,1,1.67,0.15,0.52,2.63,-11.891877615244589,-131.66099727017195,4.041969247956862,21.991758769138325,29.775138306589337,-31.74011352531761,53.68,-0.078
SI,3.89,2.95,"Hill, Tim",657612,called_strike,R,1,0,1.25,-0.44,0.99,2.32,-9.726423098762062,-127.3163457375156,5.644273416844293,15.602517227150546,27.04663245212473,-38.414994335085,53.46,-0.075
FF,3.88,3.28,"Hill, Tim",657612,ball,R,0,0,1.51,0.24,-0.16,3.78,-13.394961438505163,-130.81853386171906,6.874960519838483,20.31214039399857,29.37421631109358,-31.41018762799342,53.57,0.067
SI,3.96,3.01,"Hill, Tim",657612,hit_into_play,R,0,1,1.29,-0.58,0.78,2.65,-10.561529049517992,-128.95565597597437,6.516224532133799,16.592071663420864,27.60443489085255,-40.39659845511306,53.77,0.442
SI,3.97,3.07,"Hill, Tim",657612,called_strike,R,0,0,1.52,-0.4,-0.1,2.8,-13.184067682981771,-128.0503793171859,6.369329902056468,19.42538263142102,25.691080888612294,-38.22421700956672,53.62,-0.032
SI,3.85,3.04,"Hill, Tim",657612,hit_into_play,R,2,2,1.67,-0.48,-0.41,2.67,-14.138778018839233,-129.58199176961332,6.297766125512613,21.785246968199903,28.258515089644018,-39.34575344911792,53.55,-0.088
SI,3.84,2.93,"Hill, Tim",657612,ball,R,1,2,1.28,-0.8,0.26,0.56,-11.64404450803126,-130.07660833040958,1.9422030309799765,17.02831033701554,29.316334898428984,-41.917695896999135,53.63,0.018
FF,3.79,3.38,"Hill, Tim",657612,foul,R,1,2,1.44,0.58,-0.08,3.39,-12.787752694539725,-131.41822383800843,4.807961777553834,19.478178077832617,28.33367417049889,-26.8437168961424,53.91,0.0
FF,3.73,3.5,"Hill, Tim",657612,ball,R,0,2,1.4,0.54,0.13,4.27,-12.100397057652868,-131.1987642822527,6.838152020754775,18.672120357722253,26.523301314110206,-27.70549936474284,53.49,0.009
FF,3.76,3.32,"Hill, Tim",657612,swinging_strike,R,0,1,1.54,0.53,1.16,3.01,-9.86221906814054,-131.59890592956592,4.106545318518879,19.95492921719769,28.70577936350989,-27.165875933560265,53.65,-0.024
SI,3.83,2.94,"Hill, Tim",657612,called_strike,R,0,0,1.24,-0.67,0.0,3.01,-11.958198859796129,-127.20474760476075,7.873719450703401,15.964871456622054,26.473602419718706,-41.51421454918079,53.45,-0.015
SI,3.93,3.06,"Hill, Tim",657612,hit_into_play,L,0,1,1.86,-0.39,0.9,1.98,-11.482798819834304,-129.75588181531748,4.345558301789498,23.58923105581246,31.29560126540497,-37.87741927937822,53.65,-0.139
SI,3.85,2.91,"Hill, Tim",657612,called_strike,L,0,0,1.72,-0.5,0.8,2.01,-11.035888740996334,-127.15120811727932,5.246229538288148,21.111030626614884,31.97660838172913,-39.2273369561671,53.61,-0.024
SL,3.91,3.11,"Hill, Tim",657612,hit_into_play,L,1,2,-0.08,0.6,0.63,3.04,-7.396139489855473,-119.37254098382031,5.26455358217187,0.4562485208581905,19.688622984741997,-27.52249711783097,53.32,-0.071
SI,4.01,3.09,"Hill, Tim",657612,foul,L,1,1,1.13,-0.56,0.69,2.17,-10.723830832734468,-130.8014965139137,4.901967882121522,15.172925074952138,25.78386455401461,-39.88875412819757,53.77,-0.026
FF,3.86,3.4,"Hill, Tim",657612,ball,L,0,1,1.29,0.54,1.45,3.09,-8.93706428249042,-132.93743016847571,4.009208032890295,17.256822274262845,29.586558547407,-26.96657955881381,53.65,0.011
SI,3.84,3.06,"Hill, Tim",657612,foul,L,0,0,1.43,-0.44,0.65,2.25,-11.08282003644481,-131.10167355998763,4.931318138016634,18.7879813847252,26.267321926359426,-38.53413345082235,53.61,-0.015
FF,3.61,3.32,"Hill, Tim",657612,swinging_strike,R,3,2,1.46,0.32,-0.96,2.98,-14.911605102094416,-133.30292410165146,4.385210583196149,20.509448537960868,27.35218354499537,-29.572674135622243,53.47,-0.211
SI,3.8,3.02,"Hill, Tim",657612,called_strike,R,3,1,1.27,-0.62,0.27,2.41,-11.534914179970102,-129.77859329870736,5.9564123755608005,16.76926240599643,26.599904103529628,-40.783472332102455,53.42,-0.059
FF,3.64,3.45,"Hill, Tim",657612,ball,R,2,1,1.62,0.31,-1.86,2.81,-17.64503621761996,-132.97447356229975,3.689392351492874,22.960328721986823,27.35678048069645,-29.62709127717993,53.32,0.077
SI,3.94,2.92,"Hill, Tim",657612,foul,R,2,0,1.01,-0.54,-0.02,3.06,-11.997561460918002,-128.75873668647478,7.738911802664132,13.846061278003482,28.280378592035795,-40.26632847013026,53.29,-0.039
FF,3.83,3.4,"Hill, Tim",657612,ball,R,1,0,1.32,0.48,-0.36,3.73,-13.50295053232838,-132.80588742101233,5.753503433237158,18.488438688250927,28.039921059508323,-28.054506698823825,53.71,0.045
SI,3.98,3.23,"Hill, Tim",657612,ball,R,0,0,1.3,-0.23,-0.25,3.48,-13.492501494389876,-131.2419430533295,7.182323494281581,17.802621494641574,26.48877071249757,-36.65613372402083,53.43,0.024
FF,3.86,3.39,"Hill, Tim",657612,hit_into_play,R,3,1,1.25,0.3,-0.38,2.63,-13.450864671615872,-132.1211524103218,3.407871792828725,17.470921084475176,26.75367527576921,-29.619097697359788,53.64,-0.375
SI,3.95,2.95,"Hill, Tim",657612,called_strike,R,3,0,1.13,-0.6,0.55,2.27,-10.82366680089323,-129.34389205323953,5.754355109909525,14.94575441679392,27.817085272631797,-40.45816691819529,53.51,-0.083
SI,3.85,3.13,"Hill, Tim",657612,ball,R,2,0,1.12,-0.49,-1.02,3.18,-14.403248829996643,-128.34720228300938,7.393894272864767,15.2250734249802,25.39552873221847,-39.535983328193424,53.37,0.133
SI,3.91,2.86,"Hill, Tim",657612,ball,R,1,0,1.13,-0.55,1.49,2.0,-8.504205401334834,-130.67283032995277,5.1415208754917545,14.763485253901194,28.39783157654257,-39.8737548691472,53.48,0.064
SI,4.05,3.13,"Hill, Tim",657612,ball,R,0,0,1.37,-0.21,-1.61,3.13,-16.96832919857671,-129.39323246344193,6.597995436961988,18.767983527550683,25.28301679162413,-36.34522705570573,53.45,0.032
SI,3.7,3.32,"Hill, Tim",657612,hit_into_play,L,0,0,1.32,-0.2,1.02,2.29,-9.129104342037822,-128.07698045800646,3.9744479198133824,16.362272114516564,25.81112803767133,-35.483897461255474,54.82,-0.23
SI,3.7,3.13,"Hill, Tim",657612,hit_into_play,R,0,2,1.22,-0.56,0.64,2.92,-10.087230145723376,-128.3896428724576,6.830437651176498,15.460737613476113,24.844217138325263,-40.09923895648185,53.52,0.168
FF,3.44,3.54,"Hill, Tim",657612,foul,R,0,2,1.41,0.47,0.86,3.44,-9.608795169451705,-132.79300409646945,4.691532253553636,18.754125920821533,28.65437129113615,-27.889212731589776,53.82,0.0
SI,3.62,3.27,"Hill, Tim",657612,foul,R,0,1,1.32,-0.14,-0.3,3.01,-12.68752185781133,-131.09790445299214,5.672722402011489,17.770520480529903,25.70390519472776,-35.29116223833931,53.63,-0.024
SI,3.71,3.15,"Hill, Tim",657612,swinging_strike,R,0,0,1.4,-0.59,0.8,1.43,-10.266100464385085,-130.33836371650017,3.037006882106739,18.13489663813968,26.619099743264595,-39.79173982632531,53.69,-0.015
FF,3.44,3.51,"Hill, Tim",657612,hit_into_play,R,1,2,1.29,0.44,0.34,2.94,-10.58968928792292,-131.8242394810515,3.601131808787644,17.236297166593626,27.13793488423352,-28.05704851175187,53.79,2.783
FF,3.73,3.45,"Hill, Tim",657612,foul,R,1,2,1.6,0.44,1.0,3.46,-10.334947046817735,-132.33674293344853,5.043977881781972,20.996778029982263,28.300159571154904,-28.429517476580195,53.91,0.0
FF,3.4,3.57,"Hill, Tim",657612,foul,R,1,2,1.44,0.39,0.1,3.2,-11.532491860075552,-132.64924775945894,4.171376372448312,19.38995041550692,25.715571873604045,-28.637260174380778,53.52,0.0
FF,3.38,3.49,"Hill, Tim",657612,foul,R,1,2,1.41,0.13,0.23,3.17,-10.924238385674382,-131.90577235626822,4.83963255378243,18.650921202315825,25.791692972256264,-31.859230731590845,53.92,0.0
FF,3.49,3.47,"Hill, Tim",657612,foul,R,1,1,1.26,0.32,0.34,2.57,-10.67574112610562,-132.21671315932443,2.987256244483055,17.008112682084732,27.927627838004625,-29.27436528242885,53.78,-0.116
FF,3.39,3.43,"Hill, Tim",657612,ball,R,0,1,1.48,0.43,-0.75,3.61,-13.505762368536264,-130.5101818587859,5.658456135888463,19.802230490761826,28.169752384409477,-28.914909497341768,53.66,0.057
FF,3.49,3.45,"Hill, Tim",657612,swinging_strike,R,0,0,1.45,0.71,0.34,3.58,-11.103529537625576,-132.29459787582007,4.825911995510058,19.51694048987743,30.06412299417033,-25.35885588052908,53.82,-0.073
FF,3.49,3.42,"Hill, Tim",657612,hit_into_play,L,1,2,1.48,0.51,0.01,2.46,-11.910267470361251,-131.11243499758996,2.524218032719316,19.564806739201423,27.544509687095868,-27.094692011984662,53.68,-0.358
SI,3.7,3.11,"Hill, Tim",657612,ball,L,0,2,1.16,-0.5,-1.01,2.62,-14.2030153663203,-129.6006796666022,5.952163977799902,15.81568742137743,24.605571959595487,-39.35335128248061,53.47,0.042
SI,3.6,3.15,"Hill, Tim",657612,foul,L,0,1,0.96,-0.46,1.34,2.27,-7.591904410874089,-128.6161413575602,4.913926006197277,12.16301465726559,23.75612299688452,-38.52512317768179,53.73,-0.079
SI,3.78,3.15,"Hill, Tim",657612,called_strike,L,0,0,1.35,-0.48,0.09,2.85,-11.868883539865,-127.90559944125712,6.457117000588782,17.222613705411916,24.536608768727792,-39.10696779050259,53.58,-0.083
SI,3.77,3.1,"Hill, Tim",657612,hit_into_play,R,0,2,1.58,-0.36,0.41,1.99,-11.647113821161728,-129.76637546178287,4.089745262958156,20.241811262712,26.85223637137514,-37.40260519812602,53.83,0.648
FF,3.67,3.45,"Hill, Tim",657612,foul,R,0,2,1.48,0.22,0.2,3.36,-11.769886492477475,-130.3589526232312,5.379774314218412,19.36347540527207,27.05064786968373,-31.07992954288881,53.89,0.0
FF,3.53,3.4,"Hill, Tim",657612,foul,R,0,2,1.44,0.46,0.18,3.28,-11.51632455797146,-131.50516116001032,4.6725717083126295,19.07397824516441,25.76941052825729,-28.008825299211992,53.82,0.0
SI,3.73,3.15,"Hill, Tim",657612,foul,R,0,1,1.19,-0.39,-0.9,1.64,-13.997390877409352,-129.7984773074252,3.1663691697991485,16.249125915544887,25.973682371583,-37.55198512582338,53.76,-0.059
SI,3.78,3.27,"Hill, Tim",657612,called_strike,R,0,0,1.62,-0.11,-0.65,2.62,-14.361851330812849,-128.73705518160233,4.806668100929828,20.866043087810915,25.30563586001071,-34.75172922106336,53.52,-0.042
SI,3.78,3.11,"Hill, Tim",657612,hit_into_play,R,1,1,1.45,-0.35,0.47,2.02,-11.255750262719166,-129.6980917041443,4.1476066283050725,18.727640190508257,27.47735485593769,-37.323449621539375,53.85,-0.29
FF,3.74,3.44,"Hill, Tim",657612,ball,R,0,1,1.44,0.39,1.13,3.81,-9.553822995783491,-130.68774660627025,6.117199730399599,18.46121300224676,26.58520731789579,-29.2916401351672,53.92,0.053
SI,3.65,3.24,"Hill, Tim",657612,called_strike,R,0,0,1.18,-0.32,0.5,2.57,-10.156235557415297,-127.49825586065344,5.184999995332985,14.800627880026676,22.606833949478656,-36.863096325367934,53.6,-0.051
SI,3.74,3.12,"Hill, Tim",657612,hit_into_play,L,1,1,1.65,-0.09,0.44,2.56,-11.584462557667864,-128.68317220482447,4.977362262679172,20.80866888664504,27.10991437604575,-34.5672801888482,53.83,0.64
SI,3.64,3.24,"Hill, Tim",657612,called_strike,L,1,0,1.33,-0.4,-0.32,2.6,-12.394166527800898,-126.91600369093727,5.505396631723476,16.822300322561006,24.821383416450157,-37.913540896347534,53.57,-0.044
SI,3.65,3.14,"Hill, Tim",657612,ball,L,0,0,1.33,-0.27,-0.26,3.42,-12.21507420999296,-126.54276330158704,7.465826407073119,16.69557427672008,24.254792604997093,-36.89905244002566,53.77,0.032
