pitch_type,release_pos_x,release_pos_z,player_name,pitcher,description,stand,balls,strikes,pfx_x,pfx_z,plate_x,plate_z,vx0,vy0,vz0,ax,ay,az,release_pos_y,delta_run_exp
CH,-2.24,5.53,"Kahnle, Tommy",592454,ball,L,3,2,-0.61,0.0,1.15,1.07,9.535630404175876,-127.61488455977182,-4.723944024458358,-8.545823437813766,24.579870267207376,-31.421330334130435,53.78,0.499
FF,-1.97,5.94,"Kahnle, Tommy",592454,ball,L,2,2,-0.57,0.92,-0.94,4.12,3.9579807960871176,-136.07842958134952,-1.0054082328060732,-7.991271954863826,28.384744187837743,-20.699543279068152,53.92,0.157
CH,-2.42,5.54,"Kahnle, Tommy",592454,foul,L,2,2,-0.62,-0.1,-0.1,1.04,6.933540708507445,-127.45228449285086,-4.585855477841843,-8.19205601653114,25.374335658961822,-32.52242275252106,53.83,0.0
CH,-2.16,5.65,"Kahnle, Tommy",592454,foul,L,2,2,-0.92,0.12,-0.71,1.99,5.47146726419768,-127.44586896989814,-2.95805344629148,-11.206999995525331,26.816542514659744,-30.426500015103848,53.79,0.0
FF,-1.96,5.97,"Kahnle, Tommy",592454,ball,L,1,2,-0.46,1.11,-1.31,2.02,2.7317622030918,-136.90170456465603,-7.066215204719852,-6.433721208295253,29.028290029968066,-16.84438530007923,53.86,0.06
CH,-2.29,5.73,"Kahnle, Tommy",592454,ball,L,0,2,-0.98,0.0,-0.7,4.04,5.926047139026855,-128.48333524674592,2.000301704264892,-12.057748474173325,26.96329587699294,-32.77660856501352,53.92,0.042
CH,-2.34,5.59,"Kahnle, Tommy",592454,foul,L,0,2,-0.87,-0.16,-1.0,0.87,5.076453323005964,-127.72905272322905,-4.985502461883154,-10.53798600815226,27.40738581237264,-33.04556973936014,53.9,0.0
CH,-2.44,5.68,"Kahnle, Tommy",592454,called_strike,L,0,1,-0.88,-0.07,0.82,2.05,9.68416804416652,-126.47656746259048,-2.40807519051623,-11.39810698836099,25.77779208365896,-32.58774142856051,53.8,-0.079
CH,-2.18,5.76,"Kahnle, Tommy",592454,called_strike,L,0,0,-0.84,-0.03,-0.06,2.28,6.922377832249023,-127.67528382176856,-2.231106255486563,-10.642940610526876,27.231758170870748,-32.21272671657731,53.84,-0.083
CH,-2.17,5.62,"Kahnle, Tommy",592454,blocked_ball,L,3,2,-0.85,-0.07,1.52,-0.01,10.893948608515483,-129.1152430576798,-7.618494346806457,-11.799121726228398,27.282831797297597,-31.498787773968388,53.74,0.231
CH,-2.0,5.78,"Kahnle, Tommy",592454,ball,L,2,2,-0.55,-0.01,0.03,3.79,6.141723481878405,-128.72142173906326,1.2628535194378177,-7.33909680901234,26.74785549738277,-32.74445568932413,53.88,0.115
FF,-1.8,6.14,"Kahnle, Tommy",592454,ball,L,1,2,-0.62,1.11,-1.4,2.08,2.4883578652457112,-139.00273071021545,-7.576067571027618,-8.654068508244963,30.471906470447596,-16.353612729417655,54.03,0.034
FF,-1.63,6.13,"Kahnle, Tommy",592454,foul,L,1,2,-0.56,1.45,0.26,2.93,6.331682429569115,-140.13657038425094,-6.250455937333049,-8.816752301977603,30.65884056460134,-11.820410012867884,53.97,0.0
CH,-2.45,5.68,"Kahnle, Tommy",592454,ball,L,0,2,-0.91,0.53,-1.53,1.3,4.16094721689696,-127.93474819380012,-5.645010090278788,-10.8849463330287,24.59820056667631,-25.4572222592243,53.92,0.021
CH,-2.36,5.71,"Kahnle, Tommy",592454,called_strike,L,0,1,-0.96,0.62,0.65,1.63,9.337167749078086,-127.94161527025234,-5.14691384906706,-12.367382677862109,24.02864042413952,-24.49298634012526,53.95,-0.075
CH,-2.38,5.65,"Kahnle, Tommy",592454,called_strike,L,0,0,-1.07,0.09,-0.23,1.48,7.594675748971527,-130.12584997279322,-4.521876442771331,-13.676595971677097,26.332749841760887,-30.403429875232973,53.83,-0.047
CH,-2.62,5.76,"Kahnle, Tommy",592454,hit_into_play,R,1,0,-0.85,0.3,-1.05,2.7,5.574403565472726,-127.64289774760104,-1.9195287090069697,-10.4127019175746,26.34825754865504,-28.659111348416943,53.87,-0.422
CH,-2.22,5.79,"Kahnle, Tommy",592454,ball,R,0,0,-0.98,-0.01,1.44,1.37,10.909263172319749,-127.42286138303184,-4.559947604558452,-12.836347789712711,25.32893360333245,-31.55803346759465,53.91,0.06
FF,-1.88,5.95,"Kahnle, Tommy",592454,hit_into_play,L,0,1,-0.31,1.17,0.15,2.64,6.086079907864178,-139.17238643203476,-5.830717432999651,-5.313704824958927,29.59442649140937,-15.895405328244758,53.82,0.474
CH,-2.45,5.73,"Kahnle, Tommy",592454,swinging_strike,L,0,0,-0.99,0.13,-0.56,1.36,6.660431693913709,-127.43374457800604,-4.73393163851471,-12.130510820209649,24.91347217292937,-30.02074674028792,53.85,-0.032
CH,-2.21,5.75,"Kahnle, Tommy",592454,hit_into_play,R,0,0,-0.95,0.1,-1.17,2.26,4.565835100575484,-128.8956856616399,-2.6957217828876234,-11.568529246704376,26.02551104198724,-30.68225228997022,53.92,-0.37
CH,-2.35,5.76,"Kahnle, Tommy",592454,swinging_strike_blocked,R,0,2,-0.98,-0.1,-1.24,0.64,4.883060363572939,-131.3106648888745,-6.58613460535123,-12.372276229438333,29.142230888067587,-32.05791534783715,53.94,-0.23
SL,-1.99,5.95,"Kahnle, Tommy",592454,swinging_strike,R,0,1,0.67,0.1,-0.14,1.94,3.0555360516206465,-124.94109627037784,-3.5069487547221723,6.452081112283852,23.228517795653683,-30.637831836029832,53.94,-0.075
CH,-2.36,5.76,"Kahnle, Tommy",592454,called_strike,R,0,0,-0.93,0.19,-0.35,2.8,6.819883645435693,-127.6460972257912,-1.473566897422705,-11.555329439513118,24.03561240260565,-30.050393167198724,53.87,-0.064
CH,-2.49,5.67,"Kahnle, Tommy",592454,hit_into_play,L,0,1,-0.79,-0.04,-0.52,1.57,6.423747692822345,-127.72988092418534,-3.7502486738472993,-9.921314821976155,26.01440065606569,-32.038197967435856,53.88,0.442
CH,-2.34,5.76,"Kahnle, Tommy",592454,called_strike,L,0,0,-0.89,0.07,0.04,2.3,7.716955162787069,-128.70312217107585,-2.5500681616561454,-11.479119418346544,24.64914383764821,-31.073374767589385,53.85,-0.032
CH,-2.27,5.8,"Kahnle, Tommy",592454,hit_into_play,R,0,0,-0.55,0.02,-0.78,2.66,4.671152807248614,-125.19522912713906,-1.200489713592432,-6.80554278119265,26.78964734529611,-31.952776081058744,53.83,-0.447
CH,-2.16,5.85,"Kahnle, Tommy",592454,swinging_strike_blocked,L,1,2,-1.0,0.26,-0.72,0.48,5.6159422975303706,-127.81740350462869,-7.449827852516685,-12.187292024878884,27.298223983873143,-27.93056046604745,53.84,-0.362
CH,-2.46,5.75,"Kahnle, Tommy",592454,foul,L,1,1,-0.68,0.14,-0.36,2.42,6.449492920293057,-125.98603773387843,-1.993549707356744,-8.640384283104202,27.631180277544647,-30.484271101604342,53.84,-0.065
CH,-2.32,5.74,"Kahnle, Tommy",592454,called_strike,L,1,0,-0.7,0.07,0.58,1.88,8.490401552423242,-127.13884991759392,-3.265298274334568,-9.416753531904526,27.700983314410088,-30.92421166993628,53.84,-0.106
CH,-2.42,5.79,"Kahnle, Tommy",592454,ball,L,0,0,-0.81,-0.28,-0.99,1.71,5.032027085982887,-124.56763905986878,-2.735498281884241,-9.431916248436202,27.397932468206545,-34.70363633476351,53.88,0.051
CH,-2.23,5.84,"Kahnle, Tommy",592454,ball,L,3,2,-0.87,-0.14,1.05,3.02,9.833737497364318,-128.13954309119515,-0.4790767881883995,-11.59335302717733,25.846251640095183,-33.84440081819966,53.84,0.231
CH,-2.43,5.7,"Kahnle, Tommy",592454,swinging_strike,L,3,1,-0.52,-0.21,-0.08,1.28,6.791787516752921,-126.88880966180312,-4.075850273303496,-7.052043114823129,25.751262762945625,-33.75937044293903,53.78,-0.097
FF,-1.74,6.21,"Kahnle, Tommy",592454,ball,L,2,1,-0.05,0.94,-1.36,3.02,1.0840232148969926,-136.0464768762675,-4.577609583039461,-0.9012286421813984,30.00283155487001,-19.702688264418065,53.89,0.107
CH,-2.28,5.82,"Kahnle, Tommy",592454,swinging_strike,L,2,0,-0.96,0.01,-0.01,0.61,7.490689935274831,-127.1478889184527,-6.4762750906540845,-11.959248741934513,24.72009751639729,-30.93396911264481,53.94,-0.057
FF,-1.97,6.09,"Kahnle, Tommy",592454,ball,L,1,0,-0.23,1.15,0.0,1.46,5.624255830427843,-135.3222887984815,-8.697535207598177,-4.00584326706566,27.58912370868561,-16.362176176695822,53.76,0.059
CH,-2.24,5.75,"Kahnle, Tommy",592454,ball,L,0,0,-0.86,0.16,0.57,1.14,8.5383004302998,-126.20253300074418,-5.241821724177639,-10.8790533909078,23.297617431339237,-29.681440541677876,53.85,0.036
CH,-2.53,5.81,"Kahnle, Tommy",592454,hit_into_play,R,0,1,-1.02,-0.03,-0.19,2.95,7.890817742137876,-128.89102487815123,-0.8554255749456414,-12.968587246349175,26.079442350578177,-32.5997649654157,53.83,-0.188
CH,-2.51,5.82,"Kahnle, Tommy",592454,called_strike,R,0,0,-0.74,-0.22,-0.66,3.29,6.143632047626159,-129.45909239571395,0.2972858993261917,-9.600223913997253,27.49039464035959,-34.88172147764342,53.81,-0.042
FF,-1.83,6.06,"Kahnle, Tommy",592454,hit_by_pitch,L,1,0,-0.12,1.35,1.94,3.15,10.270390099717009,-138.16722455681102,-5.020907949105698,-3.888320456272994,32.4761717499568,-13.954488182702178,53.51,0.114
CH,-2.36,5.64,"Kahnle, Tommy",592454,ball,L,0,0,-1.21,0.4,0.93,0.15,10.611657855258496,-127.75595802280296,-8.146162054368379,-15.39258244337383,26.48237944029724,-26.17416588908274,53.43,0.016
CH,-2.3,5.77,"Kahnle, Tommy",592454,hit_into_play,R,2,2,-1.0,0.29,0.0,2.06,7.795196724972874,-128.87451604151707,-3.637419711992373,-12.697989727794338,26.060701575842856,-28.363666830587952,53.58,-0.142
CH,-2.43,5.73,"Kahnle, Tommy",592454,swinging_strike,R,2,1,-1.17,-0.2,0.69,1.82,10.12401228164594,-128.4197138053075,-3.042302916404796,-15.005535836339154,26.75481730949017,-33.98013226776496,53.62,-0.051
CH,-2.41,5.68,"Kahnle, Tommy",592454,ball,R,1,1,-1.03,0.11,1.56,1.33,12.0586696826404,-129.64953913287525,-4.977896560415681,-14.122463322635271,26.500293656361663,-30.02481214197427,53.54,0.037
CH,-2.46,5.65,"Kahnle, Tommy",592454,ball,R,0,1,-1.19,0.16,0.68,0.25,10.274000351686434,-128.51446332634015,-7.527950910325289,-15.32274123588824,26.545124008612632,-28.95033352040951,53.45,0.017
CH,-2.36,5.76,"Kahnle, Tommy",592454,called_strike,R,0,0,-1.23,0.26,0.77,1.84,10.362627754858634,-129.12631158087586,-4.10961868335541,-15.9537393900291,27.801797199294825,-28.52757783479865,53.55,-0.024
CH,-2.25,5.84,"Kahnle, Tommy",592454,called_strike,L,0,2,-1.2,0.42,-0.28,3.17,7.205405654488745,-125.87873321717588,-0.982664428939664,-14.201201427245715,26.3226920326344,-27.73453729258892,53.68,-0.149
CH,-2.33,5.85,"Kahnle, Tommy",592454,swinging_strike,L,0,1,-1.37,0.05,0.01,1.32,8.590907278482403,-127.6224789800866,-4.945591095635149,-16.833721963517796,27.81278901330406,-30.74525332685966,53.62,-0.047
CH,-2.4,5.79,"Kahnle, Tommy",592454,called_strike,L,0,0,-1.0,0.67,-0.55,2.67,6.65024775157444,-128.511094543309,-2.9140546718668547,-12.502770355966843,26.696767186760077,-24.33994119660392,53.71,-0.032
CH,-1.53,5.53,"Kahnle, Tommy",592454,hit_into_play,R,0,2,-0.93,-0.01,-0.06,1.83,5.620189872560185,-129.63603273132142,-3.132289869872322,-11.658174064706644,23.106747584873,-31.95508957670968,53.64,-0.061
CH,-1.71,5.46,"Kahnle, Tommy",592454,foul,R,0,1,-1.07,-0.03,-0.1,2.07,6.246051022805811,-128.79895189440927,-2.142503222953832,-13.252839199394687,26.550268390844757,-32.29136120490822,53.66,-0.024
FF,-1.18,5.71,"Kahnle, Tommy",592454,called_strike,R,0,0,-0.33,1.11,0.85,2.8,6.119410593223597,-137.74592224704352,-4.510430428609433,-5.501720137586739,27.478144081400423,-17.169543660355703,53.58,-0.015
CH,-1.57,5.55,"Kahnle, Tommy",592454,swinging_strike,L,0,2,-1.05,0.12,-1.42,0.91,2.568918347014136,-128.3338205008985,-5.518496290754426,-12.098395717524822,25.75226551490857,-29.94055712051373,53.64,-0.104
CH,-1.76,5.49,"Kahnle, Tommy",592454,swinging_strike,L,0,1,-1.04,0.0,-0.88,1.89,4.333470897026239,-128.25105292409393,-2.6886132797463898,-12.332608558884449,25.55100517411831,-31.817057526670524,53.65,-0.035
CH,-1.6,5.5,"Kahnle, Tommy",592454,swinging_strike,L,0,0,-1.03,0.08,-0.49,1.05,4.890823053400816,-128.84747298502137,-5.0181953926080105,-12.441760302182066,25.811386575919467,-30.507577147462783,53.69,-0.024
FF,-1.37,5.77,"Kahnle, Tommy",592454,swinging_strike,L,2,2,-0.5,1.42,-0.55,3.71,3.343021671850721,-139.31191620983034,-3.082182842860689,-7.257396302393381,29.59077011397825,-13.15607261419327,53.7,-0.204
CH,-1.69,5.51,"Kahnle, Tommy",592454,ball,L,1,2,-1.04,0.17,-0.51,0.34,5.140957883406781,-130.48516690747454,-7.2242228898548975,-12.960415879725922,25.29614580319482,-29.03215802154006,53.84,0.036
CH,-1.49,5.59,"Kahnle, Tommy",592454,foul,L,1,2,-0.96,0.38,0.4,1.53,6.62576363421499,-127.85411322618376,-4.563640130644827,-11.850941982584422,25.45736267279832,-27.320700631545783,53.64,0.0
CH,-1.68,5.54,"Kahnle, Tommy",592454,foul,L,1,2,-0.83,0.28,0.33,2.09,6.694739006363629,-128.77905233305125,-2.993538077939502,-10.544862326112044,24.802511224070248,-28.65419612780846,53.76,0.0
FF,-1.32,5.77,"Kahnle, Tommy",592454,foul,L,1,2,-0.51,1.17,1.18,2.17,7.787567706343481,-138.46309549267747,-6.512157013683144,-8.250231339778137,29.73076074684196,-15.813425204659168,53.69,0.0
CH,-1.41,5.68,"Kahnle, Tommy",592454,ball,L,0,2,-1.1,0.41,0.87,0.7,8.027902475935099,-129.95156060140178,-7.1747162446235615,-14.22773527286642,28.49493586491645,-26.15932274743617,53.63,0.019
CH,-1.77,5.47,"Kahnle, Tommy",592454,swinging_strike,L,0,1,-1.24,-0.12,0.11,0.81,7.184278704786054,-127.6108597367347,-4.875658707361351,-15.086479968126994,28.61755246739307,-32.557386380210744,53.73,-0.047
CH,-1.67,5.66,"Kahnle, Tommy",592454,called_strike,L,0,0,-0.89,0.24,0.58,2.54,7.297538444407204,-126.95736837604488,-1.8369563651562777,-11.103932985869276,27.15346643670323,-29.383033303824647,53.69,-0.032
CH,-1.51,5.51,"Kahnle, Tommy",592454,hit_into_play,L,0,2,-0.93,0.43,0.71,1.13,7.327028794259953,-126.79585240632424,-5.303784768410743,-11.493079642236102,26.046313919702747,-26.604735608384853,53.53,-0.562
CH,-1.59,5.61,"Kahnle, Tommy",592454,swinging_strike,L,0,1,-0.72,0.82,-0.62,1.75,3.825551162896148,-126.51016207786108,-4.7789474356705615,-8.522509323062174,25.741763734270048,-22.62836721145542,53.87,-0.116
CH,-1.52,5.71,"Kahnle, Tommy",592454,called_strike,L,0,0,-1.18,-0.32,0.1,2.99,6.257610350110598,-124.83818443885116,0.480459233120005,-13.572740844304528,25.394133298814232,-35.812679863297866,53.92,-0.099
CH,-2.49,5.63,"Kahnle, Tommy",592454,swinging_strike,R,1,2,-0.91,0.4,-0.18,1.71,7.477712430679054,-126.5888507388861,-4.124785111660005,-11.244097707785883,24.28590741318668,-27.207884469684647,53.7,-0.214
CH,-2.57,5.49,"Kahnle, Tommy",592454,swinging_strike,R,1,1,-1.0,0.02,-0.65,0.93,6.776655490850561,-127.13832194354902,-4.969282688248842,-12.259030375387246,24.8736816258532,-31.11513405392803,53.63,-0.07
CH,-2.36,5.67,"Kahnle, Tommy",592454,ball,R,0,1,-1.06,0.21,1.22,1.13,10.99524974714348,-128.26258874947828,-5.457963667542709,-13.89911436728654,24.53464443115637,-28.930115688285976,53.73,0.031
CH,-2.47,5.66,"Kahnle, Tommy",592454,swinging_strike,R,0,0,-0.82,0.07,0.32,2.1,8.507004312016065,-127.21459922245012,-2.658280092686089,-10.528814508973564,23.805592166388568,-31.061997770805377,53.67,-0.042
CH,-2.44,5.58,"Kahnle, Tommy",592454,ball,R,3,1,-1.02,-0.03,-0.28,1.15,7.486089873433477,-129.33733561806483,-4.799926610694108,-12.967243403680191,25.362147351261765,-31.758821631291728,53.77,0.16
CH,-2.42,5.48,"Kahnle, Tommy",592454,ball,R,2,1,-0.89,-0.01,0.66,1.3,9.527685305147736,-129.48900133810727,-4.282722853421339,-11.929461286205234,24.290256322133253,-31.680534595623133,53.66,0.077
CH,-2.43,5.6,"Kahnle, Tommy",592454,ball,R,1,1,-1.1,-0.06,-1.25,3.34,5.24873639839013,-129.2384084907262,0.6378954263711634,-13.395651928084936,26.52682700466607,-33.191510182860966,53.83,0.037
FF,-2.06,5.81,"Kahnle, Tommy",592454,ball,R,0,1,-0.38,1.23,2.08,4.55,11.860395130834078,-138.8986003108776,-0.482130239779642,-7.462599401350845,30.299770717724144,-16.32391556071959,53.69,0.017
CH,-2.36,5.6,"Kahnle, Tommy",592454,swinging_strike,R,0,0,-1.31,0.06,-0.15,1.89,8.354664420855498,-131.0222586722003,-3.404462159246186,-16.837884544840964,27.731276363741948,-30.947685463670208,53.66,-0.024
FF,-2.01,5.77,"Kahnle, Tommy",592454,swinging_strike,L,3,2,-0.4,1.35,0.69,2.94,8.015500824016717,-137.7756673540323,-4.804302115166253,-6.836293531414378,29.6588028818806,-14.04225022300901,53.63,-0.297
FF,-2.04,5.84,"Kahnle, Tommy",592454,ball,L,2,2,-0.47,1.21,-0.09,6.03,6.199387861744424,-137.95352930596115,3.436647238416093,-7.336966436601498,28.405585693157,-17.499637035600383,53.81,0.093
FF,-2.01,5.82,"Kahnle, Tommy",592454,foul,L,2,2,-0.75,1.13,0.28,3.42,7.649541168375593,-136.73425871003084,-3.051832489778893,-11.006377919658746,28.641184320057256,-17.515861821710754,53.71,0.0
CH,-2.39,5.64,"Kahnle, Tommy",592454,foul,L,2,2,-1.0,0.15,0.63,2.75,9.598745317513004,-129.5923708478649,-1.424382117458339,-13.18326652212466,26.05608334190109,-30.354599147404517,53.71,0.0
CH,-2.42,5.65,"Kahnle, Tommy",592454,swinging_strike,L,2,1,-0.86,0.18,-0.34,2.8,6.77585316153409,-125.98224853283445,-0.9980259993994642,-10.51671293643186,24.24068685898903,-30.24428026831278,53.77,-0.063
CH,-2.62,5.51,"Kahnle, Tommy",592454,ball,L,1,1,-1.18,0.26,0.11,0.31,9.290929709998036,-130.04766672029234,-7.441218822346045,-15.290529279995454,25.184844012086543,-27.901739444438856,53.81,0.05
CH,-2.6,5.5,"Kahnle, Tommy",592454,ball,L,0,1,-1.17,0.03,-0.82,0.09,6.801726905569506,-127.81509240352608,-7.099208503375807,-14.257063301482097,26.73330566049085,-30.56408976019144,53.65,0.021
CH,-2.47,5.6,"Kahnle, Tommy",592454,swinging_strike,L,0,0,-1.09,0.04,0.3,1.17,9.081252403847376,-127.90636440669778,-4.771125239068359,-13.863858685283247,25.717480175006603,-30.91347325980422,53.75,-0.032
FF,-1.95,6.0,"Kahnle, Tommy",592454,called_strike,L,2,2,-0.5,1.49,-0.61,2.28,4.665873489300433,-138.58176367823523,-7.552844707121677,-7.411692865171262,28.929072880602597,-11.456802611976926,53.78,-0.434
CH,-2.22,5.67,"Kahnle, Tommy",592454,ball,L,1,2,-1.27,0.12,0.26,0.22,8.788006295166511,-129.10809285002958,-7.626038450912433,-16.046234271481545,25.385281241269983,-29.40553789472728,53.83,0.07
CH,-2.49,5.67,"Kahnle, Tommy",592454,foul,L,1,1,-1.17,0.4,-1.01,1.53,6.118434925596282,-128.570598433496,-4.859104661322423,-14.228774396676153,26.823853372798087,-26.933332194691516,53.71,-0.126
CH,-2.58,5.59,"Kahnle, Tommy",592454,ball,L,0,1,-1.1,0.17,-1.37,1.13,5.194901250970387,-126.7487646806591,-4.941718443603335,-12.889832935752787,26.04078104519545,-29.477039562612944,53.77,0.056
CH,-2.36,5.71,"Kahnle, Tommy",592454,called_strike,L,0,0,-1.09,0.59,0.13,2.38,8.422968823665737,-128.9403520523349,-3.368757914405605,-13.86083212953704,25.55611797119545,-25.091186465777067,53.77,-0.081
CH,-2.48,5.7,"Kahnle, Tommy",592454,hit_into_play,R,3,2,-0.97,-0.25,0.71,1.23,9.953665489148346,-129.8786458888624,-4.487342397549418,-13.043934843600294,27.454010761303312,-34.18227943357135,53.82,-0.271
CH,-2.49,5.63,"Kahnle, Tommy",592454,swinging_strike,R,3,1,-0.65,0.29,0.24,2.38,8.013826888354505,-127.86464475921466,-2.3809449678681567,-8.676079865963278,25.014472686009064,-28.738867266139977,53.87,-0.054
CH,-2.43,5.65,"Kahnle, Tommy",592454,ball,R,2,1,-0.95,-0.24,-0.08,0.86,7.736647766401846,-128.5927887238139,-5.164900471217512,-12.080354961600802,25.102898735974705,-34.01236064201003,53.9,0.058
CH,-2.37,5.72,"Kahnle, Tommy",592454,swinging_strike,R,2,0,-1.0,-0.26,0.92,1.13,10.244762947877764,-129.3638364201833,-4.726346764240408,-13.33941536803787,26.83222374127803,-34.25220703757939,53.74,-0.033
CH,-2.36,5.67,"Kahnle, Tommy",592454,ball,R,1,0,-0.63,0.03,0.98,1.02,9.613159735411775,-129.71844322518558,-5.584381961656135,-8.983432926198464,24.36464966263558,-30.90340490635461,53.82,0.044
FF,-1.96,6.07,"Kahnle, Tommy",592454,ball,R,0,0,-0.14,1.03,0.65,4.34,7.171138669170021,-137.56611747663982,-1.1504423993569688,-3.2845988043632874,28.970033486426026,-19.03876255387436,53.85,0.027
CH,-2.27,5.67,"Kahnle, Tommy",592454,hit_into_play,R,3,2,-0.93,0.11,0.87,1.99,9.766005388445446,-130.15027360526364,-3.339415972803314,-12.5697896711322,26.364411434729277,-30.433352070000613,53.85,0.098
CH,-2.19,5.67,"Kahnle, Tommy",592454,ball,R,2,2,-1.27,0.2,1.26,-0.99,11.31748109065242,-130.60794841400994,-11.00761648349136,-17.006132383941324,29.03464528672748,-27.50964963680232,53.74,0.043
FF,-1.84,6.02,"Kahnle, Tommy",592454,ball,R,1,2,-0.62,0.87,0.65,3.79,7.991124959402589,-138.61939877380135,-2.210925847186372,-9.747314591034732,29.600297077458176,-20.60113684508585,53.8,0.018
CH,-2.41,5.73,"Kahnle, Tommy",592454,called_strike,R,1,1,-1.12,0.32,0.79,1.99,10.400220731574247,-130.82578938442498,-4.005551784971648,-15.049724947500936,28.486334347922817,-27.855639351411916,53.65,-0.026
FF,-2.39,5.75,"Kahnle, Tommy",592454,called_strike,R,1,0,-0.48,1.17,0.78,3.23,9.42854518946868,-137.49975448237936,-3.5140628830063685,-8.276591632399704,31.36722106176266,-16.740840182046888,53.69,-0.019
CH,-2.36,5.69,"Kahnle, Tommy",592454,ball,R,0,0,-1.15,0.36,1.0,1.53,10.928943723069471,-131.67668178331138,-5.266564351490994,-15.629053850549836,27.61888364728628,-27.053342604444246,53.68,0.016
CH,-2.35,5.75,"Kahnle, Tommy",592454,hit_into_play,R,2,2,-0.98,0.55,0.8,2.61,9.915484239557568,-130.43238670684616,-3.0012024537203685,-13.188222816797568,25.52476480819606,-25.388417591757708,53.8,-0.142
CH,-2.3,5.74,"Kahnle, Tommy",592454,ball,R,1,2,-1.16,0.31,1.27,0.83,11.513526142944215,-131.6132832224862,-7.1045550716839845,-15.815047233913829,25.225106455004397,-27.263619555611594,53.69,0.026
CH,-2.45,5.62,"Kahnle, Tommy",592454,swinging_strike,R,1,1,-1.01,-0.2,0.59,1.1,9.80532545686514,-131.5868710766694,-5.007954032354656,-13.70967602775149,25.106665689588272,-33.65018217072793,53.85,-0.04
CH,-2.34,5.8,"Kahnle, Tommy",592454,foul,R,1,0,-1.22,-0.03,0.06,1.84,8.598987665384637,-131.26639212752116,-3.8451118368360566,-15.939905478611228,28.25208211427309,-31.89230026872933,53.99,-0.031
FF,-2.12,6.04,"Kahnle, Tommy",592454,ball,R,0,0,-0.44,1.02,-0.01,4.66,6.597062074851219,-138.84969036800217,-0.3384468921654701,-7.15677923157996,29.040477596804504,-18.9917941237646,53.82,0.024
CH,-2.2,5.8,"Kahnle, Tommy",592454,hit_into_play,R,2,2,-0.73,0.71,-0.06,2.06,6.9586996518202895,-132.0497819070857,-5.045404379547374,-9.969689782449494,25.21164167862502,-22.94556218365852,53.88,-0.204
CH,-2.16,5.79,"Kahnle, Tommy",592454,ball,R,1,2,-0.74,0.08,2.11,1.62,12.3124391463767,-131.6032311113879,-4.721200719624939,-11.101656646442402,26.153960643316683,-30.389035951117524,53.81,0.036
FF,-1.85,6.06,"Kahnle, Tommy",592454,ball,R,0,2,0.14,1.36,2.49,3.64,11.270675558021509,-139.84314014937533,-3.900663244055038,-0.8578274005197258,33.732719968820206,-13.679821998721971,53.81,0.019
FF,-1.72,6.11,"Kahnle, Tommy",592454,foul,R,0,2,-0.19,1.3,0.62,2.69,6.715944378723501,-140.1307467946556,-6.566263246808377,-3.8836043887868,28.637522631254782,-13.764347180781204,53.72,0.0
CH,-2.25,5.9,"Kahnle, Tommy",592454,foul,R,0,2,-1.02,-0.08,-0.52,2.32,6.5052933543473,-131.42575180530872,-2.8062327438125347,-13.205769982575855,28.116901554831,-32.6770534855115,53.96,0.0
CH,-2.51,5.73,"Kahnle, Tommy",592454,swinging_strike,R,0,1,-0.82,0.08,0.22,1.41,8.53690674861271,-130.40460551740244,-4.873557431569763,-11.12917883706012,27.28240159209294,-30.42774119353217,53.85,-0.047
CH,-2.57,5.86,"Kahnle, Tommy",592454,foul,R,0,0,-1.23,0.33,-0.38,2.0,8.027694487917351,-129.8856053508794,-4.255477133382069,-15.546816686124536,24.554930433256363,-27.79677593992403,53.88,-0.032
FF,-1.83,5.72,"Kahnle, Tommy",592454,swinging_strike,L,2,2,-0.53,1.1,-0.57,3.16,4.589262227673911,-139.98216208540117,-3.726424118595401,-8.008489944805103,31.049993220891075,-17.1104259156242,53.65,-0.088
FF,-1.42,6.02,"Kahnle, Tommy",592454,ball,L,1,2,-0.02,0.97,-0.22,3.72,3.2319199337247886,-138.15092812778863,-2.552263854386062,-0.9549298460850814,29.67362430530329,-19.41232801641981,53.8,0.018
CH,-1.96,5.76,"Kahnle, Tommy",592454,foul,L,1,1,-0.96,-0.08,-0.26,1.74,6.221023814059556,-129.04666277425775,-3.607761011951113,-12.061988404558752,28.1567611513,-32.46606166412003,53.81,-0.026
CH,-2.0,5.64,"Kahnle, Tommy",592454,swinging_strike,L,1,0,-0.79,-0.18,-0.02,1.65,6.476937053427389,-127.13502333410293,-3.113185856119585,-9.934533217458329,25.951487707545745,-33.69941485472944,53.53,-0.019
CH,-2.1,5.72,"Kahnle, Tommy",592454,ball,L,0,0,-1.1,-0.14,-1.18,2.31,4.558970500712542,-128.196439887933,-1.8900904794183575,-13.102053227756416,27.293717839236216,-33.48624717554288,53.75,0.016
CH,-1.94,5.73,"Kahnle, Tommy",592454,hit_into_play,L,1,0,-0.88,0.03,-0.71,1.97,4.844390142877517,-128.0702475938155,-3.102193046476267,-10.709443663469395,26.531860996065312,-31.43750705024073,53.96,-0.187
FF,-1.39,5.89,"Kahnle, Tommy",592454,ball,L,0,0,-0.72,1.16,-0.87,1.13,3.0516935225009973,-140.87461172556436,-9.895898743232117,-10.296837402952637,31.009700686865063,-14.63834067693061,53.79,0.024
CH,-1.84,5.7,"Kahnle, Tommy",592454,swinging_strike,R,2,2,-0.53,0.0,0.47,1.73,6.732312899769016,-127.00411462868648,-3.4395117432705486,-7.115648383843939,25.40521742243237,-31.6882824762524,53.59,-0.204
CH,-1.79,5.72,"Kahnle, Tommy",592454,ball,R,1,2,-0.88,-0.27,1.46,0.67,9.61822022646939,-125.5917319820416,-5.286979511643706,-11.236189483383006,25.18086090710044,-34.1332327450705,53.61,0.036
CH,-1.74,5.75,"Kahnle, Tommy",592454,ball,R,0,2,-1.26,0.24,1.8,1.47,11.588870372655563,-131.2460113447482,-5.251577003988959,-16.959194268101434,27.227801468393235,-28.453483842232554,53.68,0.019
FF,-1.37,6.13,"Kahnle, Tommy",592454,foul,R,0,2,-0.24,1.13,0.64,3.59,5.9349900579729296,-140.61770088851685,-3.831839246069462,-4.481874063531851,30.51089410566787,-16.475546150747586,53.92,0.0
CH,-1.95,5.74,"Kahnle, Tommy",592454,swinging_strike,R,0,1,-0.8,0.01,-0.06,2.09,6.351763647911491,-129.23669648000865,-2.9374921381453727,-10.308454873915114,26.567207437968552,-31.65806465386542,53.75,-0.047
CH,-1.86,5.8,"Kahnle, Tommy",592454,called_strike,R,0,0,-0.81,-0.27,1.05,1.58,8.835345384707873,-128.07598150349267,-3.581644133744956,-10.83985981258829,27.80425741783373,-34.524333298559846,53.66,-0.032
CH,-2.41,5.64,"Kahnle, Tommy",592454,swinging_strike,R,0,2,-0.91,-0.25,-0.09,1.78,7.730966091552022,-130.3844790561654,-3.0440768066928907,-11.978003999461244,27.45558949726968,-34.55499316554553,53.67,-0.061
CH,-2.41,5.68,"Kahnle, Tommy",592454,foul,R,0,1,-0.83,-0.07,-0.43,2.79,6.669741025568324,-129.2146690904085,-0.9209701753411964,-10.67734608228535,25.04229667660899,-32.97996151841295,53.7,-0.024
CH,-2.43,5.63,"Kahnle, Tommy",592454,called_strike,R,0,0,-0.5,-0.08,-0.04,3.58,6.848573486593303,-126.87650380376888,1.3720805492138406,-6.693022155012795,24.181018142913388,-33.55120023939253,53.6,-0.015
CH,-2.08,5.81,"Kahnle, Tommy",592454,hit_into_play,L,1,2,-0.63,0.22,-0.29,3.02,5.77752714761521,-129.7388101284932,-1.379475069880457,-8.23686241859363,23.22155092244666,-29.58240480370996,53.64,1.029
FF,-1.61,6.07,"Kahnle, Tommy",592454,ball,L,0,2,-0.53,1.28,0.36,4.62,6.465706628459397,-138.878087637373,-1.1285415309944402,-8.234507395927423,26.810807933345085,-15.396331387275604,53.6,0.009
CH,-2.18,5.57,"Kahnle, Tommy",592454,swinging_strike,L,0,1,-1.19,0.13,0.69,0.61,9.738830503684031,-130.21318389997356,-6.645722427516271,-15.58354086392566,26.22683976911355,-29.45555187428892,53.46,-0.024
CH,-2.31,5.74,"Kahnle, Tommy",592454,called_strike,L,0,0,-1.15,0.42,0.24,2.22,8.752682811691775,-129.08477188760074,-3.4843059471042936,-14.686356181477189,26.24955872630121,-26.94002575170305,53.55,-0.015
CH,-2.29,5.73,"Kahnle, Tommy",592454,hit_into_play,R,2,0,-1.16,0.03,-0.3,2.8,7.423086629214962,-130.21439469953623,-1.294879338972119,-14.68617192945428,26.426028852029585,-31.80201317682059,53.71,-0.232
CH,-2.24,5.7,"Kahnle, Tommy",592454,ball,R,1,0,-1.08,0.06,0.49,1.66,9.09557661663864,-129.7170273426389,-4.104706178079983,-14.091877718735764,25.684437672563,-30.81791297450229,53.6,0.045
CH,-2.14,5.73,"Kahnle, Tommy",592454,ball,R,0,0,-0.88,0.24,1.53,2.27,10.932905934825651,-128.76178643470115,-2.933934201766826,-11.938379816194235,24.988089120083288,-29.08032236979873,53.54,0.024
CH,-2.24,5.74,"Kahnle, Tommy",592454,hit_into_play,L,1,2,-1.17,0.13,-0.87,1.56,5.825815330682159,-128.31501519849348,-4.389168787183183,-14.152898333020964,26.37031100820895,-30.04238082736081,53.61,-0.168
CH,-2.32,5.66,"Kahnle, Tommy",592454,swinging_strike,L,1,1,-1.23,0.06,0.05,0.93,8.44847570902481,-128.69951600370388,-5.696910902815421,-15.374650752721672,25.80661404469074,-30.488961537818337,53.52,-0.049
CH,-2.33,5.75,"Kahnle, Tommy",592454,ball,L,0,1,-1.12,-0.13,-2.58,2.09,1.743398549369786,-128.62581142518144,-2.548531768201976,-12.784653031710269,27.363016890225826,-33.293569561505336,53.8,0.021
CH,-2.31,5.78,"Kahnle, Tommy",592454,called_strike,L,0,0,-0.9,-0.05,-0.82,2.11,5.48558538158745,-127.39898076022732,-2.659302740336952,-10.859629814234264,24.4906568065505,-32.3976303537472,53.77,-0.032
CH,-2.47,5.66,"Kahnle, Tommy",592454,hit_into_play,L,1,0,-0.96,0.1,-0.46,2.4,6.998356547244423,-129.49415602773513,-2.24459551072753,-12.155330071320508,24.157302982484552,-30.837998438645887,53.74,-0.359
CH,-2.44,5.58,"Kahnle, Tommy",592454,ball,L,0,0,-0.91,-0.08,-0.07,0.82,7.718343321892173,-127.76984635271076,-5.280829887208857,-11.583350913123358,25.525244187621592,-32.196121278873704,53.64,0.021
SL,-2.04,5.92,"Kahnle, Tommy",592454,hit_into_play,R,1,0,0.19,0.5,0.73,2.43,6.2488938901776026,-125.69876721471272,-3.1169759561802115,0.8013608761409047,25.370303662456497,-26.492112054293575,53.88,-0.414
CH,-2.28,5.7,"Kahnle, Tommy",592454,ball,R,0,0,-0.93,0.49,1.67,1.87,11.659890966210948,-128.07568245714822,-4.302214751690835,-12.50397944281532,24.39322964342663,-26.018673183448808,53.59,0.044
FF,-1.97,5.98,"Kahnle, Tommy",592454,hit_into_play,L,0,1,-0.85,1.3,-0.48,2.79,5.8278047084706825,-137.17041462560917,-5.5029123664042725,-12.019791250932943,31.24177313655356,-14.71883872488714,53.75,-0.312
CH,-2.42,5.78,"Kahnle, Tommy",592454,called_strike,L,0,0,-0.96,0.06,0.12,2.07,8.170272671198187,-127.44534426573904,-2.962202540351885,-12.117561601467036,26.331002388422583,-31.10714953749479,53.76,-0.064
CH,-2.47,5.64,"Kahnle, Tommy",592454,hit_into_play,R,0,2,-0.64,0.04,0.3,2.79,8.15274981407783,-128.73599112769276,-1.0195224180102012,-8.748801245712443,24.760733039744167,-31.71593895906974,53.78,0.489
CH,-2.36,5.66,"Kahnle, Tommy",592454,foul,R,0,1,-0.92,-0.25,0.4,1.94,8.803444379759474,-129.6836281023056,-2.6245020920501174,-12.178761935922122,26.553566674549767,-34.600003388833365,53.76,-0.047
CH,-2.28,5.66,"Kahnle, Tommy",592454,swinging_strike,R,0,0,-1.03,-0.07,0.63,1.76,9.264003034776874,-127.44908211101274,-3.174422863811612,-13.151614236966816,25.74328866191125,-32.470949217147385,53.68,-0.032
CH,-2.31,5.55,"Kahnle, Tommy",592454,blocked_ball,L,3,2,-1.36,0.13,0.82,0.01,10.385728543634484,-126.38659401457186,-7.367152878272332,-16.825610597745232,27.71884347108783,-29.311918364717013,53.69,0.184
CH,-2.4,5.55,"Kahnle, Tommy",592454,called_strike,L,3,1,-1.35,-0.06,-0.5,1.23,7.342456474765324,-125.61917472909592,-3.9120358478090935,-15.842796941746002,27.78928195209449,-32.11638256796199,53.69,-0.054
CH,-2.54,5.5,"Kahnle, Tommy",592454,ball,L,2,1,-1.27,0.23,-0.16,0.86,8.49311171397595,-127.6430721368298,-5.545550443481448,-15.753955750112432,29.776793205957556,-28.598896787716807,53.65,0.058
CH,-2.28,5.57,"Kahnle, Tommy",592454,ball,L,1,1,-1.35,0.06,-1.2,1.61,5.429748310846985,-126.78900718689374,-3.4670984336929984,-15.697417984008892,27.93477963129708,-30.945265019848392,53.55,0.049
CH,-2.36,5.62,"Kahnle, Tommy",592454,called_strike,L,1,0,-1.27,0.16,-1.02,2.3,5.978597691600454,-128.43862496039193,-2.296584999528922,-15.349749166705918,27.7352543920085,-30.171721325674948,53.8,-0.039
FF,-1.81,6.04,"Kahnle, Tommy",592454,ball,L,0,0,-0.22,1.52,-0.94,3.8,2.73779394214394,-134.6676608459097,-3.194036038559444,-3.373630208776086,33.03489596945175,-13.315156803021312,53.78,0.027
CH,-2.35,5.49,"Kahnle, Tommy",592454,hit_into_play,L,1,1,-1.06,0.3,-0.59,1.68,6.502333082520941,-127.51672110980634,-3.6823678956878263,-12.950483752095318,27.09322120863861,-28.3507193766102,53.71,0.132
FF,-2.06,5.71,"Kahnle, Tommy",592454,called_strike,L,1,0,-0.96,1.49,-0.46,1.82,6.368376566886001,-137.04021129766093,-7.784947243772036,-13.52580247462992,30.75261291450698,-11.882317425571872,53.58,-0.019
FF,-1.62,6.01,"Kahnle, Tommy",592454,ball,L,0,0,-0.69,1.55,0.4,0.93,6.906738175969956,-137.92784169367758,-11.20256110419694,-10.296890061165444,30.854642632566588,-10.023890744313888,53.55,0.016
CH,-2.09,5.68,"Kahnle, Tommy",592454,swinging_strike,R,2,2,-0.79,0.31,0.13,3.2,7.193094338876787,-129.78951817387826,-0.7183496143376091,-10.516689981245682,28.185836374889945,-28.775560921852367,53.72,-0.142
CH,-2.18,5.63,"Kahnle, Tommy",592454,ball,R,1,2,-1.32,0.43,2.27,0.8,13.961639293835129,-130.56174452985414,-6.961209994477883,-18.048138093838087,27.44818571983196,-25.85147448447835,53.64,0.026
CH,-2.13,5.57,"Kahnle, Tommy",592454,ball,R,0,2,-0.91,0.38,2.08,1.61,12.350398025378803,-129.31599688755784,-4.513490944536012,-12.813360272753805,27.074837431530693,-27.046317794662546,53.67,0.013
CH,-2.22,5.59,"Kahnle, Tommy",592454,foul,R,0,1,-1.07,0.04,0.61,2.07,9.1249825855059,-127.69847071466164,-2.4160563603688665,-13.640203089766656,28.95402660482845,-31.404935953249844,53.83,-0.035
CH,-2.31,5.71,"Kahnle, Tommy",592454,called_strike,R,0,0,-1.12,0.36,-0.29,1.54,7.391680950526706,-129.55484165482565,-4.937915290294862,-14.209368238340394,29.446864372700023,-27.267157527370117,53.59,-0.024
CH,-2.24,5.69,"Kahnle, Tommy",592454,hit_into_play,L,1,2,-1.03,-0.02,-0.92,1.36,5.35262226300433,-127.6434826129338,-4.245131876131659,-12.34740417044595,29.71561631232075,-31.656390450641062,53.75,-0.168
CH,-2.15,5.72,"Kahnle, Tommy",592454,foul,L,1,1,-1.13,0.36,0.03,1.79,7.639673057707369,-126.64439477237948,-4.029235772540434,-13.722740152787193,25.737464976451705,-27.68865440099709,53.67,-0.049
CH,-2.22,5.73,"Kahnle, Tommy",592454,called_strike,L,1,0,-1.05,0.18,-0.18,3.32,6.997909129231551,-124.71794441660144,0.2130337813899712,-12.336604150623325,24.999385360525096,-30.57744684931452,53.79,-0.044
FF,-1.66,6.12,"Kahnle, Tommy",592454,ball,L,0,0,-0.39,1.56,1.34,0.81,8.716302441783972,-136.8654642727129,-11.617151880935564,-6.899128136713532,30.951825024740888,-10.09595948275341,53.76,0.032
CH,-2.3,5.73,"Kahnle, Tommy",592454,hit_into_play,R,0,1,-1.1,0.45,0.3,1.41,8.531209425580707,-125.9365745940169,-4.968960078239462,-13.548985689436016,29.16097560795997,-26.469781928647876,53.76,-0.29
CH,-2.35,5.81,"Kahnle, Tommy",592454,called_strike,R,0,0,-1.05,0.6,0.87,1.76,9.982772642763464,-126.84907318890107,-4.755463134281891,-13.524665879453831,29.73067041002788,-24.870554641321483,53.79,-0.048
SL,-2.06,5.94,"Kahnle, Tommy",592454,hit_into_play,R,0,0,0.32,0.26,1.27,2.95,7.059342784911365,-121.29134691285005,-0.8891294946046278,1.6298443961325904,25.5335517042597,-29.622405215840452,53.93,0.743
CH,-2.13,5.78,"Kahnle, Tommy",592454,hit_into_play,R,0,1,-0.85,0.11,0.71,2.06,8.720684546282001,-128.05674738541668,-3.233092830601353,-11.019410479459918,24.414340956235204,-30.474442463293343,53.75,-0.402
CH,-2.07,5.83,"Kahnle, Tommy",592454,foul,R,0,0,-1.06,0.09,0.69,2.02,8.987838413779809,-128.46574969919445,-3.442943777176139,-13.522870914560103,25.09525833127855,-30.64970508214373,53.7,-0.081
CH,-2.31,5.74,"Kahnle, Tommy",592454,hit_into_play,R,1,2,-1.01,0.31,0.05,1.84,7.913414398301304,-128.16981158219343,-4.070472144374363,-12.810381915918226,26.00173031335923,-28.07032694341753,53.77,-0.226
CH,-2.39,5.74,"Kahnle, Tommy",592454,ball,R,0,2,-0.96,0.12,1.25,3.47,11.06541797092906,-130.08027369472788,0.1874885421985508,-13.209529525300123,28.01168898890621,-31.08885480752841,53.86,0.021
CH,-2.33,5.74,"Kahnle, Tommy",592454,swinging_strike,R,0,1,-0.94,0.18,-0.03,1.86,7.6461222437653875,-129.0445376404993,-3.844782901081752,-12.120568720226908,26.581529540048376,-29.54461389999297,53.91,-0.075
CH,-2.22,5.84,"Kahnle, Tommy",592454,called_strike,R,0,0,-0.92,-0.11,0.02,2.62,7.49784161853561,-129.48075531984756,-1.637269969088784,-11.921839385936527,27.166343168460926,-33.285280350217526,53.8,-0.047
CH,-2.15,5.82,"Kahnle, Tommy",592454,swinging_strike,L,0,2,-1.02,0.2,0.7,1.01,9.257263876342783,-129.94416021570137,-6.282204921322277,-13.565920802512842,27.66836827844499,-28.696170078647423,53.77,-0.283
FF,-1.53,6.14,"Kahnle, Tommy",592454,foul,L,0,2,-0.43,1.56,0.68,1.56,6.898017357190787,-139.84935913040198,-10.153515456485676,-7.266316059140816,33.136105310643615,-9.5891120570582,53.75,0.0
CH,-2.49,5.71,"Kahnle, Tommy",592454,swinging_strike,L,0,1,-0.92,0.57,-0.23,0.97,7.470487272244774,-128.53314615542095,-6.667723793583195,-11.745996226740964,27.537622859030087,-24.65854695354509,53.77,-0.087
CH,-2.37,5.81,"Kahnle, Tommy",592454,called_strike,L,0,0,-0.87,0.48,-0.05,3.16,7.468037958807316,-127.80688639428551,-1.3065967204884803,-11.056070447688455,26.359185782749275,-26.84147898813819,53.71,-0.051
CH,-2.14,5.8,"Kahnle, Tommy",592454,hit_into_play,L,1,2,-0.84,0.09,-0.36,2.27,6.265300428805067,-131.43652038217218,-3.086256506075656,-10.992703815866417,26.495607186207337,-30.645964079810856,53.89,0.689
FF,-1.9,6.11,"Kahnle, Tommy",592454,swinging_strike,L,1,1,-0.31,1.32,-0.18,3.82,5.290002951178206,-140.06952858655913,-3.5045836270927886,-5.298408519580473,32.59850572977141,-14.210541126148843,54.0,-0.049
CH,-2.28,5.81,"Kahnle, Tommy",592454,called_strike,L,1,0,-0.94,0.22,0.41,3.1,8.732562653648507,-130.9682683198255,-1.1988489434151126,-12.705727462334876,28.593706304620422,-29.641133498996968,53.85,-0.044
CH,-2.17,5.92,"Kahnle, Tommy",592454,ball,L,0,0,-1.07,0.29,-0.54,3.78,6.382612726074185,-130.47712088752473,0.0975121541042881,-13.585834165437756,26.858038338366168,-29.04456925163717,53.63,0.032
FF,-1.93,6.15,"Kahnle, Tommy",592454,hit_into_play,R,1,0,-0.38,1.33,0.27,2.42,6.669244803312249,-138.14729685044122,-7.166308600479453,-6.27299193828753,29.771126146161414,-13.728306167299133,53.71,1.317
FF,-1.97,6.13,"Kahnle, Tommy",592454,ball,R,0,0,-0.23,1.25,-0.27,1.05,4.965644803043004,-136.80058518654192,-10.301939910715468,-3.9862240847834873,28.89928043644454,-14.43367029267026,53.79,0.06
FF,-1.77,6.09,"Kahnle, Tommy",592454,hit_into_play,L,1,2,0.1,1.34,0.03,3.52,4.561003116545016,-139.04206741288814,-4.19623258298695,0.1825751817499989,32.165808283371,-14.047859942919256,53.88,-0.071
CH,-2.55,5.64,"Kahnle, Tommy",592454,foul,L,1,1,-0.99,0.02,-1.14,2.05,5.579078587157691,-129.03209998432976,-2.7660892382877265,-12.25537890604154,26.987984137224892,-31.52369440709189,53.68,-0.026
CH,-2.5,5.67,"Kahnle, Tommy",592454,ball,L,0,1,-1.11,0.17,-0.26,0.85,7.889189462621618,-129.37762742161908,-6.224838452769513,-14.133634600986731,25.80674940448957,-29.117380863913624,53.77,0.011
FF,-2.15,5.93,"Kahnle, Tommy",592454,called_strike,L,0,0,-0.5,1.44,-0.3,2.13,5.989352786203701,-137.9582628245295,-7.590704781919142,-7.659909683672567,28.98549906485599,-12.254417177421765,53.69,-0.015
CH,-2.46,5.71,"Kahnle, Tommy",592454,hit_into_play,L,2,2,-0.72,0.6,-0.11,2.28,7.494188369184348,-131.67012779338822,-3.9712568377013744,-9.951828991727716,26.44584611423489,-24.554071114492743,53.71,-0.142
CH,-2.45,5.67,"Kahnle, Tommy",592454,ball,L,1,2,-0.89,0.12,-1.21,0.55,4.932420626434977,-128.8631820817849,-6.724731516967845,-10.970946335714927,26.716944377647323,-29.649856573018784,53.71,0.026
CH,-2.51,5.66,"Kahnle, Tommy",592454,called_strike,L,1,1,-0.95,-0.08,-1.02,2.31,5.678827762691816,-129.37716887155656,-2.034318294467563,-11.883898949171105,26.56687869847272,-32.82498834638664,53.9,-0.04
CH,-2.21,5.71,"Kahnle, Tommy",592454,foul,L,1,0,-1.07,0.18,-0.08,1.5,7.537379486973462,-129.89690577043555,-4.724045064160715,-13.670608393545848,28.291633635988664,-29.336237767039652,53.86,-0.031
CH,-2.34,5.72,"Kahnle, Tommy",592454,ball,L,0,0,-1.04,0.37,0.67,1.35,9.672197347348092,-129.67337822870397,-5.526031075988099,-13.77228903039858,28.020470771032432,-26.97240383461205,53.73,0.024
CH,-2.47,5.67,"Kahnle, Tommy",592454,swinging_strike,R,2,2,-0.99,0.02,-0.55,1.66,6.950690308952933,-131.54597779871835,-4.112542779397328,-12.9844568162802,28.67066437955307,-31.24066498877451,53.75,-0.204
CH,-2.39,5.64,"Kahnle, Tommy",592454,ball,R,1,2,-1.04,0.02,-0.89,0.92,6.014682485288757,-131.59531418876665,-5.9274387844783885,-13.388139093181591,28.75120674889085,-30.783277675478807,53.71,0.036
SL,-2.21,5.86,"Kahnle, Tommy",592454,foul,R,1,2,0.46,0.12,-0.2,1.41,3.839579458506396,-125.40061229361312,-4.629773582999991,4.172090615975439,24.00535411058944,-30.19363276794392,53.99,0.0
CH,-2.34,5.75,"Kahnle, Tommy",592454,foul,R,1,1,-0.79,0.12,-0.34,2.33,6.657456083725748,-130.3066026708736,-2.735746261777442,-10.397116878499403,25.408239984983364,-30.431695913594623,53.92,-0.049
FF,-2.05,5.91,"Kahnle, Tommy",592454,ball,R,0,1,-0.5,1.29,1.33,1.93,10.135596287370742,-138.90324604325775,-7.882213650766819,-8.629247326436829,28.55858189177208,-13.84520915801516,53.66,0.021
SL,-2.27,5.89,"Kahnle, Tommy",592454,swinging_strike,R,0,0,0.65,0.46,0.95,1.33,6.481324345619024,-127.84756491488224,-5.998180736122656,6.10847157049319,22.58436907215324,-26.17751222707676,53.91,-0.032
SL,-2.21,6.01,"Kahnle, Tommy",592454,hit_into_play,R,0,1,0.33,0.31,0.14,2.62,4.909945072549548,-125.11107667797074,-2.4644878809473303,2.572084267463883,23.27983469554471,-28.648015895449,54.08,-0.188
FF,-1.9,6.13,"Kahnle, Tommy",592454,called_strike,R,0,0,-0.19,1.25,0.42,1.91,6.444416727519854,-135.84159303834883,-7.988960327557242,-3.663888294983034,26.785038843866747,-15.096955867605908,53.82,-0.042
CH,-2.44,5.84,"Kahnle, Tommy",592454,swinging_strike,R,2,2,-0.78,0.11,0.06,1.72,7.737965790679047,-127.79176035612694,-4.158823088173641,-10.116157625554749,24.41698245051381,-30.37278357806244,53.76,-0.268
CH,-2.06,5.78,"Kahnle, Tommy",592454,blocked_ball,R,1,2,-1.08,-0.17,0.57,0.34,8.544521558813061,-126.52416002519868,-6.527131411982048,-13.35656876259578,27.40950015983382,-32.73938119934431,53.88,0.054
SL,-2.06,5.99,"Kahnle, Tommy",592454,foul,R,1,2,0.82,0.24,0.35,2.22,3.983451361093148,-121.69254886941292,-2.7821247440066066,7.3717805394883476,23.023630566579087,-29.419256999864118,54.0,0.0
CH,-2.26,5.86,"Kahnle, Tommy",592454,called_strike,R,1,1,-0.73,0.2,0.32,3.38,7.702772901268007,-126.30038055790456,-0.1680380928901387,-9.300401389121996,24.522044859288133,-30.211084295561577,53.85,-0.07
CH,-2.38,5.76,"Kahnle, Tommy",592454,ball,R,0,1,-0.76,0.09,-0.3,3.45,6.6680146881080224,-128.2564229516885,0.2907634180066429,-9.797400117506198,26.32864742296206,-31.41228680145334,53.83,0.031
SL,-2.36,6.0,"Kahnle, Tommy",592454,called_strike,R,0,0,0.4,0.5,-0.1,3.15,4.502186317903613,-123.6517173375618,-1.4028664044111951,3.2805610584185465,22.894315621443223,-26.968678823746565,53.96,-0.042
CH,-2.49,5.71,"Kahnle, Tommy",592454,hit_into_play,L,1,2,-0.9,0.12,-1.14,2.03,5.146788016293525,-127.29227852621467,-3.0154172397115198,-10.82966047457182,24.653152222532373,-30.43074889309168,53.92,0.313
CH,-2.4,5.74,"Kahnle, Tommy",592454,swinging_strike,L,1,1,-1.03,-0.23,-0.65,1.22,6.395631122876221,-127.1820006043556,-4.337862832885575,-12.508702351467493,25.45485397298313,-33.9519824296451,53.72,-0.04
CH,-2.51,5.64,"Kahnle, Tommy",592454,swinging_strike,L,1,0,-0.91,0.1,0.03,1.1,8.111011955940844,-128.1631782560046,-5.231373285323885,-11.647320088115,24.943235041305236,-30.15966400578442,53.83,-0.031
CH,-2.37,5.65,"Kahnle, Tommy",592454,ball,L,0,0,-0.92,0.41,0.8,1.94,9.623817083886902,-127.17057837902918,-3.719736298756223,-11.860956834103492,24.55855291197871,-27.14113009812704,53.65,0.024
CH,-2.22,5.79,"Kahnle, Tommy",592454,swinging_strike,L,1,2,-1.02,-0.08,0.41,0.95,8.495604402958437,-127.30329886658907,-5.431412084953242,-12.745860962158396,24.84179781353291,-32.15391556817304,53.72,-0.168
CH,-2.47,5.8,"Kahnle, Tommy",592454,ball,L,0,2,-1.19,0.11,0.81,0.14,10.548507121015655,-128.66620239259598,-8.036317530723036,-15.393381033094474,25.31006585170549,-29.484729534957395,53.84,0.019
FF,-1.98,5.99,"Kahnle, Tommy",592454,swinging_strike,L,0,1,-0.76,1.3,0.21,3.87,7.386319279893546,-136.88249803166215,-2.685006020218165,-11.181109851095998,29.0650129390395,-15.426436951769947,53.99,-0.047
CH,-2.35,5.79,"Kahnle, Tommy",592454,called_strike,L,0,0,-1.14,0.22,0.16,2.31,8.564038131990557,-128.63333570910558,-2.9429064959305045,-14.338051897191862,24.71667401437757,-29.33845765787281,53.73,-0.032
CH,-2.36,5.66,"Kahnle, Tommy",592454,hit_into_play,R,0,1,-0.97,0.09,0.14,1.93,8.045369783559158,-126.27409906687484,-2.917804099368035,-12.101489680655664,27.05605316192881,-30.810581474152084,53.74,-0.328
CH,-2.39,5.64,"Kahnle, Tommy",592454,called_strike,R,0,0,-0.92,0.17,0.46,1.77,8.89178183478301,-127.70415453277508,-3.613367932807719,-11.981063797287035,27.14495298142044,-29.71692886337141,53.71,-0.042
CH,-2.34,5.7,"Kahnle, Tommy",592454,called_strike,L,0,2,-0.93,0.04,-0.89,2.02,5.525356080715618,-129.45283571121928,-3.0954832246875954,-11.56664450448436,27.187262263269368,-31.247941467252925,53.95,-0.23
CH,-2.44,5.58,"Kahnle, Tommy",592454,swinging_strike,L,0,1,-1.0,0.19,-0.64,1.28,6.533880935943318,-128.40731966471714,-4.759416566620365,-12.46309946820116,27.89998216553253,-29.22103294922512,53.82,-0.075
CH,-2.4,5.62,"Kahnle, Tommy",592454,foul,L,0,0,-1.13,0.36,-0.65,2.27,6.605380262868223,-127.43093038588194,-2.726429075085654,-13.65231090577632,25.1920199992206,-27.9207605347458,53.9,-0.064
FF,-2.01,5.75,"Kahnle, Tommy",592454,hit_into_play,R,3,2,-0.04,0.95,0.05,2.0,5.514710838048494,-138.1648809096125,-6.3097153736442095,-1.7546146679348829,31.30267584338295,-18.759537182824364,53.83,0.341
CH,-2.56,5.52,"Kahnle, Tommy",592454,foul,R,3,2,-0.96,0.03,-0.4,2.0,7.343836273339066,-129.3945689331634,-2.63480914397616,-12.30509332044063,27.90681929303508,-31.48056790053318,53.87,0.0
FF,-2.18,5.74,"Kahnle, Tommy",592454,foul,R,3,2,-0.34,1.2,-0.07,2.08,6.336564943302948,-138.44545498760382,-6.667886800231172,-5.817722338902911,32.456376457897704,-15.460674824429184,53.8,0.0
FF,-2.26,5.73,"Kahnle, Tommy",592454,ball,R,2,2,0.12,1.47,1.71,2.75,10.289613627586558,-139.07575491412507,-5.577200702385313,-0.8703192477776264,32.29966736651795,-11.974983835053582,53.68,0.093
CH,-2.44,5.55,"Kahnle, Tommy",592454,ball,R,1,2,-0.92,0.13,1.27,0.55,11.198681572296552,-130.24551279572748,-6.659347733854461,-12.87861373366946,27.96277675309544,-29.425204433039035,53.7,0.036
CH,-2.44,5.63,"Kahnle, Tommy",592454,foul,R,1,1,-1.02,0.23,0.44,1.75,9.164463948776003,-128.43548122433148,-3.873278567789627,-13.10854502741999,25.704148971914616,-29.056321332575816,53.99,-0.049
CH,-2.58,5.61,"Kahnle, Tommy",592454,swinging_strike,R,1,0,-1.0,0.12,-0.28,1.29,7.753417821324259,-128.66876339478094,-4.757020691217073,-12.740924912516569,25.53714960249695,-30.11830585370591,53.87,-0.044
FF,-2.09,5.88,"Kahnle, Tommy",592454,ball,R,0,0,-0.17,1.13,1.3,2.12,9.175364992616329,-136.49627710959962,-6.552061494578855,-4.0865564144549,28.784286475506622,-16.778927137352518,53.93,0.032
CH,-2.19,5.67,"Kahnle, Tommy",592454,hit_into_play,R,2,2,-0.89,0.1,0.3,1.52,7.925235516797178,-127.899317486524,-4.17596147411841,-11.389890300499957,26.469570317830307,-30.426398961142425,53.88,-0.283
CH,-2.3,5.56,"Kahnle, Tommy",592454,blocked_ball,R,1,2,-1.01,0.2,0.97,0.27,10.110584907072589,-128.30526830392674,-7.284367644372705,-13.113616203252024,24.529144343872545,-28.64458620708816,53.76,0.048
CH,-2.22,5.67,"Kahnle, Tommy",592454,blocked_ball,R,0,2,-1.17,0.42,1.19,0.3,10.818243802905698,-128.5840328686389,-8.023135977443204,-15.088792079219964,23.43505118453036,-26.096134789669275,53.86,0.022
FF,-1.7,6.0,"Kahnle, Tommy",592454,called_strike,R,0,1,-0.46,1.32,0.27,2.21,6.186267720866293,-137.73360238877606,-7.267990668712149,-7.08809763637243,27.51844275935947,-13.93873847211142,53.81,-0.077
CH,-2.29,5.65,"Kahnle, Tommy",592454,swinging_strike,R,0,0,-0.88,0.16,-0.3,0.96,6.643363266975578,-126.76047979019832,-5.515681212836932,-10.771633593695269,23.0250546395941,-29.624102663344352,53.87,-0.048
FF,-1.85,5.95,"Kahnle, Tommy",592454,swinging_strike,L,3,2,-0.49,1.34,-0.44,2.57,4.786981274612873,-137.03849991898844,-6.13218004034775,-7.159884349438021,27.237444585245164,-14.11609207767423,53.7,-0.392
CH,-2.32,5.66,"Kahnle, Tommy",592454,foul,L,3,2,-0.95,-0.08,-0.98,1.88,5.193404588165668,-126.68315559974826,-2.775043463945545,-11.263685059018536,24.26167567027767,-32.72325456719067,53.98,0.0
CH,-2.17,5.71,"Kahnle, Tommy",592454,blocked_ball,L,2,2,-1.1,0.14,0.23,0.73,8.088137930552222,-126.7277856019148,-6.1767182900416335,-13.44245237233872,23.72041641501897,-29.66784615751856,53.83,0.115
CH,-2.09,5.62,"Kahnle, Tommy",592454,foul,L,2,1,-1.09,0.37,0.44,1.83,8.342312130624418,-126.28103089360646,-3.682251001313222,-13.309117469565356,25.26470987032864,-27.613935205523703,53.8,-0.105
CH,-2.22,5.72,"Kahnle, Tommy",592454,ball,L,1,1,-1.05,-0.04,0.33,1.34,8.427625693489901,-128.32971433050565,-4.516622809406925,-13.31009468970468,25.20081159625321,-31.92165299126315,53.89,0.064
CH,-2.28,5.77,"Kahnle, Tommy",592454,swinging_strike,L,1,0,-1.0,0.12,0.13,1.53,8.05238794647169,-129.00620378509112,-4.632848990456214,-12.833322475076487,24.83047625429313,-30.131198628642156,53.85,-0.062
FF,-1.73,6.05,"Kahnle, Tommy",592454,ball,L,0,0,-0.17,1.15,0.98,3.57,7.427156588662558,-136.18610208468388,-3.264810533147438,-3.591319582007633,27.644096246766484,-17.312179263691885,53.63,0.036
CH,-2.32,5.65,"Kahnle, Tommy",592454,hit_into_play,L,3,1,-1.15,0.11,-0.89,1.68,5.818318777465978,-126.77281293736642,-3.6596691754024326,-13.530089028878676,23.884691523601063,-30.47931107668057,53.87,0.158
FF,-2.05,5.82,"Kahnle, Tommy",592454,called_strike,L,3,0,-0.88,1.25,0.58,2.09,8.924722334646367,-138.36405229589857,-7.004361935625688,-13.26521143940432,30.717142343620576,-14.648702640911592,53.76,-0.048
CH,-2.33,5.7,"Kahnle, Tommy",592454,ball,L,2,0,-0.89,0.57,-1.35,3.36,4.242606872743137,-128.30373581399382,-0.8064982057133792,-10.70644911644929,24.639422375645182,-25.91154673206585,53.97,0.086
FF,-1.9,5.87,"Kahnle, Tommy",592454,ball,L,1,0,-0.77,1.26,-0.66,1.28,4.994900707409865,-137.4578657729174,-9.179291207470929,-10.848336267499482,28.987775437019558,-14.316449879689516,53.73,0.045
FF,-2.11,5.86,"Kahnle, Tommy",592454,ball,L,0,0,-0.83,1.23,-0.1,0.96,7.140005488176641,-137.67870088965785,-9.960754123528943,-12.07103902221726,29.096028089955755,-14.55650480131644,53.73,0.024
SL,-2.11,5.9,"Kahnle, Tommy",592454,hit_into_play,R,1,1,0.43,0.27,0.02,2.46,4.268935386567557,-127.23585293082236,-2.764801497849504,3.90867529993152,23.24759363327917,-28.857958812984776,53.94,-0.216
CH,-2.48,5.75,"Kahnle, Tommy",592454,called_strike,R,1,0,-1.01,0.11,-0.61,2.1,6.512198249675086,-124.890239989966,-2.6547724769317185,-11.816078523377453,23.345023624359285,-30.7583916937654,53.79,-0.044
FF,-1.68,6.14,"Kahnle, Tommy",592454,ball,R,0,0,-0.16,1.4,1.83,2.19,9.51758064178454,-136.62465223433009,-7.711392221075206,-3.978177744427006,28.17682264263566,-13.058239020093852,53.83,0.032
CH,-2.3,5.82,"Kahnle, Tommy",592454,swinging_strike,L,1,2,-0.59,0.09,-0.84,1.78,4.779687526373301,-126.71815969101532,-3.7634027459947954,-7.366141871219168,25.200995196942163,-30.69056687462468,53.66,-0.169
CH,-2.49,5.52,"Kahnle, Tommy",592454,blocked_ball,L,0,2,-0.99,-0.02,0.55,-0.09,9.582215609445605,-129.26378590386295,-7.751096401359556,-12.966544846154472,25.00932650560078,-30.999607815007224,53.81,0.026
CH,-2.62,5.57,"Kahnle, Tommy",592454,swinging_strike,L,0,1,-0.86,0.2,-0.03,1.57,8.074171544873915,-127.64336371945114,-4.015366147054468,-11.029777478133605,24.495007102088938,-29.35970304537562,53.97,-0.045
CH,-2.62,5.6,"Kahnle, Tommy",592454,swinging_strike,L,0,0,-1.09,-0.07,0.08,1.46,8.98318352756444,-128.8870497103404,-3.93781050777607,-14.020052102355477,25.772114693256263,-32.344342235687165,53.61,-0.042
CH,-2.34,5.66,"Kahnle, Tommy",592454,hit_into_play,R,1,2,-0.71,-0.25,-0.72,2.5,5.472606626660383,-128.5218627664675,-1.1303859232730655,-9.018877685475893,25.45937221752046,-34.899891703750455,53.72,0.158
CH,-2.44,5.66,"Kahnle, Tommy",592454,foul,R,1,1,-1.06,0.14,-0.69,2.46,6.543636098634502,-128.9698750218336,-2.0526708627619183,-13.152970882656229,26.70525326455476,-30.43844498946369,53.74,-0.026
CH,-2.36,5.64,"Kahnle, Tommy",592454,swinging_strike,R,1,0,-1.09,0.15,0.75,1.8,10.037571973194275,-129.1956189763131,-3.715023783930541,-14.287211682415116,27.11244375234814,-29.838120818615742,53.51,-0.019
CH,-2.56,5.59,"Kahnle, Tommy",592454,ball,R,0,0,-1.11,0.25,0.58,1.52,10.09556023279171,-129.08797734029218,-4.469953971081794,-14.47064085924054,26.492913678531064,-28.595285375353523,53.7,0.016
CH,-2.54,5.61,"Kahnle, Tommy",592454,swinging_strike,L,0,2,-0.78,-0.18,0.33,2.01,8.64853803576491,-128.97242474812862,-2.304947134673543,-10.571629292196834,28.693639476093733,-33.879926512528215,54.26,-0.104
CH,-2.51,5.69,"Kahnle, Tommy",592454,foul,L,0,2,-1.12,0.09,-0.5,2.76,7.221963254198046,-129.55208908013253,-1.3268432348080803,-14.166689347166724,27.829333173149077,-31.149865423735843,54.57,0.0
CH,-2.42,5.67,"Kahnle, Tommy",592454,swinging_strike,L,0,1,-1.09,0.15,-0.37,0.91,7.2214805820390735,-128.39324454449206,-5.780954922330483,-13.551084807618286,26.870326224722312,-29.481804060848237,54.38,-0.035
CH,-2.4,5.68,"Kahnle, Tommy",592454,foul,L,0,0,-0.89,-0.01,-0.79,2.31,5.65451152061083,-124.95594414890483,-1.7505019858216315,-10.476688860332546,23.45460075193329,-32.127197727520944,54.01,-0.024
CH,-2.38,5.81,"Kahnle, Tommy",592454,swinging_strike,L,2,2,-0.81,0.4,0.83,2.3,9.68746846805257,-129.77770849988104,-3.547152051969974,-11.055290476919104,23.482274528211708,-27.101352999572786,53.66,-0.204
CH,-2.42,5.75,"Kahnle, Tommy",592454,ball,L,1,2,-1.07,-0.05,-1.25,2.2,5.136070695466883,-128.1268107016553,-2.4908983659789152,-12.814101426707818,24.72094069551441,-32.43329780151632,53.43,0.036
CH,-2.43,5.77,"Kahnle, Tommy",592454,foul,L,1,1,-0.91,-0.28,-0.52,2.53,6.620598007227588,-128.1212207903689,-1.217006684392502,-11.376681742541493,25.14659658349493,-35.225209421174696,53.45,-0.049
CH,-2.48,5.72,"Kahnle, Tommy",592454,called_strike,L,1,0,-1.16,0.03,0.44,1.78,9.45178726935836,-126.42517928680238,-3.3992561148556293,-14.348638681217537,24.14982927918952,-31.32539507769036,53.85,-0.044
CH,-2.46,5.83,"Kahnle, Tommy",592454,ball,L,0,0,-1.07,0.26,0.39,1.25,8.98056990358629,-126.86049808114218,-5.394310376688554,-13.296309797728256,23.57818340993921,-28.463379022936326,54.58,0.032
CH,-2.27,5.73,"Kahnle, Tommy",592454,swinging_strike_blocked,R,3,2,-0.81,0.22,0.46,0.77,8.49368213600211,-130.10790207095184,-6.753182472148968,-10.966815082064109,26.73740412867061,-28.48759078160249,53.84,-0.305
FF,-2.32,5.93,"Kahnle, Tommy",592454,ball,R,2,2,-0.47,1.21,-0.86,4.07,4.815491491223206,-136.38437516202717,-1.757608870491585,-6.895063324276632,29.751438877580533,-16.89171108109854,53.97,0.063
CH,-1.99,5.78,"Kahnle, Tommy",592454,blocked_ball,R,1,2,-0.83,-0.02,-0.09,0.67,6.4370530152064,-128.87906513855737,-6.373312987338778,-10.61783516402192,27.85801342792896,-31.20967177838504,53.83,0.032
FF,-2.09,6.02,"Kahnle, Tommy",592454,called_strike,R,1,1,-0.25,1.5,0.73,2.21,7.966845233475477,-137.56618352274626,-7.657996725654815,-4.858698065345202,29.788628981013076,-11.634401439019104,53.74,-0.087
SL,-2.42,5.74,"Kahnle, Tommy",592454,blocked_ball,R,0,1,0.54,0.39,0.53,1.02,5.94242625271191,-125.1878540216412,-5.830649151482937,4.646486668889719,22.726755008468796,-27.17699558669165,53.77,0.022
FF,-2.22,5.84,"Kahnle, Tommy",592454,called_strike,R,0,0,-0.35,1.34,0.41,2.83,7.710963746642555,-138.15944866610877,-5.2776454108563335,-6.120845623079724,30.04697771441008,-14.008565953117516,53.79,-0.042
CH,-2.45,5.74,"Kahnle, Tommy",592454,swinging_strike,R,2,2,-0.85,0.12,-0.47,1.61,6.601167661679082,-128.58874330811668,-4.2770532893970845,-10.719896304387776,24.730857180164914,-30.227819345993137,54.11,-0.448
CH,-2.34,5.73,"Kahnle, Tommy",592454,swinging_strike,R,2,1,-0.83,-0.02,0.54,2.34,8.711390515406851,-127.60333394420591,-2.0638357952297754,-10.788523876428814,24.097492265717374,-32.19898592747039,53.94,-0.157
SL,-2.25,5.82,"Kahnle, Tommy",592454,ball,R,1,1,0.59,-0.11,1.01,1.06,6.598699291370449,-125.2369402886169,-4.886175129321683,4.895496828425542,24.32270598602617,-32.59666955583969,53.78,0.043
CH,-2.51,5.83,"Kahnle, Tommy",592454,ball,R,0,1,-0.82,0.29,1.45,2.24,11.227356650635771,-126.53200914806,-3.1697730449796286,-10.74798983377401,20.267927314848595,-28.61664105629037,53.87,0.05
CH,-2.47,5.78,"Kahnle, Tommy",592454,foul,R,0,0,-0.81,-0.05,-0.19,1.99,7.215023560948158,-127.58532310405027,-2.968518257660923,-10.273743941599797,25.328093962265875,-32.3213659666756,53.96,-0.071
CH,-2.38,5.89,"Kahnle, Tommy",592454,hit_into_play,L,0,0,-0.56,-0.07,0.02,2.16,6.934000651347329,-126.49486968418722,-2.680154700875874,-7.271140923171193,22.773052479770595,-32.67866817515657,53.88,-0.274
FF,-2.01,6.13,"Kahnle, Tommy",592454,hit_into_play,R,0,0,-0.38,1.21,-0.77,2.75,4.040310761938454,-134.99562959150097,-5.545853968935692,-5.562768447712905,28.10377728429535,-16.3607562901275,53.89,0.628
CH,-2.57,5.6,"Kahnle, Tommy",592454,hit_into_play,L,1,2,-0.68,0.44,-0.23,2.07,7.325647169162674,-131.01720896567582,-3.778242202176659,-9.399645989291512,26.879559160939,-26.482230939435976,53.69,-0.229
CH,-2.08,5.7,"Kahnle, Tommy",592454,ball,L,0,2,-0.7,0.19,1.39,1.09,9.994867230272678,-128.18609415464888,-5.585941995614528,-9.706059272371723,25.77327426344728,-29.04803403592606,53.47,0.001
CH,-2.59,5.51,"Kahnle, Tommy",592454,swinging_strike,L,0,1,-1.03,0.13,0.07,0.41,8.786137449991173,-129.7266587021003,-6.855494741531395,-13.414578794459146,25.48880203794541,-29.54169922973236,53.69,-0.065
FF,-1.95,5.98,"Kahnle, Tommy",592454,called_strike,L,0,0,-0.5,1.36,0.4,1.42,7.413116335862208,-139.464818100349,-9.690093814926646,-8.084955537028302,27.52565962562234,-12.432675410158232,53.63,-0.042
FF,-1.88,6.0,"Kahnle, Tommy",592454,hit_into_play,R,3,2,-0.5,1.34,-0.33,1.93,5.299528225619488,-139.77988370914554,-8.3231697750658,-7.739930103642743,29.89100593171941,-12.885577628652069,53.61,0.988
SL,-2.17,5.79,"Kahnle, Tommy",592454,ball,R,2,2,0.46,0.3,1.11,1.04,6.9478287082281245,-125.80457161244412,-5.820303812249909,3.6314787298534106,23.613981952396117,-28.014337273756144,53.65,0.064
SL,-2.26,5.85,"Kahnle, Tommy",592454,called_strike,R,2,1,0.32,0.56,0.43,2.06,5.822534110682088,-126.20858532304764,-4.051507350062761,2.2787095351883333,25.04494186742795,-25.58352008211663,53.79,-0.071
SL,-2.23,5.83,"Kahnle, Tommy",592454,ball,R,1,1,0.66,0.45,0.4,1.37,4.931008440125982,-125.3297371308209,-5.313139543434931,6.022897998083276,23.67336282335036,-26.637755803234825,53.91,0.049
FF,-1.89,5.99,"Kahnle, Tommy",592454,ball,R,0,1,-0.63,1.17,-1.34,2.16,2.8471733275497195,-136.90744259154067,-6.826968461428512,-8.601253404384943,30.74023651907116,-16.209309829351128,53.84,0.03
SL,-2.09,5.9,"Kahnle, Tommy",592454,called_strike,R,0,0,0.31,0.29,0.03,2.26,4.444968868978694,-126.4086613965186,-3.19158304603975,2.521275617654769,24.281954211097787,-28.584449328563814,53.99,-0.042
CH,-2.23,5.63,"Kahnle, Tommy",592454,hit_into_play,R,1,0,-1.03,0.22,0.59,1.43,8.84124604342096,-124.80629135461876,-4.201078035749741,-12.482966190832856,23.731615832960163,-29.257857207302187,53.59,-0.116
SL,-2.01,5.79,"Kahnle, Tommy",592454,ball,R,0,0,0.26,0.35,1.37,0.86,7.564623960721311,-124.6915302836673,-6.200610533895792,1.2876010298033975,22.969214026420147,-27.525241030041258,53.62,0.016
CH,-2.29,5.62,"Kahnle, Tommy",592454,swinging_strike,L,2,2,-0.99,-0.16,-0.17,1.3,7.138766539937773,-125.89345352012002,-3.808775143866956,-11.91280057611424,24.487481581337484,-33.3308703738785,53.75,-0.142
CH,-1.98,5.68,"Kahnle, Tommy",592454,ball,L,1,2,-1.18,0.46,0.03,0.64,7.294040823093056,-126.51684502390124,-6.893794279483258,-14.12550397010587,26.386175162960612,-26.0049657780773,53.69,0.026
CH,-2.36,5.62,"Kahnle, Tommy",592454,swinging_strike,L,1,1,-1.2,-0.03,-0.63,1.36,6.669913558714681,-126.87964117287814,-3.963648254582494,-14.369039568325242,29.563595453429016,-31.78677250703173,53.86,-0.04
SL,-2.19,5.69,"Kahnle, Tommy",592454,ball,L,0,1,0.15,0.47,0.44,0.84,5.997478886358497,-125.00416682885648,-6.244047269009528,0.3844458729268287,24.438168181145397,-26.24441216485796,53.68,0.017
FF,-1.95,5.84,"Kahnle, Tommy",592454,called_strike,L,0,0,-0.49,1.4,0.18,2.47,6.622538917428039,-135.77976643837633,-6.050388667631285,-7.529845553441711,30.47301660948203,-13.752291613769328,53.64,-0.024
CH,-2.17,5.71,"Kahnle, Tommy",592454,hit_into_play,L,0,2,-1.17,0.29,-0.36,2.15,6.731037961972177,-125.40642049905296,-2.828408614762277,-13.752828369456306,25.245327791480737,-28.78145256584934,53.77,-0.149
CH,-2.37,5.64,"Kahnle, Tommy",592454,called_strike,L,0,1,-1.03,0.02,0.21,1.45,8.237112287049673,-123.8245526721256,-3.603392815697575,-12.250247219503697,23.973709916300745,-31.45010049634719,53.51,-0.047
SL,-2.25,5.86,"Kahnle, Tommy",592454,called_strike,L,0,0,0.18,0.41,-0.57,2.23,3.5536500537315945,-122.41599625030364,-2.87443947825399,1.1377412734769885,23.71356813434407,-27.69827311247535,53.92,-0.032
CH,-2.1,5.63,"Kahnle, Tommy",592454,swinging_strike,R,3,2,-1.18,0.15,-0.08,1.25,7.233384278145939,-124.82862995392516,-4.494014481944987,-13.7702185830551,24.12196120555021,-29.87781374767157,53.63,-0.58
CH,-1.94,5.7,"Kahnle, Tommy",592454,ball,R,2,2,-1.16,0.03,-0.58,3.57,5.607240568480096,-124.60594354583792,1.1804828490986443,-13.207485805713178,24.16295612044396,-32.33473410940239,53.74,0.157
CH,-1.95,5.77,"Kahnle, Tommy",592454,swinging_strike,R,2,1,-1.01,0.45,0.1,2.04,6.966069159962427,-125.07941087147576,-3.588463410123395,-11.953223477601394,22.282709159052448,-26.981676268941158,53.71,-0.086
FF,-1.55,5.98,"Kahnle, Tommy",592454,called_strike,R,2,0,-0.54,1.39,0.89,1.48,7.561375758046212,-135.7517933726857,-9.06942814666418,-8.131871231231477,25.20390972758598,-13.275408180890391,53.48,-0.122
CH,-2.19,5.6,"Kahnle, Tommy",592454,blocked_ball,R,1,0,-1.27,0.14,0.67,-0.05,9.483940757280449,-124.87246178752191,-7.579823625013208,-15.124290372455146,22.22301482734597,-29.425294945688798,53.41,0.096
SL,-1.99,5.71,"Kahnle, Tommy",592454,blocked_ball,R,0,0,0.31,0.36,0.25,0.11,4.680999704116023,-123.71172351687078,-7.654955145817348,2.313185651942803,22.508891576874383,-27.28608562366306,53.64,0.051
CH,-2.25,5.63,"Kahnle, Tommy",592454,swinging_strike,L,3,2,-1.09,0.38,-0.57,1.62,6.2473817523070405,-125.0506339196209,-4.132790197368859,-12.598290529082572,21.66889632976352,-27.605601242060253,53.73,-0.687
FF,-1.68,5.9,"Kahnle, Tommy",592454,ball,L,2,2,-0.41,1.4,1.18,2.07,8.279987840370492,-134.49180580713357,-7.116299207999032,-6.592565953455539,26.418430800161552,-13.820520873291638,53.55,0.239
FF,-1.86,5.86,"Kahnle, Tommy",592454,foul,L,2,1,-0.71,1.38,-0.73,2.56,4.530020417178688,-135.64543579810672,-5.860011947883425,-9.79378838029663,28.287252003832165,-13.981357272806722,53.59,-0.218
CH,-2.19,5.6,"Kahnle, Tommy",592454,ball,L,1,1,-1.17,0.36,0.29,0.76,8.279217651364965,-124.55581541132167,-6.006229240939152,-13.74743988420332,21.75406465699704,-27.52136104200755,53.71,0.129
FF,-1.81,5.86,"Kahnle, Tommy",592454,called_strike,L,1,0,-0.7,1.31,0.59,1.99,7.710950483131077,-134.3278223115715,-7.0197152205416895,-10.03466101509415,25.8899271435208,-14.924562776884056,53.63,-0.125
CH,-2.05,5.56,"Kahnle, Tommy",592454,blocked_ball,L,0,0,-1.01,0.29,0.35,0.61,7.869794818135689,-125.37053987798164,-6.244693012766319,-12.18402519439418,22.722833568405004,-28.128822779277098,53.46,0.087
CH,-1.98,5.59,"Kahnle, Tommy",592454,ball,L,3,2,-1.01,0.28,0.64,0.97,8.360010276279942,-124.85226718724763,-5.363846415920426,-12.171334172179984,22.468920312656454,-28.353333060599788,53.54,0.427
FF,-1.76,6.01,"Kahnle, Tommy",592454,foul,L,3,1,-0.62,1.5,-0.28,2.8,5.165951514585505,-134.1399303222279,-5.682926844161474,-8.573716738550134,26.29654101385144,-12.939608496937586,53.74,-0.042
FF,-1.76,5.81,"Kahnle, Tommy",592454,ball,L,2,1,-0.76,1.41,0.99,1.01,8.796669654975533,-134.39728016544225,-9.667357838567492,-11.0594225250891,26.59341924566476,-13.17092416533396,53.5,0.158
CH,-2.06,5.58,"Kahnle, Tommy",592454,ball,L,1,1,-0.99,0.08,0.52,0.97,8.099642667824687,-123.31302730596532,-4.66629350279335,-11.706566309147757,24.30007145253631,-30.58068948459235,53.55,0.074
CH,-2.19,5.56,"Kahnle, Tommy",592454,blocked_ball,L,0,1,-1.26,-0.22,-1.9,0.79,3.2993354333667195,-125.3865691661094,-4.732316899077307,-14.025572731572575,24.141309243833568,-33.78101797991394,53.69,0.057
CH,-2.06,5.63,"Kahnle, Tommy",592454,called_strike,L,0,0,-1.08,-0.18,0.23,1.64,7.598174089494309,-123.51756423519682,-2.684528118725332,-12.571239162499133,23.6825815382734,-33.70046907962394,53.69,-0.064
FF,-1.5,6.01,"Kahnle, Tommy",592454,ball,R,3,2,-0.67,1.34,0.06,3.98,5.464185629526111,-133.3734405353971,-2.1922316213149458,-9.1724049223884,27.784362485663102,-15.903002302456338,53.51,0.343
FF,-1.66,5.87,"Kahnle, Tommy",592454,ball,R,2,2,-0.86,1.28,0.65,5.18,7.942069035807289,-136.11371257598873,1.1703212513536143,-12.484112270868756,29.80256550434614,-16.763688131599714,53.57,0.093
CH,-2.1,5.58,"Kahnle, Tommy",592454,ball,R,1,2,-1.24,-0.04,1.45,0.99,11.34598614434092,-128.04977035932902,-5.061577218655216,-15.943648985547425,24.92653889331648,-31.6999724374104,53.5,0.036
FF,-1.87,5.83,"Kahnle, Tommy",592454,foul_tip,R,1,1,-0.54,1.45,1.03,2.61,8.735980010088166,-135.8297106362028,-5.816329687799909,-8.457956813077354,27.38350449829517,-13.137994320787984,53.53,-0.049
CH,-1.99,5.63,"Kahnle, Tommy",592454,ball,R,0,1,-1.14,-0.01,1.27,0.85,10.296092668075431,-126.79847247361651,-5.417263092384251,-14.298348678368631,23.152864563155703,-31.43754059030728,53.61,0.021
FF,-1.75,5.89,"Kahnle, Tommy",592454,called_strike,R,0,0,-0.88,1.43,0.22,2.66,7.094182719232273,-135.53908870495525,-5.758801918878948,-12.327523194689164,28.263290666592365,-13.414691559195058,53.57,-0.032
SL,-2.4,6.0,"Kahnle, Tommy",592454,hit_into_play,R,1,0,0.23,0.43,0.33,2.59,5.967889086270624,-124.05889561835008,-2.658590677169154,1.2966796132648526,22.245723879840224,-27.361093094395407,54.02,-0.489
CH,-1.85,5.74,"Kahnle, Tommy",592454,ball,R,0,0,-0.88,0.19,1.88,0.61,10.723785346509109,-125.46658931602688,-6.494321586555857,-11.302755105380504,22.0872809110074,-29.108924049097777,53.83,0.042
CH,-1.84,5.64,"Kahnle, Tommy",592454,ball,R,3,2,-0.91,0.09,2.02,-0.17,11.12672516118835,-125.47131394950917,-7.912621740104298,-11.716730319402457,23.02667058497647,-29.79838820387733,53.73,0.267
SL,-1.48,5.9,"Kahnle, Tommy",592454,ball,R,2,2,0.42,0.44,2.18,1.14,7.833822232309113,-124.79021848929015,-5.986849636059014,3.0741574764475907,21.70252299802417,-26.600839469142525,53.91,0.131
CH,-1.8,5.7,"Kahnle, Tommy",592454,blocked_ball,R,1,2,-1.11,0.79,1.82,-0.13,10.930613972807862,-125.1410128465269,-9.315905872814067,-13.7327236872293,22.775199075203503,-22.175485943595422,53.74,0.07
CH,-1.83,5.74,"Kahnle, Tommy",592454,foul,R,1,2,-0.87,0.41,0.87,2.19,8.178632616784665,-124.8124263037007,-3.025610275188043,-10.603071805721768,22.59444807192556,-27.463111315374974,53.94,0.0
CH,-1.89,5.71,"Kahnle, Tommy",592454,swinging_strike,R,1,1,-0.92,0.48,0.4,2.26,7.432014939188521,-126.76664046115668,-3.165380255380259,-11.390554027301762,23.230081128291783,-26.5617825504808,53.92,-0.126
SL,-1.46,5.86,"Kahnle, Tommy",592454,ball,R,0,1,0.41,0.39,2.08,1.17,7.687657102610211,-126.73214932399196,-6.023396452693809,3.185844636250868,20.87789357615934,-27.040750778582844,54.04,0.056
CH,-1.69,5.76,"Kahnle, Tommy",592454,swinging_strike,R,0,0,-1.01,0.15,0.46,1.06,7.21299333901766,-125.67323799386274,-5.398710205294178,-12.030120084642808,21.42444226963264,-29.819350581225525,53.94,-0.081
SI,-2.41,5.87,"Kahnle, Tommy",592454,hit_into_play,L,2,1,-1.17,0.8,0.66,2.25,10.407497273882075,-133.85058615569164,-5.199083053718462,-16.15103972929636,23.86406033498338,-21.653901458279837,53.83,0.867
CH,-2.64,5.77,"Kahnle, Tommy",592454,ball,L,1,1,-0.86,0.09,0.58,1.19,9.33520240198945,-124.34638761155168,-4.8347283271486425,-10.527638160943306,20.37159816503821,-30.530038393601828,53.97,0.058
CH,-2.63,5.73,"Kahnle, Tommy",592454,ball,L,0,1,-1.07,0.25,0.86,0.83,10.485844078063236,-124.72115253898347,-5.94901763690826,-13.121126940718788,21.21048654633569,-28.611768253365504,53.85,0.057
FF,-1.93,6.24,"Kahnle, Tommy",592454,called_strike,L,0,0,-0.27,1.21,0.65,2.25,7.100909994145916,-132.76182696887818,-6.836166633590555,-4.633946216976938,26.29589893472242,-16.56081191775622,53.97,-0.073
CH,-2.33,5.8,"Kahnle, Tommy",592454,hit_into_play,R,2,2,-1.16,0.48,-0.41,1.8,6.986011173314583,-125.8313868334963,-4.352763136371126,-13.750400307073232,24.714343207885733,-26.396952365156803,53.82,2.867
CH,-2.52,5.91,"Kahnle, Tommy",592454,foul,R,2,1,-1.14,0.74,-0.41,3.34,7.405781722687298,-125.6806092053683,-1.3747061698759575,-13.66837567028794,27.71977597539004,-24.27713190935679,53.96,-0.285
CH,-2.33,5.86,"Kahnle, Tommy",592454,ball,R,1,1,-1.03,0.18,1.35,2.39,10.93627833532677,-125.51449278213876,-2.3739877130014344,-13.237923913626904,27.107397441351967,-29.939303998231956,53.85,0.192
CH,-2.25,5.74,"Kahnle, Tommy",592454,ball,R,0,1,-1.33,0.12,0.6,0.76,9.604257037805882,-126.08169532267164,-5.949413366731295,-16.24121256770622,27.601802975035557,-29.74949300916609,53.79,0.047
CH,-2.33,5.82,"Kahnle, Tommy",592454,swinging_strike,R,0,0,-0.91,0.39,1.03,1.95,9.869998922176888,-125.05989330984106,-3.6443550932805735,-11.64909492319322,28.107646451796004,-27.50344234129776,53.89,-0.121
FF,-1.96,6.01,"Kahnle, Tommy",592454,ball,R,3,2,-0.19,1.34,0.63,3.78,7.156369290401813,-136.1219831039952,-2.977532717084048,-4.020986746359563,30.605006601772743,-15.083151264721671,53.81,0.499
CH,-2.29,5.81,"Kahnle, Tommy",592454,foul,R,3,2,-1.22,0.4,-0.09,2.59,7.866805417231194,-127.04412834052964,-2.4359543560368344,-14.85704750400043,26.71686019034695,-27.508926382525484,53.84,0.0
CH,-2.37,5.81,"Kahnle, Tommy",592454,foul,R,3,2,-1.14,0.2,0.07,2.04,8.448957296290057,-129.63197211103474,-3.6760988931656,-14.625547063686929,26.78629294399832,-29.394414002818912,53.85,0.0
FF,-1.76,6.14,"Kahnle, Tommy",592454,ball,R,2,2,-0.32,1.46,0.88,1.57,7.591678662104177,-136.77302316504245,-9.443672394100863,-5.661941738383195,29.90831959635557,-11.91413897970016,53.76,0.157
SL,-2.15,5.89,"Kahnle, Tommy",592454,blocked_ball,R,1,2,0.43,0.35,1.54,0.76,7.909883383625704,-125.11362409829552,-6.684693993765961,2.980578847289966,24.386656777895507,-27.38543672583296,53.84,0.06
FF,-2.02,6.13,"Kahnle, Tommy",592454,foul,R,1,2,-0.05,1.33,0.93,2.92,7.821710369393058,-137.36745887939333,-5.607536817225913,-2.562530133916756,33.81375078977049,-14.31279043636532,53.92,0.0
FF,-2.12,6.09,"Kahnle, Tommy",592454,swinging_strike,R,1,1,-0.54,1.61,0.07,2.84,6.953129140825531,-137.43370653339508,-6.341866267146116,-8.436640109560447,32.881001232621934,-10.583446137769547,53.97,-0.065
CH,-2.61,5.84,"Kahnle, Tommy",592454,foul,R,1,0,-1.16,0.25,-0.66,2.69,7.099931153015771,-126.45218253833416,-1.8755802010757283,-13.892965963104128,25.90694998079642,-29.31444420369432,53.9,-0.106
FF,-1.93,5.97,"Kahnle, Tommy",592454,ball,R,0,0,-0.72,1.55,1.01,1.14,9.249996255421138,-136.44664355676474,-10.297938075576258,-10.905554949934496,28.623694010436928,-10.610178170342902,53.77,0.051
CH,-2.34,5.63,"Kahnle, Tommy",592454,swinging_strike_blocked,L,2,2,-1.1,0.1,-0.2,0.28,7.519782069267848,-127.6751658554933,-7.078166520505246,-13.646516033744367,26.761201315786707,-29.72773206544904,53.73,-0.448
CH,-2.28,5.77,"Kahnle, Tommy",592454,foul,L,2,2,-1.15,0.46,0.52,2.08,9.15453734577714,-127.19216541783562,-3.711695782590363,-14.319576953679098,25.847622019985952,-26.643438910034607,53.92,0.0
CH,-2.36,5.61,"Kahnle, Tommy",592454,blocked_ball,L,1,2,-1.04,0.49,0.52,0.59,9.117159921602424,-126.43795702646553,-6.975426051464563,-12.967583986466044,23.27367558817412,-25.668657268959876,53.72,0.066
CH,-2.47,5.72,"Kahnle, Tommy",592454,swinging_strike,L,1,1,-1.19,0.09,-0.05,1.55,8.371912034539053,-127.68132926762836,-4.241023952508474,-14.649773988067626,24.335681527335044,-30.5114065605011,53.79,-0.155
SI,-2.2,5.83,"Kahnle, Tommy",592454,ball,L,0,1,-1.41,0.92,0.28,1.18,9.699972466011946,-137.66091190134128,-8.6090186760555,-20.09198946543792,29.550563168664045,-18.643990551984054,53.83,0.056
FF,-2.08,6.04,"Kahnle, Tommy",592454,called_strike,L,0,0,-0.41,1.33,0.0,2.79,6.286585144519108,-135.75505410017357,-5.6322756514616925,-6.35583174649642,27.35800194167161,-14.620544412873404,53.79,-0.093
FF,-1.92,6.02,"Kahnle, Tommy",592454,hit_into_play,L,1,2,-0.26,1.52,0.35,3.34,6.562189307690658,-138.9034732441773,-4.811735717451727,-4.91064057408519,33.01692628309535,-11.616436378113232,54.13,0.8
CH,-2.29,5.76,"Kahnle, Tommy",592454,ball,L,0,2,-1.07,0.34,-0.05,1.23,7.764142777228937,-128.30507180675338,-5.65325780983798,-13.493124632678704,27.07140466474657,-27.43922818034273,53.73,0.053
CH,-2.25,5.78,"Kahnle, Tommy",592454,swinging_strike,L,0,1,-0.88,0.46,0.34,1.46,8.066476173674774,-126.59164679041056,-5.160293478743539,-11.08222161188528,26.04503850503253,-26.373219658629857,53.86,-0.075
CH,-2.35,5.77,"Kahnle, Tommy",592454,called_strike,L,0,0,-1.1,0.17,0.51,3.64,9.214722956703978,-126.8500882984177,0.7181104987959869,-13.848593106586083,27.12361661049032,-30.712723167296254,53.79,-0.064
FF,-1.84,6.08,"Kahnle, Tommy",592454,ball,R,3,2,-0.14,1.46,1.22,2.6,8.360650338400907,-137.94235362220405,-6.716345577531022,-3.6908942042515926,31.24129308967949,-12.206199786880624,53.87,0.343
FF,-1.91,6.07,"Kahnle, Tommy",592454,ball,R,2,2,-0.68,1.45,-1.3,2.35,3.115892460803172,-137.49099375997596,-7.23070223052658,-9.34710273577948,32.04811564612505,-12.404508043012031,53.9,0.093
CH,-2.29,5.81,"Kahnle, Tommy",592454,called_strike,R,2,1,-0.95,0.31,0.46,2.54,8.66741601920518,-127.85507542635524,-2.4341523189739345,-12.211130102064573,26.70276690041832,-28.51829629624718,53.94,-0.063
CH,-2.21,5.82,"Kahnle, Tommy",592454,swinging_strike,R,2,0,-1.18,0.06,0.58,0.99,9.165362054935525,-126.52167549304164,-5.563181400380887,-14.57477178121079,26.42851627983158,-30.51717939239303,53.75,-0.057
CH,-2.28,5.74,"Kahnle, Tommy",592454,ball,R,1,0,-0.97,0.13,1.49,1.89,11.282159249535496,-128.43459763228208,-3.6073130477831903,-13.01198505950738,26.167466097950378,-30.16726531275147,53.73,0.064
FF,-2.07,6.08,"Kahnle, Tommy",592454,ball,R,0,0,-0.26,1.42,1.56,3.43,10.080463045960418,-137.28532585877667,-4.417795220602229,-5.457374768651035,29.749985147428333,-13.347788694787814,53.78,0.032
FF,-2.15,5.99,"Kahnle, Tommy",592454,hit_into_play,R,2,2,-0.7,1.01,-0.12,2.56,6.87680990456553,-136.08400812571963,-5.417678721870177,-10.244270308545524,30.03434538709541,-18.664484812460184,53.32,-0.328
CH,-2.61,5.67,"Kahnle, Tommy",592454,foul,R,2,1,-1.06,-0.18,-0.26,1.87,7.861290880219106,-126.03261864723125,-2.4678329445095235,-12.983721738817128,27.74716065724094,-33.75541079352577,53.65,-0.162
CH,-2.33,5.91,"Kahnle, Tommy",592454,called_strike,R,2,0,-1.18,0.16,-0.42,2.71,7.09493038122484,-127.59823046045284,-1.8901721398393223,-14.388078621572712,28.746921496977475,-30.27895113584404,53.8,-0.076
CH,-2.28,5.7,"Kahnle, Tommy",592454,ball,R,1,0,-0.97,0.16,0.6,0.98,9.006296445342482,-127.03088424869286,-5.582256257468577,-12.354365688382687,26.49084899098013,-29.454939108685924,53.62,0.075
CH,-2.21,5.79,"Kahnle, Tommy",592454,ball,R,0,0,-0.99,0.28,1.3,2.29,10.615552380610158,-127.46443491803772,-2.8892845818665567,-13.049119031391577,26.856259748552187,-28.73414210492438,53.71,0.042
CH,-2.59,5.72,"Kahnle, Tommy",592454,called_strike,R,3,2,-0.7,-0.1,-0.55,3.3,6.360955483767508,-126.09662812299965,0.6084010010968972,-8.736444603887918,24.170539932046008,-33.584000991295966,53.64,-0.58
CH,-2.38,5.63,"Kahnle, Tommy",592454,blocked_ball,R,2,2,-1.23,0.14,0.57,0.31,9.799247177705702,-127.81088792466944,-7.12647631411742,-15.541173940665526,26.988082205103545,-29.26184406150815,53.63,0.157
CH,-2.11,5.85,"Kahnle, Tommy",592454,swinging_strike,R,2,1,-1.19,0.13,0.25,1.25,8.294465357046438,-128.37237990786053,-5.4502174681059605,-14.850242042543302,25.25662106767088,-29.80593997961889,53.67,-0.086
CH,-2.26,5.69,"Kahnle, Tommy",592454,ball,R,1,1,-1.22,0.3,0.98,1.32,10.423640545870478,-126.9629183339774,-5.055376336388662,-15.255676881723746,25.466380841925115,-28.003548021454915,53.58,0.081
CH,-2.2,5.79,"Kahnle, Tommy",592454,swinging_strike,R,1,0,-1.08,0.07,-0.08,1.6,7.387826036758584,-126.79504697701688,-4.090243322559204,-13.194031250501634,26.418587913791946,-30.75447711075984,53.61,-0.106
CH,-2.2,5.8,"Kahnle, Tommy",592454,ball,R,0,0,-1.18,0.35,1.18,1.72,10.734675616588444,-127.36949835399383,-4.450492788387599,-15.142942585289246,27.198244057092584,-27.554278481106525,53.54,0.051
CH,-2.4,5.75,"Kahnle, Tommy",592454,hit_into_play,R,2,2,-1.17,0.07,-0.76,2.37,6.330380059338481,-125.4698475322596,-1.972734556097908,-13.584379016570203,24.958221929804317,-31.240415187831605,53.78,0.522
FF,-1.97,6.08,"Kahnle, Tommy",592454,foul,R,2,2,-0.54,1.24,-1.08,3.16,3.557547838160501,-137.88017930706587,-4.766016630317692,-7.681227799218975,30.993919322378037,-15.558288729246192,53.73,0.0
SL,-2.24,5.88,"Kahnle, Tommy",592454,ball,R,1,2,0.59,0.26,1.08,0.93,6.826309522957091,-127.04781879737624,-6.386726417602455,5.081440673251525,25.34336014239989,-28.287596312795536,53.62,0.054
CH,-2.44,5.75,"Kahnle, Tommy",592454,foul,R,1,1,-0.78,0.08,0.79,1.6,9.473878294050811,-126.86252900658904,-4.020939801973531,-10.313980972630004,25.958564063362584,-30.65101302481886,53.58,-0.07
CH,-2.54,5.78,"Kahnle, Tommy",592454,foul,R,1,0,-1.07,0.19,-0.77,2.4,6.543869226070136,-127.46355325986666,-2.4398853216391787,-12.981432498731788,25.08295193213057,-29.84915457008778,53.58,-0.055
FF,-2.0,6.07,"Kahnle, Tommy",592454,ball,R,0,0,-0.57,1.28,0.42,3.71,7.6479218825823665,-136.9551461843864,-3.299015593563444,-8.839850595043524,29.12521703679511,-15.495418872518856,53.48,0.044
FF,-2.33,5.79,"Kahnle, Tommy",592454,ball,R,3,0,-0.84,1.14,-0.58,3.39,6.497138870016789,-137.4894431678852,-3.172423735851055,-12.017835248122507,28.99713142883425,-17.239721258295763,53.59,0.113
CH,-2.49,5.69,"Kahnle, Tommy",592454,ball,R,2,0,-1.36,0.32,0.61,0.89,10.571745871078075,-129.31815856980242,-6.474719009429387,-17.432050791078677,26.341021537503785,-27.414037476689348,53.57,0.086
CH,-2.48,5.63,"Kahnle, Tommy",592454,ball,R,1,0,-1.15,-0.1,-0.04,0.55,8.557096504393318,-130.11527305572946,-6.327635162214136,-14.9254938114209,29.27293998299499,-32.08983678545466,53.6,0.045
FF,-2.06,5.94,"Kahnle, Tommy",592454,ball,R,0,0,-0.7,1.07,1.51,2.57,10.973248774606548,-137.49516606998566,-5.548294223386534,-11.33957358764665,30.720711907531893,-17.493409267679986,53.56,0.024
CH,-2.51,5.7,"Kahnle, Tommy",592454,swinging_strike,R,1,2,-0.99,-0.16,0.55,1.27,9.728107446074816,-129.98459949295665,-4.560993307911934,-13.39170250926056,29.299156892901387,-33.18442962137566,53.65,-0.168
SL,-2.16,5.84,"Kahnle, Tommy",592454,foul,R,1,2,0.31,0.24,1.12,1.76,7.409730291079745,-128.00552246217114,-4.36712362882516,1.9838649407427948,24.880580999552286,-28.84176495537396,53.56,0.0
CH,-2.46,5.79,"Kahnle, Tommy",592454,foul,R,1,2,-0.74,0.48,-0.67,2.86,5.9403500330589765,-128.65199396462702,-2.050168182784093,-9.489551707341036,27.038276167912624,-26.64263327437149,53.81,0.0
FF,-2.18,5.83,"Kahnle, Tommy",592454,foul,R,1,2,-0.13,1.34,0.61,1.83,7.748738459486826,-139.07173717641854,-7.998627191592927,-3.545738764918975,33.29726078301013,-13.10266986264447,53.56,0.0
SL,-2.12,5.94,"Kahnle, Tommy",592454,foul,R,1,1,0.29,0.13,0.79,2.87,6.375225711056458,-125.4491027464116,-1.359417479338784,1.8831988038453304,24.051960974189363,-30.72702287382746,53.7,-0.049
SL,-2.2,5.9,"Kahnle, Tommy",592454,ball,R,0,1,0.29,0.35,1.07,0.61,7.362121100696232,-127.25760841369988,-7.447343254543075,1.731829899083619,24.088843878960077,-27.105431994319773,53.66,0.021
FF,-1.99,6.04,"Kahnle, Tommy",592454,called_strike,R,0,0,-0.29,1.43,0.81,2.93,8.030299347896912,-137.6286304525953,-5.668288559654002,-5.532347459202353,31.48340758528349,-12.863560144824806,53.61,-0.032
CH,-2.34,5.81,"Kahnle, Tommy",592454,hit_into_play,R,3,2,-0.77,-0.19,-0.51,2.59,5.923405158216717,-124.46556850973208,-0.921256157925184,-9.18724276306198,25.611231681245663,-34.13673490444623,53.74,-0.131
CH,-2.54,5.62,"Kahnle, Tommy",592454,foul,R,3,2,-1.01,0.05,-0.09,2.91,7.944410836879729,-125.18774297696788,-0.2595434732864571,-12.171014804441626,24.852087907620117,-31.848867883414638,53.59,0.0
CH,-2.22,5.75,"Kahnle, Tommy",592454,ball,R,2,2,-0.98,0.07,1.62,1.0,11.62387762536996,-129.69878987914302,-5.898019247307923,-13.397741385978083,26.402909821432587,-30.336502025620323,53.52,0.043
CH,-2.37,5.66,"Kahnle, Tommy",592454,swinging_strike,R,2,1,-1.02,0.05,-0.59,1.22,6.462946880826417,-126.9596173175982,-4.703275695476201,-12.35859222912473,25.061230665097213,-30.87937093113132,53.53,-0.031
CH,-2.42,5.7,"Kahnle, Tommy",592454,called_strike,R,2,0,-0.84,-0.18,-0.29,1.8,6.857690150597464,-125.67536990557517,-2.759465101583925,-10.235233946769686,24.30871342766265,-33.74676024810397,53.65,-0.022
CH,-2.51,5.58,"Kahnle, Tommy",592454,ball,R,1,0,-0.84,0.0,1.0,1.85,10.290746157272029,-126.93039791193048,-2.861632016563961,-11.168136073548425,25.646453070435307,-31.74676227358296,53.61,0.026
SL,-2.06,5.92,"Kahnle, Tommy",592454,ball,R,0,0,0.16,0.61,1.69,0.68,8.841258304409545,-127.39372824603184,-7.8577604920352595,-0.1530194315880977,27.30757883579855,-23.975807051555652,53.5,0.016
CH,-2.46,5.73,"Kahnle, Tommy",592454,hit_into_play,L,2,1,-1.07,0.15,-1.09,2.6,5.51026754763772,-125.9545156098222,-1.498163678061232,-12.554146582959737,28.223254490021823,-30.52812610048308,53.67,-0.193
FF,-2.26,5.86,"Kahnle, Tommy",592454,swinging_strike,L,2,0,-0.63,1.54,0.51,2.93,8.67746204854089,-136.25818676328342,-5.264558399816757,-9.831142823972314,32.4125844570001,-12.002666885666653,53.42,-0.039
FF,-2.1,5.91,"Kahnle, Tommy",592454,ball,L,1,0,-0.49,1.35,0.92,2.81,9.029588144436662,-137.21471490426634,-5.391215368286043,-8.308772959808426,32.905000710246775,-14.07132962802164,53.75,0.045
CH,-2.29,5.8,"Kahnle, Tommy",592454,ball,L,0,0,-1.05,0.11,-1.3,4.0,4.51367270018278,-124.47000384060402,1.8893075309460996,-11.869358776641436,26.64489511892737,-31.70025096521953,53.64,0.024
SI,-2.02,5.84,"Kahnle, Tommy",592454,hit_into_play,R,1,1,-1.21,1.04,-0.48,2.82,6.802549660727292,-137.4710577308216,-4.589891916728778,-16.78988330720276,29.43041193609647,-18.09436422703512,53.55,1.007
CH,-2.53,5.76,"Kahnle, Tommy",592454,called_strike,R,1,0,-0.8,-0.11,0.26,1.88,8.531564723606163,-127.98365118914282,-3.074012444996382,-10.5426464767083,26.58507292515269,-32.95986964893751,53.56,-0.031
SL,-2.11,5.84,"Kahnle, Tommy",592454,ball,R,0,0,0.31,0.46,2.04,1.17,9.62054424573154,-128.47885251455168,-6.427506741879064,1.7261111928767778,23.196541181532652,-25.96083226825236,53.3,0.024
CH,-2.58,5.73,"Kahnle, Tommy",592454,swinging_strike,L,1,2,-0.82,-0.24,-0.19,0.91,7.641723034155953,-129.35883261441612,-5.274285158283474,-10.817992307155064,27.706937301911285,-33.96496378525402,53.65,-0.168
CH,-2.51,5.75,"Kahnle, Tommy",592454,swinging_strike,L,1,1,-1.18,0.01,0.28,0.3,9.267655369602778,-127.29395374094382,-7.08640665240571,-14.767383550957684,25.99763794748742,-30.801929282442785,53.75,-0.049
SI,-2.34,5.76,"Kahnle, Tommy",592454,foul_tip,L,1,0,-1.39,0.67,-0.18,1.52,8.753798924923782,-135.98599924942928,-6.756475252931493,-19.15896676047386,29.422630991780075,-22.55837549876913,53.56,-0.044
CH,-2.42,5.8,"Kahnle, Tommy",592454,ball,L,0,0,-0.93,0.37,0.6,0.91,9.31463128916184,-127.36876959707068,-6.54404621047021,-11.90885841437936,24.06286855837692,-27.02629152743952,53.6,0.032
FF,-1.99,6.0,"Kahnle, Tommy",592454,swinging_strike,L,2,2,-0.88,1.36,0.02,3.87,7.268213228200261,-136.9640862839357,-2.827617281475045,-12.77384766663045,32.55728137584659,-14.67484242627003,53.56,-0.088
CH,-2.44,5.76,"Kahnle, Tommy",592454,swinging_strike,L,2,1,-1.25,0.08,0.32,1.24,9.422406259212805,-127.96974817150932,-5.044754561847409,-15.69988658886538,27.34350212467457,-30.37844481740992,53.41,-0.031
CH,-2.42,5.78,"Kahnle, Tommy",592454,called_strike,L,2,0,-1.18,0.13,0.54,2.19,9.596528533963648,-126.52353333438164,-2.760555227699162,-14.57011816890514,23.798794609215992,-30.419185219604746,53.74,-0.022
SI,-2.44,5.83,"Kahnle, Tommy",592454,ball,L,1,0,-1.3,0.95,-1.41,3.89,5.503916271742495,-134.40214681039086,-1.211786490219676,-16.94264219543846,28.13762311882024,-20.635954153952053,53.63,0.026
CH,-2.57,5.79,"Kahnle, Tommy",592454,ball,L,0,0,-1.24,0.33,0.44,1.14,9.83141259601064,-126.34010976756367,-5.708897060890249,-15.169681048995658,24.05768406253923,-27.71097116479765,53.65,0.016
CH,-1.8,5.81,"Kahnle, Tommy",592454,hit_into_play,R,1,2,-1.04,0.17,0.39,2.13,7.509904713441441,-127.6044378383828,-3.197547192377236,-12.790676999365395,23.588341619324524,-29.844518750035405,53.72,-0.116
SL,-1.49,5.93,"Kahnle, Tommy",592454,called_strike,R,1,1,0.23,0.62,0.33,1.59,3.892046329119906,-126.1821232412228,-5.5510998705398205,1.8010489287530216,22.3272865967934,-24.653932188796027,53.75,-0.04
CH,-1.78,5.79,"Kahnle, Tommy",592454,ball,R,0,1,-0.88,0.22,0.79,1.14,8.002533548075743,-125.56023068187268,-5.375844709361093,-10.91928410771304,23.765073549754035,-28.967817758394528,53.67,0.017
SI,-1.77,5.88,"Kahnle, Tommy",592454,called_strike,R,0,0,-1.34,1.03,-0.26,1.79,6.844705152606523,-134.75346857369627,-6.960332354405289,-17.78113211452531,28.239891648227115,-18.315712924367254,53.69,-0.024
CH,-2.49,5.78,"Kahnle, Tommy",592454,swinging_strike,R,1,2,-1.13,-0.06,0.18,1.43,8.697345083070298,-124.754582860432,-3.9347538305625935,-13.577879193668016,24.63388414602212,-32.19471742991084,53.57,-0.168
CH,-2.2,5.88,"Kahnle, Tommy",592454,ball,R,0,2,-1.04,0.12,0.71,-0.28,9.302212770438476,-127.61578777379091,-9.191074701521943,-13.220802209418997,23.48640741535729,-29.27108657874877,53.61,0.019
SL,-2.34,6.09,"Kahnle, Tommy",592454,foul,R,0,1,0.52,0.3,1.13,2.79,7.11454798996039,-122.88836516102218,-1.974042191942197,3.98537259352926,23.00690063717058,-28.96848696106971,53.7,-0.047
FF,-2.11,6.11,"Kahnle, Tommy",592454,called_strike,R,0,0,-0.43,1.35,0.27,2.94,7.004394700971158,-133.28122452434758,-5.164925701709534,-6.562486495032541,25.82310597740136,-15.143145372757234,53.74,-0.032
CH,-2.24,5.83,"Kahnle, Tommy",592454,hit_into_play,R,2,2,-1.22,0.07,0.26,2.59,8.495107801416363,-125.08103660029307,-1.5371558928893894,-14.512372471147703,25.889127627328367,-31.369187097452368,53.59,-0.55
CH,-2.26,5.75,"Kahnle, Tommy",592454,foul,R,2,1,-1.25,0.35,-0.65,2.39,6.4245505814023565,-124.90315741653885,-2.445251504642541,-14.419983380224098,24.61457831579261,-28.177249881738295,53.57,-0.086
SL,-2.14,5.82,"Kahnle, Tommy",592454,ball,R,1,1,0.3,0.66,0.98,1.15,6.872122814816022,-125.16951063874114,-6.297875366574437,1.961431948888535,22.03184941438078,-24.247144901706207,53.68,0.081
CH,-2.25,5.73,"Kahnle, Tommy",592454,ball,R,0,1,-1.08,0.45,1.03,1.64,10.164217391438362,-125.9875184311927,-4.59348365289145,-13.45316340652999,22.89034821477225,-26.59027561225329,53.58,0.028
CH,-2.14,5.83,"Kahnle, Tommy",592454,called_strike,R,0,0,-1.02,0.46,0.76,2.84,9.140284787972051,-126.63946772985663,-2.016805531500597,-12.773787859416386,23.74522360591016,-26.947099248777253,53.68,-0.083
FF,-1.81,6.03,"Kahnle, Tommy",592454,ball,R,3,1,-0.75,1.4,-0.72,4.54,4.479987299139637,-135.11442888266143,-1.0949316165310756,-10.172943169857502,29.49279972130273,-15.037943594252855,53.58,0.209
CH,-2.16,5.71,"Kahnle, Tommy",592454,blocked_ball,R,2,1,-1.02,0.12,-0.27,0.5,6.69509759400669,-126.2875754907403,-6.597706555601409,-12.298736600655136,25.128191016543703,-29.794089671593888,53.56,0.127
CH,-2.13,5.8,"Kahnle, Tommy",592454,foul,R,2,0,-1.13,0.28,0.42,1.66,8.543764706202602,-127.15397127650802,-4.475770202746723,-13.956488260375355,24.83728560304672,-28.376204860891782,53.67,-0.064
SL,-2.05,5.8,"Kahnle, Tommy",592454,ball,R,1,0,0.4,0.67,1.18,1.6,7.093886241613229,-128.50457105485685,-5.626372791702103,3.0963020411767315,25.19652848078866,-23.78754205457397,53.63,0.066
CH,-2.26,5.78,"Kahnle, Tommy",592454,ball,R,0,0,-1.21,0.13,1.43,1.36,11.481964584457293,-126.34722682713569,-4.74536700519246,-15.323849861616642,25.472430430943856,-29.91398030141092,53.49,0.044
CH,-2.24,5.81,"Kahnle, Tommy",592454,hit_into_play,L,0,1,-1.11,-0.03,-0.62,2.24,6.20124842598264,-125.93500653207886,-2.2664738764463896,-13.091726080063912,25.66343373271206,-32.21438612828743,53.58,-0.472
FF,-1.68,6.15,"Kahnle, Tommy",592454,called_strike,L,0,0,-0.42,1.36,0.24,3.24,5.817058542568985,-133.27727351306487,-4.423008930021005,-6.290877060244011,29.208885776196052,-15.254497701899808,53.7,-0.064
CH,-2.17,5.72,"Kahnle, Tommy",592454,hit_by_pitch,L,0,0,-1.15,0.1,2.44,0.41,13.48099364304222,-125.5126373435844,-6.758204325012024,-14.716204427013633,23.537137256240275,-29.923748738272053,53.42,0.412
SL,-2.15,5.92,"Kahnle, Tommy",592454,hit_into_play,R,1,0,0.2,0.49,0.98,1.9,7.295315694846636,-128.53007153362344,-4.740279136938158,0.6819289132698136,27.320951303719266,-25.96581328716369,53.63,-0.359
FF,-1.56,6.26,"Kahnle, Tommy",592454,ball,R,0,0,-0.35,1.36,1.02,2.33,7.497292155795275,-136.25392193895635,-7.446671756959994,-6.082374800543244,32.00674680452389,-13.752733140462018,53.71,0.021
SL,-2.03,6.02,"Kahnle, Tommy",592454,hit_into_play,R,1,0,0.22,0.55,0.01,2.04,4.502712819398189,-127.95837133134798,-4.717589550131437,1.5235463897747843,26.383573594660707,-25.328724947963465,53.85,-0.414
FF,-1.84,6.11,"Kahnle, Tommy",592454,ball,R,0,0,-0.48,1.51,-0.71,3.57,3.956496993937614,-134.88027880842617,-4.000017899069209,-6.679274923754922,30.650723448477738,-13.158244861421426,53.66,0.044
CH,-2.19,5.72,"Kahnle, Tommy",592454,hit_into_play,L,1,2,-0.96,0.23,-0.16,1.69,6.957728732331437,-126.985053509564,-3.958762596548053,-11.949377619548407,30.181796905928994,-28.952179801781703,53.62,-0.071
CH,-2.43,5.61,"Kahnle, Tommy",592454,foul,L,1,2,-0.97,0.38,0.07,1.39,8.191463241833876,-128.3601707834288,-4.960275415087842,-12.51035175046542,29.217443292767182,-27.02707561433959,53.54,0.0
CH,-2.18,5.66,"Kahnle, Tommy",592454,ball,L,0,2,-1.18,0.34,1.21,-0.24,10.73970163522128,-126.85923324535328,-8.801917353781315,-15.061252810036654,28.03351243026307,-26.66012085394017,53.46,0.009
CH,-1.86,5.86,"Kahnle, Tommy",592454,foul,L,0,2,-0.89,0.19,-0.36,2.04,5.504548537847523,-126.58293328239094,-3.410577392574249,-10.700264534074504,24.87393422052766,-29.699260411290968,53.63,0.0
CH,-2.48,5.66,"Kahnle, Tommy",592454,swinging_strike,L,0,1,-0.89,0.12,-0.87,2.1,5.741065920790172,-126.34328241626366,-2.5981597602267903,-10.71458897996735,25.957736315764517,-30.572165150921936,53.64,-0.024
CH,-2.38,5.74,"Kahnle, Tommy",592454,foul,L,0,0,-1.09,0.13,-0.05,2.7,7.868371995426585,-127.25044080203534,-1.449281362168913,-13.433444514387034,26.702654528008107,-30.66658939410398,54.07,-0.015
CH,-2.54,5.77,"Kahnle, Tommy",592454,hit_into_play,R,3,1,-1.14,0.28,0.07,2.23,8.785357267197524,-127.88248924399612,-3.076501267841264,-14.327999978300136,26.049243798288185,-28.625149175849465,53.58,-0.271
CH,-2.33,5.76,"Kahnle, Tommy",592454,ball,R,2,1,-1.12,0.22,0.99,2.77,10.502214826737418,-128.1210211860094,-1.608504271877779,-14.495891071783308,27.26135035833149,-29.65746571125384,53.62,0.077
SL,-2.07,5.87,"Kahnle, Tommy",592454,ball,R,1,1,0.31,0.59,1.05,2.16,7.117884192313502,-129.73363730130876,-4.358496873411557,1.9807410167747976,27.180433032043567,-24.80159216064743,53.62,0.037
CH,-2.19,5.75,"Kahnle, Tommy",592454,called_strike,R,1,0,-1.33,0.23,0.42,1.48,9.31387889147019,-129.3607594371327,-4.973314322184502,-16.845644251013592,27.353475651743487,-28.65947479728113,53.49,-0.031
FF,-1.99,5.88,"Kahnle, Tommy",592454,ball,R,0,0,-0.46,1.37,1.42,0.96,10.094106282605258,-138.10307326382514,-10.427303906355492,-8.108844067289994,31.01283873411292,-12.413265349795005,53.46,0.024
FF,-2.04,5.95,"Kahnle, Tommy",592454,hit_into_play,R,2,1,-0.42,1.45,-0.18,3.72,5.849377561139257,-136.9512388709584,-3.316290703998247,-6.670519370644351,31.88105427701953,-13.419411241750684,53.55,-0.267
SL,-2.11,5.86,"Kahnle, Tommy",592454,ball,R,1,1,0.31,0.26,-1.04,3.55,1.9310789878843555,-126.36742466176904,0.086311644097095,2.970246090753465,24.63749581830891,-29.59321363648436,53.78,0.05
FF,-1.78,6.08,"Kahnle, Tommy",592454,swinging_strike,R,1,0,-0.39,1.52,0.08,2.41,5.775257278317013,-137.57014316982827,-7.340488860386178,-6.256011085166723,30.77834985678973,-11.43168228596446,53.7,-0.044
FF,-1.75,6.05,"Kahnle, Tommy",592454,ball,R,0,0,-0.04,1.31,1.26,1.32,8.026246574170473,-137.48819705058236,-9.647313615396545,-2.3102976662401,30.93003512036148,-13.560293449385988,53.59,0.032
