pitch_type,release_pos_x,release_pos_z,player_name,pitcher,description,stand,balls,strikes,pfx_x,pfx_z,plate_x,plate_z,vx0,vy0,vz0,ax,ay,az,release_pos_y,delta_run_exp
CH,-2.45,5.57,"Loáisiga, Jonathan",642528,hit_into_play,L,2,2,-1.45,0.93,0.1,2.61,9.270433367215585,-128.67518902156326,-3.099846601606422,-18.062394403890508,27.488272481387543,-21.37419559781248,54.06,-0.088
CH,-2.49,5.63,"Loáisiga, Jonathan",642528,ball,L,1,2,-1.4,0.88,-1.12,3.91,6.261990449763976,-129.0323251391413,0.016204447135762,-16.906237615453257,27.1219657006763,-22.575838623476447,54.26,0.018
CH,-2.33,5.56,"Loáisiga, Jonathan",642528,foul,L,1,1,-1.27,0.59,-0.92,1.59,6.1968119428245725,-130.27901856070324,-5.077102669281606,-15.77801489454881,27.692540097935808,-24.53847815547502,53.99,-0.026
SI,-2.26,5.24,"Loáisiga, Jonathan",642528,foul,L,1,0,-1.49,0.68,0.07,2.57,9.715082722617217,-141.23217920528202,-3.1612162177243084,-22.22520209178695,33.27958113922768,-22.492253166566105,53.94,-0.019
SI,-2.43,5.28,"Loáisiga, Jonathan",642528,ball,L,0,0,-1.65,0.77,-0.43,4.29,9.21545736830325,-142.74333502832013,1.020617617711979,-24.667760095267727,33.52487201712907,-22.14510376022416,54.18,0.016
CH,-2.4,5.55,"Loáisiga, Jonathan",642528,hit_into_play,L,1,2,-1.54,0.87,-0.38,1.57,8.421854231001559,-132.29741530531618,-6.011407635101038,-19.860555497637705,26.695674827614884,-20.89111347862638,53.81,-0.116
FF,-2.61,5.23,"Loáisiga, Jonathan",642528,ball,L,0,2,-0.8,1.27,-1.04,5.6,6.103043584840222,-143.20046138231686,3.512715907778754,-12.401581055055424,34.296267305896485,-15.778400725580124,54.13,0.013
CH,-2.29,5.63,"Loáisiga, Jonathan",642528,called_strike,L,0,1,-1.38,0.53,-0.09,2.37,8.424040220152097,-130.79733159230452,-3.224527149146816,-17.578773704477893,27.86388252197128,-25.605109507854515,53.99,-0.035
SI,-2.48,5.22,"Loáisiga, Jonathan",642528,called_strike,L,0,0,-1.52,0.4,-0.67,3.13,8.4281810935729,-142.68694036960426,-1.0978845539734232,-22.67743361438805,32.74286827792076,-26.71912472731161,54.03,-0.024
SI,-2.36,5.26,"Loáisiga, Jonathan",642528,called_strike,R,1,2,-1.47,0.38,0.41,3.09,10.969280556345284,-143.50679145862705,-1.366957078110437,-22.73328625508863,31.12199342109044,-26.727195389471703,53.99,-0.168
CU,-2.38,5.4,"Loáisiga, Jonathan",642528,ball,R,0,2,0.72,0.57,2.39,1.59,10.24457472076549,-129.494715119008,-4.572316363247331,6.213244784196413,24.506873816250923,-25.01418673213814,53.95,0.019
SI,-2.45,5.31,"Loáisiga, Jonathan",642528,foul,R,0,1,-1.45,0.63,0.22,2.3,10.69130251670106,-143.23192121315185,-4.211285422435239,-22.45294261996892,32.135797025776135,-22.62115051100885,53.86,-0.047
SI,-2.55,5.29,"Loáisiga, Jonathan",642528,called_strike,R,0,0,-1.53,0.58,-0.21,3.25,9.916662956939613,-142.39944828071768,-1.3697235353156212,-23.158045300588608,32.79541229607343,-24.1114661666803,53.91,-0.032
SI,-2.29,5.33,"Loáisiga, Jonathan",642528,ball,R,3,2,-1.61,0.62,-1.47,2.91,5.964133449813752,-141.9387248672269,-2.4101974973924194,-23.084139134928986,34.59150109625577,-23.528412176272063,53.63,0.219
SI,-2.11,5.35,"Loáisiga, Jonathan",642528,foul,R,3,2,-1.7,0.63,-0.4,1.73,8.604247438152997,-142.6197105927719,-5.767152459934727,-25.2024026681279,34.811567137486335,-22.365275014907034,53.85,0.0
SI,-2.31,5.34,"Loáisiga, Jonathan",642528,ball,R,2,2,-1.59,0.31,-0.27,3.47,9.189606794968094,-142.30060325913095,-0.2379447203754525,-23.6681457041507,33.85623138233545,-28.09096253933833,53.91,0.069
CH,-2.04,5.69,"Loáisiga, Jonathan",642528,foul,R,2,2,-1.52,0.7,-0.16,2.28,7.971244237947864,-131.4114338291618,-4.019301062554828,-19.326281599930343,29.890139881222986,-23.35539198435981,53.87,0.0
CU,-2.25,5.45,"Loáisiga, Jonathan",642528,ball,R,1,2,0.61,0.46,1.43,0.2,7.733975013459638,-128.47496904778842,-7.660859803479063,4.959055499651568,29.51734405529932,-25.513539332369984,53.81,0.026
SI,-2.14,5.34,"Loáisiga, Jonathan",642528,ball,R,0,2,-1.59,0.75,1.58,2.22,13.688423457064449,-141.62800054483534,-4.544552597028157,-24.61281519809512,34.747170611466686,-21.164951187242902,54.01,0.013
CU,-2.31,5.54,"Loáisiga, Jonathan",642528,foul,R,0,2,1.18,0.41,1.46,2.0,6.570731619052738,-125.27657476513276,-2.959832016293139,10.937048108708028,27.070814970470973,-27.43678082829092,53.94,0.0
CH,-2.18,5.66,"Loáisiga, Jonathan",642528,foul,R,0,1,-1.4,0.87,0.81,1.81,10.526849880502745,-131.6990092792695,-5.546771769558848,-18.536858959204057,28.882047951891,-20.99066161708433,53.86,-0.035
CU,-2.33,5.54,"Loáisiga, Jonathan",642528,swinging_strike,R,0,0,1.14,0.28,1.3,0.46,6.437532253479789,-127.0187147833916,-6.658798485606926,10.802688395148609,28.267264291451504,-27.880096804745552,53.85,-0.024
CH,-2.1,5.7,"Loáisiga, Jonathan",642528,swinging_strike,R,0,2,-1.43,0.49,0.03,1.36,8.333347179155227,-130.41126745464248,-5.752897664132813,-18.111664864953177,29.411099745832665,-25.474188700599942,53.97,-0.149
SI,-2.25,5.43,"Loáisiga, Jonathan",642528,called_strike,R,0,1,-1.46,0.63,0.71,2.08,11.29595954504409,-141.3014052392582,-4.885359961972065,-22.07301229941329,32.00501000709296,-22.81489772657145,54.02,-0.047
CU,-2.31,5.68,"Loáisiga, Jonathan",642528,swinging_strike,R,0,0,0.86,0.65,0.66,1.27,5.386594891200268,-126.96084905942178,-5.766934816654731,8.106890396795464,27.799656693205677,-24.12180522722382,53.95,-0.032
SI,-2.24,5.42,"Loáisiga, Jonathan",642528,hit_into_play,R,1,1,-1.5,0.7,-0.7,2.67,7.699724563988184,-142.85663307894777,-3.5617202889920208,-22.388260575633584,34.33056238857035,-21.962300735867355,53.95,-0.731
CH,-2.17,5.64,"Loáisiga, Jonathan",642528,blocked_ball,R,0,1,-1.63,0.7,0.26,0.66,9.569525878405717,-131.19698163594018,-7.92735925118877,-20.89200143215322,30.561649213583973,-22.44591002865297,53.82,0.052
CU,-2.22,5.49,"Loáisiga, Jonathan",642528,swinging_strike,R,0,0,0.67,0.5,1.32,1.41,7.228737306317639,-127.69856395438944,-4.739179098419699,5.676725174997995,28.801263657441364,-25.878862099211243,53.86,-0.099
SI,-2.37,5.38,"Loáisiga, Jonathan",642528,hit_into_play,R,1,0,-1.6,0.72,-1.41,2.39,6.34079163823965,-142.9927855105497,-4.299456548841431,-23.46420652873117,34.556864746953735,-21.55445979796912,53.92,0.866
CU,-2.22,5.56,"Loáisiga, Jonathan",642528,blocked_ball,R,0,0,-0.03,0.85,-0.21,0.66,5.052201635963058,-130.39801053630808,-7.916073260497214,-1.4342989616223685,28.359340536751446,-21.01801204047934,53.85,0.042
SI,-2.27,5.49,"Loáisiga, Jonathan",642528,hit_into_play,L,0,0,-1.52,0.74,-0.59,3.06,8.076417659010101,-142.40500825776684,-2.752295647718514,-22.619367281057283,34.05192895507078,-21.67919876867827,53.99,0.304
SI,-2.16,5.38,"Loáisiga, Jonathan",642528,hit_into_play,R,0,1,-1.62,0.7,-0.52,2.6,8.23141908951034,-141.9050774458984,-3.578118357203932,-23.794612255534204,34.2752816022238,-22.037574082712887,53.71,0.931
SI,-2.19,5.43,"Loáisiga, Jonathan",642528,called_strike,R,0,0,-1.56,0.76,-0.03,1.97,9.501063158913167,-142.61335567971335,-5.60867807574997,-23.463562152448088,34.25020296158996,-20.715998622625136,53.89,-0.042
SI,-2.1,5.47,"Loáisiga, Jonathan",642528,hit_into_play,R,0,2,-1.51,0.77,-0.21,2.34,8.612386343849073,-142.49130437414007,-4.743415708296247,-22.560270914760228,35.76106847833215,-20.71620291199198,53.97,-0.206
CU,-2.3,5.58,"Loáisiga, Jonathan",642528,foul,R,0,1,1.1,0.38,0.56,2.1,4.619625994836722,-127.18211170831457,-2.989307400317181,10.835872099642623,28.546915694562248,-27.58436878308796,54.01,-0.075
SI,-2.37,5.41,"Loáisiga, Jonathan",642528,called_strike,R,0,0,-1.59,0.57,0.49,1.97,11.34861118655308,-141.14820681937658,-5.003059664709103,-23.854884816706647,33.733471516463744,-23.51174784312745,53.86,-0.047
SI,-2.08,5.23,"Loáisiga, Jonathan",642528,swinging_strike,R,0,2,-1.67,0.87,0.81,2.84,11.729524890129657,-142.25613531844007,-2.9391212720246003,-25.36551326571228,34.18613321782074,-19.881377027183134,53.8,-0.307
SI,-2.14,5.27,"Loáisiga, Jonathan",642528,called_strike,R,0,1,-1.67,0.73,0.56,2.3,11.190791142096527,-142.32884486874758,-4.209091825067863,-25.25025891861292,33.91389718624946,-21.458983511950898,53.9,-0.068
SI,-2.19,5.27,"Loáisiga, Jonathan",642528,called_strike,R,0,0,-1.56,0.83,0.77,1.84,11.763739369511171,-142.52800103211754,-5.736135917406989,-24.037676361828638,33.88042338713539,-19.70097292328896,53.52,-0.073
SI,-1.87,5.32,"Loáisiga, Jonathan",642528,hit_into_play,R,0,1,-1.56,0.68,0.45,1.88,9.8659220804843,-141.4898929475303,-5.306352515887069,-23.16037872951363,32.26326315025755,-21.918664923269343,53.82,0.345
SI,-2.26,5.33,"Loáisiga, Jonathan",642528,foul,R,0,0,-1.72,0.86,0.0,1.71,10.152025822998636,-141.95050020104128,-6.206510802552517,-25.735947585349034,37.95582598813836,-19.1870430127696,53.65,-0.042
SI,-2.17,5.35,"Loáisiga, Jonathan",642528,hit_into_play,L,1,0,-1.55,1.06,-0.35,2.02,8.569286761522166,-142.5891307759683,-5.968203968034534,-23.141618594415277,35.94242068979438,-16.453374635199392,53.73,-0.342
SI,-2.17,5.39,"Loáisiga, Jonathan",642528,ball,L,0,0,-1.51,1.07,-0.2,1.47,8.91763363795182,-143.020568229715,-7.649346908218754,-22.86208640309361,36.31609870072965,-15.856545401738265,53.75,0.044
SI,-1.98,5.33,"Loáisiga, Jonathan",642528,hit_into_play,L,1,1,-1.56,0.89,-0.33,3.22,8.023142756981505,-140.74082217971537,-2.0590917342715933,-22.521273119376485,35.027709352553345,-20.174819578379456,53.68,-0.368
SI,-2.27,5.34,"Loáisiga, Jonathan",642528,ball,L,0,1,-1.52,0.88,-1.29,1.17,6.1777738124019566,-141.74552881951996,-7.715508416031586,-21.8663970335042,35.201168811604205,-18.697976612481902,53.77,0.057
SI,-2.0,5.37,"Loáisiga, Jonathan",642528,called_strike,L,0,0,-1.59,0.81,0.78,2.42,11.11203239396646,-140.3069451107054,-4.116481221586466,-23.62198788615422,33.62233835036865,-20.72130792277284,53.78,-0.064
SI,-2.12,5.36,"Loáisiga, Jonathan",642528,hit_into_play,R,0,2,-1.64,0.52,-0.36,2.85,8.569747983538335,-141.83267116025308,-2.43854361713052,-24.104437426048552,33.14718517022952,-24.829635396894997,53.86,0.489
CH,-2.07,5.68,"Loáisiga, Jonathan",642528,foul,R,0,1,-1.47,0.69,0.47,1.18,9.32110505004291,-128.61859191359923,-6.324744823405634,-18.247571951631027,28.429191248189056,-23.34259350462597,53.75,-0.047
SI,-2.18,5.41,"Loáisiga, Jonathan",642528,called_strike,R,0,0,-1.62,0.56,0.27,1.71,10.328145654616408,-140.6088403217291,-5.614494560025608,-23.91896772668596,33.082448529074725,-23.58053192655932,53.65,-0.032
SI,-2.32,5.4,"Loáisiga, Jonathan",642528,hit_into_play,L,0,0,-1.35,0.74,-0.95,2.13,6.811964252990211,-141.551634387104,-4.962940976350228,-19.69137989103418,33.87021055412872,-21.264384492172876,53.86,-0.483
SI,-2.22,5.4,"Loáisiga, Jonathan",642528,hit_into_play,R,1,0,-1.54,0.94,-0.86,2.41,7.282865873317474,-142.41389456536865,-4.74809741272563,-22.572258725568663,34.846431991116624,-18.541144973870228,53.74,0.277
SI,-2.22,5.43,"Loáisiga, Jonathan",642528,ball,R,0,0,-1.53,0.93,0.42,1.26,10.756973684591872,-142.79951010218426,-7.993110080655077,-23.412924802670165,34.974096394941384,-17.67502784536214,53.74,0.027
SI,-2.2,5.47,"Loáisiga, Jonathan",642528,hit_into_play,R,0,0,-1.6,0.85,-0.93,2.68,7.189378317149715,-142.76979240856568,-4.030846333303803,-23.57637714855652,35.467459509320896,-19.75836245526308,53.89,0.129
SI,-2.19,5.35,"Loáisiga, Jonathan",642528,hit_into_play,R,3,2,-1.57,0.71,-0.62,2.73,7.9120281924723805,-142.06206888470396,-3.1810305055860555,-23.152281123252735,35.05331579376018,-22.04124396601272,53.86,-0.211
SI,-2.38,5.3,"Loáisiga, Jonathan",642528,ball,R,2,2,-1.65,0.57,-1.34,3.78,6.632613286475131,-142.45396597760893,0.140153086160456,-23.95806767366135,35.793103974198665,-24.737672068834023,53.92,0.069
SI,-2.22,5.36,"Loáisiga, Jonathan",642528,foul,R,2,1,-1.67,0.68,-1.42,1.96,6.042594779686698,-141.84724299830822,-5.187180220454586,-23.957578974639503,34.174147906371815,-21.93558674966773,53.88,-0.051
CU,-2.25,5.51,"Loáisiga, Jonathan",642528,ball,R,1,1,1.09,0.19,1.76,1.8,7.436630581199895,-126.10076795064283,-3.025822010964094,9.896271686469138,27.757404614675576,-29.75200820191308,53.61,0.037
SI,-2.36,5.42,"Loáisiga, Jonathan",642528,ball,R,0,1,-1.72,0.59,-1.97,2.22,5.051098682472309,-142.8581604681861,-4.537416806878831,-24.61158363918781,36.20905160267236,-23.24275764154678,53.91,0.017
SI,-2.37,5.35,"Loáisiga, Jonathan",642528,called_strike,R,0,0,-1.67,0.42,-0.82,3.25,8.029356931542784,-141.64331981975278,-1.036050237526907,-24.324105590861247,34.638198859853425,-26.45693685219668,53.99,-0.024
SI,-2.28,5.43,"Loáisiga, Jonathan",642528,hit_into_play,R,1,0,-1.64,0.78,0.0,1.59,9.987285160726502,-141.76219180975505,-6.615457495817786,-24.415181080298836,34.23914916850582,-20.305605459422413,53.75,-0.26
SI,-2.52,5.42,"Loáisiga, Jonathan",642528,ball,R,0,0,-1.59,0.83,-1.37,1.78,6.788930622228467,-141.82836735172774,-6.201605045384475,-22.990483956682155,34.085772598733875,-19.675951882262392,53.84,0.032
