pitch_type,release_pos_x,release_pos_z,player_name,pitcher,description,stand,balls,strikes,pfx_x,pfx_z,plate_x,plate_z,vx0,vy0,vz0,ax,ay,az,release_pos_y,delta_run_exp
CH,1.71,5.5,"Maciejewski, Josh",656671,hit_into_play,R,0,2,1.49,0.22,0.91,1.49,-4.5736717201700605,-115.88863748242292,-2.515227138808052,14.28986823928818,20.615174889404997,-29.97925680023458,54.08,-0.228
CH,1.84,5.43,"Maciejewski, Josh",656671,foul,R,0,2,1.42,0.08,0.76,1.58,-5.206858343773412,-119.18274008283429,-2.272163415626168,14.578808285007591,23.769027215122552,-31.192767698238047,53.97,0.0
CH,1.82,5.48,"Maciejewski, Josh",656671,swinging_strike,R,0,1,1.61,0.38,1.01,1.12,-4.931437945360649,-118.88547078272948,-4.003139631506418,16.191113147752105,23.31624280055896,-27.952356324791,54.01,-0.065
CH,1.79,5.44,"Maciejewski, Josh",656671,swinging_strike,R,0,0,1.39,0.46,1.48,1.74,-3.377614933243746,-118.5870297266912,-2.5847564123348463,13.723779118948515,23.96835490049629,-27.533164013271964,54.02,-0.042
CH,1.86,5.47,"Maciejewski, Josh",656671,hit_into_play,R,1,1,1.53,0.2,1.2,2.07,-4.442474639615694,-118.8088720856572,-1.4713308572783317,15.351843707068449,22.58119454873617,-30.22990032833112,54.04,-0.303
SI,1.62,5.59,"Maciejewski, Josh",656671,ball,R,0,1,1.2,1.02,-0.69,5.65,-8.41174248943586,-132.38013353774977,3.898772969735896,15.905985345082543,27.977952276926285,-21.266619705342467,54.02,0.023
CH,1.67,5.46,"Maciejewski, Josh",656671,swinging_strike,R,0,0,1.39,0.39,0.46,1.25,-5.461344501362478,-119.17150253714406,-3.749786957015963,14.339678752002024,22.067536184714257,-27.95810683706186,53.92,-0.101
SI,1.7,5.55,"Maciejewski, Josh",656671,hit_into_play,R,3,1,1.29,0.91,0.32,2.32,-6.247258797011309,-131.48166102183768,-4.048949923144974,16.31675406029559,28.2483527028146,-20.987758139102624,53.93,0.787
SI,1.67,5.44,"Maciejewski, Josh",656671,called_strike,R,3,0,1.19,0.69,0.6,3.3,-5.131698549156636,-129.4065621567904,-0.6412391364687958,14.399385791057952,27.33353140236294,-24.495630565030652,53.96,-0.065
SI,1.62,5.44,"Maciejewski, Josh",656671,ball,R,2,0,1.4,0.51,1.18,1.82,-4.130635662033271,-131.78642055936024,-4.235419924369967,17.224467107971847,27.315502772699816,-25.547021150854786,53.64,0.128
CH,1.67,5.4,"Maciejewski, Josh",656671,blocked_ball,R,1,0,1.44,0.08,-0.1,0.02,-6.747527020047906,-117.74768894105904,-5.49082189134668,14.68476747492836,24.67357500765217,-30.525586213376556,53.87,0.066
SI,1.65,5.62,"Maciejewski, Josh",656671,ball,R,0,0,1.03,0.99,0.24,4.28,-5.79090526127035,-132.72689080049363,0.4191024135194583,13.458785805752989,29.654404719698032,-20.829667292913424,54.0,0.044
CH,1.75,5.48,"Maciejewski, Josh",656671,hit_into_play,R,1,1,1.27,0.03,-0.7,1.53,-7.971114957565275,-118.61778652343271,-2.345486150624505,13.520242036571435,22.665331646003924,-31.65386748234681,54.05,0.273
SI,1.63,5.64,"Maciejewski, Josh",656671,ball,R,0,1,1.07,1.01,-0.76,5.52,-8.266954325140004,-131.62861670137062,3.488472522226973,14.112789521238192,26.68194878098479,-21.339701780667443,53.95,0.017
SI,1.7,5.44,"Maciejewski, Josh",656671,foul,R,0,0,1.4,0.61,0.37,1.87,-6.315979684909196,-130.9692483863909,-4.212867683557965,17.48486758121214,26.81187925716994,-24.452852301010147,53.91,-0.024
CH,1.74,5.46,"Maciejewski, Josh",656671,hit_into_play,R,3,2,1.48,0.15,1.07,1.86,-4.3772984941500575,-119.07787240652746,-1.850062577249845,14.949575384020472,22.76817938512153,-30.63155936876874,54.02,-0.297
CH,1.67,5.47,"Maciejewski, Josh",656671,ball,R,2,2,1.45,0.22,-0.32,0.45,-7.263328480935639,-118.22252117450766,-5.118702267513995,14.939771614498722,20.807234311397327,-29.403061668701657,53.94,0.093
CH,1.8,5.49,"Maciejewski, Josh",656671,foul,R,2,2,1.34,0.31,0.68,2.02,-5.08755965611274,-118.22010744508638,-1.7407058537561628,13.53837532947527,23.20972444086573,-29.11063751565381,54.05,0.0
SI,1.71,5.56,"Maciejewski, Josh",656671,ball,R,1,2,1.3,0.9,1.42,3.7,-3.538377091014965,-132.08987125853238,-0.672537624674056,16.00171537457424,28.841620788075364,-21.696701136125316,54.0,0.036
CH,1.65,5.58,"Maciejewski, Josh",656671,foul,R,1,1,1.43,-0.01,-0.31,1.3,-7.227885727456319,-118.99528739101102,-3.070740731792763,14.971564885821614,22.396634986095204,-31.8748581330365,53.97,-0.049
CH,1.84,5.47,"Maciejewski, Josh",656671,ball,R,0,1,1.36,0.51,0.1,0.06,-6.531080713227027,-117.8195960721834,-6.455159037000845,13.91713338725804,22.52773630428875,-26.367009029269248,53.78,0.021
SI,1.61,5.65,"Maciejewski, Josh",656671,called_strike,R,0,0,1.49,0.72,-0.51,3.37,-8.41968696048641,-130.3108466868704,-1.159903755976324,18.70766467991731,25.88381169207371,-23.94682491297677,53.97,-0.032
CH,1.78,5.53,"Maciejewski, Josh",656671,hit_into_play,R,1,1,1.17,0.29,0.82,2.13,-4.43647428323246,-119.23695535759066,-1.707066714412256,11.994483635888969,22.671622805476503,-29.241995109818287,54.07,-0.218
CH,1.85,5.42,"Maciejewski, Josh",656671,ball,R,0,1,1.27,0.03,1.63,1.75,-2.941943743829565,-118.4157786439188,-1.6857839753158628,12.48339603330099,23.094071441451003,-31.825275414280995,53.97,0.03
SI,1.47,5.58,"Maciejewski, Josh",656671,called_strike,R,0,0,1.29,0.49,-0.33,2.75,-7.239155795551719,-130.68180088779465,-2.109257669932253,16.27513976908253,26.41602572749016,-26.293299322377383,53.88,-0.042
SL,1.59,5.61,"Maciejewski, Josh",656671,swinging_strike,R,1,2,0.08,0.16,-0.4,1.26,-4.595089096180798,-116.85600066270514,-3.1024457073759333,1.78892401561897,28.07722255473092,-30.21505975448039,53.68,-0.214
CH,1.79,5.49,"Maciejewski, Josh",656671,foul,R,1,2,1.39,0.11,1.54,2.4,-3.268200692877902,-118.80761513107213,-0.5755282813353788,13.81398847730391,23.650454986883485,-31.216179675170192,54.05,0.0
CH,1.62,5.6,"Maciejewski, Josh",656671,ball,R,0,2,1.18,0.09,1.04,2.66,-3.5424924077416717,-117.25941277321802,-0.0532803310679272,11.57326128614076,21.626692521724426,-31.53827033244558,54.03,0.02
CH,1.69,5.47,"Maciejewski, Josh",656671,called_strike,R,0,1,1.38,0.29,0.89,2.56,-4.495779128039388,-119.43238407176553,-0.5927998910632633,14.0731302496582,23.84375364521424,-29.493499429581902,54.05,-0.059
SI,1.65,5.47,"Maciejewski, Josh",656671,foul,R,0,0,1.49,0.66,0.03,2.34,-7.264273854012346,-131.74010162375245,-3.24618908802018,18.884056907353653,30.795478906748563,-23.99427258440924,53.91,-0.042
CH,1.69,5.53,"Maciejewski, Josh",656671,hit_into_play,R,2,1,1.53,0.11,1.18,2.26,-4.13461547112774,-119.4124106591914,-1.0545630039759244,15.4474160638396,23.19501587327589,-31.148588451803192,53.99,-0.602
CH,1.64,5.49,"Maciejewski, Josh",656671,ball,R,1,1,1.23,0.41,0.48,1.26,-5.08535093740003,-120.950336914725,-4.060313555272632,13.072350355998012,23.031787564594307,-27.6021411164679,54.03,0.074
SI,1.44,5.52,"Maciejewski, Josh",656671,ball,R,0,1,1.19,1.07,-1.01,3.18,-8.743955616461722,-132.3658192014984,-2.2513765761997853,15.899729807436437,28.61728905034025,-19.302027462879632,53.99,0.057
SI,1.59,5.52,"Maciejewski, Josh",656671,foul,R,0,0,1.23,0.7,0.12,2.44,-6.276018183807275,-129.8483773038805,-3.109405101755094,15.20949768103,25.69016494398217,-23.768832890769332,53.66,-0.064
SI,1.65,5.57,"Maciejewski, Josh",656671,ball,R,3,1,1.3,0.76,0.93,3.76,-4.56829781721064,-131.06272051005448,-0.1556894953922978,15.913871804974171,26.62458952645117,-23.616160811427697,53.95,0.265
CH,1.85,5.5,"Maciejewski, Josh",656671,ball,R,2,1,1.32,0.27,1.69,3.02,-2.915708733747413,-118.7733802349832,0.4983140863988908,13.090356581446336,23.085313333870133,-29.909035674559917,54.0,0.108
CH,1.71,5.5,"Maciejewski, Josh",656671,ball,R,1,1,1.4,0.12,0.04,0.17,-6.4833986474603496,-119.03677940649038,-5.727725569181239,14.57515271041698,21.85832949299241,-30.135570631549385,54.11,0.05
CH,1.7,5.56,"Maciejewski, Josh",656671,ball,R,0,1,1.3,0.26,-0.53,-0.32,-7.512022471731716,-117.9554590471588,-7.06053586072562,13.538948908486711,22.93541943764885,-28.52584357738561,53.89,0.021
SI,1.63,5.65,"Maciejewski, Josh",656671,swinging_strike,R,0,0,1.39,0.68,1.39,2.44,-3.5720425192930176,-131.21141270302508,-3.4810294595705447,16.815025095967044,27.41904485727881,-23.742424336068225,54.03,-0.032
SI,1.72,5.49,"Maciejewski, Josh",656671,hit_into_play,R,0,1,1.43,0.55,0.63,1.88,-5.815184411742573,-131.4516540450877,-4.265667032081304,17.85675605057742,26.006737423548003,-25.094324814950813,53.88,-0.085
SL,1.64,5.59,"Maciejewski, Josh",656671,called_strike,R,0,0,-0.12,0.3,-0.19,2.83,-3.7653623625740655,-114.77157421911376,0.1056675537818454,-0.5589478057754914,15.83955753832092,-29.689904907313878,53.95,-0.015
SI,1.72,5.5,"Maciejewski, Josh",656671,hit_into_play,R,0,0,1.48,0.79,0.67,2.42,-5.8193351239138265,-131.88643423010956,-3.461877587622689,18.49969980752136,27.44895550772293,-22.459816668852685,53.99,-0.163
CH,1.75,5.55,"Maciejewski, Josh",656671,hit_into_play,R,2,1,1.47,0.18,0.84,2.66,-4.89663823055626,-118.77463062132423,-0.3154655591121669,14.83480432774047,21.145356890579304,-30.59689252896942,53.97,1.632
CH,1.72,5.53,"Maciejewski, Josh",656671,called_strike,R,2,0,1.13,0.35,-0.02,1.73,-6.199869279177898,-120.48666244266016,-2.907228400877504,12.189134228950568,22.487284629165934,-28.396502512692877,54.04,-0.064
SI,1.48,5.58,"Maciejewski, Josh",656671,ball,R,1,0,1.42,0.85,1.39,3.04,-3.233254826862802,-130.27415732840956,-2.08797993298324,16.92760021283208,25.882965136762905,-22.287045098584127,54.03,0.066
SI,1.79,5.49,"Maciejewski, Josh",656671,ball,R,0,0,1.69,0.49,1.4,3.3,-4.61906045559263,-131.7228151592951,-0.5712887410556617,20.69966309984198,28.196477139906776,-26.553612798125105,54.0,0.044
SI,1.6,5.65,"Maciejewski, Josh",656671,swinging_strike,R,1,2,1.27,0.87,1.21,3.89,-3.711059157758206,-131.9217003585765,-0.3376117573978392,15.629076596383062,26.94239852468178,-22.090704654202423,54.05,-0.283
CH,1.82,5.56,"Maciejewski, Josh",656671,foul,R,1,1,1.45,0.09,0.91,2.84,-4.858797247561158,-118.98666246232014,0.338924777569914,14.690599258585712,25.64259752961801,-31.619943634471717,54.16,-0.078
SI,1.6,5.54,"Maciejewski, Josh",656671,swinging_strike,R,1,0,1.47,0.77,0.85,3.2,-4.928648905173972,-128.66291708990607,-1.1715760620194844,17.38384941302006,28.780998815124637,-23.621946484466672,54.02,-0.075
SI,1.65,5.53,"Maciejewski, Josh",656671,ball,R,0,0,1.58,0.76,1.45,3.18,-3.7674716896493288,-128.23964217742838,-1.152502582230306,18.15211368357044,28.264262932067677,-23.81166168935377,54.09,0.067
CH,1.67,5.44,"Maciejewski, Josh",656671,hit_into_play,R,0,0,1.46,0.08,-0.35,2.65,-7.358561628086794,-118.00347661701092,0.1841299065259412,14.978731663444051,20.82475391717546,-31.622899486672782,53.81,-0.337
SL,1.5,5.6,"Maciejewski, Josh",656671,hit_into_play,L,1,2,-0.39,0.13,-0.93,2.01,-4.542917482607126,-112.48635930932804,-0.9299786330622596,-2.5066889256638905,20.6588578923907,-31.148808158657765,53.44,-0.288
SL,1.57,5.51,"Maciejewski, Josh",656671,swinging_strike,L,1,1,-0.2,0.47,-1.53,1.61,-6.362213026929768,-113.18123056270332,-2.3760018191528403,-0.6313207188673089,19.6554456722822,-27.85888306031891,53.39,-0.07
SL,1.53,5.55,"Maciejewski, Josh",656671,ball,L,0,1,-0.2,0.09,-1.79,1.21,-6.986133177721941,-114.92871631047376,-2.8972677361015866,-0.4998765928318801,20.42777516569769,-31.02507506450913,53.3,0.031
SI,1.61,5.48,"Maciejewski, Josh",656671,foul,L,0,0,1.46,0.66,0.17,1.78,-6.683946539722362,-129.29437302009595,-4.461855767164311,17.818519845547197,25.285845242110227,-24.074185688843983,53.55,-0.042
CH,1.87,5.5,"Maciejewski, Josh",656671,swinging_strike,R,3,2,1.64,0.28,1.32,2.85,-4.366535802354655,-117.12975055977071,0.3019324647252281,15.898090674845166,22.99072011671475,-29.932331781264786,53.9,-0.55
CH,1.71,5.54,"Maciejewski, Josh",656671,ball,R,2,2,1.56,0.18,1.35,3.49,-3.7873034148537257,-116.9890764586876,1.828134610147521,15.01738292464758,23.04356739831186,-31.110358890839255,53.99,0.191
SI,1.58,5.49,"Maciejewski, Josh",656671,swinging_strike,R,2,1,1.31,0.65,-0.11,2.37,-7.049562107140952,-130.4913393845555,-3.1714440199365983,16.471043735355558,24.82771129722132,-24.289359230642745,53.64,-0.075
CH,1.68,5.45,"Maciejewski, Josh",656671,swinging_strike,R,2,0,1.53,-0.03,0.31,1.12,-5.9731312297126005,-115.85745544355063,-2.754428313719334,14.896086027526485,20.459573777514294,-32.19347357630076,53.41,-0.113
CH,1.73,5.62,"Maciejewski, Josh",656671,ball,R,1,0,1.37,-0.09,1.27,3.06,-3.630654810442617,-116.23131379669675,1.2676905938516738,13.12405515681654,21.43576535212895,-33.454497552211976,53.97,0.112
CH,1.77,5.57,"Maciejewski, Josh",656671,ball,R,0,0,1.55,0.18,1.06,3.71,-4.636849005412378,-118.75788263137912,2.0647344859339665,15.596891331526663,22.31461274416902,-31.087081312927424,53.69,0.067
SI,1.66,5.53,"Maciejewski, Josh",656671,hit_into_play,L,1,0,1.38,0.43,0.16,2.56,-6.643533967940275,-129.33883851900427,-2.205736668148919,16.896970449061808,24.11525221683238,-27.02742262173855,53.69,0.378
SI,1.52,5.61,"Maciejewski, Josh",656671,ball,L,0,0,1.23,0.5,0.32,0.68,-5.547390983359174,-128.89199925783953,-7.187474282070888,14.889656144298533,21.539188633626864,-25.42219138500678,53.72,0.032
SL,1.66,5.62,"Maciejewski, Josh",656671,swinging_strike,L,2,2,-0.61,0.44,0.03,3.09,-2.3344307006878684,-112.21512828363836,0.8504801353881246,-4.671868490958162,22.40215735122368,-28.86001577337285,54.42,-0.088
SI,1.7,5.66,"Maciejewski, Josh",656671,foul,L,2,1,1.33,0.73,0.73,3.21,-5.31702810811806,-132.3172055767863,-1.813981139650986,16.70967729326723,27.65683834253421,-23.403522258497624,53.71,-0.031
SI,1.59,5.46,"Maciejewski, Josh",656671,ball,L,1,1,1.26,0.56,-1.51,1.47,-10.619113798161909,-131.75805451552864,-5.3285266045181086,16.85946926800954,26.35350437963482,-24.70117415351287,53.36,0.023
SL,1.55,5.61,"Maciejewski, Josh",656671,ball,L,0,1,-0.39,0.42,-1.44,0.38,-5.87440807978434,-114.80347850339876,-5.386871797217833,-2.269264728937926,22.0504809095166,-27.634591814763574,53.47,0.011
SI,1.57,5.68,"Maciejewski, Josh",656671,called_strike,L,0,0,1.31,0.66,-0.64,2.9,-8.274619228413695,-130.78048560881467,-2.359451578787827,16.732200959482952,25.13257881787525,-24.258815587177217,53.94,-0.015
CH,1.6,5.63,"Maciejewski, Josh",656671,foul_tip,L,2,2,1.48,0.3,-1.09,1.33,-8.809880121730457,-116.68023066081794,-3.421563042304135,15.11064623043302,21.15701855114217,-28.99722373524365,53.82,-0.142
CH,1.84,5.57,"Maciejewski, Josh",656671,ball,L,1,2,1.28,0.2,-1.13,0.02,-9.080315709391616,-117.0017239930432,-6.070472966051327,13.474972038277256,21.062226554236037,-29.355663905040878,53.89,0.026
CH,1.71,5.56,"Maciejewski, Josh",656671,ball,L,0,2,1.2,0.42,-2.24,-0.42,-11.22362818552904,-118.1807122550275,-7.720156649438933,13.241875495738675,19.873528900585928,-26.98271224891356,53.8,0.013
SL,1.33,5.76,"Maciejewski, Josh",656671,called_strike,L,0,1,-0.45,0.39,-0.88,2.58,-3.8972754272289896,-111.35189629542278,-0.3569504286328978,-3.0104464932815875,20.17619635178885,-29.112142080269827,53.71,-0.035
SI,1.42,5.7,"Maciejewski, Josh",656671,foul,L,0,0,1.25,0.84,0.07,2.06,-6.111931106752073,-131.47360822470282,-4.948423817730496,15.814284969729242,27.906898572515644,-21.552077609101392,53.68,-0.024
CH,1.75,5.66,"Maciejewski, Josh",656671,swinging_strike,L,1,2,1.37,0.83,-0.01,1.01,-6.625592119331213,-118.79563571573148,-5.522419926569844,14.222638435632378,22.213474092159725,-23.40995098783404,54.01,-0.168
SL,1.58,5.69,"Maciejewski, Josh",656671,ball,L,0,2,-0.53,0.35,-1.52,2.98,-5.725247921362298,-113.48858886697268,0.4465482795724063,-3.4944962469992005,21.07070517267344,-29.50077667299849,53.85,0.019
SI,1.51,5.7,"Maciejewski, Josh",656671,foul,L,0,1,1.32,0.7,0.4,2.86,-5.611834499127846,-130.7567926533371,-2.578559680572857,16.305864936510307,26.815756339840927,-23.84013036970316,53.71,-0.047
SI,1.66,5.65,"Maciejewski, Josh",656671,foul,L,0,0,1.25,0.82,-0.03,2.17,-6.832275914250864,-129.86698545563578,-4.342825883305365,15.58124760516596,25.02086499713012,-22.20527020238789,53.9,-0.032
CH,1.82,5.41,"Maciejewski, Josh",656671,swinging_strike,R,1,2,1.55,0.05,1.0,1.72,-4.756969652383251,-116.49270199058142,-1.4953556799497385,14.973950903304535,22.84093912778826,-31.660461388986786,53.98,-0.169
SI,1.44,5.54,"Maciejewski, Josh",656671,foul,R,1,2,1.38,0.74,-0.6,2.39,-8.225424663577067,-133.48534317630046,-3.716731541633648,18.342437923823063,30.6298716255312,-22.695988155997483,53.78,0.0
CH,1.76,5.39,"Maciejewski, Josh",656671,foul,R,1,2,1.52,0.4,0.89,2.56,-4.849472809479036,-117.8083216696068,-0.3825339259325867,15.035835985474398,24.201983650839995,-28.63835014163686,53.92,0.0
SL,1.43,5.6,"Maciejewski, Josh",656671,ball,R,0,2,-0.67,-0.04,-1.09,1.83,-4.047953619449192,-108.94105930646582,-0.4637468052270362,-4.530267509921511,20.85974151176673,-32.67256903036951,53.68,0.026
CH,1.8,5.49,"Maciejewski, Josh",656671,foul,R,0,2,1.37,0.51,-0.04,1.24,-6.771423221164028,-117.96406581776624,-3.809394180042137,14.094242814090158,24.3300276329428,-26.857524688686123,53.95,0.0
SI,1.67,5.58,"Maciejewski, Josh",656671,foul,R,0,1,1.35,0.88,0.26,3.39,-6.47526588969135,-132.6245635425582,-1.403581073609189,17.312522006315497,33.53310346475323,-21.85200195509525,53.82,-0.045
SI,1.49,5.61,"Maciejewski, Josh",656671,called_strike,R,0,0,1.41,0.84,-0.85,2.74,-8.954031066029646,-132.16994621987686,-3.064101902846664,18.45932088045271,30.05889556533089,-21.91123421745869,53.84,-0.042
SI,1.58,5.52,"Maciejewski, Josh",656671,hit_into_play,L,1,0,1.26,0.85,0.07,2.23,-6.3943993320808,-129.30345220213795,-3.8063368885690654,15.479947062897734,28.4768467378582,-22.023422363833383,53.79,-0.342
SI,1.6,5.55,"Maciejewski, Josh",656671,ball,L,0,0,1.45,0.8,0.69,3.82,-5.370594828003381,-130.85850003528572,0.0353280209139389,17.82387117880678,30.46172693359717,-23.248396295874883,53.97,0.044
SI,1.73,5.45,"Maciejewski, Josh",656671,ball,R,3,0,1.39,0.81,-0.34,1.32,-8.17129903912425,-130.94568740156046,-6.01628325585656,17.74533814718274,28.58329566912275,-21.74497087221751,53.78,0.113
CH,1.95,5.45,"Maciejewski, Josh",656671,ball,R,2,0,1.49,0.0,1.79,2.27,-3.21330150041992,-116.8984512941616,-0.2621371417276891,14.25222951488701,25.10212069506274,-32.35059762734145,53.98,0.086
CH,1.73,5.49,"Maciejewski, Josh",656671,ball,R,1,0,1.47,0.4,-0.42,1.2,-7.564664139313654,-116.55116524239844,-3.4834798790567247,14.86404773444018,23.550338510604696,-28.014685101468817,53.95,0.045
SL,1.69,5.57,"Maciejewski, Josh",656671,ball,R,0,0,-0.75,-0.48,1.01,2.54,-0.0925072549132308,-109.78138949090956,1.8953905897047445,-5.879264693284103,24.79275777227712,-36.64080232062319,53.86,0.024
CH,1.86,5.46,"Maciejewski, Josh",656671,hit_into_play,R,0,1,1.48,0.35,0.97,2.64,-4.821753177304853,-117.14499838292342,-0.2037603144777696,14.50477422080048,23.02838631964625,-29.17868482232581,53.96,-0.196
SI,1.65,5.56,"Maciejewski, Josh",656671,called_strike,R,0,0,1.2,0.72,-0.08,2.49,-6.929666964652332,-131.93175320784516,-3.2737463894183136,15.567841131899025,29.74704002425313,-23.26781760964632,53.93,-0.032
CH,1.83,5.68,"Maciejewski, Josh",656671,hit_into_play,R,0,0,1.47,0.63,0.69,2.79,-5.497563821404977,-119.9765734404267,-1.230791240326062,15.21754703775222,25.58532620238216,-26.07613385230178,53.65,-0.1
SI,1.75,5.62,"Maciejewski, Josh",656671,hit_into_play,L,1,0,1.47,1.03,0.11,2.12,-7.362640231868373,-132.3859152713937,-5.120469327906961,18.82543087383838,29.801439896801927,-19.12266608212541,53.55,-0.187
SI,1.6,5.68,"Maciejewski, Josh",656671,ball,L,0,0,1.39,0.95,1.06,2.67,-4.366741411045731,-131.5214628324838,-3.584355008611766,17.025119915420316,29.686558043362687,-20.643893068988984,53.63,0.024
CH,1.73,5.65,"Maciejewski, Josh",656671,hit_into_play,R,0,0,1.31,0.81,0.47,1.99,-5.469601337649893,-120.82651423770636,-3.500104391155729,13.860507725030535,24.46517525600607,-23.743918168024223,53.82,-0.228
