pitch_type,release_pos_x,release_pos_z,player_name,pitcher,description,stand,balls,strikes,pfx_x,pfx_z,plate_x,plate_z,vx0,vy0,vz0,ax,ay,az,release_pos_y,delta_run_exp
CH,-3.01,5.36,"Marinaccio, Ron",676760,hit_into_play,L,2,0,-1.17,-0.29,-0.91,2.46,7.051494637048884,-119.14579850544136,0.6048086360216811,-12.492526734335954,23.135241887661664,-35.31610118638536,53.79,-0.566
ST,-3.28,5.19,"Marinaccio, Ron",676760,ball,L,1,0,1.3,-0.34,-1.37,1.63,1.7500244669991722,-115.5479030717251,-0.3631744286352635,11.295227398594273,21.705345256580166,-35.35549350453082,53.83,0.075
CH,-3.11,5.3,"Marinaccio, Ron",676760,ball,L,0,0,-1.26,0.11,-2.13,2.47,4.661362929609728,-119.05953039491004,-0.0142975659308037,-12.881435415559896,22.812612383188352,-31.30766947563321,53.87,0.042
ST,-3.07,5.29,"Marinaccio, Ron",676760,swinging_strike,R,1,2,1.53,-0.09,0.36,1.27,4.704779917041549,-115.741381081448,-1.906781673959816,12.920716525268093,21.16784005250394,-32.872334882352504,53.78,-0.362
ST,-3.04,5.21,"Marinaccio, Ron",676760,foul,R,1,1,0.96,0.04,-1.08,1.83,2.551821235269998,-117.12919727765984,-0.9088570911632234,8.342314311320255,21.76319747319822,-31.834214244611303,53.72,-0.065
FF,-2.95,5.68,"Marinaccio, Ron",676760,ball,R,0,1,-0.96,1.49,-1.96,2.81,4.727418626952174,-137.49479264464844,-5.136011310172474,-13.208999417822794,30.57061310603643,-12.30619557097481,54.09,0.028
ST,-3.11,5.26,"Marinaccio, Ron",676760,called_strike,R,0,0,1.39,0.27,-0.26,2.73,3.6895108080682335,-116.06671648401404,0.6998907771225282,11.77889386708079,22.713488132171094,-30.104085671859668,53.67,-0.083
FF,-3.2,5.3,"Marinaccio, Ron",676760,ball,L,3,1,-1.17,1.17,-1.56,3.03,6.8436358818543415,-135.97858402419828,-2.6816614624764314,-16.070805889774483,29.765764337858734,-17.257664429547678,53.98,0.209
FF,-3.08,5.34,"Marinaccio, Ron",676760,called_strike,L,3,0,-0.86,1.3,-0.75,2.3,7.920062723497641,-136.19703495807536,-5.000382910272458,-12.378253839810569,29.29538568777233,-15.104637237864646,54.02,-0.065
FF,-3.12,5.4,"Marinaccio, Ron",676760,ball,L,2,0,-1.05,1.25,-1.31,3.39,6.943380847566107,-135.2579215250619,-2.128691996486744,-14.323961345960448,28.03831352886556,-16.561894825639104,54.16,0.128
CH,-3.0,5.38,"Marinaccio, Ron",676760,blocked_ball,L,1,0,-1.37,0.49,0.88,0.33,11.517639164419656,-119.46954822445362,-5.8586168404307735,-15.342025769142404,23.741099520574256,-26.47442140568599,53.88,0.066
FF,-2.89,5.57,"Marinaccio, Ron",676760,ball,L,0,0,-0.9,1.28,0.24,3.34,10.053941858342816,-135.1037220978573,-2.740713262213073,-13.171805096876492,28.970305458382537,-16.053835255311608,53.78,0.044
FF,-2.85,5.55,"Marinaccio, Ron",676760,hit_into_play,L,1,0,-0.93,1.12,-0.41,2.38,8.509009617864988,-137.83239638268736,-5.14028575406602,-13.790088658097956,30.146691515555705,-16.952777469146955,53.93,-0.566
CH,-2.86,5.44,"Marinaccio, Ron",676760,ball,L,0,0,-1.44,0.19,0.91,2.52,11.30819425817216,-118.13082347814662,-0.3101217263479285,-15.52187525410195,20.59141088151412,-30.55059057780807,53.74,0.055
FF,-2.89,5.63,"Marinaccio, Ron",676760,hit_into_play,R,0,1,-0.99,1.36,-0.15,2.51,9.272576920202726,-134.9149110013269,-5.236111492214555,-14.1057175279176,27.8689294911628,-14.533484090872658,53.64,0.778
CH,-3.06,5.62,"Marinaccio, Ron",676760,foul,R,0,0,-1.36,0.2,-1.08,3.19,6.846130924816875,-114.15686151798587,1.2522470611473409,-13.189705050194082,21.27908246419185,-30.88722480581714,53.9,-0.064
FF,-2.84,5.57,"Marinaccio, Ron",676760,hit_by_pitch,R,0,1,-0.92,1.16,-2.05,3.87,4.092496623561837,-137.13193664844457,-1.3053577474240683,-12.533150058681526,29.14377020368307,-17.45451890195211,54.01,0.444
ST,-3.17,5.12,"Marinaccio, Ron",676760,called_strike,R,0,0,1.32,0.06,-0.75,1.45,2.853715768993541,-115.28558256584304,-1.4087160137652446,11.40770139204823,19.161731126613702,-31.569220930771426,53.85,-0.032
FF,-2.78,5.56,"Marinaccio, Ron",676760,swinging_strike,L,1,2,-0.89,1.16,-0.7,1.73,7.208146731598857,-133.86781215036044,-6.353857844154266,-12.317911418872152,31.709644984841116,-17.04229290581686,54.05,-0.379
FF,-2.72,5.48,"Marinaccio, Ron",676760,called_strike,L,1,1,-0.98,1.19,0.01,2.08,9.243619987391124,-135.68181145984002,-5.607230284732628,-14.188756956490703,32.42355827131874,-16.40292114927267,53.84,-0.181
FF,-2.83,5.59,"Marinaccio, Ron",676760,ball,L,0,1,-0.64,1.19,0.47,4.61,9.937531253222122,-135.64916841955642,0.6878326526365769,-10.167726406687944,31.79547507916949,-17.989489660319993,53.93,0.1
FF,-2.82,5.5,"Marinaccio, Ron",676760,foul,L,0,0,-0.88,1.01,-0.18,3.44,8.855355719201613,-136.9859075299179,-1.8979242571685395,-13.099297108421256,30.280112017447287,-19.18714644397714,53.95,-0.102
CH,-2.79,5.32,"Marinaccio, Ron",676760,hit_into_play,L,1,1,-1.21,-0.16,-0.64,2.33,7.353367905634508,-120.8817768406075,-0.0178989759821766,-13.299240951136031,25.3395283330451,-33.938193273131546,53.87,1.584
CH,-2.85,5.41,"Marinaccio, Ron",676760,called_strike,L,1,0,-0.98,-0.11,-0.9,2.98,6.388237970066996,-120.51309344925336,1.2221435781324506,-10.825297777159372,25.748040712482645,-33.741582773319905,53.93,-0.081
CH,-3.04,5.35,"Marinaccio, Ron",676760,ball,L,0,0,-1.17,-0.11,-1.31,2.62,6.090983231775198,-116.89580455064936,0.9037029259978128,-11.889059968969738,23.35312955905217,-33.59939139979601,53.85,0.056
CH,-2.82,5.48,"Marinaccio, Ron",676760,ball,R,3,2,-1.06,0.07,-1.05,3.8,5.9211324678150525,-115.78966552375005,2.992464193257277,-10.622310384509817,21.89938939610801,-32.377679286353114,53.79,0.207
FF,-2.73,5.64,"Marinaccio, Ron",676760,foul,R,3,2,-0.87,1.49,0.49,3.55,10.347340490168389,-136.81157441006806,-3.0313217696892143,-13.175726298596944,30.1776756353,-12.916564208815991,53.83,0.0
CH,-2.81,5.36,"Marinaccio, Ron",676760,foul,R,3,2,-1.27,0.36,0.5,2.03,10.006860617883683,-119.0879726033992,-1.6498456076668542,-13.970617982120585,22.92908398250799,-28.6021881958058,53.71,0.0
FF,-2.97,5.43,"Marinaccio, Ron",676760,foul,R,3,2,-1.05,1.41,0.25,2.81,10.656494324875135,-136.6759187813419,-4.16228501278702,-15.620067393031572,32.283101144557094,-13.749218731209844,54.24,0.0
ST,-2.97,5.3,"Marinaccio, Ron",676760,ball,R,2,2,1.5,-0.33,0.27,4.12,4.195528319552376,-113.20943644395636,5.075005938143853,12.023363770292908,22.33666572019996,-36.199221391376746,53.97,0.063
FF,-2.69,5.76,"Marinaccio, Ron",676760,foul,R,2,2,-0.48,1.62,0.12,3.62,8.283415546703697,-135.13887761369287,-3.226713109827154,-7.850036586781757,31.793641494873405,-11.945125340159404,53.95,0.0
FF,-2.62,5.62,"Marinaccio, Ron",676760,foul,R,2,1,-1.17,1.49,0.31,3.2,10.182061207440084,-135.86374499668815,-3.7129258263928575,-16.904055177881776,34.90764676230078,-13.158016295684387,53.84,-0.129
CH,-2.67,5.42,"Marinaccio, Ron",676760,called_strike,R,2,0,-1.46,-0.09,0.39,3.09,9.64586392194274,-116.77112467675894,1.8844919116317949,-15.388942121879342,27.185158946026043,-33.713971720488495,53.75,-0.057
FF,-2.97,5.49,"Marinaccio, Ron",676760,ball,R,1,0,-1.03,1.28,-1.52,3.21,6.0617157310165855,-136.24382076011594,-2.916724701295397,-14.197766944346396,33.66963093121106,-15.904394960288348,53.92,0.076
FF,-2.68,5.7,"Marinaccio, Ron",676760,ball,R,0,0,-0.71,1.41,2.02,3.4,13.815924517388604,-136.5911305807208,-3.335413867493088,-12.159579827126343,32.85930067179686,-14.043812674846668,53.87,0.035
FF,-2.71,5.7,"Marinaccio, Ron",676760,hit_into_play,L,1,2,-1.08,1.31,-1.21,3.5,6.262238093993327,-136.1521680881498,-2.7754000447700475,-14.788782467400504,32.38347412611546,-15.528791302265272,54.1,-0.226
CH,-3.05,5.38,"Marinaccio, Ron",676760,ball,L,0,2,-1.43,-0.16,-2.53,3.9,3.824034300392839,-114.70097313333405,3.965990668777722,-13.322549124589724,21.855135471434096,-34.610095731067354,53.75,0.021
FF,-2.63,5.64,"Marinaccio, Ron",676760,foul,L,0,1,-1.17,1.18,-0.78,2.52,7.455506589552322,-137.26718757222417,-5.005895108792008,-16.552132219677762,33.32484808402885,-16.29692710926928,54.09,-0.075
FF,-2.91,5.58,"Marinaccio, Ron",676760,called_strike,L,0,0,-0.96,1.24,-0.32,1.96,8.831065019858167,-135.99520050041187,-6.302019461718453,-13.919126479416622,32.56245234354408,-15.596137753445142,54.03,-0.047
FF,-2.66,5.62,"Marinaccio, Ron",676760,called_strike,L,1,2,-0.88,1.14,-0.36,2.38,8.004946651039353,-137.8713886311789,-5.341113727049072,-13.063614557475466,32.67232578501483,-16.568032349147767,54.06,-0.318
FF,-2.89,5.61,"Marinaccio, Ron",676760,called_strike,L,1,1,-0.78,1.15,-0.38,2.02,8.219174345193673,-136.16343792592264,-6.051506736577966,-11.594640034452242,31.32371281992575,-16.642846521513444,54.06,-0.105
CH,-2.86,5.34,"Marinaccio, Ron",676760,swinging_strike,L,1,0,-1.19,-0.15,1.2,1.71,11.424565682877796,-117.95047934296755,-1.1211812508480494,-13.42003643592608,25.47428131529894,-33.59296379112636,53.86,-0.058
FF,-2.82,5.6,"Marinaccio, Ron",676760,ball,L,0,0,-0.94,1.17,-1.16,2.33,6.39388429345197,-136.54680691881484,-5.301699070534535,-13.19179597344582,32.669774614180994,-16.537483369057814,53.91,0.06
FF,-2.66,5.65,"Marinaccio, Ron",676760,hit_into_play,R,1,2,-1.0,1.03,0.31,3.09,9.97116217140396,-136.70488822042986,-3.2013664239631203,-14.801436857664148,31.515139655673632,-18.706277048614133,53.89,0.47
ST,-3.03,5.08,"Marinaccio, Ron",676760,swinging_strike,R,1,1,1.21,0.14,-0.11,1.7,4.1924185454674525,-116.89643511689178,-1.0806564333239683,10.41988956832108,21.07931250121925,-30.87339472131633,53.74,-0.049
FF,-2.81,5.47,"Marinaccio, Ron",676760,called_strike,R,1,0,-0.99,0.78,0.37,2.36,10.5573540836648,-137.3330130329204,-4.206121948425803,-14.731077425287438,28.75917939177559,-21.54117270135362,53.78,-0.044
FF,-2.75,5.53,"Marinaccio, Ron",676760,ball,R,0,0,-0.58,1.29,1.25,2.47,11.643045193600411,-135.0801014618197,-4.93891156872895,-9.64441891793826,28.701208359692878,-15.444718560951516,53.65,0.032
CH,-2.63,5.51,"Marinaccio, Ron",676760,hit_into_play,R,1,2,-1.02,-0.07,-0.35,2.33,7.020039875731267,-116.30828838069756,-0.1518786525519571,-10.565872842090554,21.09431260471259,-33.02364777367597,53.66,1.48
CH,-2.82,5.46,"Marinaccio, Ron",676760,foul,R,1,2,-0.91,-0.14,-0.53,3.63,6.748277085874965,-115.64010117769712,3.0323181142567552,-9.38738069556099,20.495402436203165,-34.24325826912248,53.84,0.0
FF,-2.7,5.71,"Marinaccio, Ron",676760,foul,R,1,1,-0.73,1.33,-0.63,3.31,7.016411424035034,-136.8774071502661,-3.4707113123090063,-10.748031509350296,31.7646485184554,-14.86294359885377,53.92,-0.105
CH,-2.76,5.38,"Marinaccio, Ron",676760,swinging_strike,R,1,0,-1.25,0.07,-0.23,2.43,8.229802954685947,-119.15773514734424,-0.1909622443313015,-13.589077441805795,24.72954940290008,-31.68603816418069,53.71,-0.058
FF,-2.71,5.65,"Marinaccio, Ron",676760,ball,R,0,0,-1.1,1.24,1.67,2.93,13.47668034608269,-132.960371132373,-3.684110616348419,-15.895390070792503,28.679364525476483,-16.821964811117965,53.89,0.067
ST,-2.84,5.12,"Marinaccio, Ron",676760,hit_into_play,R,1,2,1.15,0.37,0.82,2.23,5.973895468995288,-117.0269939342336,-0.4062385769539195,9.40001347232222,22.938789993453643,-28.899385423125903,53.72,-0.235
CH,-2.53,5.36,"Marinaccio, Ron",676760,ball,R,0,2,-1.18,0.58,1.45,1.38,11.392249599466036,-119.26151368906552,-3.540562899663504,-13.504573315351058,24.52959579237072,-26.10802443836931,53.6,0.026
ST,-3.03,5.12,"Marinaccio, Ron",676760,called_strike,R,0,1,0.63,0.3,0.15,2.96,6.014491867017511,-118.64897142156478,1.271306965931014,4.58381514010429,25.194848988860038,-29.876759216816104,53.68,-0.045
FF,-2.83,5.6,"Marinaccio, Ron",676760,called_strike,R,0,0,-0.9,1.45,-0.5,2.66,7.867212532323257,-133.16391696120294,-4.691092116983304,-12.453758862264069,29.75021445724297,-14.137900545761443,53.94,-0.042
CH,-2.98,5.17,"Marinaccio, Ron",676760,hit_into_play,L,1,2,-1.29,0.04,-0.25,1.72,8.75779770651057,-119.78879648041328,-1.4385980094577775,-14.02738773311157,21.592156955677783,-31.71341623246536,53.72,0.863
FF,-2.68,5.46,"Marinaccio, Ron",676760,called_strike,L,1,1,-1.03,1.35,0.27,2.48,9.875211118948338,-135.27095109026723,-4.870631678893092,-14.739678073592623,29.17096529309937,-14.723595633475242,53.89,-0.075
CH,-2.87,5.08,"Marinaccio, Ron",676760,blocked_ball,L,0,1,-1.33,-0.13,-0.21,0.49,8.740399599041433,-119.71774318404115,-3.657693900440415,-14.455970498228645,23.66627051196123,-32.84473058708956,53.5,0.02
FF,-2.68,5.49,"Marinaccio, Ron",676760,called_strike,L,0,0,-1.05,1.37,-0.47,3.35,8.03496247658589,-136.22026516548868,-2.783667818414242,-14.867473620399728,31.388498447843386,-14.730339751567078,53.99,-0.048
CH,-2.88,5.15,"Marinaccio, Ron",676760,hit_into_play,L,1,0,-1.5,-0.15,0.01,2.12,9.56490935239862,-119.55993077276464,0.0136798402790914,-16.230867946882956,24.26179540558762,-33.89749657651009,53.57,0.223
FF,-2.85,5.39,"Marinaccio, Ron",676760,ball,L,0,0,-0.93,1.42,-0.91,3.92,7.083995472031714,-136.28262548326683,-1.1467774500953545,-13.25855367949208,32.27975226924688,-14.591875256965643,54.07,0.016
ST,-2.95,5.12,"Marinaccio, Ron",676760,swinging_strike,R,0,2,0.87,0.36,1.47,1.47,8.369798619076768,-119.06189187392944,-2.3399024731921525,6.516623564265489,24.837001156800003,-28.469878218545013,53.75,-0.104
ST,-2.99,5.13,"Marinaccio, Ron",676760,called_strike,R,0,1,0.88,0.53,0.14,3.05,5.373105040677935,-118.27615880872573,0.9857642770320594,7.250384506717872,22.82982214793402,-27.660996754395853,53.56,-0.035
FF,-2.87,5.27,"Marinaccio, Ron",676760,called_strike,R,0,0,-0.96,1.31,-0.33,2.98,8.763462975933116,-136.8707203125922,-3.160861363252071,-13.98662082488646,29.7366765277022,-15.219381825927632,53.98,-0.024
FF,-2.83,5.5,"Marinaccio, Ron",676760,hit_into_play,L,3,2,-1.11,1.25,-0.37,3.89,8.804738271596749,-136.17481883953764,-1.1759523412256767,-15.75392991500158,29.804059202508693,-16.545537591770508,54.06,-0.297
FF,-2.97,5.22,"Marinaccio, Ron",676760,called_strike,L,3,1,-0.96,1.29,-0.89,2.98,7.540090149786621,-136.19678300753608,-2.928646580492079,-13.565147934396853,28.974020037594784,-15.622751040047069,53.87,-0.078
CH,-2.73,5.18,"Marinaccio, Ron",676760,ball,L,2,1,-1.31,0.29,1.84,1.75,13.199029594867213,-120.80374749508236,-1.9913295456018871,-15.301913671899474,22.031094285510143,-29.17867221608221,53.55,0.108
ST,-2.96,5.22,"Marinaccio, Ron",676760,ball,L,1,1,0.84,0.46,1.56,0.73,8.652054453060993,-119.1437805862623,-4.4883853883617455,6.3022564675398245,23.04139591083015,-27.10788692221469,53.85,0.05
FF,-2.82,5.39,"Marinaccio, Ron",676760,foul,L,1,0,-1.0,1.39,-0.03,2.78,9.33235800203756,-134.70834014016296,-3.939438920684476,-14.10979984037769,27.06421241073279,-14.502958384276443,54.0,-0.044
ST,-3.1,5.21,"Marinaccio, Ron",676760,ball,L,0,0,1.57,0.41,-1.26,4.01,1.0797664210922917,-116.12716586828566,3.367390678007087,13.970909252575176,22.84624323954765,-29.38829250342952,54.03,0.032
CH,-2.73,5.32,"Marinaccio, Ron",676760,hit_into_play,R,0,0,-1.56,0.28,0.11,2.22,9.538194288548866,-118.99648837931136,-0.8788385641337566,-16.72393782409937,25.237896832988397,-29.62887214188566,53.53,-0.447
FF,-2.92,5.2,"Marinaccio, Ron",676760,called_strike,R,3,2,-1.04,1.22,-0.24,2.12,9.36710378019332,-137.19383603293693,-5.0725686737156686,-15.201139887054046,28.41537684056251,-15.809843804796383,53.77,-0.58
FF,-2.96,5.24,"Marinaccio, Ron",676760,foul,R,3,2,-0.93,1.25,0.89,2.51,12.052112365544318,-136.15167087816386,-4.102133516558854,-14.17523072498168,30.210633283416065,-15.916820607034657,53.82,0.0
FF,-2.8,5.24,"Marinaccio, Ron",676760,foul_tip,R,3,1,-1.07,1.3,0.33,3.19,10.653303928384332,-137.05423712122453,-2.542594635087457,-15.829931777079937,29.250740412441026,-15.37451710781265,53.55,-0.119
FF,-2.86,5.24,"Marinaccio, Ron",676760,foul_tip,R,3,0,-1.04,1.42,-0.27,3.43,9.014311192497752,-135.76985841096206,-2.0404497006567976,-14.84109556954265,30.812512204830245,-14.364748939212715,53.77,-0.138
CH,-2.87,5.22,"Marinaccio, Ron",676760,ball,R,2,0,-1.39,0.08,1.01,0.79,11.503981472256433,-118.532426888383,-3.494303722715715,-15.397507600983662,24.1569559567727,-30.86216719823681,53.63,0.207
CH,-2.8,5.32,"Marinaccio, Ron",676760,ball,R,1,0,-1.35,-0.04,-1.07,3.55,6.578496600418632,-118.8059181922939,2.7846262990247173,-14.06325212069057,24.940269866791628,-33.38978699444019,53.53,0.096
FF,-2.79,5.5,"Marinaccio, Ron",676760,ball,R,0,0,-1.13,1.43,0.52,3.98,11.145324280079771,-136.64141728329668,-1.3803383297066845,-16.61457591090692,31.10040361192696,-14.165142640656326,53.84,0.051
FF,-2.62,5.54,"Marinaccio, Ron",676760,swinging_strike,L,2,2,-1.0,1.42,0.69,3.55,10.827307025843002,-136.68659986240584,-2.58999727572712,-14.874705588880865,29.950798484504304,-13.996309953251089,54.0,-0.448
CH,-2.96,5.17,"Marinaccio, Ron",676760,foul,L,2,2,-1.3,-0.01,0.41,1.61,10.327218490754882,-120.39280171835658,-1.6540790339224969,-14.615069453327887,21.931226068890897,-32.17117932777664,53.74,0.0
FF,-2.84,5.49,"Marinaccio, Ron",676760,ball,L,1,2,-0.98,1.35,-2.41,4.09,3.323305566680715,-138.33030713666062,-1.0434293425805885,-13.337314676333689,29.88133081164992,-14.835478172311728,54.17,0.066
CH,-2.81,5.16,"Marinaccio, Ron",676760,ball,L,0,2,-1.41,0.1,0.94,1.14,11.501144738685037,-121.46837622732812,-3.113531454433168,-16.086930350832205,21.423905309927303,-30.74235740346988,53.77,0.058
FF,-2.8,5.51,"Marinaccio, Ron",676760,foul,L,0,2,-1.14,1.24,-0.61,3.57,8.337221210210979,-138.04838452688583,-2.114795710401039,-16.509838441370302,35.464054980432735,-16.18231076163601,53.87,0.0
FF,-2.73,5.46,"Marinaccio, Ron",676760,swinging_strike,L,0,1,-0.85,1.49,-0.4,2.84,7.9942712737454675,-137.27776793901805,-4.365412332304922,-12.64835026219338,34.70320121717366,-12.67668989983106,53.89,-0.157
FF,-2.78,5.51,"Marinaccio, Ron",676760,called_strike,L,0,0,-0.65,1.63,-0.27,3.46,8.097291478260363,-138.46823164640097,-3.26533877027316,-10.49267067469747,38.1913191882838,-10.944895854422004,53.97,-0.093
CH,-2.74,5.23,"Marinaccio, Ron",676760,hit_into_play,R,0,1,-1.2,-0.24,0.48,2.09,9.534174284492943,-117.13248953119474,0.2391453911688106,-12.98290513166243,24.496788961217803,-34.65200766169239,53.66,0.049
CH,-2.69,5.34,"Marinaccio, Ron",676760,swinging_strike,R,0,0,-1.32,0.25,-0.17,3.05,8.298891813879552,-118.60475388172247,1.047897267946355,-14.06939771616772,24.2813648206468,-30.328257204781213,53.65,-0.064
CH,-2.8,5.23,"Marinaccio, Ron",676760,ball,R,3,2,-1.34,0.24,0.43,1.22,10.057457776990406,-120.14316240730336,-3.086841347306944,-14.950274989363724,24.19668829149125,-29.425302658554592,53.69,0.343
CH,-2.71,5.17,"Marinaccio, Ron",676760,ball,R,2,2,-1.38,0.36,1.54,0.1,12.584977695750425,-121.05671118159448,-5.928479091884806,-16.06903142508491,24.89101534335388,-27.52235699868516,53.65,0.093
FF,-2.83,5.5,"Marinaccio, Ron",676760,foul,R,2,2,-1.23,1.22,-1.76,3.75,5.466411647087003,-135.46841512385268,-1.4049685597687889,-16.3452606316462,30.061299443435384,-17.084664322232204,53.97,0.0
CH,-2.56,5.29,"Marinaccio, Ron",676760,ball,R,1,2,-1.31,0.68,1.49,0.23,12.06672926519851,-121.40326443929868,-6.676358471802579,-15.259239017811872,22.370544643514208,-24.228818881960912,53.49,0.036
CH,-2.8,5.29,"Marinaccio, Ron",676760,foul,R,1,2,-1.26,0.4,0.57,1.07,10.221536586543982,-119.8417091775442,-3.885744914050834,-14.122989062142572,22.654799531454664,-27.702659106504548,53.59,0.0
FF,-2.88,5.39,"Marinaccio, Ron",676760,foul,R,1,1,-0.86,1.05,-0.99,3.4,6.833767098354191,-136.74440614267445,-1.7648909301238196,-12.327315534237297,30.21938978699812,-18.758757590421517,53.95,-0.049
CH,-2.87,5.24,"Marinaccio, Ron",676760,called_strike,R,1,0,-1.34,-0.15,-0.14,1.44,8.858407802795421,-119.82110144749912,-1.8345675103487804,-14.5577264063011,22.312409145501785,-33.46998492367728,53.7,-0.044
FF,-2.86,5.58,"Marinaccio, Ron",676760,ball,R,0,0,-0.85,1.27,0.7,3.6,10.93376372850186,-134.1708681810133,-1.945891018335132,-12.672176629701656,29.997075330437312,-16.664131442891254,53.95,0.032
CH,-2.91,5.09,"Marinaccio, Ron",676760,hit_into_play,L,2,0,-1.45,-0.04,-0.06,2.92,9.464253123473329,-121.0135429066011,1.5698312658310083,-16.034817735959624,22.708854146764917,-33.11207425425388,53.74,-0.3
FF,-3.07,5.26,"Marinaccio, Ron",676760,ball,L,1,0,-1.07,1.28,-1.16,2.85,7.39274219623212,-137.91717904944747,-3.532633552710063,-15.250808595754554,28.987404429902423,-15.140606998746314,54.02,0.044
CH,-2.93,5.18,"Marinaccio, Ron",676760,ball,L,0,0,-1.5,0.26,1.16,0.58,12.53774033729542,-121.40540317079429,-4.7901065662909375,-17.196346544379086,21.885867504547434,-28.78276813556722,53.52,0.027
CH,-2.96,5.27,"Marinaccio, Ron",676760,hit_by_pitch,R,2,2,-1.49,0.17,-1.96,3.71,5.096309508780634,-117.59835560028574,2.8635652163941447,-14.775329593111143,21.64354295271632,-31.38404896331049,53.88,0.142
CH,-2.83,5.19,"Marinaccio, Ron",676760,called_strike,R,2,1,-1.42,0.31,0.64,1.95,10.660932225810202,-118.77856238478832,-1.3480499543939133,-15.465942897058742,21.498367644047843,-29.18747171485638,53.68,-0.031
FF,-2.58,5.5,"Marinaccio, Ron",676760,ball,R,1,1,-0.89,1.35,1.88,2.98,13.251273803179558,-132.76156949298573,-3.4312847755779323,-13.207109932708883,26.78173221410717,-15.616984293286448,53.7,0.023
CH,-2.86,5.22,"Marinaccio, Ron",676760,called_strike,R,1,0,-1.38,0.36,0.68,2.78,10.733352833495388,-118.75592433186382,0.3609648100692391,-15.06254569249597,21.502877229473462,-28.998441454954545,53.68,-0.019
FF,-2.84,5.4,"Marinaccio, Ron",676760,ball,R,0,0,-0.88,1.35,1.25,1.56,12.520579392736922,-135.5411471278887,-7.174177305653418,-13.445651099792029,27.75429297850448,-14.018106683425666,53.83,0.016
CH,-2.95,5.17,"Marinaccio, Ron",676760,swinging_strike,L,2,2,-1.45,0.11,-1.23,1.65,6.720222607512047,-118.700353274224,-1.5711235694217682,-14.952012654391512,21.9409951908891,-31.051345826523963,53.74,-0.142
CH,-3.08,5.07,"Marinaccio, Ron",676760,ball,L,1,2,-1.4,0.12,-0.58,0.95,8.595469459516487,-121.7340208937127,-3.373250055922899,-15.61941997092361,22.68470591553319,-30.550057687114275,53.8,0.026
FF,-3.0,5.21,"Marinaccio, Ron",676760,swinging_strike,L,1,1,-1.08,1.24,-0.11,3.57,10.002439942889836,-138.24542452799562,-1.458770720572641,-15.987685800868888,29.00802204919198,-16.046812609615188,54.08,-0.04
FF,-2.95,5.29,"Marinaccio, Ron",676760,swinging_strike,L,1,0,-0.9,1.29,-0.07,3.25,9.51245056658222,-137.39266349887282,-2.5044830770716064,-13.50142181471055,28.87030095501467,-15.481073493261247,54.1,-0.031
FF,-2.98,5.25,"Marinaccio, Ron",676760,ball,L,0,0,-1.14,1.2,1.04,2.95,13.182800076274358,-138.62802707212913,-3.150474598508913,-17.5849028235387,29.87990995597028,-16.134960332545127,53.9,0.024
ST,-3.13,5.06,"Marinaccio, Ron",676760,hit_into_play,R,1,1,0.78,0.54,0.29,2.49,6.359279767288044,-121.29310758484992,-0.5004539110613421,6.3331274310937005,25.39490872057681,-26.94802419845718,53.83,1.007
CH,-2.91,5.21,"Marinaccio, Ron",676760,called_strike,R,1,0,-1.43,0.34,0.66,2.14,11.010703858303971,-119.8838670360014,-1.1124218462641249,-15.96164291948054,23.700849300747223,-28.87805026758228,53.6,-0.031
FF,-2.82,5.33,"Marinaccio, Ron",676760,ball,R,0,0,-1.17,1.43,2.38,2.48,16.03713757015835,-135.79096221812952,-4.73802820901739,-18.17284071326742,31.394981467475525,-13.593268440784922,53.93,0.024
FF,-2.93,5.35,"Marinaccio, Ron",676760,hit_into_play,L,1,1,-1.14,1.4,-0.26,2.69,9.404064267077947,-135.83390646690057,-4.172189467776663,-16.223462502335316,31.01269026102589,-14.068694700985366,54.11,-0.216
CH,-2.87,5.14,"Marinaccio, Ron",676760,foul,L,1,0,-1.43,0.4,0.1,1.93,9.618059832274373,-119.84588185571054,-1.5642425615527975,-15.643110408657932,22.21675070887122,-28.24047361152221,53.77,-0.044
ST,-3.14,5.13,"Marinaccio, Ron",676760,ball,L,0,0,1.08,0.44,-1.57,3.07,1.4762215126539044,-118.0370288481978,1.1647952831170103,9.854643588448642,20.76435327665805,-28.481015381129488,53.92,0.032
FF,-2.68,5.59,"Marinaccio, Ron",676760,hit_into_play,R,0,2,-1.08,1.25,0.45,3.78,10.646872278233364,-137.683271170715,-1.8423376036959576,-16.14963488577347,30.902191279622823,-16.113037037816433,53.98,-0.143
ST,-2.9,5.22,"Marinaccio, Ron",676760,foul,R,0,1,1.24,-0.17,-0.97,2.68,1.918732253159964,-116.7244160564536,1.5103933460625445,10.839838966194606,25.055800256390004,-34.26719777959554,53.89,-0.045
FF,-2.77,5.52,"Marinaccio, Ron",676760,called_strike,R,0,0,-1.13,1.38,0.27,2.94,10.41407019270374,-136.73645068801332,-4.022964824380709,-16.427863479592034,30.47262298922133,-14.174658369935097,53.91,-0.042
ST,-3.04,5.2,"Marinaccio, Ron",676760,hit_into_play,R,0,1,1.23,0.51,-0.23,3.62,4.004089044350887,-119.80098782109272,2.0109374910082525,11.006882062821054,24.48471451296326,-27.96128976194105,53.94,-0.256
FF,-2.94,5.46,"Marinaccio, Ron",676760,foul,R,0,0,-1.15,1.33,-1.11,2.77,7.375818919713537,-138.50464683037794,-4.421138777004459,-16.39432089687001,30.520782980307786,-14.282832778830228,54.04,-0.042
CH,-3.04,5.27,"Marinaccio, Ron",676760,swinging_strike,L,1,2,-1.34,0.26,-1.26,2.32,6.655739846779099,-119.03852960312884,-0.5761187428395746,-14.070667475004996,23.268209528377355,-29.855406268034585,53.77,-0.283
FF,-3.01,5.27,"Marinaccio, Ron",676760,swinging_strike,L,1,1,-1.19,1.21,-0.15,2.77,10.13249423051597,-137.77958887791036,-3.5716776331978557,-17.41342694538854,30.490157198724287,-16.13163390779698,54.06,-0.078
CH,-2.88,5.13,"Marinaccio, Ron",676760,called_strike,L,1,0,-1.36,-0.21,0.76,2.72,10.929341714081277,-119.22204229863908,1.5290472581212506,-15.086102082880783,22.48967840305941,-34.68485755224209,53.89,-0.075
FF,-3.09,5.37,"Marinaccio, Ron",676760,ball,L,0,0,-1.04,1.32,0.44,4.68,11.637063047716367,-138.42801732397643,0.9093577835531954,-16.068586045211582,31.87896670662016,-15.692897367177222,54.06,0.067
FF,-2.96,5.24,"Marinaccio, Ron",676760,ball,R,3,2,-1.26,1.24,1.3,1.92,13.94607142484556,-136.90668465400103,-5.737996470258373,-18.89596060056366,28.784924757065514,-15.3963478019035,53.77,0.343
CH,-2.94,5.31,"Marinaccio, Ron",676760,foul,R,3,2,-1.27,0.12,-0.72,2.25,7.541392485952446,-119.21501254354912,-0.5677490998349318,-13.618089956898682,23.35299126246967,-31.18220850804972,53.68,0.0
CH,-2.88,5.27,"Marinaccio, Ron",676760,ball,R,2,2,-1.35,0.11,1.87,1.1,13.339195268187137,-118.1320283647402,-2.97668283966552,-15.08196659308087,21.731073077333075,-30.721867632894277,53.67,0.093
CH,-2.79,5.39,"Marinaccio, Ron",676760,ball,R,1,2,-1.4,0.52,0.78,1.29,10.861065844295307,-119.013229918784,-3.7073648000732793,-15.382296634633274,23.15085114569766,-26.709626532341773,53.59,0.036
FF,-2.85,5.54,"Marinaccio, Ron",676760,foul,R,1,2,-0.95,1.27,-0.08,3.63,9.453664104967794,-138.43622813786482,-2.291443985276548,-14.210989686147844,27.56703330223336,-15.393340267441348,53.94,0.0
ST,-3.18,5.13,"Marinaccio, Ron",676760,called_strike,R,1,1,1.02,-0.16,0.34,1.62,5.927983071767494,-117.21755553598076,-0.8671293145853198,8.40921316283909,20.632955243795926,-33.69018260405044,53.82,-0.049
CH,-2.85,5.32,"Marinaccio, Ron",676760,called_strike,R,1,0,-1.36,0.19,0.74,2.17,10.705695187394516,-117.54641203368756,-0.7761171342645194,-14.565503366746196,20.436239683323404,-30.47892420744029,53.6,-0.044
FF,-2.92,5.63,"Marinaccio, Ron",676760,ball,R,0,0,-0.82,1.45,-0.85,4.13,7.143267193372849,-135.66540098421098,-1.348661848747815,-11.651612810052372,26.48617453813762,-13.980349108690003,54.04,0.032
FF,-2.9,5.46,"Marinaccio, Ron",676760,swinging_strike,L,1,2,-1.08,1.25,-0.24,2.25,9.352513726321396,-137.4703565597456,-5.509288299371246,-15.720519023474935,27.908752382160227,-15.24887572424215,54.04,-0.579
CH,-2.86,5.24,"Marinaccio, Ron",676760,foul,L,1,1,-1.5,0.13,0.14,1.66,9.823587354555178,-120.17804507692738,-1.9535897771667248,-16.411343434762912,22.479279800061,-30.72939975678963,53.8,-0.145
FF,-2.88,5.51,"Marinaccio, Ron",676760,ball,L,0,1,-0.99,1.28,-1.14,4.0,6.792303695925482,-138.08604246991203,-1.1558554495451685,-14.201914233373278,30.112569083336705,-15.741985130336046,54.15,0.052
FF,-2.93,5.29,"Marinaccio, Ron",676760,called_strike,L,0,0,-0.91,1.2,0.49,3.2,10.990875242860543,-137.16583236483646,-2.442118472459853,-13.829321541292789,28.47710467644089,-16.56092163666309,53.93,-0.099
FF,-2.84,5.67,"Marinaccio, Ron",676760,swinging_strike,L,3,2,-1.07,1.47,-1.07,2.42,6.882121908161181,-135.3360083629244,-5.731810486053854,-14.669101667225616,32.64098091812662,-13.121481490722363,54.05,-0.548
FF,-2.95,5.56,"Marinaccio, Ron",676760,foul,L,3,2,-0.88,1.26,0.06,2.77,9.620158749968542,-134.57110890966644,-4.021471312274004,-12.862136091719822,31.645666461228306,-16.2079023189555,54.02,0.0
FF,-2.8,5.71,"Marinaccio, Ron",676760,ball,L,2,2,-0.59,1.41,1.02,3.81,11.091136185152989,-135.4189247566811,-2.1768527525268526,-9.705448778857118,30.586574771316982,-14.563754478041364,54.19,0.131
CH,-2.88,5.39,"Marinaccio, Ron",676760,foul,L,2,2,-1.6,0.32,0.32,0.98,10.507939666660285,-120.29527935776538,-4.250854678375779,-17.53173439794887,22.314355616500716,-28.378905541700767,53.76,0.0
FF,-2.83,5.61,"Marinaccio, Ron",676760,foul,L,2,2,-0.95,1.39,-0.42,2.39,8.365385054759232,-136.62754329546448,-5.630327958088911,-13.926707032433624,34.174550259594554,-13.703540809274015,54.09,0.0
FF,-2.92,5.72,"Marinaccio, Ron",676760,ball,L,1,2,-1.02,1.3,-2.83,4.22,2.4775543812474727,-135.71040536527124,-0.8709865517668967,-13.14391138214687,33.38193728579915,-16.32978569117142,54.24,0.07
CH,-2.91,5.44,"Marinaccio, Ron",676760,called_strike,L,1,1,-1.37,0.1,0.19,1.59,9.836318088328554,-120.18696900111804,-2.3888063395283448,-15.32248464572704,27.07832961178888,-30.865516529002026,53.75,-0.126
FF,-2.98,5.41,"Marinaccio, Ron",676760,called_strike,L,1,0,-0.9,1.38,-0.71,2.86,7.8114763923012145,-135.11869411811315,-3.6821162720108815,-12.88774775517394,34.20161220727687,-14.818472175776892,54.06,-0.081
FF,-2.91,5.75,"Marinaccio, Ron",676760,ball,L,0,0,-0.89,1.3,-1.0,4.38,6.942824401952478,-136.05793824917484,-0.5541622644686799,-12.777420483717629,36.012042860714764,-16.443287623024442,54.06,0.056
FF,-2.91,5.54,"Marinaccio, Ron",676760,ball,L,3,0,-1.06,1.33,-1.22,3.3,6.708176975410949,-135.49799172111685,-2.8341578481043954,-14.6330165097469,33.51529041199438,-15.485202378517227,54.01,0.05
CH,-2.91,5.47,"Marinaccio, Ron",676760,ball,L,2,0,-1.44,0.42,0.58,1.44,10.907766458920626,-121.17495405467218,-3.5928366405573025,-16.452902573740737,25.54041985972929,-27.503556805509238,53.93,0.034
FF,-3.1,5.49,"Marinaccio, Ron",676760,ball,L,1,0,-0.89,1.41,-1.04,2.96,7.274600226327823,-135.88357669296377,-3.8214042174020855,-12.720342035296587,32.98890521378054,-14.187826156066354,54.0,0.076
FF,-2.82,5.8,"Marinaccio, Ron",676760,ball,L,0,0,-0.94,1.48,-0.95,4.1,6.855314558611727,-135.0533582654458,-1.7284409681744346,-13.120411276253124,34.0572580634487,-14.106622888793604,54.18,0.035
ST,-2.84,5.43,"Marinaccio, Ron",676760,swinging_strike,R,1,2,0.91,0.48,1.97,0.67,9.08161215197615,-118.4664006486983,-4.938886861670031,6.49617282969846,25.84283146321216,-26.869986203038444,53.94,-0.411
FF,-2.8,5.73,"Marinaccio, Ron",676760,foul,R,1,1,-0.9,1.49,0.68,3.35,11.015089068887931,-136.10453309499917,-3.6407251852545808,-13.8536878633343,33.99489628013343,-13.12746224260483,53.86,-0.15
ST,-3.01,5.35,"Marinaccio, Ron",676760,called_strike,R,1,0,1.42,0.05,0.11,2.28,4.176042821490438,-115.02572402497148,0.173273100202755,11.475077309352825,25.870802932631687,-32.07420812917041,53.88,-0.084
ST,-2.97,5.44,"Marinaccio, Ron",676760,ball,R,0,0,1.56,0.4,1.69,3.29,7.257036896173071,-114.3006520383788,1.622560375382747,11.807422495183449,25.775995168904263,-29.410888646636774,53.82,0.063
FF,-2.84,5.76,"Marinaccio, Ron",676760,hit_into_play,R,2,1,-1.02,1.36,0.76,3.42,11.430755685386965,-134.1046964890106,-3.0824643973678234,-14.82426762057074,28.75897606395058,-15.295593447725135,53.85,-0.325
FF,-2.65,5.71,"Marinaccio, Ron",676760,ball,R,1,1,-1.27,1.25,1.31,3.76,12.522944856111147,-130.19356131590777,-1.3665204974152316,-17.274939374929556,31.31629600685108,-18.04379828926828,53.89,0.074
ST,-3.26,5.41,"Marinaccio, Ron",676760,ball,R,0,1,1.05,0.0,-2.14,4.89,0.4701074503389627,-111.36331568658356,6.0084614939220415,8.535363486237575,22.291233041518407,-33.60499997939483,54.01,0.057
FF,-2.94,5.7,"Marinaccio, Ron",676760,swinging_strike,R,0,0,-0.86,1.32,-0.38,4.12,8.197614404562957,-131.1557756277437,-0.7092345970182246,-11.73383780076806,30.711044887890587,-17.10349201982555,54.07,-0.064
CH,-3.16,5.42,"Marinaccio, Ron",676760,hit_into_play,L,0,1,-1.36,-0.1,-0.66,1.59,8.237355012290879,-118.18204480480765,-1.666616260347797,-14.36580511694145,25.46008384327348,-33.00992131044909,54.03,0.442
FF,-2.99,5.59,"Marinaccio, Ron",676760,swinging_strike,L,0,0,-0.86,1.42,-0.71,3.66,7.595201537856681,-132.72378340191048,-1.9758581501324977,-11.869287653147897,30.221111457280504,-15.221316476809228,54.15,-0.032
ST,-2.91,5.2,"Marinaccio, Ron",676760,hit_into_play,R,1,2,1.66,0.27,0.68,2.65,4.752231993267036,-115.38534335001906,0.7635373793596054,13.773104630631783,23.118171996067336,-30.19905763245037,54.05,-0.169
ST,-2.85,5.29,"Marinaccio, Ron",676760,foul,R,1,2,1.72,0.4,0.21,3.26,3.477836411697371,-115.4332347086532,1.592651207566412,14.659903635797408,21.900394367275037,-29.113414942914247,54.21,0.0
FF,-2.65,5.7,"Marinaccio, Ron",676760,foul,R,1,2,-0.8,1.36,0.12,2.72,8.781950051122406,-134.0719444283598,-4.713729522886701,-11.557317118238611,28.141724842793028,-14.947818122925506,54.18,0.0
CH,-2.68,5.34,"Marinaccio, Ron",676760,foul,R,1,1,-1.27,0.07,1.24,1.8,11.307490314978564,-118.20623093576248,-1.3974680168579288,-14.173858902436482,24.444634248793665,-31.414749757301685,53.79,-0.048
FF,-2.78,5.53,"Marinaccio, Ron",676760,swinging_strike,R,1,0,-0.64,1.33,-0.24,3.35,7.868155693683494,-135.24273737142332,-2.6438009371652584,-9.647832788646276,32.65057780743951,-15.62084731182295,54.41,-0.039
ST,-2.85,5.34,"Marinaccio, Ron",676760,ball,R,0,0,1.44,0.19,-0.46,3.66,2.5028086399791465,-114.1783896607439,2.969240825285814,11.913883046914204,23.808138359380383,-31.38542423163833,54.15,0.027
FF,-2.82,5.48,"Marinaccio, Ron",676760,hit_into_play,L,1,0,-0.9,1.3,0.55,2.74,10.642760846110992,-135.38615236182324,-4.1069222612646215,-13.417898759311798,30.10261433090577,-15.484894174100935,54.02,-0.414
CH,-2.64,5.38,"Marinaccio, Ron",676760,ball,L,0,0,-1.49,0.64,1.46,2.08,12.672138523846035,-122.91937412563117,-2.612286695587749,-17.691036955443657,24.977725245174884,-25.365264940392056,53.67,0.044
ST,-2.91,5.33,"Marinaccio, Ron",676760,hit_into_play,R,1,2,1.33,-0.04,-0.54,2.36,2.700479816224445,-115.63032520185274,0.3318783421237057,11.47595774528276,21.272477249089167,-32.83039671998348,53.81,-0.29
CH,-2.76,5.46,"Marinaccio, Ron",676760,foul,R,1,2,-1.27,0.45,0.66,1.99,10.17612607510968,-118.31009366554228,-2.0172185942195964,-13.895008453142616,23.623409238809103,-27.721237698083478,53.78,0.0
CH,-2.88,5.4,"Marinaccio, Ron",676760,called_strike,R,1,1,-1.4,-0.02,0.28,2.1,9.819251419687111,-118.90562074439087,-0.7763407059669835,-15.216108359439318,24.43714723155245,-32.39788716139798,54.18,-0.078
FF,-2.96,5.37,"Marinaccio, Ron",676760,called_strike,R,1,0,-1.18,1.24,0.53,2.57,11.39264860428731,-133.1213980743297,-3.8646339554190448,-16.522599118959633,28.981082191709277,-16.76820570548365,54.04,-0.075
FF,-2.74,5.54,"Marinaccio, Ron",676760,ball,R,0,0,-0.79,1.53,1.29,4.16,12.011625912367986,-133.91751293514596,-0.949740096459931,-12.229554995518262,30.756292840228745,-13.797672437765732,53.81,0.067
FF,-2.81,5.63,"Marinaccio, Ron",676760,hit_into_play,R,0,0,-0.74,1.24,-0.26,2.95,8.06150832797434,-134.2031359042454,-3.642072279693505,-10.721930296284542,30.55892000692402,-16.565894720257266,54.34,0.41
CH,-2.9,5.31,"Marinaccio, Ron",676760,hit_into_play,L,0,2,-1.28,-0.08,-0.92,1.39,7.151952935288962,-121.42540876163744,-2.3897353767242224,-14.11321377687588,25.37336703667126,-32.64400893354236,53.66,-0.061
CH,-2.84,5.22,"Marinaccio, Ron",676760,called_strike,L,0,1,-1.36,-0.12,-0.21,2.89,8.76016562221115,-120.7013414644586,1.450167156123323,-15.095765924535584,25.30736085490085,-33.89459511318447,53.77,-0.024
CH,-2.78,5.24,"Marinaccio, Ron",676760,swinging_strike,L,0,0,-1.26,-0.13,-0.09,1.24,8.750838102329052,-121.15343698922516,-2.422737819065933,-14.237451965532316,26.45854355705662,-33.15612223595697,53.69,-0.015
CH,-2.85,5.28,"Marinaccio, Ron",676760,hit_into_play,L,1,1,-1.1,-0.16,-0.5,1.71,7.619563399149917,-121.0746781453794,-1.3858317076921316,-12.358004115965386,24.79353154483845,-33.64469494602382,53.78,-0.529
FF,-3.08,5.27,"Marinaccio, Ron",676760,called_strike,L,1,0,-0.75,1.3,-0.66,2.48,7.87346698722959,-135.09701165131554,-4.154359610630461,-10.995719819532331,33.7158627967937,-15.573864057550187,53.96,-0.075
FF,-2.83,5.53,"Marinaccio, Ron",676760,ball,L,0,0,-0.76,1.49,1.06,2.41,11.715196189964484,-135.4628341637832,-5.456288396948192,-12.107886451430645,33.51111557070316,-12.862056357056916,53.93,0.067
FF,-2.81,5.4,"Marinaccio, Ron",676760,ball,L,3,0,-0.86,1.27,-0.19,1.37,8.684484317362271,-135.53366353355173,-7.374297996815934,-12.578972684177211,32.68435186681439,-15.00110095915333,53.78,0.182
FF,-2.82,5.45,"Marinaccio, Ron",676760,ball,L,2,0,-0.89,1.4,-0.08,3.83,9.16061157829854,-136.8420773108807,-1.53816110810991,-13.352171749174444,34.29400563960473,-14.647886702543396,53.83,0.133
FF,-2.85,5.52,"Marinaccio, Ron",676760,ball,L,1,0,-0.86,1.26,-1.0,3.36,6.680698385391356,-135.33690754545873,-2.491080704106596,-12.09748090712931,32.5899879749659,-16.371239706047703,53.94,0.064
CH,-2.98,5.3,"Marinaccio, Ron",676760,ball,L,0,0,-1.18,-0.03,-1.64,1.9,5.396431745737127,-120.10250175978292,-1.137179217086994,-12.519293940167175,24.58629104461549,-32.46716764536994,53.87,0.032
CH,-3.16,5.2,"Marinaccio, Ron",676760,hit_into_play,L,1,1,-1.29,0.48,-0.66,2.6,8.363452610759701,-121.77889007879672,-0.4823448906306752,-14.493103869511884,24.94450186437418,-27.52270305748355,53.95,-0.097
ST,-3.24,5.11,"Marinaccio, Ron",676760,ball,L,0,1,1.14,0.16,-1.11,1.58,2.558082706488163,-116.70064514311464,-1.3611730050713973,9.85609216544467,23.963047158723107,-30.6452515575714,54.05,0.011
FF,-2.96,5.46,"Marinaccio, Ron",676760,called_strike,L,0,0,-1.01,1.19,0.21,2.61,10.345571522844455,-135.02393636979352,-4.113740238783613,-14.666113157888216,30.84708347975676,-16.908612018245066,54.04,-0.015
CH,-3.03,5.27,"Marinaccio, Ron",676760,swinging_strike,L,2,2,-1.55,-0.05,-1.1,1.1,7.387511299928907,-119.13157393614271,-2.691221907560494,-16.193629532321335,25.172174836604928,-32.258914410088984,54.02,-0.142
CH,-3.0,5.23,"Marinaccio, Ron",676760,ball,L,1,2,-1.36,-0.01,0.66,0.83,10.987108734615468,-119.58048976494086,-3.408293644911081,-15.176504359653974,24.10131736213958,-31.781567054644043,53.88,0.026
FF,-3.19,5.6,"Marinaccio, Ron",676760,ball,L,0,2,-0.83,1.21,-1.09,3.54,7.296941045849864,-136.36548871434934,-2.2655421924539114,-11.980245055823469,30.37727007113388,-16.743647758016383,54.04,0.013
CH,-3.24,5.24,"Marinaccio, Ron",676760,foul,L,0,1,-1.36,-0.25,-0.98,1.91,7.833670028832658,-120.6134418800608,-0.5998155415018516,-14.787198501104966,24.673194409893757,-34.72487864173984,53.96,-0.035
ST,-3.23,5.13,"Marinaccio, Ron",676760,called_strike,L,0,0,0.95,0.17,-0.36,1.55,4.652668003384881,-119.30609257473158,-1.8329766186300025,8.033627080578745,24.860751181399827,-30.38899382564228,54.04,-0.024
FF,-2.94,5.58,"Marinaccio, Ron",676760,hit_into_play,L,0,0,-1.32,1.22,0.09,2.42,10.62896329476082,-134.55778567276965,-4.921770848815221,-18.39289379023571,29.26904396129034,-16.449504254303378,54.09,-0.228
ST,-3.03,5.29,"Marinaccio, Ron",676760,hit_into_play,R,1,1,1.14,-0.04,0.39,1.61,5.402008361103012,-116.14506122581273,-1.228294523977421,9.214099507307418,23.184919908364478,-32.56020297124012,53.92,-0.359
FF,-2.71,5.76,"Marinaccio, Ron",676760,ball,R,0,1,-1.01,1.46,1.3,1.99,12.41744419251779,-133.45588077924845,-6.913358699577169,-14.75221877898948,28.607272801342837,-13.271117394082518,53.83,0.031
FF,-2.72,5.72,"Marinaccio, Ron",676760,foul,R,0,0,-0.89,1.5,0.23,2.68,9.595485078610604,-135.14782143754493,-5.348073462901292,-12.899271804326716,27.85338776518592,-12.799562939743184,53.73,-0.042
CH,-2.8,5.3,"Marinaccio, Ron",676760,hit_by_pitch,L,2,1,-1.4,-0.14,2.83,-0.23,15.665872611011922,-119.90914289427803,-5.934727858972476,-16.264504036540234,20.33158218187697,-32.56533730484175,53.64,0.238
CH,-2.94,5.31,"Marinaccio, Ron",676760,ball,L,1,1,-1.31,-0.13,-1.77,3.33,5.113674287717027,-117.5949731967994,2.4486957637361657,-13.079825773908356,19.784782406972997,-34.043178459401055,53.97,0.037
CH,-2.98,5.31,"Marinaccio, Ron",676760,ball,L,0,1,-1.45,-0.1,-1.82,3.97,5.434558250418195,-118.81337450364003,3.7170800416427534,-14.749045351211274,20.50414751819098,-33.98599196076931,53.96,0.017
FF,-2.81,5.64,"Marinaccio, Ron",676760,foul_tip,L,0,0,-0.9,1.26,0.39,3.12,10.369252094792206,-137.55813470661775,-3.7601058769657,-13.553201819343792,27.91557563705886,-15.435476724587968,53.99,-0.024
ST,-3.12,5.23,"Marinaccio, Ron",676760,hit_into_play,R,2,2,1.0,0.18,-0.62,2.71,3.634555507617797,-115.74619642265765,0.8576936145173535,8.428417927206244,20.05234496752969,-30.90653891517365,53.93,-0.198
FF,-2.78,5.69,"Marinaccio, Ron",676760,foul,R,2,1,-0.92,1.3,0.37,3.37,10.26857607733088,-136.8209257312967,-3.1928826807455186,-13.866989567786556,30.146950027807964,-15.30256031241871,53.97,-0.165
ST,-3.11,5.15,"Marinaccio, Ron",676760,swinging_strike,R,2,0,0.94,0.09,0.65,1.92,6.647856829762734,-117.89630057418056,-0.7454816862370728,7.564329893083372,22.11846485755477,-31.42062501817094,53.85,-0.142
ST,-3.01,5.28,"Marinaccio, Ron",676760,ball,R,1,0,0.81,0.24,0.89,2.01,7.295248530107329,-119.05999303431472,-1.2707856316140835,6.300427302099786,23.066676178775623,-29.819806972682677,53.88,0.141
FF,-2.77,5.74,"Marinaccio, Ron",676760,ball,R,0,0,-0.84,1.2,1.04,3.14,11.59308075593148,-134.3191224006363,-3.4309953268257734,-12.704681378344022,29.832244019102102,-17.068142909540754,53.79,0.093
FF,-3.01,5.3,"Marinaccio, Ron",676760,hit_into_play,R,2,0,-1.24,1.15,-0.59,2.75,8.931574918161427,-134.615791973224,-3.212152111043562,-16.993972798689555,29.5430174105244,-17.694420520231446,53.82,0.35
ST,-3.34,5.13,"Marinaccio, Ron",676760,ball,R,1,0,0.67,0.66,-0.87,3.58,4.242138059523767,-117.05731718181364,2.0012832063188064,5.337132259752398,22.073645186290825,-26.71845587537329,53.93,0.045
FF,-2.72,5.61,"Marinaccio, Ron",676760,ball,R,0,0,-0.79,1.6,1.74,3.18,13.161746704435798,-134.44868517543756,-3.894505252128372,-12.411604722847356,28.43019048227953,-12.00520744992193,53.85,0.024
FF,-2.97,5.41,"Marinaccio, Ron",676760,swinging_strike,L,1,2,-1.18,1.25,-1.27,2.74,7.05302120245638,-136.47780348503295,-3.9634023287214255,-16.33651106882987,30.80401520642526,-15.855926636551228,53.95,-0.168
CH,-3.14,5.16,"Marinaccio, Ron",676760,ball,L,0,2,-1.51,-0.07,-1.71,1.81,6.227379209645588,-119.66691685334396,-0.9149763418840982,-15.689612051471698,24.22904625438807,-32.86049911597856,53.8,0.019
CH,-3.12,5.17,"Marinaccio, Ron",676760,foul_tip,L,0,1,-1.55,0.35,-0.38,1.47,9.427984383406086,-121.44865438172263,-2.7523422830863247,-17.237160256029764,24.647445041081586,-28.37910660928248,53.76,-0.047
FF,-3.17,5.23,"Marinaccio, Ron",676760,called_strike,L,0,0,-1.07,1.33,0.32,2.51,11.239758273073315,-133.8854981463698,-3.9847736105789258,-15.365356695442005,29.041731882668277,-15.4753163048662,53.95,-0.032
ST,-3.28,4.99,"Marinaccio, Ron",676760,hit_into_play,R,0,1,1.14,0.71,0.17,3.17,5.464176569497867,-115.6437968140854,1.5444571293069436,8.953316381943841,24.458129301534065,-26.46013314184253,53.79,-0.374
CH,-2.98,5.33,"Marinaccio, Ron",676760,swinging_strike,R,0,0,-1.42,0.2,0.27,1.18,10.102140861897272,-117.81196713483536,-3.016247816411222,-15.178887740359158,23.49019657270297,-29.93301110955076,53.54,-0.073
FF,-2.81,5.49,"Marinaccio, Ron",676760,ball,R,3,2,-0.99,1.44,0.98,3.43,11.95893499971933,-134.97231139902524,-2.625452771839739,-14.713972589240054,30.55815259763584,-14.21173789274949,53.78,0.113
CH,-2.96,5.19,"Marinaccio, Ron",676760,blocked_ball,R,2,2,-1.53,0.17,1.35,0.56,12.643153555067018,-117.06615015241682,-3.929962761773698,-16.54314038931525,23.322154644725803,-29.967330761296832,53.49,0.064
FF,-2.9,5.51,"Marinaccio, Ron",676760,foul,R,2,2,-0.97,1.46,-0.44,3.24,8.49322602586655,-135.5714553664639,-3.3060622995107227,-13.808560532371322,30.09569388979143,-13.613973385194896,53.95,0.0
FF,-2.84,5.58,"Marinaccio, Ron",676760,ball,R,1,2,-0.91,1.54,0.52,3.59,10.741398758819836,-136.06426007835043,-2.800024080991105,-13.70398093681533,30.41782033217803,-12.68213037350639,53.92,0.048
FF,-2.76,5.56,"Marinaccio, Ron",676760,ball,R,0,2,-0.73,1.38,0.75,2.7,10.752406882907628,-136.69649502774774,-4.766125730105893,-11.486501296673614,30.25193951342717,-14.006358996933768,53.91,0.022
CH,-3.0,5.19,"Marinaccio, Ron",676760,foul_tip,R,0,1,-1.7,0.15,-0.5,1.91,8.961000628438565,-118.2014668400948,-0.9706236584116736,-17.69488372097823,24.50417854521461,-30.768265059812013,53.65,-0.077
FF,-2.94,5.52,"Marinaccio, Ron",676760,called_strike,R,0,0,-0.8,1.51,0.25,2.18,9.891495755128378,-133.77697172296578,-5.941531525094058,-11.7658361769837,29.77225145732248,-12.911132262501413,53.84,-0.048
FF,-3.06,5.37,"Marinaccio, Ron",676760,hit_into_play,L,3,2,-1.25,1.36,-1.69,2.42,6.325631323936985,-135.76190198070478,-4.781240730743186,-16.88256556810347,32.545010787883115,-14.528008954148252,53.96,-0.44
FF,-2.91,5.34,"Marinaccio, Ron",676760,called_strike,L,3,1,-1.1,1.31,-0.08,1.56,9.665172047913227,-134.58162588759106,-6.7019418084553966,-15.527067868588055,31.57844177816469,-14.96775666913901,53.9,-0.103
CH,-3.06,5.23,"Marinaccio, Ron",676760,ball,L,2,1,-1.43,0.25,-2.08,3.01,5.020674596132054,-119.07213945429012,1.1691598799556524,-14.533317227792192,25.232382340449732,-30.31938273874664,53.84,0.127
CH,-3.06,5.22,"Marinaccio, Ron",676760,called_strike,L,2,0,-1.54,0.18,-0.74,3.04,8.254206459099034,-118.51838108892971,1.4282656859866425,-16.169484755469412,24.41711516088372,-31.01222964958971,53.77,-0.064
FF,-3.14,5.33,"Marinaccio, Ron",676760,ball,L,1,0,-1.17,1.25,-1.62,3.1,6.429182978377661,-133.8657259260948,-2.5057510869927992,-15.490353969667336,31.705337591642262,-16.863392693787464,53.98,0.066
FF,-3.25,5.47,"Marinaccio, Ron",676760,ball,L,0,0,-0.87,1.51,-1.31,3.4,6.923792612233633,-135.3721405140371,-2.8189263639535413,-12.27895320218626,32.36442130756923,-13.245661897649883,53.99,0.044
CH,-3.28,5.19,"Marinaccio, Ron",676760,hit_into_play,L,1,2,-1.54,-0.07,-1.16,2.85,7.7968539814522035,-119.02918294256978,1.478950873269819,-16.130298944682043,24.91459293471435,-33.357636192695495,53.79,-0.29
FF,-3.06,5.54,"Marinaccio, Ron",676760,ball,L,0,2,-1.0,1.49,-0.99,4.65,7.482392329892819,-134.609772342767,0.3331585020607568,-13.793632768214518,31.71839822947361,-14.463673025254028,54.06,0.053
FF,-3.26,5.45,"Marinaccio, Ron",676760,foul,L,0,1,-1.04,1.38,-0.07,2.45,10.485624759381128,-134.97060591352002,-4.878263885603232,-15.170301331636626,32.079225374691646,-14.42921538557194,53.9,-0.075
FF,-3.14,5.42,"Marinaccio, Ron",676760,called_strike,L,0,0,-1.24,1.32,-0.29,2.75,10.004815879605614,-134.43893397553606,-3.8206080344629294,-17.326026261654942,33.03852080629938,-15.599069925152463,53.92,-0.064
FF,-2.94,5.43,"Marinaccio, Ron",676760,hit_into_play,L,3,2,-0.89,1.38,-0.08,2.42,9.380757350613235,-136.04515587897964,-5.051665411362011,-13.142141266077331,30.535374779164528,-14.149390438902454,54.0,-0.297
FF,-3.08,5.1,"Marinaccio, Ron",676760,foul,L,3,1,-1.16,1.08,-0.59,2.31,8.886437612353049,-134.10735593746665,-3.609177779997111,-15.96912386353549,29.378437191513644,-18.51003413753934,53.98,-0.078
FF,-3.13,5.13,"Marinaccio, Ron",676760,ball,L,2,1,-0.88,1.18,-1.04,3.73,7.250640619547159,-133.44279011906283,-0.1967095846651845,-12.165650649205547,29.88961841173464,-18.357858996242143,53.95,0.108
CH,-2.95,5.14,"Marinaccio, Ron",676760,ball,L,1,1,-1.58,0.14,-1.52,2.35,6.341977092957162,-119.43080985540378,0.0112217761318376,-16.384326391553582,23.921568838340853,-31.103786249191334,53.87,0.05
FF,-3.21,5.13,"Marinaccio, Ron",676760,called_strike,L,1,0,-1.04,1.18,-0.86,2.2,8.19720536582101,-133.53391561706175,-4.101793725818914,-14.25074868405034,29.414719421347947,-17.346694430732498,54.09,-0.044
CH,-3.09,5.12,"Marinaccio, Ron",676760,ball,L,0,0,-1.33,0.02,-1.41,1.86,6.33536572548107,-117.86262083989536,-0.6432000468345397,-13.571479206488815,23.008392963962176,-32.09344418260639,53.77,0.032
CH,-2.8,5.24,"Marinaccio, Ron",676760,swinging_strike,R,2,2,-1.53,0.52,0.66,1.1,10.821479521748373,-118.48947996441812,-3.733602784238391,-16.510571723778998,22.62894064068743,-26.69330615435828,53.73,-0.088
ST,-3.08,4.88,"Marinaccio, Ron",676760,ball,R,1,2,1.14,0.33,1.27,0.93,7.469433802353293,-115.92671738502534,-2.510574923215307,8.745731766869632,23.036075021789014,-28.93545991343054,53.77,0.018
FF,-2.95,5.21,"Marinaccio, Ron",676760,called_strike,R,1,1,-1.21,1.25,-0.6,1.64,8.771475105515398,-135.8647891042675,-6.215487114053723,-16.988189811202716,30.34006563365402,-15.49688568536152,53.8,-0.026
ST,-3.24,4.99,"Marinaccio, Ron",676760,swinging_strike,R,1,0,1.28,0.45,-0.45,3.82,3.679372011683312,-113.75449533369378,3.5695845384991305,10.393171283596557,21.477907226976573,-29.2118549680322,53.89,-0.019
ST,-3.06,5.14,"Marinaccio, Ron",676760,ball,R,0,0,1.1,0.06,1.55,2.13,8.232409679796142,-117.53208429608117,-0.1018372519874943,8.467087154047258,23.873876335410184,-31.866272478401203,53.72,0.016
CH,-2.88,5.24,"Marinaccio, Ron",676760,hit_into_play,R,1,1,-1.48,0.47,-0.95,2.13,7.238149771740181,-117.74619697172476,-1.1605219387636505,-15.211408255826283,23.750262297980665,-27.804857566608984,53.65,-0.126
FF,-2.76,5.52,"Marinaccio, Ron",676760,ball,R,0,1,-0.91,1.41,1.56,2.19,13.157317409579464,-134.96227239809838,-5.818005218037627,-14.238491270899376,32.235918845242324,-13.842572127371575,53.77,0.05
ST,-3.11,5.02,"Marinaccio, Ron",676760,called_strike,R,0,0,0.98,0.31,-0.44,2.1,4.063642865600986,-116.9070027666958,-0.3257063221471187,8.17350234526833,23.35437446611034,-29.509901526176616,53.83,-0.071
FF,-3.01,5.2,"Marinaccio, Ron",676760,hit_into_play,L,0,0,-1.09,1.09,-0.14,2.67,9.843605327129035,-135.60867471763157,-3.1019099206011216,-15.794949686269868,33.219581876487325,-18.272170126031888,53.96,-0.274
FF,-2.8,5.9,"Marinaccio, Ron",676760,hit_into_play,R,1,2,-1.07,1.37,-0.98,3.22,7.035637223432278,-135.61653778513806,-4.112014622368684,-14.76998409962925,30.83374437490699,-14.589110674344417,54.03,-0.29
ST,-3.05,5.26,"Marinaccio, Ron",676760,foul,R,1,2,1.26,0.49,-0.12,2.45,4.14589642950796,-118.0854741916566,-0.5149607980524564,10.76383174092245,25.31340317264236,-27.806256898975217,54.2,0.0
FF,-2.68,5.73,"Marinaccio, Ron",676760,foul,R,1,2,-0.85,1.5,0.26,3.68,9.516387503711035,-135.41848209362402,-2.743583707442689,-12.583302532159886,31.9681659482245,-13.41873607886098,53.65,0.0
CH,-3.15,5.34,"Marinaccio, Ron",676760,foul,R,1,1,-1.25,0.25,0.53,2.4,10.68712512018009,-118.36578313343236,-0.3939886783670616,-13.899101152224436,24.882807421804305,-30.00787820355272,54.02,-0.078
FF,-2.87,5.67,"Marinaccio, Ron",676760,ball,R,0,1,-0.91,1.29,1.49,1.57,13.09905698970147,-133.30232810120307,-7.363976131495856,-13.619431467989068,28.13155883317291,-15.303922001603611,53.65,0.057
FF,-2.95,5.57,"Marinaccio, Ron",676760,called_strike,R,0,0,-0.73,1.36,0.93,1.87,11.451322894333863,-132.57240660271808,-6.388129081048722,-11.06237922540447,28.519164245554784,-14.83332345441943,53.58,-0.064
CH,-3.1,5.24,"Marinaccio, Ron",676760,blocked_ball,L,3,1,-1.29,0.08,-0.05,0.6,9.628124227126522,-121.09928836429113,-4.288149514524061,-14.767425379278803,27.772698111735053,-30.610121345402494,53.81,0.265
CH,-3.09,5.25,"Marinaccio, Ron",676760,ball,L,2,1,-1.08,0.06,0.78,1.99,10.994503348169795,-120.42481310884824,-0.9956590164464202,-12.724195368940888,25.536391983014603,-31.658072062449293,53.84,0.108
FF,-3.1,5.37,"Marinaccio, Ron",676760,called_strike,L,2,0,-0.76,1.2,0.16,3.27,10.08666839111978,-134.85961100855613,-2.1298665553265863,-11.718618315677984,33.788953433448604,-17.35853136987717,53.84,-0.057
CH,-3.15,5.32,"Marinaccio, Ron",676760,ball,L,1,0,-1.31,0.51,1.04,1.02,12.181270891548992,-120.47404660890103,-4.2578805322139885,-15.303620554195,26.561558494659856,-26.52441588130324,53.92,0.064
FF,-3.23,5.59,"Marinaccio, Ron",676760,ball,L,0,0,-1.12,1.36,-1.93,2.85,5.779157108205079,-134.2254110093696,-3.992408040598839,-14.799574113734058,36.53900375015788,-15.180579779526044,53.97,0.032
CH,-2.8,5.4,"Marinaccio, Ron",676760,hit_into_play,R,3,1,-1.45,-0.12,0.49,2.01,10.203045611330417,-117.5923289045906,-0.6220601746322078,-15.457174625054463,24.013196420500464,-33.34994031450907,53.69,-0.4
CH,-2.8,5.41,"Marinaccio, Ron",676760,ball,R,2,1,-1.31,0.07,0.72,1.29,10.480385512734069,-117.32568572483486,-2.582598493327798,-14.250079136964608,25.02082035864414,-31.213984420199356,53.46,0.046
CH,-2.81,5.5,"Marinaccio, Ron",676760,ball,R,1,1,-1.31,-0.24,-0.26,3.88,8.217994601807945,-117.03332649543384,3.6694075356070464,-13.597422105513449,23.820692699254245,-35.37458616535546,53.63,0.044
CH,-2.88,5.41,"Marinaccio, Ron",676760,ball,R,0,1,-1.3,0.02,-0.88,3.92,6.883012237688828,-116.0497109882444,3.482627140526551,-13.07221764809218,23.231164208905174,-32.940667558854095,53.97,0.02
FF,-2.73,5.73,"Marinaccio, Ron",676760,foul,R,0,0,-0.94,1.53,0.42,2.53,10.19331828304856,-135.7309138827697,-5.773705531321158,-14.082194431384146,34.85728912346923,-12.159898012760053,54.15,-0.042
CH,-2.96,5.28,"Marinaccio, Ron",676760,swinging_strike,L,2,2,-1.31,0.24,-0.2,2.89,8.71060350179183,-117.33585938357687,0.9771474912809506,-13.837816569848387,24.42959134558305,-30.402453678984603,53.7,-0.268
FF,-2.71,5.79,"Marinaccio, Ron",676760,ball,L,1,2,-0.85,1.44,-0.78,3.68,6.92072800899388,-136.6188276188635,-2.8581274023144783,-12.240752391564504,35.14004712613919,-13.82067385366062,53.85,0.054
CH,-3.05,5.41,"Marinaccio, Ron",676760,foul,L,1,2,-1.3,0.45,-1.2,1.81,6.726861671633551,-118.45341034209213,-2.373418345530812,-13.543235003025844,21.52362795361692,-27.70843722228941,53.71,0.0
CH,-2.97,5.28,"Marinaccio, Ron",676760,swinging_strike,L,1,1,-1.31,0.15,-0.66,1.86,7.817392923449991,-119.20016918559334,-1.5036869028624609,-13.95047375797867,21.77424066491776,-30.636368630420947,53.72,-0.07
FF,-2.92,5.68,"Marinaccio, Ron",676760,ball,L,0,1,-0.98,1.39,-1.12,2.42,6.85009813181458,-135.6382624046197,-5.67272775933082,-13.700197901611784,31.84574799579525,-13.948298919291716,53.85,0.031
FF,-3.0,5.71,"Marinaccio, Ron",676760,called_strike,L,0,0,-1.29,1.41,-0.02,2.38,10.385891010121268,-133.58119942360088,-5.644163187365527,-17.702085130510042,30.34027699833262,-14.2061153478262,53.88,-0.042
FF,-2.78,5.63,"Marinaccio, Ron",676760,foul_tip,L,2,2,-1.04,1.33,-0.23,3.03,8.94421924653794,-136.5497745581643,-3.9442517973100695,-15.046314908492668,30.5269583004942,-14.87401468486425,53.92,-0.284
CH,-2.75,5.19,"Marinaccio, Ron",676760,foul,L,2,1,-1.48,0.3,0.31,1.85,10.070411531857784,-121.66650269987186,-1.8651090732598063,-16.70312654593722,25.31332799725774,-28.990401461663293,53.67,-0.071
FF,-2.75,5.6,"Marinaccio, Ron",676760,ball,L,1,1,-0.87,1.31,-1.08,3.4,6.333255126370545,-137.4149646241411,-2.9330234412188463,-12.5476063271233,33.59688509611832,-15.217924548610547,53.99,0.044
FF,-2.74,5.61,"Marinaccio, Ron",676760,ball,L,0,1,-0.96,1.39,0.37,4.08,10.18627435725704,-136.2281431454897,-1.250720953178658,-14.342179108645391,32.285320267398575,-14.871257976926826,53.94,0.02
CH,-2.86,5.3,"Marinaccio, Ron",676760,foul,L,0,0,-1.42,-0.15,-0.36,2.48,8.398539916014316,-118.16004630796114,0.6747070806446658,-15.005618130384113,24.84660931826122,-33.930182913528434,53.68,-0.048
CH,-2.84,5.28,"Marinaccio, Ron",676760,swinging_strike,L,2,2,-1.45,-0.31,0.41,1.82,10.345104671920854,-120.38346046828012,-0.7661881823971419,-16.159209717364135,24.66607698664329,-35.204989766926985,53.67,-0.278
CH,-2.91,5.23,"Marinaccio, Ron",676760,ball,L,1,2,-1.84,0.21,-0.76,1.09,8.672392249840152,-121.87711622303904,-3.539294296278073,-20.037550629892237,25.739163271559946,-29.506885685615973,53.72,0.034
FF,-2.66,5.57,"Marinaccio, Ron",676760,called_strike,L,1,1,-1.03,1.51,0.36,3.11,10.208707198703612,-136.73319543770378,-4.016427676794882,-15.17554673105255,31.056534782914976,-12.513840843240718,53.76,-0.075
FF,-2.91,5.6,"Marinaccio, Ron",676760,foul,L,1,0,-1.21,1.15,-0.7,3.03,8.350773809433727,-134.81704479389052,-3.3032021337625728,-16.499346415132916,28.45823050310965,-17.656236471361897,53.86,-0.062
CH,-2.94,5.23,"Marinaccio, Ron",676760,ball,L,0,0,-1.55,-0.11,-1.8,2.91,5.595840856513775,-119.35334436346866,1.546740373281707,-15.912999570266694,23.06529803934233,-33.80036802298245,53.87,0.036
FF,-2.85,5.6,"Marinaccio, Ron",676760,hit_into_play,R,0,0,-1.22,1.28,-0.18,1.97,9.34515780779224,-131.67865720257498,-5.894502618528263,-16.22367875388319,28.679915093859236,-16.132812453074333,53.82,-0.015
ST,-2.97,5.06,"Marinaccio, Ron",676760,hit_into_play,R,1,1,1.16,0.11,0.06,2.11,4.518224485389152,-117.31158217421492,-0.0673446952641652,9.7915756466208,23.348917007519315,-31.407613848572858,54.14,-0.31
FF,-2.71,5.42,"Marinaccio, Ron",676760,ball,R,0,1,-0.87,1.33,0.86,3.99,11.224996818144753,-136.99974405756362,-0.9601744296338368,-13.405357509422332,30.796015508740755,-15.384335245189597,54.03,0.02
ST,-2.92,5.13,"Marinaccio, Ron",676760,foul,R,0,0,0.8,0.7,0.65,2.07,6.61468230063983,-118.3411929121518,-1.5873957434634018,6.168698279228905,24.14560690665804,-25.523401545440084,52.98,-0.048
CH,-2.7,5.1,"Marinaccio, Ron",676760,swinging_strike,R,2,2,-1.36,0.2,1.92,1.75,13.300759232091616,-118.9948608234863,-1.3250103293000128,-15.58141366014718,24.91275732266339,-30.224580846454977,53.12,-0.278
CH,-2.72,5.21,"Marinaccio, Ron",676760,ball,R,1,2,-1.44,0.16,2.13,0.95,14.095587051619198,-121.02959915957445,-3.6232213285099113,-17.05962251776565,25.20946308516378,-29.982312225740383,53.69,0.034
ST,-2.98,4.83,"Marinaccio, Ron",676760,ball,R,0,2,1.32,-0.19,2.04,0.68,8.631090494553296,-115.8574447481686,-1.934204914851644,10.000593295007654,24.27772993768135,-33.710390143353244,53.53,0.02
ST,-3.25,5.16,"Marinaccio, Ron",676760,foul,R,0,1,1.25,-0.12,-0.35,2.72,3.887435305822166,-112.29188016837288,2.160972531641163,9.476438763333446,25.343054361368683,-33.93414708625369,54.24,-0.059
FF,-2.81,5.46,"Marinaccio, Ron",676760,called_strike,R,0,0,-1.13,1.5,-0.37,2.15,8.7783517130404,-134.9214236544897,-5.895771580862444,-15.799126260524556,33.930607907452334,-12.822984353522028,53.75,-0.042
ST,-2.93,5.19,"Marinaccio, Ron",676760,ball,R,3,2,0.9,0.53,0.48,1.25,5.976413681006104,-118.7704318583191,-3.2078596062527063,7.076037559459687,27.029608019460905,-26.71165565995373,53.7,0.219
ST,-2.99,4.96,"Marinaccio, Ron",676760,ball,R,2,2,1.35,0.33,-1.18,2.25,1.4181635631095904,-114.63179725544644,0.4300450975699526,11.475435882742453,24.6395020681302,-29.64050284930672,53.61,0.069
CH,-2.81,5.22,"Marinaccio, Ron",676760,called_strike,R,2,1,-1.4,0.3,0.4,1.61,10.132923904744072,-119.7394250526281,-2.166102905750996,-15.508553123647696,26.22609691900488,-29.095557822147345,53.54,-0.051
FF,-2.78,5.51,"Marinaccio, Ron",676760,ball,R,1,1,-0.9,1.38,0.96,2.46,11.693911937104035,-136.3269501016794,-5.185260967439007,-14.027519605237089,33.21490971358319,-13.96410095724099,54.0,0.037
CH,-2.78,5.25,"Marinaccio, Ron",676760,ball,R,0,1,-1.44,0.3,-0.68,1.39,7.685469802736914,-120.3568248342274,-2.84508260056905,-15.578480399461696,26.21197786686885,-28.873129300143,53.63,0.017
ST,-3.06,5.09,"Marinaccio, Ron",676760,called_strike,R,0,0,1.23,0.28,0.72,1.78,6.177768437004746,-117.9982391094605,-1.232772191798049,10.0226246959475,25.433618948318603,-29.553504643981007,53.51,-0.024
FF,-2.81,5.47,"Marinaccio, Ron",676760,hit_into_play,L,0,1,-0.94,1.39,-0.71,1.69,7.455223183681158,-134.65655556845013,-6.8733527784295605,-13.058458403239015,30.97968909610174,-13.970728525867369,53.83,-0.196
ST,-3.21,4.99,"Marinaccio, Ron",676760,called_strike,L,0,0,1.03,0.2,-0.75,2.34,3.526704619020251,-117.00759561658214,0.4530588305378253,8.769994677905114,22.830014418891903,-30.638459462579757,53.7,-0.032
FF,-2.68,5.53,"Marinaccio, Ron",676760,hit_into_play,R,0,1,-0.87,1.4,0.23,1.75,9.473744451657897,-135.92303140616852,-7.080072411990349,-13.033692561989143,32.869466168995615,-13.34055232480528,53.93,-0.328
FF,-2.81,5.52,"Marinaccio, Ron",676760,called_strike,R,0,0,-0.93,1.28,0.06,2.88,9.500524357348391,-136.10128935909052,-3.853665930640124,-13.790228706637944,33.93345500818115,-15.68853009521595,53.94,-0.042
FF,-2.79,5.46,"Marinaccio, Ron",676760,hit_into_play,L,0,0,-0.68,1.45,-0.2,2.22,8.258069046888691,-136.67130039548806,-5.872423093831265,-10.46886984310254,32.78747360065555,-12.944281346970532,53.94,-0.376
CH,-2.93,5.28,"Marinaccio, Ron",676760,hit_into_play,R,1,2,-1.26,0.0,-0.88,1.77,7.114275208171708,-118.196945114847,-1.1453427740416626,-13.262415886465805,25.36903009664779,-32.21084687135129,53.52,0.47
FF,-2.79,5.66,"Marinaccio, Ron",676760,ball,R,0,2,-0.8,1.5,1.11,3.02,11.6841826772651,-134.81556366401776,-4.180680214090163,-12.395341086275767,31.822189166532976,-13.20456788853154,54.24,0.019
ST,-3.13,5.03,"Marinaccio, Ron",676760,called_strike,R,0,1,1.42,0.48,-0.61,2.47,2.8977509927128926,-116.31576245426196,0.2771374144389293,12.129047294842623,25.49502363801293,-28.154117088257387,53.47,-0.047
FF,-2.89,5.28,"Marinaccio, Ron",676760,called_strike,R,0,0,-0.88,1.53,0.63,1.79,11.0295870680376,-135.31985709222394,-6.559922220215175,-13.31855164362527,30.80204842701484,-12.109584654826437,53.79,-0.032
FF,-2.9,5.63,"Marinaccio, Ron",676760,hit_into_play,L,1,2,-0.69,1.47,0.24,3.05,9.597068132057634,-135.00410385685535,-4.022408519031223,-10.543724313573128,30.44968078041854,-13.470295111803129,53.88,-0.071
CH,-3.06,5.16,"Marinaccio, Ron",676760,ball,L,0,2,-1.45,0.24,-0.8,0.88,7.9614708449759455,-119.17912285119384,-3.58160451654003,-15.35370329459918,23.353972333833365,-29.408231745596822,53.73,0.009
CH,-2.96,5.13,"Marinaccio, Ron",676760,foul,L,0,1,-1.43,0.02,-0.45,2.41,8.400775804723013,-117.78092493120204,0.548909425239384,-14.870157870296502,22.47936420169325,-32.35474329009895,53.71,-0.024
FF,-2.97,5.41,"Marinaccio, Ron",676760,called_strike,L,0,0,-1.26,1.22,-1.05,1.66,7.642318606795843,-133.51477503867673,-6.350404715325304,-16.69181261398327,28.04432554948779,-16.32595173363452,53.88,-0.015
FF,-2.73,5.62,"Marinaccio, Ron",676760,swinging_strike,R,1,2,-0.99,1.44,-0.58,2.64,7.735298004340846,-135.26645730177646,-5.064940707207874,-13.864334248035988,28.81670371511732,-13.514034216302884,53.98,-0.116
ST,-3.08,5.25,"Marinaccio, Ron",676760,foul,R,1,1,1.0,0.45,-0.43,2.86,4.01785877952826,-117.36849065989004,0.5117899819958154,8.478098005023506,22.651276407297072,-28.33674956482508,53.9,-0.04
FF,-3.02,5.23,"Marinaccio, Ron",676760,ball,R,0,1,-1.13,1.41,1.23,2.14,13.17848454112602,-132.04176673647444,-4.910750590305448,-15.98338610728572,26.697162331338752,-14.67866699628048,53.73,0.017
FF,-2.9,5.39,"Marinaccio, Ron",676760,called_strike,R,0,0,-1.23,1.23,0.21,2.23,10.449752455280043,-131.60533800581592,-4.5887101929823855,-16.52168062051998,28.060313931309853,-17.053023996220276,53.79,-0.024
CH,-2.93,5.34,"Marinaccio, Ron",676760,hit_into_play,L,0,0,-1.46,0.23,-0.18,2.27,8.876462554071647,-116.65209457203522,-0.4741136880949368,-15.008677874617876,23.63588058390001,-30.20603548904357,53.84,1.0
FF,-3.09,5.23,"Marinaccio, Ron",676760,hit_into_play,L,0,0,-1.2,1.16,-0.54,2.73,8.926709671211986,-131.491439569784,-2.7577653156132724,-15.816929681850606,28.130531328478988,-18.349904702066983,54.02,-0.228
