pitch_type,release_pos_x,release_pos_z,player_name,pitcher,description,stand,balls,strikes,pfx_x,pfx_z,plate_x,plate_z,vx0,vy0,vz0,ax,ay,az,release_pos_y,delta_run_exp
FC,0.32,6.01,"Misiewicz, Anthony",664948,hit_into_play,R,3,2,0.0,0.75,0.02,2.37,-0.7446388558712813,-132.36275681609837,-4.826621679395655,0.1863698647901318,28.239116008835637,-22.5590242833058,54.29,-0.994
FC,0.17,6.17,"Misiewicz, Anthony",664948,swinging_strike,R,3,1,0.01,0.77,-0.54,2.72,-1.8200605161469388,-132.50489637170273,-4.4490680979656565,0.4977931951602578,26.290427708050004,-22.37020319997121,54.2,-0.203
CU,0.18,6.13,"Misiewicz, Anthony",664948,blocked_ball,R,2,1,-0.08,-1.24,-0.67,0.4,-1.7227697218681963,-115.9212684605742,-3.4411303612950848,-0.3216511279973402,23.58145382844042,-42.82757035393607,54.34,0.36
FF,0.13,6.1,"Misiewicz, Anthony",664948,ball,R,1,1,0.52,1.45,0.24,3.52,-0.8701222788096228,-136.6218938711872,-4.157277608871202,6.761875665954835,29.34057408584526,-13.329295723323968,54.37,0.119
FC,0.51,6.16,"Misiewicz, Anthony",664948,ball,R,0,1,-0.41,0.32,1.44,3.35,3.0461123783604167,-127.08487198486014,-1.31489263612275,-4.992610811832838,23.10198905619937,-28.652831960907303,54.67,0.052
FF,0.18,6.16,"Misiewicz, Anthony",664948,called_strike,R,0,0,0.41,1.27,0.63,2.17,0.2763770343665982,-136.94090150674631,-7.443650889487746,5.1559814667062485,28.27128341664627,-14.83635229578478,54.48,-0.099
CU,0.28,6.1,"Misiewicz, Anthony",664948,swinging_strike,R,1,2,-0.37,-0.94,1.26,1.26,2.802137179451816,-114.60404950477016,-1.918603715648496,-3.783496807220355,21.79058026666641,-40.305628166863485,54.4,-0.478
CU,0.19,6.04,"Misiewicz, Anthony",664948,foul,R,1,2,-0.32,-1.31,-0.07,1.11,0.0361577527431795,-114.52212843506472,-1.363887590777313,-2.82753993062695,23.13915814263172,-43.554628579113846,54.3,0.0
CU,0.34,6.16,"Misiewicz, Anthony",664948,swinging_strike,R,1,1,-0.32,-1.06,0.42,0.94,0.7641533598286703,-114.27852805877656,-2.4565228156908754,-2.953213837561378,22.28714378432983,-41.1908013952279,54.45,-0.209
FC,0.42,6.1,"Misiewicz, Anthony",664948,ball,R,0,1,-0.57,0.62,1.56,1.53,4.004554365582373,-130.2264642542488,-6.535601671463664,-7.331617730472819,26.981281511380285,-24.009119361778644,54.39,0.047
CU,0.33,6.19,"Misiewicz, Anthony",664948,called_strike,R,0,0,-0.14,-1.3,0.63,1.53,0.8929133610756533,-113.3402494970567,-0.6515520951129361,-1.3384630116311595,23.067867283629127,-43.3749546127999,54.49,-0.121
CU,0.19,6.18,"Misiewicz, Anthony",664948,hit_into_play,R,1,1,-0.26,-1.05,-0.11,2.15,-0.1517162593931499,-113.01057419984832,0.2090381310738658,-2.2214993180918587,20.664529107982545,-41.43208961996236,54.32,0.957
CU,0.34,6.24,"Misiewicz, Anthony",664948,ball,R,0,1,-0.42,-1.28,1.45,2.46,3.072263392669277,-111.68283433851276,1.3268732317486118,-4.049156810032734,20.911843889885013,-43.32755131462481,54.57,0.028
FC,0.24,6.29,"Misiewicz, Anthony",664948,called_strike,R,0,0,-0.14,0.84,-0.19,2.21,-0.7605281592059202,-129.56129935223024,-5.788695512882141,-1.445493199211295,24.72378313931461,-21.69372438080398,54.23,-0.083
FC,0.36,6.21,"Misiewicz, Anthony",664948,ball,R,3,1,-0.1,0.79,1.15,3.6,2.148521233180765,-129.35395781097395,-2.0634937099539865,-1.4890928747063104,23.25685803668451,-23.001901562157844,54.43,0.209
FC,0.15,6.25,"Misiewicz, Anthony",664948,called_strike,R,3,0,-0.32,0.68,0.22,3.32,0.8428256868915868,-130.78196176277848,-2.7713602911331723,-3.881653584756829,25.159830842996147,-24.020251142853,54.32,-0.065
FC,0.31,6.13,"Misiewicz, Anthony",664948,ball,R,2,0,-0.31,0.65,1.02,4.26,2.350697708912951,-128.52051124453968,0.1004373768078931,-3.8642268158929127,23.37238923265883,-25.13349558000291,54.23,0.128
FC,0.22,6.08,"Misiewicz, Anthony",664948,ball,R,1,0,-0.61,0.33,-1.12,3.39,-2.005310797852727,-129.42319180621416,-1.257530476807227,-6.504855540264825,26.14603458276727,-28.395965295549377,54.2,0.066
CU,0.37,6.21,"Misiewicz, Anthony",664948,ball,R,0,0,-0.29,-0.77,0.81,4.33,1.4645912640540335,-112.3724466114072,4.342021566802789,-2.717538678341462,21.243317503128218,-39.6890399635693,54.7,0.044
FC,0.32,6.1,"Misiewicz, Anthony",664948,hit_into_play,L,1,0,-0.04,0.65,0.58,2.57,0.7398465220086569,-131.75904128456222,-4.288347085548855,-0.6570955190636003,26.59776359680917,-23.9062604490366,54.34,-0.443
FC,0.27,6.12,"Misiewicz, Anthony",664948,ball,L,0,0,-0.1,0.3,-1.98,3.13,-5.256913082025672,-128.55603585911578,-1.8028561428481087,-0.0186562105430847,27.41768363409877,-28.723795160016973,54.21,0.067
FC,0.23,6.17,"Misiewicz, Anthony",664948,hit_into_play,R,3,2,-0.34,0.33,0.03,3.15,0.2262262359939973,-129.53330772299344,-2.095607424350804,-3.866328415726807,25.47375736751958,-28.2058051086485,54.34,0.341
FC,0.4,6.05,"Misiewicz, Anthony",664948,foul,R,3,2,-0.32,0.43,0.72,1.99,1.4479742237161668,-128.5011381297364,-4.664011160912,-3.8007433754063182,27.503590643137205,-26.59013034510188,54.28,0.0
CU,0.21,6.27,"Misiewicz, Anthony",664948,ball,R,2,2,-0.32,-1.08,0.87,4.07,1.9572717348650857,-112.0718126990818,4.290998924345631,-3.0781376808910927,22.344322535875943,-42.30832993735456,54.62,0.093
CU,0.14,6.23,"Misiewicz, Anthony",664948,foul,R,2,2,-0.37,-1.19,-0.32,2.98,-0.3059637437451846,-114.40444846305844,1.992694969970733,-3.1820349019992253,21.89394272603406,-43.17042934917555,54.62,0.0
FC,0.31,6.17,"Misiewicz, Anthony",664948,foul,R,2,2,-0.62,0.68,-0.4,3.55,-0.443171566140374,-129.82244552030957,-1.8065959339063624,-6.919945572257866,28.72035589623436,-24.363386523037185,54.41,0.0
FC,0.25,6.28,"Misiewicz, Anthony",664948,ball,R,1,2,-0.7,0.2,-0.53,4.66,-0.4469058533633729,-126.541051434549,1.935376730304754,-7.334582627609458,27.919408770957336,-30.71518274505846,54.42,0.036
CU,0.63,6.07,"Misiewicz, Anthony",664948,ball,R,0,2,-0.32,-1.33,0.97,0.64,1.2897643992707424,-111.26514899559216,-1.9348473838897904,-2.908941684056217,22.14544415695346,-42.98414465426102,54.57,0.019
CU,0.59,6.24,"Misiewicz, Anthony",664948,swinging_strike,R,0,1,-0.32,-1.3,0.67,1.58,0.7633311854585648,-113.39516796746832,-0.6847402733728093,-2.9361653234778453,22.699333625479674,-43.42897473438671,54.7,-0.047
FC,0.44,6.33,"Misiewicz, Anthony",664948,foul_tip,R,0,0,-0.41,0.45,0.23,3.52,0.3386479488961322,-126.46780035318464,-1.4390544793242754,-4.41336557712282,26.38452244104313,-27.260132120698938,54.47,-0.032
