pitch_type,release_pos_x,release_pos_z,player_name,pitcher,description,stand,balls,strikes,pfx_x,pfx_z,plate_x,plate_z,vx0,vy0,vz0,ax,ay,az,release_pos_y,delta_run_exp
FF,-1.24,6.25,"Poteet, Cody",547001,ball,L,3,2,-0.13,1.01,1.22,3.55,6.490248609280251,-134.10421010762087,-3.293533218263802,-2.732636880310145,24.422685960707497,-19.416233404839023,54.5,0.231
CH,-1.88,5.89,"Poteet, Cody",547001,foul,L,3,1,-1.07,0.18,-0.51,1.64,5.281744392744169,-124.54089728888778,-4.149549887922792,-12.1719982648916,22.143736306959465,-29.677407628761586,55.2,-0.097
CU,-1.42,6.12,"Poteet, Cody",547001,ball,L,2,1,0.89,-0.72,0.35,1.15,2.2037123640775143,-115.70243777182222,-2.774331030167472,7.552735144199389,21.461827347960504,-38.36157492747257,54.73,0.107
FF,-1.28,6.3,"Poteet, Cody",547001,ball,L,1,1,-0.25,0.96,0.77,4.18,5.742085594667003,-135.11958793222755,-1.8184805399504704,-4.0863281591695415,23.73836886869608,-20.13763159727157,54.62,0.064
CU,-1.54,6.22,"Poteet, Cody",547001,called_strike,L,1,0,0.94,-0.85,0.28,3.17,2.19107213834426,-114.24598387404724,1.710199107311915,7.938795238382202,18.973533409400428,-40.1094722411646,54.81,-0.062
CH,-1.78,5.83,"Poteet, Cody",547001,ball,L,0,0,-0.83,0.13,-0.85,1.68,3.707953126074376,-121.82082965032292,-3.481148410603057,-8.941953446320344,20.255072658325663,-30.413335831769583,55.19,0.036
SI,-1.24,6.28,"Poteet, Cody",547001,hit_into_play,R,1,1,-1.01,0.72,-0.52,2.73,3.94480750667112,-133.69671702680148,-4.677831223195731,-12.95508021495442,27.439560165421582,-22.797970284313333,54.83,0.972
ST,-1.62,6.1,"Poteet, Cody",547001,called_strike,R,1,0,0.91,0.05,-0.38,3.63,1.0367087446749974,-117.66309005519652,1.057704159345089,8.179973716258074,23.53545902044073,-32.182055985339,54.86,-0.055
SI,-1.22,6.25,"Poteet, Cody",547001,ball,R,0,0,-0.73,0.66,1.76,2.84,8.951994606750233,-132.1807269764395,-4.029067350408368,-10.44093412671489,26.4034477231774,-23.742254703616457,54.76,0.044
SI,-1.28,6.29,"Poteet, Cody",547001,hit_into_play,R,1,1,-0.99,0.47,0.13,3.45,5.653841881408958,-133.64191866656634,-2.397624794108681,-13.091852930253554,26.857073614808936,-26.1661430510018,54.8,-0.368
ST,-1.67,6.1,"Poteet, Cody",547001,ball,R,0,1,1.07,0.1,1.3,0.92,4.422676907870367,-115.22398841020394,-4.728690559855424,8.837884391940467,19.42061993139504,-30.676798229498026,55.06,0.057
SI,-1.55,6.18,"Poteet, Cody",547001,foul,R,0,0,-1.17,0.47,-0.81,2.63,4.25034180428802,-131.0481722528208,-3.84746749702442,-14.371465633956108,25.198650911969143,-26.13037696532442,54.92,-0.064
CH,-1.8,5.81,"Poteet, Cody",547001,hit_into_play,L,1,0,-0.84,0.19,-0.28,2.73,5.058654315783688,-121.64794317770568,-1.127732080178221,-9.323530235325482,20.93534801950713,-30.225401278343416,55.21,0.378
CU,-1.76,6.04,"Poteet, Cody",547001,ball,L,0,0,1.03,-0.79,0.32,1.0,2.4064794803525213,-108.10189378097412,-1.6783976358591597,7.635557850607246,19.37563901705487,-38.29353221044047,55.27,0.032
CU,-1.58,6.04,"Poteet, Cody",547001,hit_into_play,R,2,1,1.08,-0.35,0.6,2.62,2.709442852784948,-115.37226840483012,-0.1160179666919838,9.268814384876553,19.444665815321443,-35.5291054640161,55.09,-0.12
CU,-1.88,5.99,"Poteet, Cody",547001,ball,R,1,1,1.13,-0.4,-1.31,2.69,-0.8332600105599108,-114.6936981140992,0.3163602176021811,10.159091014782954,20.29589310210695,-35.96043456960001,55.33,0.023
ST,-1.67,6.0,"Poteet, Cody",547001,ball,R,0,1,1.07,-0.16,2.09,1.53,6.163661534725849,-116.19805554202112,-2.7932573099229354,8.537223075797064,21.380582936575163,-33.311839319032785,55.2,0.011
FF,-1.4,6.03,"Poteet, Cody",547001,called_strike,R,0,0,-0.22,1.12,-0.35,3.39,2.9871615339239903,-129.7860113006563,-2.8450500110283947,-3.0241744503079757,23.086899673002648,-19.09765198765209,55.03,-0.015
SI,-1.5,6.17,"Poteet, Cody",547001,hit_into_play,R,1,1,-1.07,0.5,-0.03,2.83,5.812546072884053,-131.1720020432008,-3.361272130434379,-13.625593264754375,26.65079298498548,-25.934530285437667,55.06,-0.156
ST,-1.5,6.01,"Poteet, Cody",547001,ball,R,0,1,1.09,-0.18,2.29,0.43,6.176859818483166,-115.8281188745312,-5.122641873244557,8.666998646931027,21.18103910270405,-33.02601054026549,55.18,0.017
CH,-1.41,6.08,"Poteet, Cody",547001,foul,R,0,0,-0.81,0.49,0.31,2.0,5.84315018314245,-129.90228978143537,-4.977763276817909,-10.380172783840232,27.365023327696477,-25.793371342549364,54.96,-0.024
CH,-1.67,5.94,"Poteet, Cody",547001,hit_into_play,R,1,1,-1.01,0.02,0.42,1.88,6.802452435221372,-124.3034453238159,-3.3190214236432927,-11.754005503181542,22.448459792478022,-31.584330837175003,55.21,-0.216
CU,-1.62,6.15,"Poteet, Cody",547001,ball,R,0,1,1.05,-0.25,0.87,1.78,3.436713813763657,-115.05659757410751,-2.327719314748597,8.841599293550187,19.329896071707086,-34.19799229698583,54.89,0.021
CU,-1.77,6.08,"Poteet, Cody",547001,called_strike,R,0,0,1.05,-0.26,-0.01,1.48,1.8413809582754872,-113.38802016165444,-2.5161874748348225,8.774187498004139,19.991767770818587,-34.21399772894783,55.06,-0.032
ST,-1.36,6.06,"Poteet, Cody",547001,hit_into_play,R,0,2,1.22,-0.44,0.61,2.67,2.054963215345687,-118.3659998241879,-0.1285334594423879,10.998728460313975,24.05297068672163,-36.48899429217299,54.79,-0.268
ST,-1.64,6.01,"Poteet, Cody",547001,foul,R,0,1,1.66,-0.12,1.0,1.89,2.6436323401176622,-115.75338278258526,-1.9852006243740703,14.251974414327716,23.663962764976265,-33.089431186405335,54.96,-0.059
ST,-1.59,5.98,"Poteet, Cody",547001,called_strike,R,0,0,0.94,0.01,0.71,2.05,3.3214371131766214,-118.55429005773291,-2.2683624840436423,8.233921179414935,22.01653453837266,-31.841667059224072,54.72,-0.042
FF,-1.24,6.19,"Poteet, Cody",547001,ball,R,3,2,-0.19,1.29,1.59,2.75,7.695858270068608,-136.9404297977585,-6.109895794635128,-3.8692765299386673,26.43791147158112,-14.753121775178158,54.52,0.219
FF,-1.21,6.19,"Poteet, Cody",547001,foul,R,3,2,-0.36,1.27,0.38,2.82,4.915193182599026,-137.12761826912498,-5.914729083584465,-5.542127758914291,26.392862389149283,-15.01474441943987,54.47,0.0
CH,-1.78,5.84,"Poteet, Cody",547001,foul,R,3,2,-1.27,0.15,-0.52,2.11,5.531137653322324,-126.88704959874237,-3.133796156906171,-14.85668748831259,24.249278475455043,-30.133001912477848,55.15,0.0
CH,-1.68,5.82,"Poteet, Cody",547001,foul,R,3,1,-1.3,0.22,-0.6,1.63,5.092720511099095,-125.60321692417789,-4.155253943050394,-14.742330046422556,23.889152131987757,-29.266866227821453,55.15,-0.059
FF,-1.36,6.1,"Poteet, Cody",547001,called_strike,R,3,0,-0.45,1.08,0.66,3.32,5.9770611752734455,-132.83646052281935,-3.424542177613984,-6.552856368894307,26.86768509944413,-18.79368361607776,54.83,-0.048
FF,-1.4,6.19,"Poteet, Cody",547001,ball,R,2,0,-0.64,1.2,0.44,4.03,6.026554568867244,-134.4750886387236,-2.2969541607562616,-9.112440830165973,28.42701982361974,-17.35718025154337,54.75,0.086
ST,-1.62,6.02,"Poteet, Cody",547001,ball,R,1,0,1.18,-0.08,1.23,2.47,3.99742392913818,-116.33957586204475,-0.8263672028361174,9.717244800178872,25.856765338635995,-32.96563466681183,54.85,0.045
CH,-1.65,5.89,"Poteet, Cody",547001,ball,R,0,0,-1.38,0.19,-0.35,1.76,5.728048412334266,-124.0702429977302,-3.7498477258173546,-15.425784368324278,24.964388941295542,-29.63308754243412,55.07,0.024
CU,-1.74,6.06,"Poteet, Cody",547001,hit_into_play,L,1,0,1.27,-0.61,-0.54,2.52,0.25299474330791,-111.03971999669592,0.7231310976968273,10.353136360986236,21.601377129790578,-37.55750553707334,55.23,-0.26
CU,-1.84,6.02,"Poteet, Cody",547001,ball,L,0,0,1.19,-0.56,-0.12,1.33,1.429326662017636,-108.97482111511556,-1.4629332300532802,9.136220574604655,20.617365772107576,-36.60271398875636,55.19,0.032
CU,-1.39,6.14,"Poteet, Cody",547001,hit_into_play,R,1,2,1.13,-0.38,0.72,2.9,2.5254743011563727,-117.06939535102484,0.1435970748896706,10.032603532985004,20.64169386182001,-35.90214701516606,54.61,-0.353
CH,-1.57,5.95,"Poteet, Cody",547001,foul,R,1,1,-1.01,0.3,-0.83,2.31,3.82035793077608,-128.39488830033096,-3.409262393931801,-11.969705428035413,23.50001540379944,-28.435661292230147,54.98,-0.126
FF,-1.2,6.34,"Poteet, Cody",547001,ball,R,0,1,-0.14,1.13,-0.33,6.06,2.5465230718560106,-136.50916734709176,2.3839320906122854,-2.2055953699262334,23.95685950206551,-18.382055102867486,54.53,0.056
CH,-1.75,5.96,"Poteet, Cody",547001,foul,R,0,0,-1.07,0.48,-0.09,2.61,6.087282729160168,-126.9537086687826,-2.9516454394195075,-12.750481094101078,22.62951110240517,-26.540487194845404,54.91,-0.081
FF,-1.4,6.22,"Poteet, Cody",547001,ball,R,3,0,-0.24,1.29,0.69,3.85,5.836607516869173,-135.64615670040104,-3.2227039002653157,-4.048352378874526,25.12886027893945,-15.578898465166588,54.54,0.05
SI,-1.14,6.24,"Poteet, Cody",547001,ball,R,2,0,-0.79,0.53,1.17,3.06,7.6338496800243005,-136.05082532758118,-3.663467271168817,-11.378160065043025,25.444856135585862,-25.046974958187292,54.68,0.034
FF,-1.12,6.27,"Poteet, Cody",547001,ball,R,1,0,-0.25,1.27,1.55,1.52,7.393769207205368,-135.76637030119448,-9.320729016570962,-4.445945045840894,23.912889452700338,-14.649313727057818,54.48,0.076
FF,-1.01,6.37,"Poteet, Cody",547001,ball,R,0,0,-0.44,1.33,0.8,4.41,5.654406158852037,-137.454523987098,-2.4554914123951503,-6.733019723284244,25.841730454959237,-14.787437696853551,54.48,0.035
SI,-1.58,6.18,"Poteet, Cody",547001,hit_into_play,L,2,0,-0.85,0.66,0.07,2.55,5.971478019781697,-134.65589669796387,-4.86193846581447,-11.578236555179428,27.497604626578035,-23.317161283301186,55.0,-0.422
CH,-1.87,5.85,"Poteet, Cody",547001,ball,L,1,0,-1.13,0.1,-0.92,1.13,4.516695956849574,-127.03091096236794,-5.4224062711997085,-13.20221634904862,22.89986607441113,-30.232070829058323,55.1,0.059
CH,-1.87,5.87,"Poteet, Cody",547001,ball,L,0,0,-1.08,0.0,-1.19,3.31,3.744297180881873,-125.18588765195244,0.1313728480550891,-12.148138729777838,24.717229054853213,-32.41110317004448,55.14,0.036
CH,-1.58,5.95,"Poteet, Cody",547001,swinging_strike,R,3,2,-1.15,-0.02,-0.68,2.12,4.501235053284541,-128.13028989446968,-3.12126124363994,-13.578160524974487,26.141481032887288,-32.005970592492055,54.9,-0.482
SI,-1.11,6.32,"Poteet, Cody",547001,ball,R,2,2,-1.11,0.78,1.44,3.31,8.96011625104989,-136.30553203463415,-3.713469459495317,-15.808979735686984,30.663782928913527,-21.778298257821188,54.61,0.083
ST,-1.48,6.21,"Poteet, Cody",547001,foul,R,2,2,1.36,-0.11,0.25,2.7,1.273474720533218,-118.84637011564658,-1.114312584560194,12.662125807887907,22.953190342806494,-33.21341197760587,54.73,0.0
CH,-1.66,5.89,"Poteet, Cody",547001,ball,R,1,2,-0.95,0.19,2.44,0.89,11.467647600557482,-125.40050053092124,-6.069461435518236,-12.036749667723283,20.09387707146407,-29.278984835010167,55.04,0.077
CH,-1.7,5.99,"Poteet, Cody",547001,foul,R,1,1,-0.91,0.17,0.83,1.86,7.796291069127934,-126.5677677127782,-4.120532874494338,-11.20840759364248,21.89294920108755,-29.78064298229208,55.01,-0.078
CU,-1.48,6.22,"Poteet, Cody",547001,ball,R,0,1,1.06,-0.5,0.21,3.79,1.7155631300849858,-118.042739712262,2.049688125066827,9.693093384211732,20.85518756221168,-37.39324751099649,54.78,0.057
ST,-1.57,6.02,"Poteet, Cody",547001,called_strike,R,0,0,1.18,-0.24,0.05,3.23,1.3392463960355716,-117.48157549217984,0.9187535806723256,10.67986791991019,22.96145539860723,-34.82409869039588,54.8,-0.064
FF,-1.08,6.27,"Poteet, Cody",547001,hit_into_play,R,2,2,-0.25,1.11,0.45,1.91,4.511915937754448,-136.56020127698736,-8.014720771495096,-4.062377485194831,28.378368918598994,-16.766093263428193,54.39,0.434
CH,-1.57,5.99,"Poteet, Cody",547001,foul,R,2,2,-1.34,0.14,0.65,1.57,7.929077403347786,-126.23131673139967,-4.616294185581292,-15.979528405535229,26.29065518713895,-29.87066611395896,54.95,0.0
FF,-1.19,6.31,"Poteet, Cody",547001,foul,R,2,2,-0.49,1.39,-0.89,2.52,1.8470018301514728,-136.21201808165085,-7.098227329092738,-6.522412662397748,29.553677656969512,-13.457272652083155,54.54,0.0
SI,-1.21,6.23,"Poteet, Cody",547001,foul,R,2,1,-1.29,0.68,0.78,3.21,7.853273830829939,-135.2034517647709,-3.490065457080307,-17.48097963759082,25.620165203474976,-23.30710907226972,54.68,-0.063
FF,-1.2,6.28,"Poteet, Cody",547001,ball,R,1,1,-0.6,1.37,1.03,0.72,7.039469006006241,-136.1098935034686,-11.591317571080236,-8.961584358125428,27.814438897624697,-12.790178041333403,54.53,0.05
SI,-1.25,6.18,"Poteet, Cody",547001,ball,R,0,1,-1.0,0.81,1.83,1.96,9.825836161395532,-133.42596154551808,-6.558069127631952,-13.941715388476672,26.65256193729909,-21.24633808042707,54.75,0.021
FF,-1.28,6.25,"Poteet, Cody",547001,swinging_strike,R,0,0,-0.16,1.29,0.35,3.55,4.391212660005776,-132.21939012217092,-3.627816076156405,-2.696245893962528,25.06512664139022,-16.421191635048704,54.78,-0.032
FF,-1.13,6.27,"Poteet, Cody",547001,called_strike,R,1,2,-0.37,1.3,-0.37,2.64,2.782309217781803,-137.99923908474233,-6.745574687123989,-5.360986258673635,28.87073950352088,-14.223212082961185,54.54,-0.071
CH,-1.5,5.92,"Poteet, Cody",547001,swinging_strike,R,1,1,-1.05,0.16,0.28,2.43,6.24774745913867,-125.04159294165038,-2.421160469118681,-12.19488998066844,21.455938233527338,-30.19995733290417,54.88,-0.026
FF,-1.05,6.25,"Poteet, Cody",547001,foul,R,1,0,-0.39,1.3,0.73,2.78,5.444007705337233,-137.19314187692112,-6.246735633710879,-6.02836924172776,26.488493590895292,-14.491921302993305,54.64,-0.019
SI,-1.17,6.22,"Poteet, Cody",547001,ball,R,0,0,-1.04,0.66,1.19,2.79,8.295491374669206,-136.07572914304146,-4.535110436444906,-14.722372304424256,28.84241317557171,-23.16784271166595,54.67,0.016
CU,-1.42,6.15,"Poteet, Cody",547001,hit_into_play,R,1,2,1.01,-0.46,0.68,2.2,2.7193686169373112,-117.69222415598874,-1.2484383247178188,8.83114585729728,23.73372606862416,-36.41060013565354,54.72,-0.451
CH,-1.39,6.14,"Poteet, Cody",547001,ball,R,0,2,-1.18,0.45,0.63,1.59,7.258159326068734,-128.27488651477512,-5.884694120385991,-14.544828497383124,24.459687587371185,-26.22188670974369,54.87,0.053
CH,-1.74,5.94,"Poteet, Cody",547001,swinging_strike,R,0,1,-1.25,0.21,-0.96,2.46,4.260700522804074,-123.86694191567484,-2.2768456502817958,-13.769421199842414,23.7997907064324,-29.74133853002681,55.1,-0.075
CU,-1.5,6.12,"Poteet, Cody",547001,called_strike,R,0,0,1.01,-0.48,0.55,3.07,2.5919554436288808,-116.0206630769482,0.9530727708295096,8.556603207822947,22.78505325891197,-36.94947618174675,54.78,-0.064
ST,-1.42,6.18,"Poteet, Cody",547001,hit_into_play,R,0,1,1.28,0.06,1.12,3.36,3.16122156584043,-116.56997473452144,0.423320083946088,10.878528819352669,24.941214830686405,-31.93121206755645,54.84,0.442
FF,-1.17,6.28,"Poteet, Cody",547001,called_strike,R,0,0,-0.46,1.43,0.9,2.56,6.2452110033520425,-134.84241370931647,-6.818118234808511,-6.912654180947445,28.24955926372165,-13.466941494798393,54.58,-0.032
FF,-1.17,6.34,"Poteet, Cody",547001,hit_into_play,L,2,2,-0.4,1.3,0.32,3.09,4.741013698995588,-137.31987528984448,-5.657858557575989,-6.0753714635212805,27.97141533631932,-14.680863066760065,54.5,-0.088
CU,-1.22,6.26,"Poteet, Cody",547001,foul,L,2,1,0.84,-1.11,0.54,1.5,2.18974492112994,-112.91322120304366,-1.249955510378641,6.829084025354748,20.130466714725948,-41.6727689366706,54.8,-0.031
FF,-1.23,6.18,"Poteet, Cody",547001,ball,L,1,1,-0.44,1.18,1.45,2.39,7.871340120920985,-137.25041539524972,-6.794593708321061,-7.160974234061785,26.677917216048165,-15.985009734129797,54.64,0.023
FF,-1.24,6.19,"Poteet, Cody",547001,foul,L,1,0,-0.45,1.31,-0.24,2.49,3.5605298979336544,-136.47414510292165,-6.738350374693021,-6.3411797858416215,26.997377034123662,-14.51591021898822,54.63,-0.019
FF,-1.18,6.26,"Poteet, Cody",547001,ball,L,0,0,-0.2,1.22,0.77,2.33,5.492089382060688,-137.07238228160367,-7.239182844863661,-3.6438742901328975,26.78577854009499,-15.371922328744802,54.42,0.016
FF,-1.21,6.3,"Poteet, Cody",547001,hit_into_play,R,3,2,-0.28,1.24,0.04,2.85,3.857221782061823,-137.48072516354233,-6.0267050772635775,-4.400359950156054,29.07086372720936,-15.269199693268153,54.63,-0.211
CH,-1.38,6.1,"Poteet, Cody",547001,ball,R,2,2,-1.36,0.46,0.95,1.01,8.320400213926145,-127.653230646352,-7.0917398829161735,-16.590950321858863,25.663231417885584,-25.804460209313195,54.92,0.069
FF,-1.17,6.29,"Poteet, Cody",547001,foul,R,2,1,-0.66,1.24,0.24,2.7,5.066680153144376,-136.6752154508168,-6.335126996618547,-9.295328369234204,27.61316619404952,-15.40205966608727,54.52,-0.051
CH,-1.49,6.02,"Poteet, Cody",547001,ball,R,1,1,-1.34,0.01,1.42,0.06,9.522667530741876,-125.60585876526184,-7.941341051336504,-16.052069626090308,23.885756737039134,-30.684093404380818,54.88,0.037
FF,-1.15,6.29,"Poteet, Cody",547001,called_strike,R,1,0,-0.63,1.49,0.66,1.62,6.054039702338523,-136.69098609729264,-9.653973377075086,-9.230827476595357,28.004400452055958,-11.573982708436542,54.55,-0.031
FF,-1.21,6.23,"Poteet, Cody",547001,ball,R,0,0,-0.58,1.48,1.55,2.52,8.355972380418148,-136.14984069277546,-7.08830925677477,-9.046067657221425,28.52313674194142,-12.383206622171656,54.53,0.024
SI,-1.21,6.28,"Poteet, Cody",547001,hit_into_play,R,1,2,-1.16,0.5,0.36,2.11,6.578383465647526,-136.49068298129728,-6.198304670560815,-15.866025383289058,25.9508245572243,-24.886407388834744,54.61,-0.168
ST,-1.46,6.21,"Poteet, Cody",547001,foul,R,1,2,1.32,-0.18,-0.24,2.4,0.2091681199552618,-117.12354437963728,-1.4242002027794942,12.064898024414752,22.626501994094948,-33.72658854197687,54.86,0.0
CU,-1.26,6.16,"Poteet, Cody",547001,ball,R,0,2,1.03,-0.48,0.83,0.11,2.617456075365675,-116.07759525565773,-5.592855123474908,8.77091082511978,22.69523336545536,-35.66298140530575,54.89,0.019
SI,-1.23,6.25,"Poteet, Cody",547001,called_strike,R,0,1,-1.3,0.88,0.87,2.97,7.9872061291439,-133.30252482572578,-4.3138911523999335,-17.17559675891586,27.60522427824997,-20.886630725745427,54.88,-0.047
FF,-1.4,6.21,"Poteet, Cody",547001,called_strike,R,0,0,-0.61,1.48,0.4,2.37,5.800310088190712,-133.19407247002331,-6.942821625965155,-8.534500159132993,29.681227922399653,-13.219949138507458,54.81,-0.032
FF,-1.13,6.46,"Poteet, Cody",547001,hit_into_play,R,0,1,-0.58,1.17,0.75,2.1,6.117823155665941,-136.36504533523936,-8.156407437015421,-8.453652946406804,27.403374185938684,-15.98761260555359,54.23,0.345
SI,-1.29,6.41,"Poteet, Cody",547001,swinging_strike,R,0,0,-1.38,0.38,0.01,1.59,6.307991090330809,-134.32967447742976,-7.245928905418594,-18.122633796181493,29.859645552320075,-26.13313143495994,54.37,-0.042
SI,-1.24,6.45,"Poteet, Cody",547001,ball,R,3,2,-1.05,0.6,1.11,2.06,8.268315861844473,-135.00672050842854,-6.743227493557886,-14.647939822500458,30.37079764464408,-23.4491858393921,54.39,0.1
ST,-1.3,6.31,"Poteet, Cody",547001,ball,R,2,2,1.48,-0.45,2.03,1.3,4.643265117055495,-119.36680421556304,-3.78691002363668,12.90902458610426,26.607388679426784,-35.8296929769018,54.42,0.043
ST,-1.49,6.28,"Poteet, Cody",547001,foul,R,2,2,1.2,-0.32,0.02,2.19,1.0826125064100367,-118.17681454294986,-1.867435912701152,10.959312995996614,23.98455135816544,-35.04604373430522,54.29,0.0
FF,-1.1,6.41,"Poteet, Cody",547001,foul,R,2,2,-0.3,1.29,0.46,2.47,4.690515936856446,-136.37189800817467,-7.298632238078898,-4.791878162106105,28.537282170197887,-14.677244920604217,54.41,0.0
FF,-1.35,6.4,"Poteet, Cody",547001,swinging_strike,R,2,1,-0.53,1.38,0.63,2.19,6.219200720826932,-135.32650838525413,-8.048055273974583,-7.727012065205166,25.941471075737976,-13.71498380829803,54.49,-0.031
ST,-1.35,6.33,"Poteet, Cody",547001,ball,R,1,1,1.04,-0.42,1.19,2.6,3.691911659891134,-118.55400010713907,-0.9108230651793334,8.979055793033599,24.99165378824186,-36.14607990068446,54.5,0.023
ST,-1.36,6.34,"Poteet, Cody",547001,ball,R,0,1,1.23,-0.34,1.8,2.04,4.67074960839543,-118.02452087974936,-2.268145329162522,10.392209191993556,24.720281644052037,-35.08227992813538,54.62,0.011
FF,-1.12,6.47,"Poteet, Cody",547001,called_strike,R,0,0,-0.34,1.42,0.9,3.25,5.955472820120383,-136.01743519472646,-5.634423281380643,-5.600417899218857,30.82018362286904,-13.546158618074,54.33,-0.015
CH,-1.68,6.06,"Poteet, Cody",547001,hit_into_play,L,2,2,-1.06,0.0,-1.24,1.88,3.261150184104849,-128.45143880513174,-4.110346670707664,-12.420012188958294,25.316058793974484,-31.522378244878823,54.48,-0.142
CH,-1.69,6.05,"Poteet, Cody",547001,ball,L,1,2,-0.95,0.16,-0.43,0.29,4.982987533058824,-127.66618263839308,-8.148954155424576,-11.43298189272123,23.2572599838418,-29.06515753275407,54.58,0.026
FF,-1.22,6.37,"Poteet, Cody",547001,foul,L,1,2,-0.49,1.41,-0.19,3.63,3.711487782570054,-136.5379403440641,-4.518296102666522,-6.875794721315862,27.472881590538258,-13.688024626693382,54.41,0.0
CU,-1.43,6.35,"Poteet, Cody",547001,ball,L,0,2,1.24,-1.23,-1.49,1.52,-2.397747625292048,-114.33489827881476,-1.2583553006453765,11.315184667101237,23.694412128026546,-42.84388043641948,54.78,0.013
FF,-1.45,6.39,"Poteet, Cody",547001,swinging_strike,L,0,1,-0.49,1.43,-0.22,3.85,4.186707012698588,-135.2167085457901,-3.868813055333277,-6.85829744224823,27.47069645366352,-13.983551594816454,54.51,-0.035
CU,-1.82,6.27,"Poteet, Cody",547001,called_strike,L,0,0,1.19,-0.95,-0.91,1.71,-0.2158391767815243,-107.19510783975666,-0.2374965199076384,9.155556231559336,21.20210818463959,-39.59462740665653,55.26,-0.024
ST,-1.59,6.26,"Poteet, Cody",547001,hit_into_play,R,0,1,1.08,-0.38,0.5,2.36,2.558490637989627,-116.00633188947316,-1.0500132087117555,9.137100640782888,23.51538974867626,-35.64656493392453,54.61,-0.196
FF,-1.31,6.34,"Poteet, Cody",547001,foul,R,0,0,-0.52,1.28,0.02,2.94,4.440881157907716,-133.92116587277053,-5.550594827052144,-7.17803214596464,26.66258939037264,-15.801114768197063,54.84,-0.032
CH,-1.73,6.07,"Poteet, Cody",547001,hit_into_play,L,3,2,-1.12,0.19,-0.14,2.2,6.166504225568702,-129.06006996633477,-3.864816508900677,-13.72233030455432,23.893141749705304,-29.45578793332256,54.61,-0.271
CH,-1.82,6.05,"Poteet, Cody",547001,ball,L,2,2,-0.99,0.2,-1.86,3.35,1.95114448156918,-129.45827216979674,-1.0554792565984417,-11.55846962152576,23.7626915956611,-29.89889235057659,54.62,0.071
CU,-1.32,6.35,"Poteet, Cody",547001,foul,L,2,2,1.17,-1.09,0.8,1.35,2.4351112278430125,-115.8023753959491,-2.08137292798607,9.968402493680136,24.16690033791251,-41.72450757455498,54.48,0.0
CH,-1.77,6.08,"Poteet, Cody",547001,foul,L,2,2,-1.05,0.18,0.33,1.47,7.230658084242243,-128.5826456861421,-5.544335367981115,-13.079361604533284,23.975744275859785,-29.297745044112457,54.6,0.0
FF,-1.27,6.34,"Poteet, Cody",547001,foul,L,2,2,-0.21,1.07,0.83,3.42,5.824614466158405,-135.63597423089715,-4.096865048667886,-3.811772320820352,27.705801762972385,-18.27760866923889,54.46,0.0
CH,-1.82,6.01,"Poteet, Cody",547001,foul,L,2,1,-1.42,0.07,-1.15,1.98,4.5197942166556935,-127.42877534108104,-3.6647150650455274,-16.411218809701637,28.187089734372183,-30.82882564808288,54.66,-0.067
CH,-1.76,5.97,"Poteet, Cody",547001,ball,L,1,1,-1.02,0.54,0.5,0.34,7.5036183630816256,-127.65413107814754,-8.544637280407946,-12.733398147858896,25.98141828318287,-24.657427183367563,54.64,0.049
CU,-1.54,6.41,"Poteet, Cody",547001,ball,L,0,1,1.13,-1.18,-1.87,3.16,-2.772059393860639,-113.64628694861293,2.127830607679427,10.245293121223842,24.10048124753948,-42.94646170225685,54.71,0.03
SI,-1.41,6.34,"Poteet, Cody",547001,called_strike,L,0,0,-1.12,0.63,-0.74,1.58,4.097240861670519,-133.76589425692268,-7.489761877602055,-14.263508308654584,32.15404611697648,-23.044519364184648,54.47,-0.042
SI,-1.18,6.44,"Poteet, Cody",547001,hit_by_pitch,R,0,0,-0.91,0.68,-2.25,5.02,-0.7552740459306072,-136.5041980433502,0.5096510016318944,-11.233312135058291,28.64303996008405,-23.9288429481987,54.55,0.13
ST,-1.39,6.3,"Poteet, Cody",547001,hit_into_play,R,3,2,1.1,-0.32,0.3,2.46,1.675043368587984,-119.19262942361554,-1.5187343397858042,10.16871846166069,22.30552487074226,-35.12631576302545,54.49,-0.211
FF,-0.99,6.52,"Poteet, Cody",547001,ball,R,2,2,-0.37,1.27,1.74,3.69,7.901121636876473,-137.9354727028965,-4.598352294334536,-6.4014668323433,27.733095644244045,-15.081090911444765,54.61,0.069
SI,-1.16,6.42,"Poteet, Cody",547001,foul,R,2,2,-0.89,0.58,0.76,2.64,6.8654964083039305,-136.09152631652503,-5.2705654257971695,-12.518004183308514,28.4638365405062,-24.034736334355152,54.48,0.0
SI,-1.1,6.41,"Poteet, Cody",547001,ball,R,1,2,-0.68,0.67,1.15,2.23,7.2929093898093935,-136.48260835795827,-6.620051494507642,-9.93432354245094,26.306099702119944,-22.55703291806621,54.3,0.026
ST,-1.23,6.32,"Poteet, Cody",547001,foul,R,1,2,0.68,-0.41,0.74,2.11,3.119767452931103,-119.343207267245,-2.093969753102681,5.8256179274106925,25.31130224196733,-35.88295600350716,54.6,0.0
FF,-1.27,6.38,"Poteet, Cody",547001,foul,R,1,1,-0.46,1.27,0.1,2.91,4.501140961679203,-135.497303177532,-5.963697050282091,-6.641803070389163,27.82302723578402,-15.434936909966613,54.32,-0.04
ST,-1.43,6.2,"Poteet, Cody",547001,ball,R,0,1,0.99,0.03,0.84,1.7,3.1735608913984032,-118.0400982937658,-3.447983344466448,8.612252955777194,23.78109391725902,-31.3909263094795,54.5,0.017
FF,-1.18,6.43,"Poteet, Cody",547001,called_strike,R,0,0,-0.27,1.22,0.37,2.7,4.55483509557672,-135.90436777729855,-6.519250068187008,-4.387588660413915,29.392883674274152,-15.795865317557997,54.43,-0.024
SI,-1.3,6.33,"Poteet, Cody",547001,hit_into_play,L,1,1,-1.35,0.81,-0.45,1.85,5.139310530904616,-136.2360604466474,-7.603613093908359,-17.9843111332676,29.306020485240207,-20.604931222255622,54.53,-0.216
CU,-1.33,6.33,"Poteet, Cody",547001,ball,L,0,1,0.99,-1.02,0.62,1.16,2.37949933031394,-114.86867625058284,-2.4824546076174867,8.25878500148157,22.69941608453108,-40.88183770189589,54.58,0.021
SI,-1.49,6.21,"Poteet, Cody",547001,foul,L,0,0,-1.35,0.77,-0.31,2.35,5.881607149678052,-133.29160032481454,-5.5849343894763885,-17.305798232503378,26.414313159211147,-22.0601370126536,54.25,-0.032
SI,-1.31,6.34,"Poteet, Cody",547001,hit_into_play,L,0,0,-1.33,0.77,-0.17,1.91,5.833360499785479,-135.79260988365553,-7.301546236141663,-17.739667490568802,29.649508981768506,-21.252990739460117,54.53,-0.229
FF,-1.05,6.42,"Poteet, Cody",547001,ball,R,3,2,-0.22,1.22,1.77,1.23,7.7285343336617265,-136.10364303848942,-10.400201161906365,-4.209090756650585,25.7213659587021,-14.934347963777864,54.3,0.1
FF,-1.02,6.39,"Poteet, Cody",547001,ball,R,2,2,-0.49,1.18,0.86,0.62,5.9611007719225455,-137.6499827759077,-12.05878358471154,-7.439339484025614,26.70410824398657,-14.80049767478046,54.27,0.043
ST,-1.41,6.39,"Poteet, Cody",547001,ball,R,1,2,1.04,-0.57,2.01,-0.34,5.675559048332732,-118.659536823658,-7.414337855239019,8.713010953997395,22.772059682985983,-36.321997102449465,54.41,0.054
FF,-1.06,6.49,"Poteet, Cody",547001,ball,R,0,2,-0.55,1.37,0.48,3.96,5.224468953982791,-137.21096794993088,-3.907713319858389,-8.14115799646774,29.381586396471583,-14.237743761567062,54.37,0.02
CU,-1.32,6.44,"Poteet, Cody",547001,foul,R,0,2,0.85,-0.83,0.18,1.53,1.7205179464851763,-117.46174976537309,-2.5882477577040586,7.390787220477724,25.870639124059227,-39.40917083733992,54.68,0.0
FF,-1.26,6.47,"Poteet, Cody",547001,called_strike,R,0,1,-0.73,1.24,0.41,1.73,5.880423954732959,-136.4739833701767,-9.194831797597654,-10.42165222389846,31.73361603341289,-14.843339733429376,54.48,-0.059
FF,-1.38,6.4,"Poteet, Cody",547001,called_strike,R,0,0,-0.69,1.21,0.78,2.61,6.987563576282148,-135.21073718254115,-6.541020163463776,-10.025168566542469,29.351555710029565,-16.02713918230388,54.52,-0.042
ST,-1.31,6.27,"Poteet, Cody",547001,hit_into_play,R,3,2,1.22,0.2,1.23,2.24,3.3805141141309782,-120.07684327122134,-3.014479695774845,11.131074203050764,23.990726471417645,-29.8461657535315,54.42,0.244
SI,-1.15,6.39,"Poteet, Cody",547001,ball,R,2,2,-1.2,0.67,-0.25,1.31,4.918428678360744,-134.92880785391017,-8.616222463145737,-15.778058485460216,28.849007398538998,-22.35928236183885,54.53,0.069
FF,-1.05,6.42,"Poteet, Cody",547001,ball,R,1,2,-0.15,1.3,2.16,2.59,8.652998507669563,-137.1113479927603,-7.174444200872534,-3.628199760456474,27.14404624443997,-14.332042608138485,54.39,0.026
ST,-1.34,6.34,"Poteet, Cody",547001,swinging_strike,R,1,1,1.03,-0.07,0.71,1.43,2.598970811418836,-118.39144517339224,-4.162175413529628,8.976344738904306,26.38633496970293,-32.11500139910074,54.53,-0.04
SI,-1.25,6.37,"Poteet, Cody",547001,swinging_strike,R,1,0,-1.37,0.6,-0.73,1.4,4.310729571512873,-135.4825768639892,-8.259255377233634,-17.77636182166392,31.082344891485803,-23.1390550321312,54.49,-0.031
ST,-1.43,6.31,"Poteet, Cody",547001,ball,R,0,0,1.05,-0.16,1.25,2.15,3.970268285899896,-118.22309486637648,-2.308009437241729,8.878109357372622,25.239428834874037,-33.37033320408138,54.46,0.024
CH,-1.77,6.03,"Poteet, Cody",547001,hit_into_play,L,2,1,-1.41,-0.04,0.34,1.68,7.814308411848629,-126.17201929499434,-4.052478212369566,-16.714278864462802,27.069438729069734,-31.979513213043237,55.02,-0.267
SI,-1.43,6.3,"Poteet, Cody",547001,called_strike,L,2,0,-1.32,0.71,-0.13,3.04,6.152504700865682,-134.92424916201514,-4.125012847099581,-17.44638631992877,27.940187642956,-22.80489056062068,54.48,-0.057
SI,-1.42,6.19,"Poteet, Cody",547001,ball,L,1,0,-1.3,0.74,0.11,1.05,6.6260393378123,-133.2059618879121,-8.733620330314348,-16.855132334855107,26.04778832036069,-21.721083211927724,54.5,0.064
CU,-1.65,6.36,"Poteet, Cody",547001,ball,L,0,0,1.08,-0.95,-1.35,3.01,-1.3214611902722335,-112.51048702159004,1.5669054821686892,9.37736767725145,21.72487965495261,-40.73780460520815,54.73,0.032
FF,-1.12,6.36,"Poteet, Cody",547001,hit_into_play,R,0,0,-0.56,1.44,-0.13,2.05,3.843489135807813,-137.78826792078345,-8.789687274667425,-8.008429626078735,31.01464756699484,-12.0912971392973,54.24,-0.1
SI,-1.51,6.32,"Poteet, Cody",547001,hit_into_play,L,0,0,-0.95,0.58,-0.68,2.13,4.1241515989377,-133.80474660555294,-6.015466088287911,-12.297210773733594,27.422685859024654,-24.14465404828059,54.57,-0.537
ST,-1.45,6.24,"Poteet, Cody",547001,hit_into_play,R,0,1,0.98,-0.02,0.64,2.28,2.798054685447863,-118.42895883082478,-2.280625888354283,8.820598792363594,20.62974481630626,-32.20406413135499,54.55,0.442
ST,-1.57,6.26,"Poteet, Cody",547001,called_strike,R,0,0,1.09,-0.38,-0.44,2.38,0.4176303035256803,-114.70124769664784,-0.9082683343314768,9.562064570396917,21.25089513722074,-35.555109923483826,54.31,-0.032
SI,-1.25,6.4,"Poteet, Cody",547001,hit_into_play,R,2,1,-1.37,0.62,-0.55,3.35,4.819851862226446,-136.45113245324055,-3.508363535431446,-18.11205004955076,31.286860035932893,-23.844007284510088,54.49,-0.267
ST,-1.65,6.21,"Poteet, Cody",547001,called_strike,R,2,0,0.98,-0.26,0.13,2.57,2.0935875445218537,-119.09275323292856,-1.2072240630548272,9.098026056456524,20.11713010729244,-34.69628920369612,54.59,-0.033
FF,-1.17,6.36,"Poteet, Cody",547001,ball,R,1,0,-0.65,1.42,0.76,1.44,6.4745560405159175,-137.38230539311323,-10.30388629092109,-9.58279845919752,28.505558869880694,-12.052538219814537,54.31,0.044
FF,-1.27,6.32,"Poteet, Cody",547001,ball,R,0,0,-0.13,1.19,1.35,1.75,7.120106465455931,-137.55540705651765,-8.961700177779583,-3.0523588245418685,25.90479668916196,-15.3610568297783,54.28,0.027
FF,-1.1,6.23,"Poteet, Cody",547001,ball,L,3,2,-0.31,1.01,1.18,2.37,6.658538365905445,-138.25223915692484,-6.766723150332684,-5.32168698810641,27.34887800091327,-17.962449729911906,54.29,0.1
SI,-1.37,6.27,"Poteet, Cody",547001,foul,L,3,2,-0.89,0.77,-1.17,2.17,2.494142297717171,-137.8678235291137,-6.698034411043032,-11.93712739820242,31.14205838119276,-21.04226691211029,54.57,0.0
FF,-1.12,6.31,"Poteet, Cody",547001,called_strike,L,3,1,-0.28,1.22,0.78,2.52,5.458846200652728,-135.82912045272033,-6.664330703347885,-4.6359907981002255,28.64012534594366,-15.750269564041009,54.54,-0.035
CU,-1.48,6.29,"Poteet, Cody",547001,ball,L,2,1,1.6,-1.1,-1.09,2.76,-2.1072329055229675,-114.59477397228224,1.2888560993030218,14.35943508429246,25.10752590396527,-42.23957517672115,54.8,0.046
FF,-1.17,6.21,"Poteet, Cody",547001,ball,L,1,1,-0.36,1.28,1.28,2.4,7.102975928391549,-136.59895461134715,-6.977299643309115,-5.9939163060669465,28.78311897787986,-14.760981468267053,54.44,0.023
FF,-1.22,6.24,"Poteet, Cody",547001,ball,L,0,1,-0.57,1.19,1.4,1.68,8.035851775639257,-137.43528383678265,-8.821455377568503,-8.944260040367794,29.217576435037422,-15.288346306230968,54.58,0.011
CH,-1.7,6.04,"Poteet, Cody",547001,called_strike,L,0,0,-0.75,0.34,0.35,2.54,6.462208978417952,-128.17496961705504,-3.074482598571544,-9.610742861964251,27.245473219883102,-28.02125805875496,54.59,-0.015
SI,-1.42,6.25,"Poteet, Cody",547001,hit_into_play,L,3,2,-1.5,0.47,-0.84,2.39,4.765679367809684,-137.13424734959875,-5.31273538924803,-19.96633348618038,32.09163747864608,-25.17564982158951,54.83,-0.211
SI,-1.75,6.0,"Poteet, Cody",547001,ball,L,2,2,-1.13,0.35,-0.2,0.8,6.1670620808359216,-131.1446433536507,-7.597492687922671,-14.31379136052788,29.063600734598086,-26.704578904856305,54.69,0.069
CU,-1.57,6.32,"Poteet, Cody",547001,called_strike,L,2,1,1.17,-0.98,-0.67,1.68,-0.2015250324947821,-116.23399438731744,-1.562781364702443,10.529407902386753,24.715355400359204,-40.86820453480336,54.96,-0.051
SI,-1.41,6.36,"Poteet, Cody",547001,ball,L,1,1,-1.13,0.56,-1.13,2.04,3.1585613123230027,-136.39870833386485,-6.563028807173837,-14.755237145672002,32.463051493409274,-23.86650609467193,54.79,0.037
SI,-1.33,6.25,"Poteet, Cody",547001,ball,L,0,1,-1.61,0.52,-0.77,0.98,5.01494831239782,-137.7183509391775,-9.060730063887648,-21.526417219347127,36.52054076730522,-23.50257770462092,54.63,0.017
CH,-1.82,6.01,"Poteet, Cody",547001,called_strike,L,0,0,-1.08,0.18,-0.98,1.95,4.229404988024934,-128.31731434119763,-4.056622874747843,-12.835515099078062,28.106864768691423,-29.57200340828223,55.08,-0.024
FF,-1.32,6.31,"Poteet, Cody",547001,called_strike,R,2,2,-0.35,1.58,0.63,2.07,5.829677343266091,-137.22541495368364,-8.761455366983018,-5.795028818256822,34.3346234790895,-10.460798142398474,54.24,-0.204
ST,-1.4,6.24,"Poteet, Cody",547001,ball,R,1,2,1.16,-0.32,1.43,1.63,4.113863756487941,-119.583293286776,-3.114646802413492,9.964817622214424,28.52831534096418,-34.683015418832504,54.67,0.036
FF,-1.17,6.31,"Poteet, Cody",547001,foul,R,1,2,-0.56,1.27,0.26,1.93,4.962279218475841,-137.5526077965349,-8.564798942306407,-8.184362015378404,28.880559643123384,-14.314629304338702,54.34,0.0
ST,-1.38,6.18,"Poteet, Cody",547001,ball,R,0,2,1.0,-0.22,0.6,-0.3,2.4815376296022755,-116.93843697453391,-7.176155607846022,8.656742376850206,23.7827117865982,-32.90551293776772,54.44,0.019
SI,-1.3,6.3,"Poteet, Cody",547001,called_strike,R,0,1,-1.2,0.69,0.68,1.95,7.536110249288175,-134.22969864080744,-6.656779332850527,-16.126488399042028,30.25921543308451,-22.542821449737595,54.81,-0.047
FF,-1.38,6.28,"Poteet, Cody",547001,called_strike,R,0,0,-0.45,1.19,0.78,2.39,6.431056449819656,-134.24724155466117,-6.627459789684048,-6.797005425068948,28.150075326615088,-16.543185835590677,54.55,-0.032
FF,-0.92,6.43,"Poteet, Cody",547001,hit_into_play,R,2,1,-0.56,1.06,0.7,2.52,5.3588810193424905,-134.66945810348966,-6.4632505379343765,-7.956500001793816,28.610728843427054,-18.12331207715669,54.27,-0.266
SI,-1.15,6.39,"Poteet, Cody",547001,foul,R,2,0,-0.75,0.56,-1.05,2.81,1.8563238955447083,-132.89333227041024,-4.280631884302188,-9.318538144549535,29.189121468275776,-24.8850649826267,54.56,-0.033
FF,-1.17,6.41,"Poteet, Cody",547001,ball,R,1,0,-0.47,1.3,-0.74,2.43,2.104895253949796,-135.24265326913255,-7.252981429352869,-6.215329658771112,28.045007714313385,-14.885462634563709,54.57,0.044
ST,-1.24,6.3,"Poteet, Cody",547001,ball,R,0,0,0.96,0.02,1.59,1.01,4.547103137208215,-120.09373882015323,-5.5755881682995785,8.45666325947455,22.144051322921143,-31.14998832114648,54.43,0.027
CH,-1.55,6.25,"Poteet, Cody",547001,hit_into_play,L,1,0,-1.11,0.3,-0.24,2.64,5.375873575329322,-126.83176754682904,-3.196983408694184,-13.046991657718124,22.350241171403937,-28.475426446981107,54.61,0.854
FF,-1.29,6.4,"Poteet, Cody",547001,ball,L,0,0,-0.33,1.35,0.33,1.43,4.787231033256476,-134.2279074454909,-9.756094298478848,-4.935980071175284,24.258384228821573,-14.056827936536232,54.63,0.035
FF,-1.07,6.48,"Poteet, Cody",547001,hit_into_play,R,3,2,-0.13,1.25,-0.24,3.52,2.4022541771514296,-135.53723376789625,-4.566519383851463,-2.0698158314029733,27.41626304165044,-16.00421193766596,54.6,-0.38
ST,-1.32,6.3,"Poteet, Cody",547001,called_strike,R,3,1,1.46,-0.04,0.94,2.88,2.237678424824704,-116.55785734913368,-0.7187251587618171,12.764321271580132,23.583855985860104,-32.64600380592715,54.45,-0.097
FF,-1.08,6.52,"Poteet, Cody",547001,ball,R,2,1,0.1,1.26,1.23,1.36,5.61503264914876,-133.3551126144714,-9.948088750027017,0.0490291202978748,27.030102866447383,-15.170906427518746,54.25,0.107
ST,-1.36,6.34,"Poteet, Cody",547001,ball,R,1,1,1.3,0.22,1.48,2.37,3.8247588029959214,-117.55884791827806,-2.5628741091801084,11.282605777222647,23.58500817347713,-29.893107535959885,54.37,0.064
ST,-1.3,6.33,"Poteet, Cody",547001,ball,R,0,1,1.49,0.02,1.78,1.27,3.983652683984728,-116.7418433731309,-4.484725928138716,12.762510187003905,23.002909035075515,-31.31840267723633,54.48,0.021
FF,-1.29,6.43,"Poteet, Cody",547001,called_strike,R,0,0,-0.36,1.27,0.1,1.8,4.306640650116712,-134.5509561157924,-8.796223600344419,-5.191836473348841,25.33220319018532,-15.096616099419286,54.42,-0.047
CU,-1.44,6.37,"Poteet, Cody",547001,swinging_strike_blocked,L,3,2,0.81,-0.91,0.61,0.92,2.928730358105315,-114.00850063553256,-3.17199315625433,6.44108666961256,22.472576137824618,-39.703116414367024,54.45,-0.482
FF,-1.31,6.44,"Poteet, Cody",547001,foul,L,3,1,-0.46,1.33,0.46,1.76,5.425384639682234,-133.63104573561623,-8.818857788400518,-6.699599329330807,28.966860152260917,-14.508416624834824,54.63,-0.126
FF,-1.32,6.43,"Poteet, Cody",547001,called_strike,L,3,0,-0.53,1.48,0.68,1.81,6.2225305395378285,-134.74804977918922,-9.177818937923858,-7.8453379200345665,30.24996835834799,-12.28237675557262,54.48,-0.065
CH,-1.74,6.18,"Poteet, Cody",547001,ball,L,2,0,-0.98,0.55,-1.59,2.81,2.372292105268605,-127.68152557494516,-3.129398103078417,-11.19208131006802,27.310258980159684,-25.713222164121145,54.55,0.131
CH,-1.52,6.2,"Poteet, Cody",547001,ball,L,1,0,-0.9,0.34,-1.8,2.03,1.153079584095634,-126.2890596898042,-4.484349072816084,-9.89963663350901,24.614102407848552,-27.799729686547877,54.78,0.06
FF,-1.41,6.38,"Poteet, Cody",547001,ball,L,0,0,-0.42,1.33,-0.88,1.4,2.261294293119588,-134.25972276138083,-9.70945610356699,-5.598407652915666,30.26263600882729,-14.106639008405969,54.43,0.06
ST,-1.2,6.26,"Poteet, Cody",547001,hit_into_play,R,1,2,1.0,-0.23,0.58,1.35,2.065061110765588,-118.2859596304954,-3.9765183503346666,9.046786183420714,22.116528384311867,-33.78648178545844,54.42,0.47
FF,-1.0,6.42,"Poteet, Cody",547001,ball,R,0,2,-0.25,1.35,0.26,3.67,3.729913128881925,-134.66172578965785,-4.155601553104794,-3.7647423105897952,26.082452493838957,-15.043536945059271,54.67,0.019
ST,-1.24,6.28,"Poteet, Cody",547001,foul,R,0,1,1.36,-0.19,0.28,3.33,0.7797421556268982,-114.94951885372215,0.7090660272311471,11.95419053560664,20.57117011321089,-34.224917117345235,54.63,-0.047
SI,-1.12,6.38,"Poteet, Cody",547001,called_strike,R,0,0,-0.89,0.91,0.72,2.87,6.479890222866691,-132.78432796593862,-4.907955863090618,-11.881107595674631,25.7395748446134,-20.537743272196305,54.65,-0.032
FF,-0.87,6.34,"Poteet, Cody",547001,hit_into_play,L,1,1,-0.39,1.19,0.55,2.04,4.488336861392028,-136.1526293540251,-7.997440133363587,-5.745060306279218,25.898032307133136,-15.923522652661369,54.5,-0.097
CH,-1.39,6.11,"Poteet, Cody",547001,called_strike,L,1,0,-1.09,-0.01,-0.01,1.6,5.571612002181305,-128.51479111353552,-4.918708576445997,-13.161446085965052,23.78442221612821,-31.494798867353307,54.54,-0.019
FF,-1.12,6.31,"Poteet, Cody",547001,ball,L,0,0,-0.25,1.26,-0.48,4.18,2.1770307387449206,-135.757814715085,-2.5260466901210714,-3.5537438750776604,26.91717972663533,-16.14606331283965,54.45,0.016
FF,-0.8,6.43,"Poteet, Cody",547001,swinging_strike,R,2,2,-0.22,1.36,-0.39,3.14,1.5161747398233654,-135.29826954218672,-5.653573795859557,-2.9876348112177027,26.53872759118259,-14.426596485790336,54.62,-0.142
CH,-1.34,6.18,"Poteet, Cody",547001,foul,R,2,1,-1.21,0.29,-0.76,1.21,3.849026237106109,-127.43540374124844,-6.488790638647103,-14.043095621241113,23.492334974185404,-27.954347670042974,54.65,-0.051
ST,-1.28,6.23,"Poteet, Cody",547001,ball,R,1,1,1.34,-0.01,1.4,1.53,3.397388434868406,-117.26216513839395,-3.6913524071318182,11.629930835315964,23.870983251473405,-31.750048577494365,54.31,0.037
ST,-1.16,6.26,"Poteet, Cody",547001,ball,R,0,1,1.29,0.01,1.55,2.11,3.546638792720861,-116.916994244078,-2.5147789912318643,11.049207920714148,23.0383600683426,-31.76408478973754,54.55,0.017
FF,-0.99,6.42,"Poteet, Cody",547001,foul,R,0,0,-0.42,1.33,0.49,2.37,4.668149133081589,-134.70380965618295,-7.414733807783612,-6.1399904737745015,27.16922217419684,-14.522416945238632,54.55,-0.024
SI,-1.24,6.29,"Poteet, Cody",547001,hit_into_play,L,3,1,-1.3,0.34,0.21,1.92,6.460442838178041,-133.97140782047535,-5.907186771418895,-17.052585730084708,32.96002426377357,-26.824283726259395,54.48,-0.375
SI,-1.13,6.28,"Poteet, Cody",547001,ball,L,2,1,-1.29,0.39,1.7,1.38,9.886419051370146,-133.95428414098154,-7.386434843253057,-17.667938587678677,30.626061832863517,-25.97070868906624,54.69,0.108
CH,-1.53,6.16,"Poteet, Cody",547001,ball,L,1,1,-1.17,0.46,-2.24,3.34,0.6620471974212048,-124.84611113470046,-1.3272581573806226,-12.33916323809462,25.91212137393677,-27.28008631463352,55.0,0.05
SI,-1.32,6.24,"Poteet, Cody",547001,ball,L,0,1,-1.34,0.37,-1.6,1.59,2.163918344903007,-133.02559049889766,-6.441918313711568,-16.18136829329506,34.61202798798356,-26.45856572274585,54.92,0.021
CU,-1.5,6.36,"Poteet, Cody",547001,swinging_strike,L,0,0,0.87,-1.04,0.45,0.9,2.4800580774892365,-109.98686313025064,-2.2979803164208685,6.4976004896540855,21.946457193601944,-40.35761415885058,54.82,-0.032
CH,-1.27,6.16,"Poteet, Cody",547001,called_strike,R,3,2,-1.13,0.18,0.66,1.93,7.009946844884992,-129.056406048914,-4.701026500419673,-14.013056050200882,24.560810310820827,-29.378083248341007,54.61,-0.131
FF,-0.91,6.41,"Poteet, Cody",547001,foul,R,3,2,-0.17,1.2,-0.13,3.66,2.364398684511185,-136.0742467973765,-3.9753605835592425,-2.578874916429169,28.807264285514577,-16.630324014843605,54.41,0.0
FF,-0.77,6.37,"Poteet, Cody",547001,ball,R,2,2,-0.23,1.25,1.29,1.94,5.797310530363164,-136.0757197901327,-8.37939797997943,-4.145166044229817,31.90126422084276,-14.889014956942304,54.35,0.043
ST,-1.1,6.34,"Poteet, Cody",547001,ball,R,1,2,1.55,-0.26,1.63,1.27,3.089860643121435,-117.26722366582818,-3.977015576182769,13.412486227916467,26.198070539386038,-33.87770063115477,54.51,0.018
ST,-1.16,6.33,"Poteet, Cody",547001,swinging_strike,R,1,1,1.54,-0.31,0.91,2.19,1.6585767755102032,-116.52178576525668,-1.730150794204927,13.493145845564174,25.263099386084114,-34.82723384144626,54.7,-0.026
SI,-1.02,6.38,"Poteet, Cody",547001,called_strike,R,1,0,-0.72,0.64,0.53,3.28,5.44756913058666,-133.5828914096824,-3.3851096311581466,-9.799138064993445,28.679861603726824,-23.99493295551684,54.56,-0.019
ST,-1.28,6.26,"Poteet, Cody",547001,ball,R,0,0,1.34,0.02,1.35,2.07,3.269363377302433,-117.1081547938572,-2.591052896573353,11.59857713358787,24.22168418165441,-31.712256993971888,54.53,0.016
ST,-1.25,6.33,"Poteet, Cody",547001,hit_into_play,R,0,1,1.29,-0.36,0.82,1.91,2.098787704020223,-116.34790246976436,-2.2922207166292283,11.212199724013695,23.630067248703355,-35.218280846531464,54.73,-0.139
ST,-1.41,6.23,"Poteet, Cody",547001,called_strike,R,0,0,1.2,-0.39,1.21,2.38,3.5252386210883877,-116.91231060295952,-1.046634042268967,10.143683637732062,24.365555058536927,-35.72685538914105,54.51,-0.024
CH,-1.48,6.1,"Poteet, Cody",547001,hit_into_play,L,0,1,-1.07,0.1,-0.32,2.25,4.998923924946274,-128.11132951798993,-3.4890737136369285,-12.805040671645118,23.87112848525412,-30.57562182201384,54.68,-0.196
FF,-1.31,6.32,"Poteet, Cody",547001,called_strike,L,0,0,-0.32,1.32,-0.72,2.66,2.1929242597765155,-134.12815945104143,-6.35708223211765,-4.290385631719976,27.26323242091506,-15.01909234160216,54.41,-0.032
SI,-1.32,6.41,"Poteet, Cody",547001,hit_into_play,R,0,0,-1.04,0.76,-0.71,2.07,3.7802613954850375,-134.0874074470089,-6.807816498915827,-13.368785000264625,28.0501634560296,-21.765244368445945,54.68,1.57
FF,-1.23,6.33,"Poteet, Cody",547001,ball,L,3,1,-0.44,1.17,1.99,2.36,9.139354559880918,-135.40836858900371,-6.919897832860204,-7.381640778524701,29.66021904294489,-16.415987679068316,54.74,0.265
CH,-1.39,6.08,"Poteet, Cody",547001,ball,L,2,1,-1.23,-0.01,-0.84,0.85,3.827251357262648,-126.88238514761034,-6.405125950498617,-14.093229570856266,24.04630033769791,-31.267423832036663,54.58,0.108
CH,-1.64,6.13,"Poteet, Cody",547001,ball,L,1,1,-1.23,0.02,-1.63,1.8,2.515042073405513,-126.90953856553114,-4.288155267358954,-13.843719912398306,23.959249586905432,-31.376103231862757,54.81,0.05
FF,-1.34,6.33,"Poteet, Cody",547001,called_strike,L,1,0,-0.25,1.27,0.68,3.07,5.6715478483820005,-134.86561402532496,-5.3173640380210605,-4.195309511801233,26.97595197510318,-15.6950424927043,54.59,-0.044
SI,-1.25,6.34,"Poteet, Cody",547001,ball,L,0,0,-0.8,0.83,0.79,0.99,6.821462988541153,-132.83989864120107,-9.308891381837055,-10.91098984983884,28.43954626635112,-20.54416831630322,54.52,0.032
FF,-0.91,6.38,"Poteet, Cody",547001,swinging_strike,R,2,2,-0.49,1.38,0.18,2.38,3.9138142639896136,-137.63591224443883,-7.84010619560787,-7.013695887985361,28.874590057637132,-13.049634543856952,54.37,-0.088
FF,-0.72,6.48,"Poteet, Cody",547001,ball,R,1,2,-0.08,1.32,0.9,5.9,4.365854633588079,-136.2726394139342,1.3159992935374667,-2.0280403173734505,30.580049115031382,-16.216353586200746,54.31,0.018
ST,-1.34,6.3,"Poteet, Cody",547001,foul,R,1,1,1.15,-0.38,0.65,2.44,2.2279257472046674,-118.23889033473992,-1.272487023319697,10.288123231060602,23.81836333832876,-35.73371421854222,54.59,-0.026
SI,-1.01,6.43,"Poteet, Cody",547001,called_strike,R,1,0,-1.08,0.89,0.8,2.07,6.981866083154188,-135.9359311843974,-7.410432570198324,-14.911946796759818,29.24056322778884,-19.68449985815579,54.59,-0.019
SI,-1.12,6.37,"Poteet, Cody",547001,ball,R,0,0,-1.13,0.82,0.95,2.71,7.772525155221753,-136.1271086916529,-5.457420980446852,-15.769153352527496,30.20624803565089,-21.005803539232804,54.6,0.016
CH,-1.55,6.03,"Poteet, Cody",547001,hit_into_play,L,1,1,-1.05,0.22,0.18,1.6,6.308664828429603,-128.05086287592584,-5.123388387289797,-12.77249989187915,24.3462624027218,-28.97508275076252,54.61,-0.156
SI,-1.26,6.33,"Poteet, Cody",547001,foul,L,1,0,-1.39,0.52,-0.52,3.12,4.848654757591931,-134.3952718375805,-3.4065820956868054,-17.85757498306912,31.687200684592145,-25.384261612796934,54.66,-0.031
ST,-1.77,6.25,"Poteet, Cody",547001,ball,L,0,0,1.27,-0.16,-1.22,3.62,-1.1686704283099107,-116.47274225861383,1.2112039095734095,11.772591568665849,23.457545030617897,-34.07758724612151,54.86,0.024
ST,-1.45,6.24,"Poteet, Cody",547001,swinging_strike,R,3,2,1.04,-0.32,-0.16,2.23,0.9018464160129208,-118.5031002629354,-1.82201092656695,9.703350315836454,21.58544733029825,-35.047530148367066,54.42,-0.297
CH,-1.3,6.16,"Poteet, Cody",547001,foul,R,3,2,-1.25,0.19,-0.85,2.75,3.651275514708742,-129.2583987905913,-2.694522927026883,-14.774588924116786,27.366032234848635,-29.63458480919053,54.78,0.0
SI,-1.01,6.39,"Poteet, Cody",547001,foul,R,3,2,-1.2,0.43,-0.37,3.21,4.268140600166145,-136.77759468258398,-3.4433179055343963,-16.02936003160415,29.542741406480825,-26.28226890186113,54.61,0.0
FF,-1.03,6.32,"Poteet, Cody",547001,foul,R,3,2,-0.46,1.34,-0.45,1.8,2.516786036264214,-136.40746116577213,-8.903543056658277,-6.275934606166603,29.478212792853554,-13.647759969354208,54.37,0.0
SI,-1.34,6.41,"Poteet, Cody",547001,called_strike,R,3,1,-1.2,0.57,0.46,2.17,7.171519085256354,-135.14391800289883,-6.327826927499469,-16.223875217700822,27.837717166334823,-23.969081514927,54.62,-0.078
SI,-1.14,6.41,"Poteet, Cody",547001,ball,R,2,1,-1.26,0.53,-0.21,1.02,5.079264343918339,-134.97090227834565,-9.06126587211628,-16.479020637495886,30.949008333127004,-23.817491197624506,54.55,0.108
FF,-1.08,6.32,"Poteet, Cody",547001,ball,R,1,1,-0.63,1.24,1.09,2.29,6.903111874189567,-135.75493346568666,-7.301048589630919,-9.317823558882294,29.64250687340206,-15.398511981158554,54.59,0.05
FF,-1.03,6.39,"Poteet, Cody",547001,ball,R,0,1,-0.46,1.4,0.78,0.68,5.591749609138821,-135.12848115434736,-11.896234563412484,-6.768448232977752,25.58949276672404,-12.718637408653969,54.49,0.021
ST,-1.64,6.3,"Poteet, Cody",547001,called_strike,R,0,0,1.11,-0.3,-0.6,2.31,0.2036061771977215,-113.0127245998047,-1.0921244338314178,9.498234009145538,19.834469554058455,-34.807063860435115,55.17,-0.032
CH,-1.5,6.15,"Poteet, Cody",547001,swinging_strike,L,0,2,-1.31,0.09,-0.96,1.5,3.963909467837586,-127.70836799486638,-5.257287883043595,-15.177459750437466,26.383378584577567,-30.26696721655897,55.05,-0.061
CH,-1.61,6.08,"Poteet, Cody",547001,swinging_strike,L,0,1,-1.06,0.01,-0.81,1.99,4.032737165719337,-126.30081066512922,-3.5907012305557444,-12.186776816262306,26.72863048139404,-31.50732815112066,54.75,-0.024
FF,-1.47,6.3,"Poteet, Cody",547001,called_strike,L,0,0,-0.55,1.21,-0.23,1.83,4.361954189229571,-135.10280378196117,-8.321329746669385,-7.683491053733602,27.321931024889928,-15.725712076511185,54.4,-0.015
SI,-1.14,6.41,"Poteet, Cody",547001,hit_into_play,R,0,0,-1.01,0.66,0.39,2.09,6.111768441132841,-135.24811929086067,-6.694459607523921,-13.772416217147756,29.583164797247814,-22.80129786171612,54.59,-0.163
ST,-1.25,6.3,"Poteet, Cody",547001,hit_into_play,R,2,2,1.08,-0.37,1.39,1.7,3.8425548183275393,-118.7556388791895,-2.9754194678535724,9.309304540694864,25.059692216222057,-35.294161157663986,54.56,-0.204
SI,-1.1,6.38,"Poteet, Cody",547001,ball,R,1,2,-1.08,0.64,0.98,0.73,7.746805933464687,-136.76840557468506,-10.298395173331256,-15.269192322900889,29.668013085646585,-22.05102313728849,54.54,0.036
SI,-1.04,6.33,"Poteet, Cody",547001,foul,R,1,1,-1.13,0.68,-0.8,2.12,3.0707682576284387,-134.5701323993482,-6.396272208697331,-14.433572504782664,28.131784002822418,-22.788406536680174,54.44,-0.049
FF,-1.24,6.32,"Poteet, Cody",547001,foul,R,1,0,-0.33,1.31,0.58,2.39,5.307314947089413,-134.32481550219458,-7.0597542328972525,-5.077056216593127,25.61888703467887,-15.016481833262622,54.44,-0.044
FF,-1.23,6.33,"Poteet, Cody",547001,ball,R,0,0,-0.43,1.48,0.71,1.17,5.838832642323927,-135.0109413977444,-10.628900027727278,-6.391914057468084,26.35813581445185,-12.05437010881506,54.5,0.032
ST,-1.32,6.14,"Poteet, Cody",547001,swinging_strike,R,1,2,1.34,-0.29,0.77,1.45,2.098995166482663,-118.3081758369963,-3.347634100405811,12.206244903960071,22.445749852227703,-34.45542777557965,54.69,-0.326
SI,-1.17,6.24,"Poteet, Cody",547001,foul,R,1,1,-1.1,0.8,-1.49,2.41,1.5412448850061946,-135.16038366830813,-5.74804773833822,-13.77154038072634,29.04759484899261,-21.277709753376676,54.73,-0.126
ST,-1.28,6.01,"Poteet, Cody",547001,blocked_ball,R,0,1,0.95,-0.22,1.53,0.63,4.449918374609604,-119.01288504102814,-5.145254840813394,8.324811306349035,21.163851787514428,-33.54559970007805,54.79,0.056
SI,-1.24,6.13,"Poteet, Cody",547001,foul,R,0,0,-1.03,0.64,-0.15,1.41,5.027029445050588,-135.6446170035023,-7.766121279873582,-13.762341145190767,28.435868766165136,-22.794748052186296,54.36,-0.081
SI,-1.15,6.22,"Poteet, Cody",547001,hit_into_play,L,1,1,-1.48,0.54,-0.71,2.5,4.344632498462548,-136.14637261491814,-5.009027108624888,-19.318909222328287,29.78031035214467,-24.545181361787584,54.71,0.316
CH,-1.43,5.94,"Poteet, Cody",547001,foul,L,0,0,-1.11,0.41,-0.77,2.33,3.870961727937148,-129.08296477575033,-3.689664566268162,-13.202663650487713,22.885779176837527,-27.008255064804064,54.73,-0.042
SI,-1.18,6.2,"Poteet, Cody",547001,hit_into_play,L,3,1,-1.21,0.56,0.3,2.7,6.383274459477405,-135.63372917186675,-4.522073025735804,-16.2847837772529,25.318470866122706,-24.44527958283443,54.77,-0.471
CH,-1.78,5.8,"Poteet, Cody",547001,ball,L,2,1,-1.05,0.31,0.21,1.54,6.870649098061977,-127.482323661018,-4.830006280443924,-12.833171189334774,22.18098260309542,-28.11816253656247,54.89,0.127
SI,-1.17,6.2,"Poteet, Cody",547001,ball,L,1,1,-1.13,0.74,-0.27,3.48,4.776031427558893,-135.9409583789891,-2.9194177396455063,-15.095607063875644,26.04235182578368,-22.524671408025927,54.59,0.058
SI,-1.14,6.19,"Poteet, Cody",547001,ball,L,0,1,-1.12,0.49,1.01,3.47,7.9004350448645475,-135.8837698528609,-2.365906751375705,-15.539926640215782,26.136489085797365,-25.80912564399346,54.77,0.031
SI,-1.3,6.15,"Poteet, Cody",547001,called_strike,L,0,0,-1.05,0.53,0.44,3.22,6.68880503390622,-135.857950184404,-2.998404035942418,-14.352386689312786,25.521230171680354,-25.14162532240401,54.81,-0.042
SI,-1.28,6.08,"Poteet, Cody",547001,hit_into_play,L,3,1,-1.06,0.57,-0.06,3.1,5.376162869043339,-134.91240901890146,-3.089141832763,-14.088161865077703,27.04083070648461,-24.78906747257434,54.8,-0.6
CH,-1.67,5.94,"Poteet, Cody",547001,ball,L,2,1,-0.83,0.32,-1.49,3.4,2.0508628222097296,-124.7379640858985,-0.4899166535137909,-9.112580722234467,21.36467731487411,-28.873577878451677,55.15,0.158
CH,-1.57,5.81,"Poteet, Cody",547001,blocked_ball,L,1,1,-1.37,0.14,0.0,0.49,6.327901516965133,-123.86811994886736,-6.395357827492665,-15.394876159222644,23.412799522923414,-29.688646697609368,55.11,0.074
SI,-1.47,6.03,"Poteet, Cody",547001,ball,L,0,1,-1.2,0.48,0.15,1.36,6.570369366726474,-132.86207798182988,-6.9195614470171805,-15.5762929651014,24.943438723618492,-25.228492643816637,54.91,0.057
CH,-1.64,5.86,"Poteet, Cody",547001,swinging_strike,L,0,0,-0.89,0.17,0.04,1.63,5.610576040268981,-124.47579402646974,-4.04766305859224,-10.307237120325862,21.57352810906932,-29.89832958803239,55.25,-0.064
CH,-1.77,5.86,"Poteet, Cody",547001,hit_into_play,L,1,2,-1.21,0.11,-0.61,2.99,5.112255355793611,-126.21704259764272,-0.9569085555883596,-14.023298927597413,23.414904871769288,-30.98756865250153,55.42,0.47
CH,-1.79,5.84,"Poteet, Cody",547001,ball,L,0,2,-1.03,0.14,-1.66,1.25,2.3381134011573392,-126.592038005115,-5.104899403959974,-11.560388165402095,22.608886543354338,-29.935192567456166,55.38,0.019
FF,-1.37,6.04,"Poteet, Cody",547001,foul,L,0,2,-0.45,1.29,-0.22,3.53,3.808562663315039,-132.82326668303665,-3.21940385408784,-6.12713414162259,25.245847553765312,-16.312357632193418,55.17,0.0
SI,-1.33,6.03,"Poteet, Cody",547001,called_strike,L,0,1,-1.12,0.92,0.6,2.53,7.12696720585001,-131.69934462772744,-4.710980671086365,-14.565239032758784,28.411194615842984,-20.612084901822747,54.86,-0.047
CH,-1.97,5.77,"Poteet, Cody",547001,called_strike,L,0,0,-1.13,0.13,-0.4,1.44,5.866774347390867,-124.2006591512003,-4.164265046089156,-12.892446145156008,22.78130701350925,-30.26901806912058,55.19,-0.032
SI,-0.95,6.2,"Poteet, Cody",547001,hit_into_play,L,0,0,-1.32,0.64,0.17,1.18,5.707849536490455,-135.0923322434811,-8.377353912693808,-17.422383210873033,30.66781616672512,-22.62169278090179,54.58,-0.337
SI,-1.04,6.19,"Poteet, Cody",547001,hit_into_play,R,0,0,-1.12,0.72,-0.04,2.26,4.908654065496129,-134.04281564434189,-5.653218607165004,-14.545538350706837,27.53140216178181,-22.51497356258645,54.87,0.239
ST,-1.41,6.06,"Poteet, Cody",547001,called_strike,R,1,2,1.19,-0.09,0.71,2.61,2.4052412283776508,-116.41261898349887,-0.6840850384535482,10.322760338698505,23.13344755356855,-33.10584034675301,54.71,-0.116
ST,-1.5,5.93,"Poteet, Cody",547001,called_strike,R,1,1,1.1,0.4,0.47,2.47,2.266430722828757,-118.04398387896016,-1.8668486123273589,9.840179613526445,22.76573680126308,-28.25779801484205,55.09,-0.04
SI,-1.35,6.18,"Poteet, Cody",547001,foul,R,1,0,-1.22,0.62,-1.11,2.43,3.165177852008193,-132.60576454736136,-4.817269324531754,-15.09735011370256,27.03659087062666,-24.096476673995447,55.01,-0.031
CH,-1.8,5.87,"Poteet, Cody",547001,ball,R,0,0,-0.98,0.25,-1.11,1.91,3.523361375653732,-124.13696796590202,-3.5157489546344767,-10.793069350584725,23.051108850479157,-29.151486398826616,55.17,0.024
CU,-1.66,6.13,"Poteet, Cody",547001,hit_into_play,L,0,1,0.95,-0.52,0.02,2.03,1.801789312584592,-112.07712308880642,-0.7980116808186726,7.738934360543904,19.79445295110257,-36.66838902740882,55.17,1.024
SI,-1.64,6.02,"Poteet, Cody",547001,called_strike,L,0,0,-1.16,0.55,-0.67,3.22,4.80230530431891,-132.15638080038195,-2.3191878327378483,-14.580609325842463,25.08197166754952,-25.384181543130527,55.22,-0.024
CH,-1.78,5.86,"Poteet, Cody",547001,hit_into_play,R,1,1,-1.06,0.11,0.0,2.36,6.168775572866946,-123.9863128181657,-2.208067067595268,-12.129946483031404,21.036840168331658,-30.80724550465265,55.34,-0.216
CH,-1.75,5.83,"Poteet, Cody",547001,ball,R,0,1,-1.09,0.15,0.42,0.96,7.028812743412624,-122.637974983416,-5.245966907457403,-12.298321049918789,20.87937996159516,-29.8665054737246,55.39,0.021
CH,-1.42,6.17,"Poteet, Cody",547001,called_strike,R,0,0,-0.95,0.82,0.11,3.15,5.6966463806373495,-130.08299804083103,-3.1810896507287603,-11.950153886368698,24.5850871956612,-22.397365603047188,54.91,-0.032
CH,-1.76,5.9,"Poteet, Cody",547001,hit_into_play,L,2,1,-1.23,0.3,0.43,1.65,7.645437017802504,-126.5139544756944,-4.653050236845261,-14.650930821244316,22.76617701601187,-28.209011899389605,54.97,-0.416
SI,-1.4,6.07,"Poteet, Cody",547001,called_strike,L,2,0,-1.44,0.63,0.54,2.37,8.088788892747463,-136.25538071735195,-5.210749721546966,-19.70848931328812,28.119552004373197,-23.408036834851654,54.74,-0.064
FF,-1.38,6.14,"Poteet, Cody",547001,ball,L,1,0,-0.63,1.21,-0.95,2.62,2.51605872901034,-135.95913721379156,-6.001982548283745,-8.416808272854002,28.0003035608074,-16.022683613275408,54.35,0.066
SI,-1.45,6.14,"Poteet, Cody",547001,ball,L,0,0,-1.26,0.61,-0.91,2.95,4.091807989499121,-134.80624112588782,-3.693689424819045,-16.279924819714083,26.9622127847615,-24.099536231382253,54.76,0.044
SI,-1.49,6.1,"Poteet, Cody",547001,hit_into_play,L,2,1,-1.31,0.56,-0.7,2.54,4.806200165608284,-134.35723043624864,-4.527405126065621,-16.990621726772737,25.136436549525616,-24.602610764642865,54.59,-0.602
FF,-1.5,6.16,"Poteet, Cody",547001,ball,L,1,1,-0.41,1.15,-0.53,3.81,3.3356589705989097,-135.24053086491952,-2.788273632578984,-5.658265928594094,25.81739069662816,-17.61469088402468,54.71,0.074
CH,-1.91,5.86,"Poteet, Cody",547001,foul,L,1,0,-0.95,0.12,-0.54,1.77,5.088869764964676,-125.79809505991064,-3.797701838350052,-11.078398895339054,22.074564626458503,-30.434699802681703,55.23,-0.075
CH,-1.9,5.91,"Poteet, Cody",547001,ball,L,0,0,-0.87,0.2,0.28,1.36,6.787226424401912,-124.92594369281116,-4.978526932647136,-10.398165849364291,20.61386078947669,-29.347340554125022,55.22,0.067
CU,-1.71,6.14,"Poteet, Cody",547001,hit_into_play,L,1,1,1.01,-0.89,-0.38,1.65,0.9627512882564891,-111.36776147360315,-0.88037727408277,8.222969766010513,19.363802950750845,-39.66652557314395,55.13,0.421
CH,-2.08,5.8,"Poteet, Cody",547001,ball,L,0,1,-0.99,0.18,-1.98,3.37,2.1203691084355385,-121.830759118243,0.3395115375229929,-10.30114331178756,21.119632596240333,-30.579750257305587,55.3,0.021
CU,-1.81,6.1,"Poteet, Cody",547001,called_strike,L,0,0,1.18,-0.96,-0.08,1.77,1.4743587289370312,-110.23704289347005,-0.2569971434213307,9.362991879820408,19.98515270289506,-40.12276945176826,55.31,-0.032
SI,-1.45,6.1,"Poteet, Cody",547001,hit_into_play,L,1,0,-0.96,1.1,0.23,2.19,6.322159317920074,-134.6190576873129,-6.545520987389088,-13.012772208705542,28.08023775733886,-17.554480220712655,54.75,-0.256
CH,-1.89,5.88,"Poteet, Cody",547001,ball,L,0,0,-1.23,0.26,-1.22,3.11,4.028180826472385,-126.1618797354852,-1.0073802759411168,-13.938039257628663,23.873201855203085,-29.425789569647247,55.05,0.027
CH,-1.72,5.96,"Poteet, Cody",547001,hit_into_play,L,0,1,-1.04,0.15,-0.51,1.75,4.892375544620761,-125.93917321447675,-4.153328917987764,-12.007513011240516,23.61683903837571,-29.957049929032117,55.07,-0.256
FF,-1.46,6.21,"Poteet, Cody",547001,called_strike,L,0,0,-0.42,1.49,-0.4,1.91,3.5826049558559028,-134.7502853495044,-8.387774991774133,-5.866059954014138,28.090785545249307,-12.406311210599023,54.67,-0.042
SI,-1.26,6.23,"Poteet, Cody",547001,called_strike,R,2,2,-0.77,0.9,0.62,2.32,6.510563955772781,-136.66817530146182,-6.389350710169312,-11.0181623009622,29.01508991315125,-19.65645072794979,54.62,-0.36
CH,-1.52,5.96,"Poteet, Cody",547001,ball,R,1,2,-1.08,0.1,-0.18,1.0,5.4635504527907575,-128.60913741481366,-6.247840406089645,-13.095111212932611,24.064768807102222,-30.004226166848145,54.74,0.077
FF,-1.13,6.24,"Poteet, Cody",547001,foul,R,1,2,-0.36,1.44,-0.59,3.58,2.1707818298607804,-136.73293349220057,-4.363852226063689,-4.943191145941744,27.41288628680644,-13.307807944804766,54.64,0.0
SI,-1.39,6.24,"Poteet, Cody",547001,foul,R,1,1,-0.99,0.56,-0.8,2.92,3.622839480984827,-134.97019846495377,-3.9894918861246,-12.859718583156742,24.987773168749783,-24.687185485762548,54.7,-0.078
SI,-1.46,6.24,"Poteet, Cody",547001,foul,R,1,0,-1.03,0.79,-0.5,3.49,4.594028653308001,-133.17716319615377,-2.747796594135579,-13.255991431000531,28.66385456279402,-22.419980806373395,54.92,-0.075
SI,-1.36,6.13,"Poteet, Cody",547001,ball,R,0,0,-1.18,0.7,-1.0,2.14,3.3733642620731668,-132.64291035540498,-5.579194339446929,-14.643524619698042,28.921761511769745,-22.888336480224293,54.94,0.067
CU,-1.64,6.04,"Poteet, Cody",547001,hit_into_play,R,0,1,1.2,-0.69,-0.62,1.62,-0.0027436693559568,-113.62806666365944,-1.3814373965625852,10.427846352265682,20.39757199968725,-38.11380530055069,55.2,0.442
FF,-1.46,6.2,"Poteet, Cody",547001,foul,R,0,0,-0.28,1.35,-0.14,3.21,3.888260977652221,-134.0395890587111,-4.676153425028761,-4.188161899077133,25.99868003504193,-15.039603717814826,54.93,-0.032
FF,-1.31,6.11,"Poteet, Cody",547001,swinging_strike,L,1,2,-0.5,1.39,-0.11,3.63,4.216717546314825,-138.55655450700505,-4.014677941834498,-7.393705937815719,28.0169661497498,-13.50894958980601,54.67,-0.071
CH,-1.63,5.96,"Poteet, Cody",547001,foul,L,1,2,-0.91,0.4,-0.15,1.42,5.468614476404921,-130.0673558405589,-6.0459947200313096,-11.41251629023743,21.909561523936706,-26.68578891562971,54.95,0.0
CU,-1.42,6.06,"Poteet, Cody",547001,ball,L,0,2,1.04,-1.05,0.1,1.2,1.3911939252874583,-116.46597022458452,-2.0138277680725185,9.164153727220858,22.68416979987373,-41.53657737182502,54.64,0.009
FF,-1.25,6.09,"Poteet, Cody",547001,called_strike,L,0,1,-0.06,1.14,-0.13,3.19,3.0291100421645103,-137.25493496978046,-4.408056771097341,-1.336599466530556,26.68973005398347,-16.958300160341427,54.66,-0.024
CH,-1.99,5.84,"Poteet, Cody",547001,swinging_strike,L,0,0,-1.27,0.28,0.27,1.7,8.066383502811199,-129.25505584044657,-4.669156999737078,-15.921778513958246,25.258312445082204,-28.221834951983592,54.98,-0.015
SI,-1.4,6.18,"Poteet, Cody",547001,hit_into_play,R,3,2,-1.32,0.74,-1.03,2.9,3.852562135643937,-136.99969707998378,-4.406352069224248,-17.413127589094163,30.4535418776162,-22.11453426109868,54.69,-0.211
SI,-1.39,6.16,"Poteet, Cody",547001,ball,R,2,2,-1.08,0.77,0.38,3.12,6.933841617203769,-137.80490058171094,-3.9571673694614127,-15.254862051678831,30.467422395586023,-21.651976362197235,54.73,0.069
FF,-1.21,6.11,"Poteet, Cody",547001,ball,R,1,2,-0.5,1.42,1.99,1.51,9.37877693324723,-137.62881086755326,-9.452087267976744,-8.377080698229689,28.69413926545372,-12.229070020834826,54.61,0.026
ST,-1.51,6.09,"Poteet, Cody",547001,foul,R,1,2,1.2,-0.2,-0.68,2.84,-0.4231726708884508,-117.32193539788692,-0.207068896883189,11.193673578938167,21.72095917044926,-34.19802347951903,54.98,0.0
FF,-1.17,6.23,"Poteet, Cody",547001,ball,R,0,2,-0.35,1.35,-0.26,1.5,3.108100932517273,-137.2828005334465,-9.583744227135092,-5.1285145328939565,26.739069863220003,-13.233374661683976,54.73,0.013
ST,-1.68,5.94,"Poteet, Cody",547001,called_strike,R,0,1,1.23,0.0,-0.09,2.6,1.1607414179186573,-116.85774749634425,-0.7003136145208864,11.071831798522227,22.45644554277535,-32.28476445111393,54.82,-0.035
FF,-1.33,6.12,"Poteet, Cody",547001,called_strike,R,0,0,-0.46,1.29,0.78,1.98,6.391146424690884,-135.9445913669634,-7.747734070461237,-6.929453149260575,26.14956936406304,-14.692884309469472,54.61,-0.024
SI,-1.8,5.97,"Poteet, Cody",547001,hit_into_play,L,0,0,-1.2,0.38,0.41,2.28,8.021046958982623,-132.70776237564732,-4.218077359293716,-15.794409032509115,26.13265566043158,-26.98302406491213,54.95,-0.228
SI,-1.54,6.05,"Poteet, Cody",547001,hit_into_play,L,3,1,-1.16,0.5,-0.73,2.98,4.568137680184459,-135.04873530004895,-3.1583556562956208,-15.204531964714738,29.05188741437465,-25.567134334195984,54.61,-0.166
FF,-1.46,6.13,"Poteet, Cody",547001,called_strike,L,3,0,-0.53,1.39,-0.6,2.66,3.3826149786209774,-137.5297846768595,-6.422896881876945,-7.446558041884778,28.213988911602392,-13.356116700121223,54.58,-0.022
SI,-1.64,6.05,"Poteet, Cody",547001,ball,L,2,0,-1.25,0.7,-0.93,3.22,4.478772391447461,-134.89202436953147,-2.93735913166433,-16.198241840208976,29.879847468430604,-23.24086631773152,54.77,0.046
ST,-2.03,5.87,"Poteet, Cody",547001,ball,L,1,0,1.17,-0.07,-1.48,2.63,-0.9704935378741788,-116.1392044046114,-0.2682735920524502,10.781831380879831,22.50917296697712,-32.95201967576175,55.12,0.026
CU,-1.76,6.13,"Poteet, Cody",547001,ball,L,0,0,1.11,-0.99,-1.4,2.79,-1.2337327105833524,-111.87507653093584,1.6976602388388702,9.52029220998756,21.30997154482518,-41.01359343095388,55.18,0.016
SI,-1.62,6.1,"Poteet, Cody",547001,hit_into_play,L,0,0,-1.39,0.99,0.19,2.49,7.514149181870676,-134.3756599093709,-5.506659232263546,-18.448035696962112,27.27516890711576,-19.190299990314927,54.93,-0.163
FF,-1.63,6.01,"Poteet, Cody",547001,hit_into_play,L,2,0,-0.67,1.17,0.11,2.39,5.7589722828331285,-132.96093901948404,-5.746314625747123,-9.129433918537211,25.768575336952495,-17.25399394428261,54.91,-0.324
CH,-2.16,5.79,"Poteet, Cody",547001,ball,L,1,0,-1.31,0.13,-2.09,2.86,2.748492965921537,-124.26345388390509,-0.9152301358237684,-14.203784555372716,23.162074926986413,-30.805270844132444,55.18,0.064
FF,-1.76,6.09,"Poteet, Cody",547001,ball,L,0,0,-0.85,1.38,-0.91,3.29,3.910136754681247,-133.09272144975225,-4.136543939690743,-10.95270168739412,27.237759984552717,-15.07199180876242,55.1,0.032
