pitch_type,release_pos_x,release_pos_z,player_name,pitcher,description,stand,balls,strikes,pfx_x,pfx_z,plate_x,plate_z,vx0,vy0,vz0,ax,ay,az,release_pos_y,delta_run_exp
FC,-2.41,5.72,"Santana, Dennis",642701,ball,R,3,2,-0.05,0.92,0.67,1.18,7.851860236335799,-133.1716147157666,-7.614044715492202,-2.06985004384766,25.16226280219164,-19.800433729077124,54.41,0.113
FC,-2.49,5.69,"Santana, Dennis",642701,called_strike,R,3,1,-0.01,0.96,0.69,2.06,8.054796330199482,-133.20980355085214,-5.426507836338724,-1.7249484177551706,26.092748742793933,-19.77863148773501,54.15,-0.053
FC,-2.53,5.68,"Santana, Dennis",642701,ball,R,2,1,-0.13,1.18,0.33,1.31,7.5335667180215,-134.06944843379964,-7.911339052545299,-2.937384321025665,24.53959944303863,-16.39807435678013,54.35,0.046
FF,-2.41,5.66,"Santana, Dennis",642701,ball,R,1,1,-1.02,1.17,-1.22,3.69,5.45091168814819,-139.60347297749124,-2.259992920161165,-14.51286210871394,31.84318373978864,-16.63102887665877,54.22,0.044
FC,-2.53,5.72,"Santana, Dennis",642701,ball,R,0,1,-0.29,0.87,-1.03,2.05,4.402991839310353,-133.98346007576166,-5.410917712102632,-4.349341772404864,25.28247048212896,-20.72298329448376,54.53,0.02
FC,-2.33,5.8,"Santana, Dennis",642701,called_strike,R,0,0,-0.29,0.93,0.46,1.85,7.692112454925436,-133.32309725738864,-6.165810398789863,-5.000436104826857,25.39240547689732,-19.9866828777503,54.26,-0.048
CH,-2.6,5.74,"Santana, Dennis",642701,hit_into_play,L,0,1,-1.45,0.89,-0.7,2.56,7.726909453518209,-130.05387427219478,-3.646978603307522,-18.06683421832936,30.082232671815813,-21.48563388434803,54.26,1.6
SI,-2.35,5.79,"Santana, Dennis",642701,called_strike,L,0,0,-1.41,1.16,-1.17,2.14,6.134486529584601,-136.57595391722032,-6.210856180633981,-18.95631937056463,33.622105647421485,-16.45030927208407,54.47,-0.073
FC,-2.43,5.83,"Santana, Dennis",642701,ball,L,3,0,0.05,1.0,2.05,1.79,11.27274816061696,-134.1953060754323,-6.597249645761353,-1.9367857331933505,29.94833757546467,-18.81374235649227,54.31,0.084
SI,-2.36,5.83,"Santana, Dennis",642701,ball,L,2,0,-1.39,1.1,-1.25,4.17,6.027340371316984,-138.52940900391377,-1.1007015005650544,-19.265205674733902,34.177585416489926,-18.11844382136476,54.23,0.071
CH,-2.5,5.86,"Santana, Dennis",642701,ball,L,1,0,-1.46,0.61,0.96,1.97,11.524901269162925,-129.2958803077249,-4.756004348831233,-18.869308320364997,28.070313594764176,-24.49687104368877,54.26,0.044
SI,-2.58,5.81,"Santana, Dennis",642701,ball,L,0,0,-1.49,0.78,0.1,1.14,10.206259868718114,-136.99033349254455,-8.103865135822085,-21.058868432353652,32.51278979231402,-20.612046003559875,54.36,0.027
FF,-2.28,5.78,"Santana, Dennis",642701,hit_into_play,R,0,1,-1.14,1.3,-0.95,3.16,5.962069062826172,-137.4133419788118,-3.948314519695528,-15.745867763188206,33.72552322548949,-15.066757138519057,54.45,0.144
FC,-2.43,5.75,"Santana, Dennis",642701,called_strike,R,0,0,-0.07,1.21,-0.12,3.17,6.073599351245025,-135.69335048585347,-3.514748931483333,-2.1939623884413253,28.82490961673029,-16.6668149153544,54.41,-0.015
FC,-2.34,5.79,"Santana, Dennis",642701,called_strike,R,3,2,0.19,0.91,0.41,3.35,6.540965284197189,-134.21230344956015,-2.351868532360621,0.8918969514899544,28.709657338802312,-20.863657527764737,54.45,-0.211
FC,-2.44,5.74,"Santana, Dennis",642701,called_strike,R,3,1,0.05,0.99,-0.14,3.01,5.6538852285078285,-132.92745005951008,-3.1322797219274467,-0.5346474782963848,27.68258889123104,-19.93641911637821,54.46,-0.059
FF,-2.47,5.67,"Santana, Dennis",642701,called_strike,R,3,0,-1.2,1.38,-0.72,2.33,7.234066442206377,-138.2375705087258,-6.088601679174586,-17.024333154114395,34.048026095743744,-13.36858770636933,54.45,-0.048
FC,-2.4,5.77,"Santana, Dennis",642701,ball,R,2,0,-0.09,1.19,0.99,1.2,8.761343816290402,-133.69503073394964,-8.363997847048152,-2.8282363569645503,27.059323734474223,-16.246224493785306,54.24,0.086
FF,-2.46,5.81,"Santana, Dennis",642701,ball,R,1,0,-1.07,1.35,-1.95,3.7,3.698020609033541,-138.5470578600483,-2.845053777553358,-14.551494462292547,34.53016673528875,-14.43800071460454,54.63,0.045
SL,-2.62,5.7,"Santana, Dennis",642701,ball,R,0,0,0.09,0.48,1.13,1.32,8.940269429174327,-129.0837800259117,-5.647497700227532,-0.895911142102445,26.80966249262395,-25.743786881093392,54.58,0.024
FC,-2.35,5.77,"Santana, Dennis",642701,swinging_strike,R,1,2,0.05,1.04,0.93,2.26,8.058289950007081,-131.6244704804475,-5.056156186994772,-0.9903537177802034,26.507845736167923,-19.20869291801563,54.23,-0.168
SL,-2.43,5.66,"Santana, Dennis",642701,ball,R,0,2,0.11,0.44,1.6,0.77,9.669924985283243,-130.5553658256361,-7.038338875161652,-0.7201477556202395,27.258086499805213,-25.805318395463317,54.4,0.019
SI,-2.44,5.75,"Santana, Dennis",642701,foul,R,0,2,-1.48,0.83,-0.4,2.51,8.752945363499098,-139.95808322186176,-4.877191980261936,-21.439396542426888,32.24791947477017,-20.287947170613645,54.36,0.0
FF,-2.35,5.87,"Santana, Dennis",642701,foul,R,0,2,-0.99,1.48,-0.36,3.24,7.504454268711952,-140.64774978845446,-4.802769993399812,-14.863378237101792,31.78979342941483,-11.634865291855151,54.53,0.0
SL,-2.6,5.75,"Santana, Dennis",642701,foul,R,0,1,0.35,0.09,0.52,1.84,6.883036804585613,-129.34045513739676,-3.722877780816616,2.4574103598321924,26.69078746972073,-30.63433326228055,54.46,-0.047
FC,-2.51,5.88,"Santana, Dennis",642701,swinging_strike,R,0,0,0.12,1.07,1.36,2.91,9.438673813589844,-133.0810605281588,-3.9576171439321577,-0.4257811169123646,25.757208061960096,-18.726901811874523,54.45,-0.032
SI,-2.3,5.79,"Santana, Dennis",642701,hit_into_play,R,1,1,-1.27,1.22,-0.78,2.99,6.87079348115058,-140.38340396187243,-4.594216747086757,-18.300448019903897,33.29855733496535,-15.24387969663512,54.47,0.132
SL,-2.4,5.65,"Santana, Dennis",642701,ball,R,0,1,0.2,0.09,1.46,0.52,9.084935237828333,-130.20146501712316,-6.817743570161413,0.2441952256722331,28.47712028959948,-29.86003139215624,54.24,0.011
FF,-2.23,5.8,"Santana, Dennis",642701,foul,R,0,0,-1.11,1.32,0.27,1.76,9.03527967634197,-138.27006162305648,-7.833651824581709,-16.410198852103033,33.85094780291185,-13.584947266496536,54.35,-0.015
FF,-2.28,5.74,"Santana, Dennis",642701,hit_into_play,R,2,2,-1.18,1.31,-1.04,2.85,6.007212199855677,-141.08843533553602,-5.104867656965687,-17.161791129891313,36.52073626782892,-13.703307151450776,54.35,-0.142
SI,-2.56,5.7,"Santana, Dennis",642701,foul,R,2,2,-1.42,0.78,-1.22,2.89,6.749130437090555,-140.1705324174332,-3.616940857630129,-20.21492103175645,31.95951088345053,-21.278201637737688,54.44,0.0
FF,-2.38,5.85,"Santana, Dennis",642701,foul,R,2,2,-1.02,1.33,-0.44,2.36,7.402888813768807,-140.27038169019863,-6.667446764265417,-15.183324152832755,33.58434142775697,-13.237064246836582,54.56,0.0
CH,-2.71,5.74,"Santana, Dennis",642701,foul,R,2,2,-1.44,0.93,0.39,2.38,10.779178378093349,-131.90353504231018,-4.460587276631684,-19.107519288614636,29.421739140804807,-20.465202450381547,54.3,0.0
SL,-2.52,5.7,"Santana, Dennis",642701,foul,R,2,2,0.21,0.3,0.83,1.52,7.698956873047586,-128.7389737892339,-4.765324241361547,0.7608349154761851,26.583010149381213,-27.98448535165075,54.43,0.0
FF,-2.4,5.82,"Santana, Dennis",642701,foul,R,2,2,-0.92,1.41,-1.36,2.77,4.866347321280822,-141.5260598603118,-5.811740339241094,-13.554078755289332,36.36349117924989,-12.079096075939225,54.62,0.0
SL,-2.7,5.71,"Santana, Dennis",642701,foul,R,2,1,0.24,0.04,0.15,1.92,6.364575049559956,-128.0720828795883,-3.1854458238132333,1.4209679603603491,25.14822469975384,-31.35267843297532,54.55,-0.051
SL,-2.52,5.72,"Santana, Dennis",642701,ball,R,1,1,0.23,0.31,1.93,0.6,10.56922114094878,-131.04520225327462,-7.431858283206585,0.4002731226583208,28.37581849935353,-27.143184625370104,54.09,0.037
SL,-2.37,5.7,"Santana, Dennis",642701,ball,R,0,1,0.32,0.27,1.81,2.15,9.645986836461583,-130.65247196015912,-3.403774453464726,1.7234471834816134,25.934269869271,-28.54308306968358,54.42,0.017
FF,-2.41,5.84,"Santana, Dennis",642701,foul,R,0,0,-1.04,1.26,-0.16,2.52,8.330971227028268,-140.78026865859758,-6.098018641213091,-15.856923396124891,35.36048204976241,-14.200585061460732,54.56,-0.024
FC,-2.44,5.86,"Santana, Dennis",642701,hit_into_play,L,0,1,0.26,0.87,0.72,2.03,7.182968220548631,-129.84209800883517,-5.275254029520283,1.6585985693012113,24.604464396960143,-21.466136345074496,54.32,-0.374
FC,-2.42,5.96,"Santana, Dennis",642701,foul,L,0,0,0.29,0.92,0.23,3.11,5.980436986084032,-132.51661685878878,-3.282096702201261,2.3574102934882504,24.951060012043637,-20.839700852763347,54.49,-0.073
FC,-2.4,5.85,"Santana, Dennis",642701,ball,R,3,2,0.65,0.63,-0.62,3.94,2.9891390401393285,-128.48400679158857,0.0805473396245631,6.611855287071672,24.93745238208465,-25.36512769234098,54.46,0.113
SL,-2.4,5.76,"Santana, Dennis",642701,ball,R,2,2,0.22,0.22,1.31,0.3,8.445199050843732,-126.63442701779832,-7.435472800835632,0.774090894315163,23.464911281191217,-28.51654669695715,54.27,0.064
SL,-2.53,5.76,"Santana, Dennis",642701,ball,R,1,2,0.17,0.16,2.09,0.86,10.735739122167432,-127.18358151392488,-5.991060731416273,-0.3432006030306683,25.377679094831084,-29.403875377459592,54.4,0.048
FF,-2.18,6.02,"Santana, Dennis",642701,ball,R,0,2,-0.98,1.39,-0.02,3.62,7.948180249511948,-140.80049381598835,-3.995394353698149,-14.921467653119896,33.30700704301493,-12.962992624505429,54.55,0.022
FF,-2.25,5.94,"Santana, Dennis",642701,called_strike,R,0,1,-1.02,1.41,0.0,2.02,8.145144588459553,-139.02775399152182,-7.78792066438445,-15.07849591294669,31.894514815194427,-12.338214084921214,54.62,-0.077
FC,-2.59,5.86,"Santana, Dennis",642701,called_strike,R,0,0,-0.11,1.12,-0.26,2.09,6.127841241227051,-133.7004793659263,-6.18594771693614,-2.518192267170031,25.95041042420983,-17.557276505115446,54.31,-0.048
CH,-2.58,5.9,"Santana, Dennis",642701,swinging_strike,L,1,2,-1.52,0.54,0.22,1.53,9.979439172448156,-128.91455260147373,-5.788918803896553,-18.972500191545063,24.83439161196356,-25.089605010582464,54.3,-0.244
CH,-2.76,5.83,"Santana, Dennis",642701,swinging_strike,L,1,1,-1.57,0.62,-1.25,2.58,6.790664238668378,-126.57614739892225,-2.896142366214494,-18.21694392585381,24.983106236238257,-25.15013533320559,54.44,-0.075
SI,-2.47,5.93,"Santana, Dennis",642701,blocked_ball,L,0,1,-1.3,0.83,1.26,0.67,12.687603222554458,-138.70329530736603,-10.088943540097402,-19.541862018443023,28.30144577723371,-19.37791235502652,54.41,0.021
CH,-2.55,5.85,"Santana, Dennis",642701,swinging_strike,L,0,0,-1.4,0.8,0.54,1.87,10.402615409599616,-128.09091087742394,-5.253652068232521,-17.546510822172092,25.64726692001947,-22.47621639476029,54.2,-0.047
FF,-2.35,5.85,"Santana, Dennis",642701,hit_into_play,R,1,2,-0.82,1.31,-0.52,2.46,6.581927527734265,-138.7551073670629,-6.116487463611602,-12.141457020567128,34.642872087255526,-14.043111018720705,54.64,-0.071
CH,-2.66,5.71,"Santana, Dennis",642701,foul,R,1,1,-1.32,0.46,-0.14,2.15,8.901184235179818,-128.81536471595263,-3.5701020750576906,-16.533750635746568,27.802931515941022,-26.44293696146247,54.21,-0.026
FF,-2.2,5.87,"Santana, Dennis",642701,ball,R,0,1,-0.87,1.26,1.23,2.76,10.996815931454842,-139.85181223532987,-5.481195423114725,-14.017480353867326,32.76077800643795,-14.580476693698769,54.5,0.011
FC,-2.36,5.8,"Santana, Dennis",642701,called_strike,R,0,0,0.03,0.91,-0.42,1.67,4.743074957149176,-131.30357513607726,-6.268638478606873,-0.6121858205803121,25.909910878199348,-20.540170888776665,54.53,-0.015
SL,-2.31,5.73,"Santana, Dennis",642701,hit_into_play,R,1,2,0.29,-0.07,1.11,2.14,7.569082500940272,-126.65875302362092,-2.293004835549361,1.592831559803611,25.20024584222248,-32.71671322340689,54.56,-0.157
FF,-2.31,5.85,"Santana, Dennis",642701,foul,R,1,2,-0.98,1.39,-1.16,3.87,5.288494409369052,-141.41331730489637,-2.860569302910052,-14.386814434331292,36.89849979279722,-13.237510189925596,54.56,0.0
SL,-2.38,5.81,"Santana, Dennis",642701,foul,R,1,2,0.17,0.04,-0.9,3.37,3.23613432268131,-128.75658672333495,0.0111174251048398,1.2209706941898557,26.066997241069924,-31.92124368455178,54.54,0.0
CH,-2.57,5.68,"Santana, Dennis",642701,ball,R,0,2,-1.27,0.5,0.84,-0.17,10.955836567346484,-128.8494087027031,-9.272815513363652,-16.41348501716669,26.09998090583092,-24.7626111048011,54.38,0.021
FF,-2.23,5.94,"Santana, Dennis",642701,foul,R,0,1,-0.88,1.24,-0.53,3.87,6.467984778136573,-140.82040682617298,-2.7402504532014644,-13.263467315336118,34.62893675893595,-15.319453803766091,54.71,-0.075
SL,-2.43,5.81,"Santana, Dennis",642701,foul,R,0,0,0.09,0.24,0.56,2.17,7.039413226796095,-127.90339233831426,-3.197426499413563,-0.4386207550901591,25.96928647120344,-29.130036159906517,54.31,-0.047
CH,-2.53,5.72,"Santana, Dennis",642701,hit_into_play,R,1,2,-1.27,0.73,0.55,1.4,10.174560778665793,-128.7361219295698,-5.985830304045964,-16.295761068410982,27.251102444683443,-22.965244138866915,54.17,-0.259
FC,-2.4,5.79,"Santana, Dennis",642701,called_strike,R,1,1,-0.09,0.99,0.13,1.65,6.548916499993601,-133.21109507205352,-6.772402755941577,-2.321599253769865,24.905908068117892,-19.122929858069547,54.54,-0.105
FF,-2.29,5.82,"Santana, Dennis",642701,ball,R,0,1,-1.15,1.3,0.01,0.96,8.563022604281242,-138.6908152699305,-10.006538186309086,-16.759807842154675,32.03422177244229,-13.233774013172908,54.55,0.053
FF,-2.27,5.8,"Santana, Dennis",642701,foul,R,0,0,-0.85,1.09,-0.69,2.15,6.045737673355167,-139.45795949194775,-6.423392275767062,-12.475155129392242,33.63294901608764,-16.734097751609422,54.6,-0.051
SL,-2.5,5.76,"Santana, Dennis",642701,hit_into_play,R,0,1,0.29,0.13,0.22,2.72,5.955883491516223,-127.17131186193328,-1.4477545926230229,1.9642355828219304,26.04534067210031,-30.65845665797407,54.14,0.66
FF,-2.41,5.81,"Santana, Dennis",642701,foul,R,0,0,-0.92,1.25,0.03,2.3,8.481269043091006,-139.58539406769452,-6.473580266289407,-13.933156524277807,33.25503082896893,-14.485556837274697,54.43,-0.032
CH,-2.52,5.8,"Santana, Dennis",642701,hit_into_play,L,1,1,-1.42,0.56,-0.68,2.24,7.482380226601007,-128.97719427909132,-3.784877087735533,-17.435257476808964,27.396051553419465,-25.3356286102624,54.11,-0.097
FC,-2.3,5.96,"Santana, Dennis",642701,ball,L,0,1,0.11,0.85,-0.58,3.71,4.0856272826890825,-134.13418193757758,-1.7621485663592145,0.4905189643117797,27.33951656687117,-21.74967849648801,54.75,0.011
SL,-2.54,5.8,"Santana, Dennis",642701,called_strike,L,0,0,0.82,-0.34,0.16,2.8,4.523132481883756,-120.78821834100148,0.2337999929034195,7.223986617041578,22.792872482566665,-35.77163369621299,54.83,-0.015
CH,-2.53,5.8,"Santana, Dennis",642701,called_strike,L,2,2,-1.37,0.64,-0.84,3.39,7.090919702395817,-131.27498569723434,-1.3912957498724243,-17.305589792370135,28.044181920503608,-24.685199842300207,54.33,-0.142
FC,-2.39,5.83,"Santana, Dennis",642701,foul,L,2,1,0.12,0.97,0.41,2.36,6.795230786298385,-133.3787586251627,-5.00098685190517,0.0617208399606272,27.6430546134869,-19.709701693448448,54.37,-0.051
FF,-2.38,5.87,"Santana, Dennis",642701,called_strike,L,2,0,-1.19,1.32,0.39,1.62,9.959594077877378,-139.70096181148585,-8.565908486197696,-17.972353284734226,34.44206080449612,-12.972585953009228,54.55,-0.039
CH,-2.58,5.79,"Santana, Dennis",642701,ball,L,1,0,-1.49,0.46,0.05,1.14,9.54631882117246,-129.08987092083893,-6.2659655367749565,-18.605262698945538,27.269089818228647,-25.804724769644515,54.24,0.045
FC,-2.21,5.95,"Santana, Dennis",642701,ball,L,0,0,0.12,0.9,1.19,2.05,8.336897472334098,-134.7035700838437,-6.079598612126623,-0.2834151969546971,27.822067417619667,-20.060155906992595,54.67,0.024
SL,-2.39,5.76,"Santana, Dennis",642701,hit_into_play,R,1,2,0.49,-0.57,0.39,1.85,5.439980931570194,-122.98015626644938,-1.590715934413251,3.844833017283668,25.063949456864663,-37.84767922607987,54.69,-0.151
FF,-2.4,5.82,"Santana, Dennis",642701,called_strike,R,1,1,-1.14,1.24,-0.68,1.8,7.044858138223097,-138.89585499536815,-7.608376434346454,-16.478878564119725,36.55302704934815,-14.58733862882174,54.54,-0.139
FC,-2.39,5.76,"Santana, Dennis",642701,swinging_strike,R,1,0,0.22,0.82,0.68,1.81,7.327008204875896,-134.9298939462149,-6.100313877892555,1.1782298815115924,28.033459877587585,-21.033286619377325,54.46,-0.131
FF,-2.3,5.8,"Santana, Dennis",642701,ball,R,0,0,-0.83,1.29,0.22,1.2,8.594005743585514,-141.00230065504223,-9.66265526626076,-13.078832105335922,33.901332122308695,-12.84018740262894,54.41,0.093
FF,-2.32,5.91,"Santana, Dennis",642701,hit_into_play,R,0,2,-0.89,1.35,0.54,2.58,9.543757512791515,-140.37265421965887,-6.309509048497271,-13.9852543148224,32.66189028840878,-13.00277799357988,54.65,0.997
FF,-2.39,5.87,"Santana, Dennis",642701,foul,R,0,1,-0.88,1.14,-0.38,2.8,7.269205925630308,-139.8225866740685,-5.100036516807185,-13.155755378401498,31.226294153288617,-16.280670114378,54.55,-0.047
FF,-2.29,5.85,"Santana, Dennis",642701,foul,R,0,0,-1.06,1.22,0.01,2.25,8.470735580529599,-140.12378299804283,-6.698754413387745,-15.906733948112493,33.218590516780715,-14.77580622760252,54.47,-0.032
SL,-2.5,5.77,"Santana, Dennis",642701,hit_into_play,R,1,0,0.28,0.09,-0.36,2.39,4.537461466828449,-126.3562742010792,-2.1165924480257035,2.1019986291273622,24.201060094181315,-31.030839480847646,54.57,0.968
FC,-2.45,5.87,"Santana, Dennis",642701,ball,R,0,0,-0.25,1.13,-0.94,2.6,4.334903715789714,-134.29021897359183,-5.006214996632211,-3.8227320161163942,24.84439548604896,-17.603782694286906,54.66,0.032
SL,-2.36,5.75,"Santana, Dennis",642701,hit_into_play,R,0,1,0.03,0.25,0.43,2.65,6.580907463062434,-126.4969561311292,-1.8125668977641416,-0.8485369313238413,23.42471139960032,-29.292782246913355,54.51,1.626
FC,-2.32,5.85,"Santana, Dennis",642701,foul,R,0,0,0.31,0.74,0.73,2.27,6.870225839657676,-131.007701044804,-4.451574785717795,2.146929045105102,27.459410565247403,-22.949951708987637,54.58,-0.099
FF,-2.16,5.96,"Santana, Dennis",642701,hit_by_pitch,R,0,1,-0.74,1.33,-1.06,4.08,4.538083274236897,-139.38471647780636,-2.360941276368817,-10.63688862001458,30.698465773400923,-14.46679774972844,54.61,0.412
SL,-2.51,5.8,"Santana, Dennis",642701,foul,R,0,0,0.05,0.25,-0.47,1.73,4.660874824522902,-124.75067462526738,-3.908212377685437,-0.2563639637530618,21.78294586877949,-29.016083860494856,54.67,-0.073
SL,-2.3,5.83,"Santana, Dennis",642701,hit_into_play,R,2,2,0.2,0.12,0.37,1.93,5.931969374278547,-126.16990591234578,-3.370951755212008,1.007630439329447,24.53700813184678,-30.41976903540288,54.57,-0.419
FC,-2.3,5.86,"Santana, Dennis",642701,foul,R,2,1,0.42,0.8,-1.1,2.97,2.050576212647358,-129.69704323172388,-2.824442674271597,4.386827825652564,23.331766107777423,-22.675813635816635,54.68,-0.086
FC,-2.39,5.86,"Santana, Dennis",642701,swinging_strike,R,2,0,0.26,0.84,0.66,1.64,7.010851008700185,-131.78906984077312,-6.3878676272708,1.6657935928642644,26.285005082861712,-21.19784417580877,54.63,-0.122
SL,-2.44,5.76,"Santana, Dennis",642701,ball,R,1,0,0.12,0.32,-0.99,0.81,3.1324947218238752,-124.86142626359424,-6.065236605885259,0.7037122629157688,23.77618836559009,-27.85550781591031,54.81,0.096
FC,-2.4,5.88,"Santana, Dennis",642701,ball,R,0,0,0.21,1.04,0.98,1.05,7.935421390021705,-131.23535145002677,-8.338078020729977,1.0462012558021163,22.678750104703564,-18.60233986786996,54.52,0.051
FC,-2.35,5.93,"Santana, Dennis",642701,hit_into_play,R,0,1,0.27,0.57,0.22,1.67,5.754699932969719,-131.1374757789302,-5.829737433837274,1.963950439455124,26.474509819060405,-24.52911964334253,54.62,-0.423
SL,-2.33,5.91,"Santana, Dennis",642701,called_strike,R,0,0,0.2,0.17,-0.11,2.45,4.813931338793858,-125.19920002689948,-2.296158233717317,1.1982162138784591,24.78467524726886,-30.180285621962447,54.61,-0.093
SI,-2.23,5.88,"Santana, Dennis",642701,hit_into_play,R,0,1,-1.27,0.61,0.72,1.91,10.576853528535674,-139.10829102545244,-6.240412213250499,-18.771246895532883,28.609404488544023,-22.9735296192399,54.53,0.755
SL,-2.32,5.9,"Santana, Dennis",642701,called_strike,R,0,0,0.19,0.06,-0.08,2.75,4.997396555028444,-127.84747355762188,-1.7314967977469906,1.2238024083512524,21.89890730172098,-31.440847780116872,54.69,-0.064
SI,-2.37,5.92,"Santana, Dennis",642701,hit_into_play,R,1,0,-1.36,0.78,0.1,2.73,9.4861455429137,-138.90432502671473,-4.520184309416882,-19.69053568378973,28.99220003466979,-21.28259296262949,54.64,0.378
SL,-2.43,5.82,"Santana, Dennis",642701,ball,R,0,0,0.22,0.03,2.03,0.69,10.254093973642444,-127.53456507394776,-6.337060980855781,0.3918763381910335,25.311823925904456,-30.77062041941676,54.52,0.032
FF,-2.18,5.95,"Santana, Dennis",642701,hit_into_play,R,0,0,-1.23,1.19,-0.26,2.64,7.899806085431759,-140.7232546961441,-5.972105039789802,-18.17241944444444,32.459818597487825,-15.166353610319256,54.47,-0.23
SI,-2.29,5.87,"Santana, Dennis",642701,hit_into_play,R,1,0,-1.35,1.2,-0.56,2.71,7.580810549326895,-139.53946266816047,-5.405550587908079,-19.40661879641679,33.339978390863074,-15.483823510926426,54.5,-0.342
FC,-2.3,6.0,"Santana, Dennis",642701,ball,R,0,0,0.15,0.82,-0.26,4.11,4.685514629740436,-131.43771621811328,-0.5435442243858895,0.8488989253143461,26.461789407151784,-22.743109225615505,54.74,0.044
FC,-2.29,5.76,"Santana, Dennis",642701,foul_tip,L,2,2,0.07,0.76,0.79,1.03,7.5426375933855425,-132.24239222627196,-7.592770566589055,-0.6930085346193873,26.899961762720107,-21.80085356117318,54.3,-0.434
FF,-2.29,5.78,"Santana, Dennis",642701,foul,L,2,2,-0.94,1.31,-0.18,3.12,7.698120196465694,-140.44825328879344,-4.469858706498648,-14.18627118236247,32.09715300293306,-13.99516340364045,54.49,0.0
FF,-2.33,5.71,"Santana, Dennis",642701,foul,L,2,2,-0.99,1.42,0.24,2.51,9.09053650121594,-140.42461843487249,-6.180148380475364,-15.15926391210099,31.972453881928917,-12.154935325747504,54.25,0.0
FF,-2.17,5.87,"Santana, Dennis",642701,foul,L,2,2,-0.77,1.34,0.24,2.16,8.198072308553032,-142.2826927574657,-7.545226430084928,-12.287783789962894,32.218520466155354,-12.379249498865589,54.63,0.0
FC,-2.32,5.76,"Santana, Dennis",642701,foul,L,2,1,-0.02,1.08,0.48,2.15,6.923295336192326,-130.6184850153928,-5.2014770396097285,-1.7517147249968057,28.65218663694423,-18.863334373295167,54.46,-0.162
FC,-2.28,5.75,"Santana, Dennis",642701,blocked_ball,L,1,1,0.33,0.6,1.02,0.31,7.402369033521271,-130.27462115314682,-8.680090546776084,2.2202181917516497,26.77447736206666,-23.685627283443303,54.46,0.058
FF,-2.19,5.92,"Santana, Dennis",642701,blocked_ball,L,0,1,-1.07,1.36,0.28,0.51,8.866779123652858,-139.41553945718806,-11.655734645387732,-16.005768920810997,31.763336296673973,-11.948997739226984,54.63,0.057
SL,-2.19,5.87,"Santana, Dennis",642701,called_strike,L,0,0,0.36,0.5,-0.21,3.31,4.056644505994641,-129.7810321851445,-1.3535794048304632,3.3525469472234506,24.74698391477369,-26.461372932763705,54.67,-0.073
SL,-2.45,5.64,"Santana, Dennis",642701,hit_into_play,R,3,2,0.13,0.24,0.0,1.42,5.544337595575087,-125.42587080556372,-4.214468329683141,0.1120194702407519,27.17665599716392,-28.99046376843898,54.5,0.98
SL,-2.34,5.66,"Santana, Dennis",642701,swinging_strike,R,3,1,-0.02,0.28,0.54,1.31,6.840850115273722,-125.02842890356932,-4.5523541997970005,-1.738995635745793,27.15972367330997,-28.517785165509054,54.39,-0.109
FF,-2.28,5.69,"Santana, Dennis",642701,ball,R,2,1,-1.06,1.49,0.08,1.54,8.780751009050952,-141.7813555826274,-9.056954161261334,-16.371412474300083,33.67355552298373,-10.162040745125228,54.2,0.157
FC,-2.38,5.76,"Santana, Dennis",642701,called_strike,R,2,0,0.1,0.64,-1.04,2.53,3.0641744585269297,-130.5545084236105,-3.2977764788242725,0.4852955954172926,29.93662110242973,-24.39324311002134,54.59,-0.14
SL,-2.38,5.71,"Santana, Dennis",642701,ball,R,1,0,0.37,-0.08,0.74,1.11,6.486875284140496,-122.76337011001128,-4.1553758197810575,2.447280308264069,24.608431231848183,-32.314500122663084,54.51,0.087
FF,-2.21,5.83,"Santana, Dennis",642701,ball,R,0,0,-0.94,1.3,-0.42,3.74,6.979038026907415,-142.9295617889181,-3.209021151563137,-14.5433998532759,32.26707607038453,-13.740557179121746,54.44,0.056
FC,-2.17,5.66,"Santana, Dennis",642701,hit_into_play,L,1,1,-0.02,0.42,-0.31,2.27,4.683238978592776,-131.96129427240388,-3.413510462556591,-1.3317864658901315,29.60710382975409,-26.73816125945157,54.34,-0.097
FF,-2.19,5.77,"Santana, Dennis",642701,foul,L,1,0,-0.82,1.36,-0.19,3.49,7.101731881229408,-138.97147000083805,-3.4227701287999754,-12.225189930553125,32.214279931692595,-13.953795984964382,54.21,-0.019
SL,-2.22,5.65,"Santana, Dennis",642701,ball,L,0,0,0.71,0.51,-2.14,4.09,-1.22966212646454,-123.78236304511331,1.6377801594795451,7.5313706651132115,25.285479688154066,-27.49328631574816,54.34,0.016
FF,-2.17,5.67,"Santana, Dennis",642701,swinging_strike,R,3,2,-0.59,1.42,0.23,2.92,7.688181958854049,-139.5825643577367,-4.866475161031256,-9.470081393486526,32.69821704474204,-12.733989357181803,54.12,-0.211
SL,-2.26,5.63,"Santana, Dennis",642701,ball,R,2,2,0.73,0.28,1.84,1.69,8.191364636413388,-124.180237615595,-3.513913985253498,5.857602060949096,25.34977800342395,-28.80380623806406,54.09,0.069
FF,-2.0,5.74,"Santana, Dennis",642701,ball,R,1,2,-0.47,1.12,1.97,2.63,11.59217619839226,-140.15597672316602,-5.235278917450644,-8.802338745495232,31.365900823665488,-16.335751655952045,54.23,0.026
SL,-2.31,5.61,"Santana, Dennis",642701,foul,R,1,2,0.16,0.13,1.26,1.11,8.319392849872928,-128.2770090299193,-5.055545035155618,-0.1388496147790715,29.370661201392743,-29.754658532138716,54.33,0.0
SL,-2.14,5.64,"Santana, Dennis",642701,ball,R,0,2,0.38,-0.22,1.46,1.59,7.878956157934387,-127.17196117484322,-3.0242912597417666,2.134000189185743,30.9795290864194,-34.02493658929527,54.31,0.013
FF,-2.12,5.79,"Santana, Dennis",642701,called_strike,R,0,1,-0.84,1.48,0.7,2.87,9.350220382412031,-139.96902399961905,-5.4386442731270055,-13.264366533736926,35.8438461863919,-11.675921962686562,54.39,-0.035
FF,-2.01,5.78,"Santana, Dennis",642701,foul,R,0,0,-0.82,1.37,0.22,1.68,7.704575263810476,-139.4650384444174,-8.240674934688677,-12.514876598507024,35.16356492149152,-12.56073016492578,54.33,-0.024
FF,-2.21,5.78,"Santana, Dennis",642701,hit_into_play,L,1,2,-0.81,1.55,0.25,3.25,8.348941893995578,-139.98618243395973,-4.545477507193547,-12.766350949159982,37.331726409491125,-11.13189883214182,54.33,-0.168
FC,-2.12,5.76,"Santana, Dennis",642701,swinging_strike,L,1,1,0.2,0.94,0.66,1.32,6.590161788689548,-133.92964056638775,-7.455069924304214,1.0401049941093854,28.81881627448654,-19.4356571866007,54.38,-0.049
CH,-2.43,5.69,"Santana, Dennis",642701,ball,L,0,1,-1.61,0.8,-0.54,0.76,8.178512552837763,-132.5279197483874,-8.155801234752396,-20.694776578644213,30.36115058996641,-21.11106393582625,54.28,0.021
FF,-2.14,5.79,"Santana, Dennis",642701,swinging_strike,L,0,0,-0.96,1.49,0.14,1.97,8.231951188388583,-140.56450121345597,-7.913953508738592,-14.696990751590144,36.60735184944091,-10.75076075380118,54.34,-0.032
SL,-2.28,5.65,"Santana, Dennis",642701,hit_into_play,R,1,2,0.56,0.05,0.25,1.92,4.791491450955698,-123.2109831405131,-2.399852244517389,4.686505725876516,25.91198936626182,-31.433945524986346,54.3,-0.49
SL,-2.32,5.62,"Santana, Dennis",642701,blocked_ball,R,0,2,0.34,0.04,0.85,-0.17,6.824131027612365,-124.95287487189655,-7.490485968959382,2.056614991424669,27.477485517018103,-30.31446556220786,54.09,0.042
SL,-2.38,5.7,"Santana, Dennis",642701,swinging_strike,R,0,1,0.23,0.16,0.84,0.71,7.130562113763042,-124.41248958474948,-5.766146853787575,0.813120521426849,26.91997337975114,-29.457983998516298,54.27,-0.079
SL,-2.37,5.66,"Santana, Dennis",642701,swinging_strike,R,0,0,0.3,0.2,0.3,1.37,5.7441351658224935,-125.73212432023088,-4.401698055621665,2.0139403760303147,26.129784578250355,-29.326443274935144,54.08,-0.083
FF,-2.24,5.76,"Santana, Dennis",642701,hit_into_play,R,2,2,-0.62,1.38,-0.4,3.2,6.262457281769374,-139.6566998459358,-4.251598386617898,-9.602085054353273,33.30783234832961,-13.335824185052369,54.27,-0.39
SL,-2.27,5.73,"Santana, Dennis",642701,foul,R,2,2,0.45,0.4,0.31,1.54,5.228109981801603,-126.18954136625972,-4.540750904010544,3.586146665210215,29.382874152846693,-27.146320788566108,54.29,0.0
SL,-2.35,5.64,"Santana, Dennis",642701,blocked_ball,R,1,2,0.21,0.29,0.71,0.45,6.900408426181937,-126.88879929116314,-6.895529806851407,0.8792064304960027,26.177790316562916,-27.82707248034496,54.37,0.066
SL,-2.49,5.69,"Santana, Dennis",642701,blocked_ball,R,0,2,-0.03,0.29,0.87,0.72,8.15988644661788,-127.14794917699288,-6.307724304194574,-2.2925598743900206,30.6496107906978,-27.776472108362046,54.2,0.058
FF,-2.24,5.85,"Santana, Dennis",642701,foul,R,0,1,-0.69,1.51,0.53,2.23,8.844064813046897,-139.77077430951044,-7.338206142677596,-11.14465560575858,35.021276373947515,-10.867634094141906,54.38,-0.157
FF,-2.24,5.81,"Santana, Dennis",642701,called_strike,R,0,0,-0.77,1.48,0.4,2.57,8.764823387616548,-140.3766386307579,-6.335580549283696,-12.37395302554871,36.74741769539499,-11.312308479377212,54.33,-0.093
SI,-2.32,5.87,"Santana, Dennis",642701,hit_into_play,R,0,0,-1.43,0.89,-0.26,1.62,8.511454163837096,-137.9660426562321,-7.434448446487676,-20.089478957740702,29.84370277092507,-19.356315978873948,54.45,-0.337
CH,-2.66,5.79,"Santana, Dennis",642701,hit_into_play,L,2,2,-1.36,0.49,-0.65,1.17,7.613878810068581,-126.4418889905795,-5.944576457372194,-16.154699063927662,24.20582956371065,-25.86521234940377,54.15,-0.266
FC,-2.37,5.98,"Santana, Dennis",642701,foul,L,2,2,0.07,1.11,1.42,1.92,9.344939273683469,-132.98015036193684,-6.757143502289623,-1.062097499750415,27.02670682782604,-17.669516183398546,54.49,0.0
FF,-2.36,5.92,"Santana, Dennis",642701,foul,L,2,2,-0.72,1.48,0.39,2.88,8.831990294118862,-138.79997229122213,-5.634842566238998,-11.44152977004352,33.50201995729715,-11.92981328617854,54.47,0.0
FF,-2.46,5.92,"Santana, Dennis",642701,foul,L,2,1,-0.7,1.49,0.54,2.85,9.371802924997148,-137.36612537756133,-5.640078052543854,-10.971139445523448,30.762611419398883,-12.18137816266984,54.17,-0.074
SI,-2.34,5.85,"Santana, Dennis",642701,swinging_strike,L,2,0,-1.27,0.88,-0.63,2.79,7.349339620232469,-138.58850198793337,-4.38525784200476,-18.0251666822874,30.53320578003665,-19.99428156621782,54.26,-0.064
FC,-2.47,5.92,"Santana, Dennis",642701,ball,L,1,0,-0.05,1.0,-1.5,1.89,2.479027551118887,-130.13178875643266,-6.06381100915616,-1.021944923526997,24.08898066913552,-19.796842089344857,54.47,0.066
FF,-2.54,5.98,"Santana, Dennis",642701,ball,L,0,0,-0.72,1.45,-1.43,2.39,4.516076793677774,-138.26696082547323,-6.967912298418531,-10.308172495770677,31.54884423840897,-12.150283004612724,54.56,0.044
SL,-2.52,5.83,"Santana, Dennis",642701,hit_into_play,R,2,0,0.39,0.1,-0.36,2.24,4.313485908248943,-125.054567546341,-2.518852729367816,3.3651571052379543,23.048818242235157,-30.83193485458579,54.38,0.588
FC,-2.36,5.92,"Santana, Dennis",642701,ball,R,1,0,0.18,1.07,-0.92,2.21,3.272033321410133,-134.08713926714958,-5.942188573728519,1.5064024242431573,26.22579519457745,-18.15482416591099,54.51,0.059
FF,-2.39,5.9,"Santana, Dennis",642701,ball,R,0,0,-0.98,1.47,-0.69,3.79,6.694196356996398,-139.97330115813537,-3.277626083279684,-14.403158426194093,35.028820688032475,-12.38072738591701,54.53,0.036
SI,-2.51,5.95,"Santana, Dennis",642701,hit_into_play,L,0,1,-1.28,0.84,-0.03,2.16,9.322344596989495,-138.59558554614276,-6.165339983369603,-18.576455719450816,32.078233787357696,-20.04098890731032,54.5,-0.312
FF,-2.44,5.99,"Santana, Dennis",642701,swinging_strike,L,0,0,-0.91,1.24,0.19,3.79,8.910264514936134,-138.66066644586326,-2.887266520701218,-13.727735943836432,31.63539646588213,-15.743663294138385,54.47,-0.051
SL,-2.44,5.88,"Santana, Dennis",642701,hit_into_play,R,1,0,0.34,0.31,0.27,2.49,5.873741246404975,-127.8227280654588,-2.789302994676657,2.586295167894669,24.64723574427746,-28.415454190538856,54.11,0.596
FC,-2.45,5.95,"Santana, Dennis",642701,ball,R,0,0,0.16,0.94,0.27,3.82,6.582305199626737,-135.25846238900942,-1.7767975967249532,0.6799544907766524,26.19839974554433,-20.37791654277721,54.45,0.032
SI,-2.32,5.89,"Santana, Dennis",642701,hit_into_play,R,1,0,-1.25,0.76,-0.47,2.27,7.689760575408121,-139.84454900647853,-5.723397581840024,-18.06518232564553,29.274693771970348,-21.151863080688628,54.45,0.968
SI,-2.39,5.93,"Santana, Dennis",642701,ball,R,0,0,-1.46,0.71,-0.46,3.76,8.382520651857398,-139.7340913076799,-1.760247966306281,-20.96614601431238,30.885389261069456,-22.64875714252018,54.41,0.032
SL,-2.73,5.7,"Santana, Dennis",642701,hit_into_play,R,0,1,0.35,0.02,-1.27,2.07,2.7886561118168225,-127.22235015768892,-2.670057893384989,3.2380220916769265,24.850811572431663,-31.59926825260497,54.53,-0.085
FC,-2.6,5.85,"Santana, Dennis",642701,foul,R,0,0,0.0,0.73,0.03,2.26,6.606445341935199,-133.2089463751392,-4.7671992547669975,-1.435406326326917,27.75585437903078,-22.661342822777872,54.64,-0.015
SL,-2.55,5.78,"Santana, Dennis",642701,hit_into_play,R,0,1,0.27,-0.05,0.65,1.88,7.182013399238973,-127.9598304328767,-3.20682103837382,1.3385533330734214,28.23984216083505,-32.181864812462784,54.4,-0.139
FF,-2.14,5.96,"Santana, Dennis",642701,swinging_strike,R,0,0,-0.92,1.36,-1.01,3.69,5.11444608389374,-141.89903306749707,-3.63795485009298,-13.68795315102364,36.03988443396019,-13.211666767317793,54.61,-0.024
CH,-2.93,5.76,"Santana, Dennis",642701,hit_into_play,L,0,1,-1.49,0.8,-0.94,2.9,8.28552424277988,-133.70441469100177,-3.0901525120781885,-19.71475244182625,31.16771670900332,-22.082338629144523,54.17,-0.196
FF,-2.31,5.97,"Santana, Dennis",642701,foul,L,0,0,-1.05,1.53,0.04,2.6,8.599426639031945,-140.72622536840322,-6.822057786524092,-15.989375987456436,36.90950901558375,-10.495237333041796,54.44,-0.032
SL,-2.32,5.74,"Santana, Dennis",642701,hit_into_play,R,3,2,0.21,0.17,0.89,2.29,7.168437250889275,-125.75727662757838,-2.3350207531232,0.7541686029215872,26.63241684022007,-30.04990878378533,54.5,0.942
SL,-2.19,5.74,"Santana, Dennis",642701,blocked_ball,R,2,2,0.18,0.0,2.1,0.26,9.864522290234024,-126.536839888337,-6.914428952125768,-0.1382900878287102,26.65368459491311,-30.837377281287207,54.51,0.115
CH,-2.43,5.68,"Santana, Dennis",642701,called_strike,R,2,1,-1.39,0.98,0.37,1.61,9.860734952011946,-130.43740809675316,-6.077279042800834,-18.097974660191817,30.63885057062163,-19.7967470627294,54.3,-0.105
FC,-2.27,5.78,"Santana, Dennis",642701,called_strike,R,2,0,0.2,0.75,-0.43,1.97,4.199332043968367,-132.64201174759518,-5.30284429016956,1.5282359093142337,28.149348523045607,-22.436333399012728,54.09,-0.057
SL,-2.26,5.75,"Santana, Dennis",642701,ball,R,1,0,0.06,-0.12,1.75,1.21,9.440628026248728,-126.34711076812728,-4.417049620051251,-1.3094770662782562,26.534314615244146,-32.693314514724456,54.32,0.059
SL,-2.26,5.75,"Santana, Dennis",642701,ball,R,0,0,0.24,0.07,1.04,1.1,7.417315217242124,-126.29399540775152,-5.072809108865825,0.9844653074348962,26.529227621942383,-30.53349902439588,54.19,0.036
SI,-2.26,5.79,"Santana, Dennis",642701,hit_into_play,R,2,0,-1.5,0.91,-0.04,2.0,9.124310069305052,-138.94036328995287,-6.324654657827641,-21.486588231244404,34.26671425821014,-19.046972713763186,54.58,0.894
SL,-2.28,5.73,"Santana, Dennis",642701,ball,R,1,0,0.27,-0.08,0.9,0.73,7.066425858136908,-126.4381555394455,-5.592197582618927,1.3478150969893343,27.898981998653365,-32.005264327988634,54.23,0.059
SI,-2.05,5.74,"Santana, Dennis",642701,ball,R,0,0,-1.68,0.94,1.52,1.29,13.284760639907558,-140.82423661031996,-8.42286256425094,-25.392396870430037,33.867296849371144,-17.77795612906161,54.42,0.036
SI,-2.14,5.79,"Santana, Dennis",642701,hit_into_play,R,0,1,-1.63,0.97,-0.28,2.37,8.670486452354018,-141.35013385411918,-5.79670246875624,-23.879867651326183,34.08674836964081,-17.964015778842978,54.5,-0.472
FC,-2.2,5.84,"Santana, Dennis",642701,called_strike,R,0,0,-0.05,1.05,-0.6,2.17,4.177789049611889,-134.9215024333446,-5.876369337645212,-1.519416585572817,27.48986712824554,-18.31767275374893,54.49,-0.064
SI,-2.34,5.82,"Santana, Dennis",642701,ball,L,3,2,-1.5,1.0,0.11,0.01,9.72987023824762,-138.41560196791607,-11.747172243022275,-21.424158096403,31.639210370652844,-16.694069414739864,54.57,0.343
CH,-2.24,5.8,"Santana, Dennis",642701,ball,L,2,2,-1.58,1.09,0.83,-0.15,10.98366592908365,-131.66424166454968,-11.186119329971651,-20.732874707321017,29.84543214025453,-17.074008668392114,54.36,0.093
CH,-2.33,5.76,"Santana, Dennis",642701,ball,L,1,2,-1.43,0.99,0.33,1.28,9.607390287783405,-130.61323425045148,-7.213306661531121,-18.446460154568975,28.578634063514837,-19.39225188756003,54.25,0.036
FC,-2.17,5.9,"Santana, Dennis",642701,foul,L,1,1,0.02,1.02,0.5,2.27,6.647268299114981,-133.32269587660068,-5.5156896540926095,-1.0954129930351555,26.731300452977845,-18.99990593798082,54.56,-0.049
CH,-2.29,5.78,"Santana, Dennis",642701,ball,L,0,1,-1.67,0.73,-0.18,1.44,8.75238466269691,-131.7769584077836,-6.397258363767387,-21.37176123526898,30.23357465340249,-22.397836250583897,54.63,0.021
FC,-2.18,5.94,"Santana, Dennis",642701,foul,L,0,0,-0.03,1.09,1.02,3.29,8.179477886515112,-134.87801938656025,-3.3096841863640543,-2.2349171691136944,29.884463182220365,-18.3122952976102,54.73,-0.032
FC,-2.14,5.85,"Santana, Dennis",642701,swinging_strike,R,2,2,0.36,0.69,1.52,2.49,8.32056228981894,-131.82989723745288,-3.932280807792088,2.400799858789628,27.692001981908295,-23.44873863128069,54.53,-0.242
SL,-2.18,5.74,"Santana, Dennis",642701,foul,R,2,2,0.18,-0.12,0.51,0.87,6.095588068062486,-127.73682126857145,-5.407382426114393,0.7552409630369145,26.177045604466414,-32.52147481045327,54.43,0.0
SL,-2.06,5.77,"Santana, Dennis",642701,ball,R,1,2,0.1,-0.04,1.49,0.93,8.319508759752422,-126.91679739701516,-5.413538369933451,-0.595804000192992,26.042998964233966,-31.62711652767233,54.19,0.032
SI,-2.15,5.79,"Santana, Dennis",642701,called_strike,R,1,1,-1.51,1.0,0.25,1.72,9.761718069113805,-140.66451249577753,-7.523297579846716,-22.28228666316455,33.63190390658403,-17.29738711253328,54.5,-0.087
FC,-2.24,5.95,"Santana, Dennis",642701,swinging_strike,R,1,0,0.15,1.04,1.16,2.16,8.22313982911967,-134.15859461926797,-6.079721887349308,0.1813196806393542,27.64590896414528,-18.415382414714927,54.62,-0.054
SI,-2.08,5.87,"Santana, Dennis",642701,ball,R,0,0,-1.54,0.96,1.3,1.87,12.44084107682604,-140.53688519932666,-7.25060607372933,-23.277399376322368,33.40522119429977,-17.82203380205697,54.5,0.035
SI,-2.28,5.89,"Santana, Dennis",642701,hit_into_play,L,0,0,-1.64,0.89,0.02,1.78,9.70747369340569,-139.43714647085002,-7.2141517341341315,-23.5653291024037,32.33911801642896,-19.063382413239665,54.6,-0.327
FC,-2.26,5.82,"Santana, Dennis",642701,hit_into_play,R,1,0,-0.02,0.87,0.23,2.23,6.222489537885663,-131.47317789822316,-4.843071783394638,-1.5063035727764726,26.851003504349464,-21.227929843603786,54.37,-0.256
SI,-2.15,5.8,"Santana, Dennis",642701,ball,R,0,0,-1.6,0.67,-1.77,2.33,4.657767168866378,-140.8263357429154,-5.139488392890578,-22.326340751038536,36.52739855027316,-22.298501226684213,54.43,0.027
SI,-2.13,5.83,"Santana, Dennis",642701,hit_into_play,R,2,1,-1.4,0.68,-0.03,2.1,8.579340645518686,-137.3639405375489,-5.487309903907673,-19.69973275040009,32.472961328048655,-22.433364404325623,54.36,0.11
SL,-2.07,5.83,"Santana, Dennis",642701,ball,R,1,1,0.17,-0.1,0.59,1.33,5.992946513332946,-126.26141833392636,-4.318051938109961,0.567628421426703,26.776903983000427,-32.55730310427169,54.52,0.023
SI,-2.0,5.93,"Santana, Dennis",642701,ball,R,0,1,-1.52,0.79,0.99,2.45,11.370543301894,-140.65442623105034,-5.475498231804291,-22.911414886408625,35.1595006454548,-20.50499025426585,54.46,0.011
SI,-1.96,5.89,"Santana, Dennis",642701,called_strike,R,0,0,-1.53,0.81,-0.35,2.06,7.674794192087309,-139.88807241894537,-6.355742067905893,-21.774241077536573,33.329654364808775,-20.25274378673887,54.53,-0.015
FF,-2.15,6.01,"Santana, Dennis",642701,ball,L,0,2,-1.12,1.32,0.85,2.25,10.414813193211446,-139.8963567470091,-7.339918900603035,-17.10225229430358,31.4572874204838,-13.233708128817517,54.54,0.013
CH,-2.24,5.85,"Santana, Dennis",642701,called_strike,L,0,1,-1.4,0.66,-0.02,2.57,8.426713986959712,-130.52943439920446,-3.504846835561395,-17.78482688573609,27.158239773265525,-24.09975023117248,54.41,-0.035
FC,-2.08,5.99,"Santana, Dennis",642701,foul,L,0,0,0.05,1.11,0.51,2.39,6.545727505526859,-136.48520475305745,-6.002731917709808,-0.8336211728625345,30.308667649386884,-17.21407055915231,54.39,-0.024
SL,-2.22,5.92,"Santana, Dennis",642701,hit_into_play,R,0,1,0.22,0.01,0.3,2.05,5.514083781128305,-125.8061743144412,-2.962552407868931,1.1503292406519563,27.229518361562533,-31.63900302818245,54.56,-0.196
SI,-2.27,5.91,"Santana, Dennis",642701,called_strike,R,0,0,-1.54,0.88,-0.24,1.96,8.652990438008205,-137.7565400367667,-6.510340377759139,-21.54601217546761,33.68419812737107,-19.596919260105995,54.62,-0.032
CH,-2.4,5.76,"Santana, Dennis",642701,swinging_strike,L,1,2,-1.34,0.75,-0.76,1.7,6.722784599452439,-127.27187475575356,-5.141288810461384,-15.966431005474456,28.376639642274316,-23.13246537193584,54.22,-0.169
CH,-2.36,5.77,"Santana, Dennis",642701,foul,L,1,2,-1.32,0.54,-0.57,1.38,7.142927943978934,-129.38684538155815,-5.881723989003331,-16.338000808241265,25.82715092276745,-25.12169233951516,54.3,0.0
FC,-2.13,5.86,"Santana, Dennis",642701,foul,L,1,2,0.08,0.94,0.45,2.41,6.247562801969028,-131.48486155333305,-4.67059310613648,-0.2853791908349106,25.947471297414506,-20.45868603297916,54.28,0.0
CH,-2.37,5.71,"Santana, Dennis",642701,blocked_ball,L,0,2,-1.44,0.84,-0.44,0.39,7.834129619949907,-130.44105089166845,-8.908010945393169,-18.13140346533412,29.74232824892313,-20.757366592879887,54.15,0.026
SI,-2.23,5.78,"Santana, Dennis",642701,called_strike,L,0,1,-1.55,0.89,0.51,2.36,10.566183818238349,-137.31405592052363,-5.148181571759698,-22.07316555430015,33.05320115689634,-19.94966252446669,54.27,-0.045
CH,-2.31,5.89,"Santana, Dennis",642701,called_strike,L,0,0,-1.24,0.67,-0.82,2.03,6.237166136272979,-128.64550869236405,-4.72740809412375,-15.123114355182432,27.574238656929538,-23.926236180553136,54.24,-0.042
SL,-2.17,5.86,"Santana, Dennis",642701,hit_into_play,R,1,1,0.18,0.81,0.22,2.34,5.415622760137489,-128.48055485615274,-4.178664864093808,0.9214839716343493,25.575664188844257,-22.53148900746641,54.46,-0.287
SL,-2.19,5.75,"Santana, Dennis",642701,ball,R,0,1,0.21,-0.06,0.59,1.76,6.116463482176752,-124.35565334152471,-3.0452078014501334,1.0185584214380972,23.03597433074801,-32.442595759284934,54.19,0.031
SL,-2.31,5.88,"Santana, Dennis",642701,called_strike,R,0,0,0.49,0.13,0.01,2.61,4.436655754037239,-123.53440513992663,-1.6292270961905313,4.273574406930185,22.797690642777017,-30.772887452943102,54.28,-0.042
SI,-2.44,5.84,"Santana, Dennis",642701,hit_into_play,R,2,1,-1.59,0.75,-1.26,2.69,6.6071985384033,-137.61397700048676,-4.119068100358237,-21.66159075266644,34.52666702967683,-21.92551616505977,54.41,0.236
FC,-2.3,5.83,"Santana, Dennis",642701,ball,R,1,1,-0.08,1.02,0.37,1.52,6.856825701123505,-132.65763177865455,-7.0965597027698335,-2.424808859371212,28.38069265124276,-18.7754943847295,54.38,0.037
SL,-2.33,5.8,"Santana, Dennis",642701,called_strike,R,1,0,0.37,0.14,-0.54,2.05,3.492705927628289,-124.86890263838262,-2.889460704708872,3.1540324600726755,24.65966440670228,-30.32234221990633,54.34,-0.031
SI,-2.33,5.91,"Santana, Dennis",642701,ball,R,0,0,-1.5,1.03,-0.59,3.81,7.804403058580372,-137.07517849758025,-1.9675747206562595,-20.620108096771403,34.35037667054118,-19.0054340525116,54.51,0.024
CH,-2.5,5.8,"Santana, Dennis",642701,swinging_strike,L,1,2,-1.68,0.9,-1.04,1.63,7.028412635592658,-128.1320107339957,-5.790390436730846,-19.986939433098662,30.513899620039613,-21.239212535760966,54.3,-0.168
SI,-2.33,5.84,"Santana, Dennis",642701,foul_tip,L,1,1,-1.54,0.95,-0.21,2.33,8.937453026826745,-137.3406594999165,-5.462407835465603,-21.59763052567048,35.26189730555584,-19.03017303278919,54.33,-0.049
CH,-2.48,5.93,"Santana, Dennis",642701,ball,L,0,1,-1.63,0.75,-0.81,3.69,7.344739814009197,-126.88604908224674,-0.6535622919072683,-19.11262383868937,30.590317711801493,-24.2503398051938,54.29,0.021
SI,-2.37,5.94,"Santana, Dennis",642701,called_strike,L,0,0,-1.42,0.98,-0.31,3.13,8.43784987979695,-136.27057776717808,-3.602577933801057,-19.63453583817392,32.9912963201118,-19.418390073517152,54.37,-0.032
SL,-2.17,5.79,"Santana, Dennis",642701,hit_into_play,R,2,2,0.27,-0.02,0.49,2.02,5.761345053013852,-125.03400418703576,-2.630684327699926,1.6185287730905655,25.465940805224463,-32.02745403151156,54.37,-0.2
FC,-2.25,5.8,"Santana, Dennis",642701,foul,R,2,1,-0.01,1.09,-0.12,2.16,5.312668228777394,-131.49501181789134,-5.45029411643354,-1.1636442258917017,26.809487335898933,-18.56484520746619,54.39,-0.067
SI,-2.23,5.74,"Santana, Dennis",642701,ball,R,1,1,-1.44,0.92,-1.17,1.84,5.961853046568678,-137.96437634502533,-6.528384184390193,-19.66859220061515,33.96830326021385,-19.06670292316629,54.26,0.049
SL,-2.2,5.79,"Santana, Dennis",642701,ball,R,0,1,0.18,0.12,0.05,1.03,4.941366329433529,-124.57597854608652,-5.181350634914237,0.8377362566346419,25.188007788174502,-30.122561404462324,54.27,0.03
SI,-2.03,5.84,"Santana, Dennis",642701,foul,R,0,0,-1.56,0.94,-0.65,2.27,7.006751465823172,-136.31158027461802,-5.556298625393152,-20.97150162944228,31.36987060536256,-19.433300810262853,54.24,-0.042
SI,-1.99,5.81,"Santana, Dennis",642701,ball,L,3,2,-1.42,0.99,-1.18,3.09,5.252579337992708,-137.93589969112944,-3.626211112075125,-19.247146558544507,31.010135907378174,-18.956572550603827,54.53,0.1
FF,-1.96,5.87,"Santana, Dennis",642701,ball,L,2,2,-1.08,1.4,1.3,2.08,10.763390481871696,-135.59347500181548,-7.055696090670366,-15.7524711118525,30.81928350747551,-13.457216098059906,54.17,0.043
SL,-2.06,5.83,"Santana, Dennis",642701,ball,L,1,2,0.24,0.16,1.48,1.11,8.022584242526513,-126.78128192695758,-5.621550237881016,1.2636855555993105,21.58943832544365,-29.577941893768365,54.18,0.018
SL,-2.18,5.8,"Santana, Dennis",642701,swinging_strike,L,1,1,0.29,0.28,0.18,1.81,5.018855799705379,-125.37903537821455,-3.9056154315107774,2.272755860418998,21.284661962264988,-28.734557312776964,54.24,-0.026
CH,-2.13,5.77,"Santana, Dennis",642701,ball,L,0,1,-1.62,0.92,0.36,0.88,9.72753159937772,-131.88862938331545,-8.269203408920616,-21.053507962841927,29.712958730315385,-19.736208183863443,54.02,0.011
SI,-2.03,5.9,"Santana, Dennis",642701,called_strike,L,0,0,-1.51,0.9,0.66,2.36,10.39120847925217,-138.83169682615184,-5.667572873794955,-21.811529463238905,30.949480653979307,-19.399718184720943,54.53,-0.015
SI,-2.06,5.86,"Santana, Dennis",642701,hit_into_play,R,0,0,-1.44,0.77,-0.44,2.96,7.491034825077243,-139.61831332925868,-3.793526001621215,-20.50478962429169,31.96179658186066,-21.435715055880525,54.54,-0.163
SI,-2.01,5.91,"Santana, Dennis",642701,hit_into_play,R,1,2,-1.42,0.68,0.15,3.09,8.875604244742306,-140.0740169708949,-3.448897388355602,-20.64524576038633,31.06502825651588,-22.655883188968662,54.46,-0.168
SL,-2.14,5.78,"Santana, Dennis",642701,foul,R,1,2,0.15,-0.01,-1.16,2.27,2.0425526399148715,-126.10007240396456,-2.163564981627987,1.1891580262404904,24.534279894567835,-32.10581524868628,54.49,0.0
SL,-2.16,5.78,"Santana, Dennis",642701,ball,R,0,2,0.15,0.12,2.73,0.37,11.41572345612923,-126.37185475140204,-7.018849219165004,-0.7583341488961567,26.2589459443584,-29.49770782378544,54.18,0.019
SL,-2.17,5.77,"Santana, Dennis",642701,swinging_strike,R,0,1,0.02,0.1,1.41,1.34,8.484608930997991,-125.3913716808486,-4.482526778867545,-1.5914842156003652,26.064218370772767,-30.322309812125503,54.16,-0.047
SI,-2.1,5.79,"Santana, Dennis",642701,called_strike,R,0,0,-1.65,0.44,0.06,2.97,9.269407800426702,-137.26630308230386,-2.566270575387388,-22.914623360832064,33.64340525122479,-26.228342691743293,54.29,-0.032
SI,-2.28,5.8,"Santana, Dennis",642701,hit_into_play,L,0,0,-1.37,0.92,-0.56,2.51,7.584835486097425,-138.97646694310646,-5.10909758095357,-19.48000826203795,31.429519366545943,-19.23271854479993,54.43,-0.1
FF,-2.22,5.88,"Santana, Dennis",642701,hit_into_play,R,0,2,-0.82,1.51,0.47,3.37,8.891110280358742,-139.0473869383868,-4.346770802184521,-12.770405852815138,33.68362890041857,-11.825552595346636,54.5,-0.104
SL,-2.4,5.65,"Santana, Dennis",642701,foul_tip,R,0,1,0.24,-0.02,0.37,2.25,6.140607601552201,-126.4526963004784,-1.9028954544892316,1.3319809241639324,26.09604071734429,-32.211911575349674,54.26,-0.035
FC,-2.48,5.86,"Santana, Dennis",642701,called_strike,R,0,0,0.43,0.71,0.4,3.01,6.272971404712536,-132.2600020549503,-2.6941358348779194,3.643230350086048,29.32204391629816,-23.53190537218589,54.42,-0.024
SL,-2.61,5.69,"Santana, Dennis",642701,hit_into_play,L,1,1,0.24,0.1,-0.63,3.04,4.181639646952375,-124.97037165611344,-0.2533951884250049,1.7169526846800864,24.54613283950802,-31.286741537126023,54.39,-0.216
SI,-2.62,5.71,"Santana, Dennis",642701,foul,L,1,0,-1.45,0.82,0.01,2.34,9.98660974206211,-136.3159023799571,-4.804865417386019,-20.312262019875284,30.1281119268402,-20.99546201062447,54.27,-0.044
SI,-2.52,5.82,"Santana, Dennis",642701,ball,L,0,0,-1.34,1.07,0.31,3.43,10.56885025741461,-140.75466867570708,-3.231265273687124,-20.226079947503603,31.9940869221945,-17.438130281725492,54.42,0.032
SI,-2.36,5.75,"Santana, Dennis",642701,hit_into_play,R,1,1,-1.32,0.89,-0.55,2.8,7.665641473906027,-137.96320733579543,-4.014331347792529,-18.583685198194136,31.026067558341065,-20.12572931150925,54.39,-0.217
SL,-2.44,5.79,"Santana, Dennis",642701,ball,R,0,1,0.22,0.25,1.97,1.3,10.262572970199946,-127.9840341738194,-5.33730772325121,0.4494050219987684,24.732918185948627,-28.560223303259185,54.15,0.03
FC,-2.47,5.78,"Santana, Dennis",642701,swinging_strike,R,0,0,0.12,0.75,-0.09,1.68,5.723809554537407,-132.95545043279617,-6.111861137703294,0.2994382379970707,25.55316779717171,-22.154408358465652,54.36,-0.042
SL,-2.5,5.6,"Santana, Dennis",642701,swinging_strike,R,2,2,0.02,-0.05,0.77,0.95,7.5791937724822525,-122.93055807327802,-4.40237488670078,-1.2927907439714632,23.68796987434059,-32.01366806764353,54.27,-0.284
FF,-2.54,5.54,"Santana, Dennis",642701,blocked_ball,R,1,2,-1.19,1.13,0.29,0.67,9.9649941596675,-137.65593000907677,-9.448489991131336,-17.395756317712312,33.18514497730567,-15.715555208430647,54.5,0.048
SI,-2.48,5.66,"Santana, Dennis",642701,foul,R,1,1,-1.5,0.82,-0.49,2.42,8.430226267693874,-136.80426227820246,-4.4771222238181005,-20.68593857232465,30.43294879600626,-21.065583325682923,54.42,-0.075
SL,-2.69,5.64,"Santana, Dennis",642701,called_strike,R,1,0,0.14,-0.07,0.66,1.73,7.461029001487384,-121.84748518061332,-2.515992478563751,-0.0071918306887571,22.349355567333884,-32.62221611995312,54.3,-0.049
SI,-2.35,5.75,"Santana, Dennis",642701,ball,R,0,0,-1.32,0.94,1.44,1.25,12.748369321621638,-137.1689692694033,-8.106886669642114,-19.460643012320027,29.584731655395416,-18.61588929780333,54.38,0.021
SI,-2.67,5.68,"Santana, Dennis",642701,hit_into_play,R,0,0,-1.31,0.82,-0.6,2.46,8.261001782586966,-137.26271959446632,-4.506613821598397,-18.379036993043208,29.75941042763284,-20.99538728256636,54.34,-0.333
FC,-2.6,5.64,"Santana, Dennis",642701,hit_into_play,R,3,2,0.16,0.5,-0.33,3.26,5.193677994031937,-128.55844607093107,-0.7905163015332695,0.736944452290973,25.0235458256035,-26.62616937795307,54.45,0.371
FC,-2.57,5.64,"Santana, Dennis",642701,ball,R,2,2,0.17,0.42,0.15,0.53,6.330611943340899,-130.39361177890234,-7.518297347214057,0.7107350274563609,25.396858158445763,-26.08437491448314,54.38,0.069
CH,-2.82,5.56,"Santana, Dennis",642701,ball,R,1,2,-1.51,0.77,-1.43,1.53,6.498452811759077,-128.39066095519522,-5.309361999756158,-17.99574806980439,26.50649879862484,-22.736740830638254,54.32,0.026
SL,-2.57,5.62,"Santana, Dennis",642701,ball,R,0,2,0.13,0.23,1.1,0.24,8.523828250180951,-126.65303526594812,-7.269505050133789,-0.0801221663912298,22.762243320862183,-28.47387757850009,54.31,0.013
SL,-2.64,5.62,"Santana, Dennis",642701,called_strike,R,0,1,0.28,-0.18,-0.29,1.95,4.951333635395199,-123.90416248778456,-1.973259193278956,1.9524036527165791,23.189645536470497,-33.83968553545145,54.43,-0.035
SI,-2.55,5.64,"Santana, Dennis",642701,foul,R,0,0,-1.55,0.76,0.33,1.72,10.94420351308466,-137.86023444815393,-6.279156382950213,-22.24529023423169,30.46711067353651,-21.157835200760232,54.41,-0.024
SI,-2.39,5.86,"Santana, Dennis",642701,hit_into_play,R,0,1,-1.47,0.52,-0.51,3.08,8.267095252239933,-139.5248365001652,-2.845329247134836,-21.14703202675151,34.091263841220105,-25.00073427348068,54.45,0.442
SI,-2.3,5.81,"Santana, Dennis",642701,foul,R,0,0,-1.46,0.71,-0.1,1.58,8.991985540482299,-138.41723408142235,-6.994491698242986,-20.75149222939093,32.50998593452561,-21.62632075681057,54.44,-0.032
FF,-2.39,5.84,"Santana, Dennis",642701,called_strike,R,2,2,-0.75,1.45,0.43,1.65,9.097537112740117,-138.90143056085884,-8.625434089435704,-11.85243809265382,32.318246810771605,-11.621349538909762,54.3,-0.242
FC,-2.42,5.8,"Santana, Dennis",642701,swinging_strike,R,2,1,0.17,0.76,1.0,1.61,8.091651979033594,-130.71144044585813,-6.005349480069831,0.363045352298312,26.50193114432868,-22.381931688420643,54.29,-0.129
SL,-2.49,5.68,"Santana, Dennis",642701,blocked_ball,R,1,1,0.17,-0.04,0.7,0.55,6.9544436002905305,-121.1005241779818,-5.204548567993784,0.298886758259673,24.016151518445454,-31.72393167444037,54.33,0.074
SL,-2.54,5.76,"Santana, Dennis",642701,swinging_strike,R,1,0,0.27,-0.06,0.59,1.66,6.710822937648398,-122.4272761926106,-2.984125092505145,1.411142604651776,24.022771401194767,-32.406204255149866,54.37,-0.054
FC,-2.51,5.78,"Santana, Dennis",642701,ball,R,0,0,0.38,0.67,0.54,0.84,6.6001964973931,-128.15476959904436,-7.264132649728291,2.860658185835061,26.30099675336723,-23.51370461939044,54.32,0.035
SI,-2.38,5.76,"Santana, Dennis",642701,hit_into_play,R,0,1,-1.48,0.72,-0.54,2.02,8.132397054666301,-138.0625285594239,-5.697034071963714,-20.80569253130368,33.41945130161388,-21.78788437669764,54.22,-0.562
FF,-2.26,5.78,"Santana, Dennis",642701,called_strike,R,0,0,-0.71,1.36,-0.57,3.14,6.0095735123084255,-138.1012915189853,-4.258759438380848,-10.389772641053876,31.67044389713488,-14.011451422023246,54.17,-0.093
SI,-2.38,5.82,"Santana, Dennis",642701,hit_into_play,R,0,0,-1.37,0.84,-0.82,2.25,7.052326351003154,-136.48509994500657,-5.318278755878486,-18.67055345219208,33.66854825720386,-20.61520873346212,54.15,-0.015
FC,-2.38,5.78,"Santana, Dennis",642701,ball,R,3,2,0.37,0.55,0.89,1.06,7.154866284720479,-127.83365662947396,-6.495904825319343,2.655391153268249,24.73127040692388,-25.057402627354072,54.21,0.343
SI,-2.39,5.81,"Santana, Dennis",642701,foul,R,3,2,-1.29,1.04,-0.65,1.77,7.312128849521922,-135.783277880312,-6.883476876856255,-17.586316208054228,32.25821889659987,-17.9130014734964,54.3,0.0
SL,-2.37,5.74,"Santana, Dennis",642701,ball,R,2,2,0.44,-0.04,-0.28,1.71,4.101815207299789,-126.2341910662186,-3.374341449450929,3.9169601715560702,25.46704837317317,-32.10302071706494,54.32,0.093
FC,-2.42,5.81,"Santana, Dennis",642701,called_strike,R,2,1,0.37,0.58,-0.51,3.09,3.8442274355717623,-128.50761238944955,-1.7452044728446898,3.3343048631723438,26.52243624116667,-25.608385177781493,54.47,-0.063
SI,-2.24,5.75,"Santana, Dennis",642701,called_strike,R,2,0,-1.51,0.84,-0.19,1.9,8.85944396205755,-140.10177357141183,-6.4681279224454,-21.951157463982035,35.59924600927128,-19.793696139287636,54.22,-0.057
SI,-2.39,5.82,"Santana, Dennis",642701,ball,R,1,0,-1.21,1.02,-1.3,3.96,5.526578985491958,-137.49542483715183,-1.375228667225977,-16.593713121645074,33.67764947035855,-19.25906426358878,54.39,0.064
SL,-2.42,5.84,"Santana, Dennis",642701,ball,R,0,0,0.29,0.15,1.39,0.42,8.186902859964212,-121.59016911411965,-6.3728762858324615,1.3086892277691595,23.63394197113602,-29.563045422277703,54.3,0.032
FC,-2.2,5.79,"Santana, Dennis",642701,hit_into_play,R,2,1,0.3,0.47,0.59,2.42,6.169841130695037,-129.09017847310807,-3.140785790461858,2.033052559622667,27.497741502906408,-26.520763874848814,54.33,-0.12
SI,-2.17,5.77,"Santana, Dennis",642701,foul,R,2,0,-1.42,0.81,0.23,1.96,9.35705279773933,-136.63567542087148,-5.9016652972292825,-19.944634234682862,31.790989176197623,-20.889814300408425,54.29,-0.022
SI,-2.17,5.89,"Santana, Dennis",642701,ball,R,1,0,-1.32,1.02,-1.44,2.65,4.873418212579979,-138.30411138007543,-5.108382299275201,-18.03982611840637,31.853978091607644,-18.090468108232525,54.44,0.026
SL,-2.26,5.79,"Santana, Dennis",642701,ball,R,0,0,0.29,-0.31,0.19,1.12,5.036926916358224,-120.80056992438196,-3.637525660784896,1.9201896082049688,21.9637339796762,-34.716733513187975,54.27,0.016
FF,-2.06,6.04,"Santana, Dennis",642701,hit_into_play,R,0,2,-0.85,1.42,-0.03,3.61,7.231285683529757,-139.66591481513188,-4.010189014419016,-12.734320243414944,33.016497634293295,-12.890590188480608,54.53,-0.104
FC,-2.1,5.89,"Santana, Dennis",642701,swinging_strike,R,0,1,0.18,0.6,-0.03,1.78,4.734457952620006,-131.21222991001397,-5.56267253873768,1.1376305470783945,25.509298540133944,-24.25070959284768,54.48,-0.035
SI,-2.22,5.89,"Santana, Dennis",642701,foul,R,0,0,-1.31,0.95,-0.44,2.09,7.615180639108494,-138.93867565276204,-6.478402747694947,-18.7524408270549,32.036348315870775,-18.581183574244967,54.4,-0.024
CH,-2.32,5.84,"Santana, Dennis",642701,hit_into_play,L,0,1,-1.59,0.78,-0.31,2.34,8.224243442923758,-129.28980941319955,-4.182412951527152,-19.54181929152268,26.366977843187893,-22.71156384645968,54.3,-0.29
SI,-2.28,5.82,"Santana, Dennis",642701,called_strike,L,0,0,-1.36,0.83,-0.17,1.95,8.457871233406827,-136.89091944366345,-6.173219636086938,-18.962202758044377,29.65604944076599,-20.49601466727721,54.46,-0.042
SL,-2.12,5.71,"Santana, Dennis",642701,hit_into_play,R,1,2,0.06,-0.26,-0.03,1.85,4.746557554294584,-123.63415652907813,-2.1562785961146096,-0.3327697319778102,25.66573050417562,-34.65018840568225,54.36,0.863
FF,-2.06,5.92,"Santana, Dennis",642701,ball,R,0,2,-0.85,1.47,0.46,1.36,8.490488588236406,-139.07848858076397,-9.645346412676432,-12.929397532765982,32.67058314991317,-10.969689225854328,54.44,0.022
SL,-2.37,5.67,"Santana, Dennis",642701,foul,R,0,1,-0.03,-0.1,0.76,1.58,7.227762480308066,-121.4859195685581,-2.7752963300560025,-1.7199004928297623,24.24672570024642,-32.76988093510136,54.39,-0.077
SL,-2.15,5.8,"Santana, Dennis",642701,foul,R,0,0,0.15,-0.13,-0.57,1.22,3.3697985788342426,-123.09193046078154,-4.0232894445901,0.7937519888847062,24.8159523616436,-32.926135446422734,54.6,-0.048
FC,-2.13,5.75,"Santana, Dennis",642701,hit_into_play,R,0,0,0.36,0.79,-0.1,2.4,4.227687272959997,-130.43814074084472,-3.919749045578536,3.1552602293683463,27.927795900620147,-22.534610211748447,54.5,1.527
SI,-2.08,5.79,"Santana, Dennis",642701,hit_into_play,L,1,1,-1.42,0.93,-0.36,1.16,7.643844576684903,-137.74816762520842,-8.448140810378638,-19.757581880023785,29.86734502446877,-18.667981676936687,54.42,-0.423
CH,-2.18,5.74,"Santana, Dennis",642701,blocked_ball,L,0,1,-1.32,0.95,0.44,0.44,9.063500308006883,-127.3085336660395,-8.659325228911916,-16.24026434861208,25.373257931034196,-20.181112315361727,54.15,0.028
CH,-2.28,5.71,"Santana, Dennis",642701,swinging_strike,L,0,0,-1.55,0.6,-0.16,0.68,8.448023014234424,-128.5814581239966,-7.45185770326497,-19.016990559134573,28.34138812956539,-24.01816755512056,53.84,-0.083
SI,-1.95,5.72,"Santana, Dennis",642701,ball,R,3,2,-1.6,0.96,1.31,1.48,12.01868128945745,-137.02487818014785,-7.380393313169215,-22.92566627767628,33.142261088582195,-18.49272852254521,54.3,0.313
FC,-2.1,5.71,"Santana, Dennis",642701,foul,R,3,2,0.03,0.54,0.28,2.37,5.806386930349622,-130.4876568631528,-3.390599157552077,-0.8846749522492188,26.60179361782635,-25.550574510878626,54.55,0.0
SL,-2.07,5.65,"Santana, Dennis",642701,foul,R,3,2,0.5,-0.21,0.02,1.67,3.872547706575221,-123.00285535812854,-2.552403857324863,4.40101870791348,21.60183352594105,-34.06308422220267,54.36,0.0
FC,-2.12,5.75,"Santana, Dennis",642701,foul,R,3,2,0.21,0.99,0.77,2.67,6.701841799622464,-130.66138089675314,-3.802562879238716,1.1290270230967965,24.94230606357049,-20.17921577064257,54.17,0.0
FC,-1.95,5.75,"Santana, Dennis",642701,foul,R,3,2,0.47,0.7,1.07,1.22,6.44594432704934,-130.06586114953615,-6.61892482029048,4.002061085978335,26.431658363292595,-23.031984687424767,54.34,0.0
SL,-2.12,5.65,"Santana, Dennis",642701,foul,R,3,2,0.16,-0.16,-0.16,2.18,4.264697081345369,-123.66434651499924,-1.510812551292652,0.8053578496381146,23.696050044908095,-33.73047883250186,54.36,0.0
SI,-2.16,5.64,"Santana, Dennis",642701,foul,R,3,1,-1.38,0.95,-0.55,3.22,7.237283957886804,-137.010190708076,-2.7166469917572957,-19.006553445602265,29.40514879403168,-19.76023060454037,54.31,-0.103
SL,-2.13,5.82,"Santana, Dennis",642701,ball,R,2,1,0.38,-0.16,-0.79,3.33,2.3511789551981988,-123.45062083697168,0.8210073439007446,3.4256490726187563,24.066305301613983,-34.20023476473297,54.56,0.127
FC,-2.22,5.76,"Santana, Dennis",642701,ball,R,1,1,-0.08,0.57,-1.13,2.09,2.7926814096503376,-128.12757564905834,-4.019024283617906,-1.4069619552230528,24.770434355954706,-25.230278482634485,54.41,0.058
FC,-2.08,5.88,"Santana, Dennis",642701,ball,R,0,1,0.4,0.64,1.49,3.14,7.842074713031312,-129.14071731608323,-2.0299872968124597,3.0851562494510394,24.345733722549795,-24.744181005413804,54.57,0.031
SI,-2.03,5.77,"Santana, Dennis",642701,called_strike,R,0,0,-1.46,0.86,-0.21,2.3,7.970474791581703,-137.96395596671468,-5.322618975171278,-20.439745855338167,30.21428255893515,-20.151896765220624,54.43,-0.042
FC,-2.03,5.88,"Santana, Dennis",642701,hit_into_play,L,1,0,0.15,0.7,0.63,2.16,6.360553224660438,-134.49103304944472,-5.186708289018986,0.6032781091614373,26.997639966199404,-22.76802166927433,54.74,0.242
CH,-2.42,5.75,"Santana, Dennis",642701,ball,L,0,0,-1.62,0.83,0.26,1.18,9.951679468800084,-128.88206265581823,-6.868984077354852,-20.11113538718352,26.70766478678676,-21.58488245281813,53.99,0.024
FC,-2.18,5.75,"Santana, Dennis",642701,called_strike,R,1,2,0.31,0.42,0.21,1.43,5.26884317256968,-131.86611561439562,-5.7677169146957095,2.5680605904469958,27.211774854005014,-26.250579866927712,54.51,-0.168
FF,-1.78,5.94,"Santana, Dennis",642701,ball,R,0,2,-0.76,1.42,1.89,2.84,11.475213350328916,-140.83127355994176,-5.975845311623652,-12.64597359186624,30.58697896084784,-12.00429640105327,54.43,0.019
SL,-2.15,5.77,"Santana, Dennis",642701,swinging_strike,R,0,1,0.16,0.18,0.55,1.01,6.052643709748769,-125.26714198030704,-5.4645774055409095,0.5248444884807277,23.356414353127057,-29.418558432729892,54.43,-0.047
SI,-2.11,5.78,"Santana, Dennis",642701,called_strike,R,0,0,-1.61,0.83,0.62,1.79,10.912050571377058,-141.0644698098476,-7.021340148782612,-23.95188851025365,31.318275395977448,-19.59354224796037,54.42,-0.032
SI,-2.26,5.74,"Santana, Dennis",642701,hit_into_play,R,1,1,-1.37,0.75,-0.07,1.91,8.65768101609019,-136.06445026359154,-5.768344955301148,-18.900124362742645,30.066667154701182,-21.74317965247303,54.16,-0.359
FC,-2.2,5.79,"Santana, Dennis",642701,foul,R,1,0,0.07,0.94,0.61,2.17,6.802461725258141,-131.05861080048356,-5.065920045834067,-0.4716385187863904,24.65782805625409,-20.438198636542296,54.41,-0.055
SI,-2.38,5.72,"Santana, Dennis",642701,blocked_ball,R,0,0,-1.36,0.78,-0.49,0.52,7.863940378056085,-136.07373416051556,-9.386172583770502,-18.62929776612731,30.722322785681083,-20.50418813883248,54.2,0.044
CH,-2.53,5.74,"Santana, Dennis",642701,hit_into_play,L,2,2,-1.51,0.63,0.0,2.32,9.231152781312533,-127.88312529567943,-3.4410140909568794,-18.47040609712711,27.700505860704403,-24.780385733602227,54.34,0.287
CH,-2.36,5.72,"Santana, Dennis",642701,swinging_strike,L,2,1,-1.41,0.74,-0.52,1.28,7.376772914621878,-128.16054863102858,-6.167811323620592,-17.151712333998695,28.88893467203788,-22.87568619916973,54.33,-0.051
SI,-2.37,5.76,"Santana, Dennis",642701,ball,L,1,1,-1.46,0.73,-0.86,1.43,7.0989165300725645,-136.81028460934164,-7.013735507811853,-19.91622551344956,32.81061410107195,-21.564650088625257,54.62,0.037
SI,-2.23,5.82,"Santana, Dennis",642701,swinging_strike,L,1,0,-1.38,0.76,-1.32,2.44,5.442924434454698,-138.44455906536706,-4.877834445695704,-18.9554738820153,32.22140883173838,-21.541368355113445,54.58,-0.031
SI,-2.3,5.91,"Santana, Dennis",642701,ball,L,0,0,-1.44,0.79,-1.58,2.98,4.989335380588355,-135.72593128511957,-3.462712656326866,-18.821676540286457,31.451617106229765,-21.81690209492226,54.57,0.067
SL,-2.3,5.8,"Santana, Dennis",642701,hit_into_play,R,1,1,0.32,-0.11,-0.76,3.24,2.9071346437637917,-122.70920812118376,0.6401344330489023,2.692416730865741,24.286850791904573,-33.670078393686545,54.46,0.134
SL,-2.31,5.75,"Santana, Dennis",642701,ball,R,0,1,0.08,0.03,1.08,0.49,7.794133773912512,-124.08374372901906,-6.09486582675151,-0.756578531871238,24.719997540484428,-30.86890327857751,54.38,0.021
SL,-2.35,5.79,"Santana, Dennis",642701,swinging_strike,R,0,0,0.17,0.03,0.78,1.87,6.993209403324097,-122.9246680294812,-2.819431185281391,0.2898897938939303,25.028760068151588,-31.509382387471963,53.86,-0.032
SI,-2.07,5.93,"Santana, Dennis",642701,called_strike,R,1,2,-1.48,0.94,-0.75,1.95,6.887281534591889,-141.32934652566854,-7.1929665469869,-21.362280520455972,36.05844388372074,-18.04580852726233,54.49,-0.236
FC,-2.31,5.78,"Santana, Dennis",642701,foul,R,1,1,0.06,0.97,-0.39,2.31,4.60573630235972,-130.69129968080102,-4.700027442168934,-0.2254947847985263,26.291928020572023,-20.228377563618334,54.29,-0.075
SL,-2.35,5.74,"Santana, Dennis",642701,called_strike,R,1,0,0.17,-0.23,-0.17,2.03,4.721556812648995,-122.3484977520991,-1.7867709665806084,0.8793908566300636,22.737630783994245,-34.338041557563386,54.13,-0.039
SI,-2.38,5.91,"Santana, Dennis",642701,ball,R,0,0,-1.51,0.65,-2.17,3.42,3.902686337310285,-139.6875686398466,-2.45993586691262,-20.61570004283038,31.455364279206805,-23.34428090714841,54.69,0.027
FC,-2.37,5.85,"Santana, Dennis",642701,hit_into_play,R,0,1,0.23,0.75,-0.51,2.67,4.12876191983296,-131.13169103316076,-3.5885242781722253,1.8346559539033915,24.85912103817514,-22.97108454628903,54.48,-0.256
SL,-2.63,5.79,"Santana, Dennis",642701,called_strike,R,0,0,0.26,-0.02,-0.21,2.05,5.148954708159448,-124.88336815597548,-2.60331792827317,1.8637983881016364,22.406536115502337,-32.09153480621106,54.43,-0.042
SI,-2.09,5.61,"Santana, Dennis",642701,hit_into_play,R,1,2,-1.45,0.86,-0.81,2.61,6.667075299730919,-140.09356685388352,-4.264288529817097,-20.55370591121573,33.9897331467029,-20.141811016947745,54.43,-0.071
FF,-2.14,5.67,"Santana, Dennis",642701,foul,R,1,2,-0.95,1.38,0.31,2.69,8.647689208217198,-140.54091713536974,-5.4765637222802175,-14.542068203464927,32.659093013731294,-12.778217740052511,54.5,0.0
FF,-2.12,5.68,"Santana, Dennis",642701,foul,R,1,2,-1.22,1.37,0.2,2.8,8.932007785233992,-140.95502570822126,-5.227215051752424,-18.33365030352779,33.694438478161906,-12.957150263774771,54.49,0.0
SL,-2.23,5.55,"Santana, Dennis",642701,foul,R,1,1,0.12,-0.23,-0.38,2.57,4.14398009902264,-125.24224660126708,-0.3517427994126612,0.4527605691933496,25.85999322881261,-34.707875952665475,54.36,-0.026
SI,-2.31,5.63,"Santana, Dennis",642701,called_strike,R,1,0,-1.36,1.05,-1.13,1.79,6.179362015783514,-139.59690336320529,-6.856566770160431,-19.233741964057693,33.0944568016908,-17.118382973736274,54.4,-0.019
SI,-2.29,5.57,"Santana, Dennis",642701,ball,R,0,0,-1.49,0.95,-1.6,1.88,5.173644429658494,-140.06998426064737,-6.31758330688322,-20.730383954472007,33.42935643832532,-18.36485782635338,54.58,0.016
FF,-2.15,5.74,"Santana, Dennis",642701,called_strike,L,0,2,-1.23,1.4,0.27,1.76,9.1806168746368,-139.8182479118815,-8.036268336518294,-18.372365647000606,35.543639414620465,-12.141862427245377,54.4,-0.104
SI,-2.16,5.73,"Santana, Dennis",642701,called_strike,L,0,1,-1.43,0.99,0.06,2.82,8.990260353480414,-139.0298700783762,-4.24732593001438,-20.53345448950771,31.91822499982316,-18.559263683392693,54.5,-0.035
FC,-2.3,5.65,"Santana, Dennis",642701,foul,L,0,0,0.02,0.56,0.05,2.72,5.854752276104217,-134.22892496133804,-2.8563178797907733,-0.9669702471266688,28.64745400027438,-24.956521964687138,54.78,-0.024
SL,-2.19,5.54,"Santana, Dennis",642701,hit_into_play,R,1,1,0.22,0.09,-0.46,2.1,3.637811108822156,-124.4319851052114,-2.0508799090239824,1.5865121621626468,23.108335226517653,-31.057424359737205,54.33,-0.216
SI,-2.13,5.61,"Santana, Dennis",642701,ball,R,0,1,-1.54,0.86,0.86,1.54,11.325895749470943,-139.73553522806475,-7.134509098431657,-22.735438207317937,31.78676584902636,-19.40045881318863,54.45,0.021
SI,-2.16,5.64,"Santana, Dennis",642701,called_strike,R,0,0,-1.51,0.85,0.07,2.53,9.339267482614368,-140.34843736339857,-4.622667178132701,-22.13901707882115,32.355684941781185,-20.05474787922701,54.36,-0.032
SL,-2.21,5.67,"Santana, Dennis",642701,swinging_strike_blocked,L,1,2,0.15,0.1,0.93,0.44,7.202080206270961,-126.14833072132984,-6.542461630219667,0.224401826030945,23.88119526229581,-30.069491018111616,54.22,-0.071
FC,-2.06,5.7,"Santana, Dennis",642701,foul,L,1,1,0.34,0.82,0.09,2.24,4.659513648982519,-132.8129175440769,-4.610559382704052,3.100801352258741,26.514015120876405,-21.70154337335388,54.32,-0.026
SI,-2.3,5.64,"Santana, Dennis",642701,foul,L,1,0,-1.43,0.71,-1.0,2.39,6.564104718268227,-137.70720564614876,-4.38370602559486,-19.690410667045448,29.163401573911404,-22.394001665301605,54.44,-0.019
SI,-2.33,5.71,"Santana, Dennis",642701,ball,L,0,0,-1.41,0.67,-1.51,2.75,5.306208333518625,-139.15553429198087,-3.703164214576401,-19.49356011142305,30.330744249806287,-22.866913813546457,54.46,0.016
SI,-2.3,5.67,"Santana, Dennis",642701,hit_into_play,L,0,0,-1.45,0.94,-0.8,2.29,7.121710757276124,-137.57891496204496,-5.229250183087498,-19.98545671046642,28.5124963593486,-19.30499575189449,54.34,-0.163
FF,-2.26,5.76,"Santana, Dennis",642701,hit_into_play,L,1,2,-1.02,1.46,-0.36,1.54,7.242290996316258,-138.5338221310944,-8.70712125650108,-14.704965920085682,29.9967290747966,-11.552167773376905,54.49,-0.168
CH,-2.38,5.68,"Santana, Dennis",642701,foul,L,1,1,-1.56,0.73,-1.41,2.57,5.574364223689772,-128.17932187919752,-2.9683864349026083,-18.36994041652797,26.547990938192783,-23.76345238120577,54.36,-0.049
FC,-2.42,5.76,"Santana, Dennis",642701,called_strike,L,1,0,0.06,0.77,0.1,2.02,6.097859563426174,-130.9008183321313,-4.969914889071443,-0.4747597695209257,24.318141178949777,-22.49982187910351,54.58,-0.044
FC,-2.29,5.83,"Santana, Dennis",642701,ball,L,0,0,0.1,0.82,1.04,2.25,8.052761775295135,-131.39650371586322,-4.75161767133539,-0.3470618673979275,23.944705877456947,-21.86144287641816,54.39,0.032
SI,-2.35,5.66,"Santana, Dennis",642701,hit_into_play,R,0,1,-1.44,0.79,-0.63,1.41,7.676441311246252,-137.8321314762214,-7.174959666108742,-20.02758118827437,31.22222984492089,-20.64751098669485,54.34,-0.328
FC,-2.28,5.69,"Santana, Dennis",642701,called_strike,R,0,0,0.38,0.49,-0.48,1.85,3.570397323716192,-128.30171316475693,-4.291489621879254,3.5773299023964995,24.197233777262813,-26.09295744547236,54.39,-0.042
SL,-2.34,5.66,"Santana, Dennis",642701,hit_into_play,R,1,2,0.12,-0.2,-0.37,1.84,4.33753972625247,-122.83617644638171,-2.1452028188494614,0.3447796330434411,23.87613652982277,-33.95597197509916,54.3,-0.29
SL,-2.33,5.64,"Santana, Dennis",642701,foul,R,1,2,0.27,-0.04,-1.5,2.34,1.3789976736597465,-122.2662330670764,-1.2655867612644558,2.492537547130798,20.97062243384269,-32.54163606707181,54.54,0.0
FC,-2.39,5.65,"Santana, Dennis",642701,foul,R,1,1,0.06,0.5,-0.35,2.49,4.867795344390417,-129.35970248964344,-2.7983171089634524,-0.2410255394247979,23.81547815816015,-26.18535235237921,54.32,-0.078
SI,-2.31,5.67,"Santana, Dennis",642701,ball,R,0,1,-1.48,0.85,-1.6,1.65,5.158086399905983,-139.36554941943788,-6.922306604895961,-20.40296252968447,30.32662354467705,-19.680549450221967,54.5,0.057
FC,-2.36,5.79,"Santana, Dennis",642701,called_strike,R,0,0,0.21,0.65,0.38,2.27,6.2881868605729485,-130.733780380109,-4.120980475234401,1.2168404589078372,25.56167037407843,-24.096417639254867,54.47,-0.064
SI,-2.27,5.75,"Santana, Dennis",642701,ball,L,3,1,-1.38,0.8,-1.57,2.96,4.883347160538839,-137.46796214729497,-3.347833275429129,-18.588075640598827,31.25391603267923,-21.447867580365497,54.45,0.265
FC,-2.36,5.77,"Santana, Dennis",642701,ball,L,2,1,0.29,0.99,-0.84,3.65,3.2059230970918957,-133.1748694409439,-1.6376552515890292,2.788433157870009,26.367508776687718,-20.242372645412477,54.55,0.108
SI,-2.44,5.73,"Santana, Dennis",642701,ball,L,1,1,-1.34,0.94,-1.52,2.05,5.441641578555483,-139.39580155513696,-6.224571923727108,-18.74046407617431,29.981273851226163,-18.65319792909964,54.55,0.05
FC,-2.23,5.82,"Santana, Dennis",642701,ball,L,0,1,0.4,0.89,1.79,2.38,9.251115378924124,-133.77577247885108,-4.814169465830349,2.913286964107057,27.263725554883,-20.596842827798348,54.62,0.021
SI,-2.43,5.76,"Santana, Dennis",642701,called_strike,L,0,0,-1.45,0.82,-0.93,1.53,7.119173344002211,-138.19139026393862,-7.237236911342324,-20.13504418688528,29.67481269590957,-20.27884658577125,54.55,-0.032
FC,-2.16,5.81,"Santana, Dennis",642701,hit_into_play,L,2,2,0.33,0.77,0.05,1.73,4.6816231479587564,-128.99446527124755,-5.419149358435019,2.577900417533285,30.62652881433832,-22.627067150110364,54.39,-0.259
SI,-2.4,5.79,"Santana, Dennis",642701,called_strike,L,2,1,-1.48,0.85,0.01,1.88,9.386885006895564,-134.98504923423155,-6.024780313064301,-20.16081275914551,32.70658333356404,-20.548243770965563,54.2,-0.086
FC,-2.3,5.89,"Santana, Dennis",642701,called_strike,L,2,0,0.33,0.86,0.42,2.77,5.990859392939135,-129.52375603888774,-3.435692648717525,2.45015920347516,26.578909335232183,-21.9499789506762,54.38,-0.122
SI,-2.43,5.83,"Santana, Dennis",642701,ball,L,1,0,-1.53,0.84,-1.55,2.05,5.650728523311899,-136.63788907495015,-5.814513420218201,-20.42195908990728,35.54995619945444,-20.46469567227256,54.44,0.096
SI,-2.22,5.8,"Santana, Dennis",642701,ball,L,0,0,-1.49,0.97,0.12,1.36,9.304649470705431,-135.95116728619655,-7.719559175787373,-20.642386370271662,34.30131036729215,-18.50459708679134,54.32,0.051
SI,-2.17,5.81,"Santana, Dennis",642701,hit_into_play,R,0,2,-1.59,0.81,-0.66,2.63,7.482244205233743,-138.73580446914465,-4.484260269508535,-22.234418590828152,34.53699094305705,-20.920625453538115,54.5,1.061
SL,-2.32,5.83,"Santana, Dennis",642701,foul,R,0,2,0.1,-0.15,0.08,1.39,5.342080565274464,-121.85727723159764,-3.540212146060104,-0.0738118207005138,23.389148860860512,-33.23101793028894,54.34,0.0
FC,-2.18,5.82,"Santana, Dennis",642701,foul,R,0,1,0.44,0.54,0.99,1.9,6.781767155245669,-128.11537189706016,-4.539625792456045,3.4315473876974507,25.839298710915106,-25.535993599297424,54.3,-0.079
FC,-2.2,5.85,"Santana, Dennis",642701,called_strike,R,0,0,0.1,0.68,-0.46,1.91,4.034250237636497,-129.08351635425214,-5.028902830524139,0.3760825333512714,24.939160141222867,-23.714320263193592,54.34,-0.083
SI,-2.25,5.78,"Santana, Dennis",642701,ball,L,3,1,-1.54,0.93,-0.05,0.57,9.04370185684772,-135.80879302414775,-9.708869939065211,-21.041883841749552,30.19506457804515,-18.586444431565823,54.25,0.209
SI,-2.21,5.79,"Santana, Dennis",642701,ball,L,2,1,-1.54,0.94,-2.02,2.9,3.811998444362692,-134.40374119945142,-3.525563262951344,-19.482830319780568,31.4523656970798,-20.262469925807174,54.46,0.127
FC,-2.23,5.81,"Santana, Dennis",642701,foul,L,2,0,0.11,1.12,0.27,2.2,5.8603966714471705,-129.1142005040507,-5.109427907519788,-0.0315902838275205,27.361725148352328,-18.748484248117705,54.34,-0.064
SI,-2.34,5.73,"Santana, Dennis",642701,ball,L,1,0,-1.53,0.85,-1.5,1.73,5.484277466121868,-134.97227467099458,-6.257221537622206,-19.866529972780476,31.22164190628865,-20.57255565266212,54.22,0.066
SI,-2.44,5.85,"Santana, Dennis",642701,ball,L,0,0,-1.53,0.79,-1.48,2.6,5.803493168425781,-136.1694090589007,-4.366948072088067,-20.25882294703505,30.90245592083484,-21.536296254205737,54.56,0.044
FC,-2.26,5.79,"Santana, Dennis",642701,hit_into_play,R,2,1,0.32,0.8,0.47,1.85,5.892291080357302,-126.83255132697842,-4.913110209422827,2.214123977805243,26.88901557382818,-22.76159522539433,54.17,-0.442
SL,-2.38,5.82,"Santana, Dennis",642701,ball,R,1,1,0.32,0.0,-1.52,2.95,1.3699718997063115,-122.14906951760004,-0.3173024200401907,2.943134970872896,21.335478690362475,-32.28904249427751,54.52,0.074
FC,-2.31,5.91,"Santana, Dennis",642701,ball,R,0,1,0.52,0.73,0.25,1.22,5.098893677275143,-127.86116125657658,-6.716179680365452,4.693083960412236,26.605633295130072,-23.01309596627871,54.35,0.057
SI,-2.19,5.81,"Santana, Dennis",642701,foul,R,0,0,-1.49,1.02,-0.54,3.61,7.589080252988014,-137.61835438540325,-2.312726285134397,-20.65510141623392,31.062579858133116,-18.9699521934704,54.36,-0.064
SI,-2.21,5.8,"Santana, Dennis",642701,hit_into_play,R,2,0,-1.65,0.86,-0.4,2.42,8.430168179100464,-138.62511876788687,-5.175286594187175,-23.11151945340268,30.23639282629008,-20.070656134125755,54.38,0.314
SI,-2.36,5.91,"Santana, Dennis",642701,ball,R,1,0,-1.75,0.84,-1.67,3.84,5.755089821090919,-139.46687976131605,-1.7427114488604385,-24.14573012229309,32.47384179435652,-20.98334861362765,54.36,0.064
FC,-2.26,5.83,"Santana, Dennis",642701,ball,R,0,0,0.09,0.84,1.68,1.27,9.473456894842334,-129.41482825799204,-6.926986974040174,-0.9372338809191744,26.03000277050792,-21.440586852013965,54.33,0.032
FC,-2.21,5.78,"Santana, Dennis",642701,called_strike,L,3,2,0.06,0.68,-0.1,1.6,5.0798845062521085,-130.411603131064,-5.800625442678944,-0.2589690332103985,24.1038405061274,-23.472356036365262,54.36,-0.131
FF,-2.11,5.75,"Santana, Dennis",642701,ball,L,2,2,-0.86,1.39,1.15,2.54,10.498774300142726,-138.65699165146117,-5.965473598894135,-13.37588384602139,28.620723897409217,-12.987764649826568,54.25,0.043
FC,-2.27,5.75,"Santana, Dennis",642701,foul,L,2,1,0.19,0.39,0.52,2.7,6.369616047039616,-127.43530618655298,-1.997976679606412,0.6575668947244049,28.484071336622645,-27.71097772222932,53.79,-0.031
SI,-2.26,5.71,"Santana, Dennis",642701,ball,L,1,1,-1.41,1.15,-0.89,1.55,6.75027042946423,-139.48289626309372,-7.884617369024273,-19.902397451645943,33.239170484774945,-15.586112192743146,54.66,0.023
CH,-2.47,5.74,"Santana, Dennis",642701,ball,L,0,1,-1.54,0.72,-1.99,1.68,4.2490717626970005,-126.39750416153842,-4.946035641733007,-17.4060559510725,26.961992429465823,-23.6175962310864,54.91,0.011
FC,-2.39,5.77,"Santana, Dennis",642701,called_strike,L,0,0,-0.01,0.67,-0.61,2.37,4.450630217266933,-130.53022793059645,-3.9374098779957967,-0.9002393806400675,21.78159532469301,-23.933559416135083,54.02,-0.015
SI,-2.38,5.71,"Santana, Dennis",642701,hit_into_play,R,0,0,-1.71,1.06,-0.23,2.65,9.509133100793942,-139.37460419043686,-4.882557968540556,-24.45220758616777,29.83707229145336,-17.462254911700008,54.41,-0.163
SI,-2.09,5.78,"Santana, Dennis",642701,called_strike,R,1,2,-1.56,0.98,0.57,2.05,10.587718019143312,-140.60157027927,-6.618687257557654,-23.04851173722021,30.70993810600489,-17.846141820713324,54.45,-0.168
FC,-2.54,5.77,"Santana, Dennis",642701,ball,R,0,2,-0.14,0.46,-0.47,1.71,5.363337638035721,-130.880048152243,-4.99191993400215,-2.7828809441396816,29.537014344466467,-25.955065049880663,54.75,0.019
SL,-2.49,5.77,"Santana, Dennis",642701,swinging_strike,R,0,1,-0.02,-0.09,-0.35,0.53,4.996347656380776,-123.36722974403315,-5.650636375778621,-1.3306845069580304,26.831370871360757,-32.049485584203815,54.64,-0.047
SI,-2.33,5.74,"Santana, Dennis",642701,called_strike,R,0,0,-1.48,0.93,-0.13,2.32,9.217245140464328,-139.8418848582687,-5.590384364789724,-21.472235926225306,32.39446852874556,-18.81057143606896,54.05,-0.032
SI,-2.3,5.87,"Santana, Dennis",642701,hit_into_play,R,0,1,-1.46,1.11,-0.35,3.23,8.665971518559248,-142.8383293903291,-4.164630328953112,-22.01044315794765,37.49057820131338,-16.245084720880378,54.23,-0.085
SL,-2.58,5.76,"Santana, Dennis",642701,called_strike,R,0,0,0.35,-0.08,-0.02,2.03,5.3274662340202905,-124.49967401478352,-2.3666994868267315,2.595914900199178,24.79338761764239,-32.77516884362663,54.24,-0.015
SI,-2.38,5.8,"Santana, Dennis",642701,hit_into_play,R,0,0,-1.58,1.12,-0.85,3.09,7.698308818157288,-140.8076671526175,-4.14633074856552,-22.841259762328026,36.25296989696171,-16.592825742078837,54.29,-0.163
SI,-2.35,5.71,"Santana, Dennis",642701,hit_into_play,L,3,2,-1.14,0.83,0.01,1.47,8.512934079306326,-134.769306812377,-6.870107587375947,-15.763027455053969,28.253081230560387,-20.73258450119832,54.28,0.425
FC,-2.19,5.73,"Santana, Dennis",642701,ball,L,2,2,0.32,0.6,1.01,1.67,7.045960935897164,-127.44077060480518,-4.945553642735713,2.1747909679718647,23.571245171876825,-24.873546092123277,54.32,0.097
SI,-2.31,5.73,"Santana, Dennis",642701,foul,L,2,1,-1.27,0.72,-0.47,1.59,7.417213151058454,-133.9150111099318,-6.218662032716287,-16.83785450905639,29.174562606861794,-22.34926409106573,54.23,-0.074
CH,-2.21,5.78,"Santana, Dennis",642701,blocked_ball,L,1,1,-1.49,0.8,0.76,0.16,10.173384240353904,-126.06365350286286,-8.887470139435477,-18.049627059621557,27.28542783936455,-21.836133411230517,53.98,0.058
SL,-2.2,5.79,"Santana, Dennis",642701,foul,L,1,0,0.45,0.32,0.64,1.87,5.876321302246741,-126.1511700491112,-3.78327189057401,3.566286535509896,26.870622746140715,-28.209631066089603,54.01,-0.055
SI,-2.48,5.71,"Santana, Dennis",642701,ball,L,0,0,-1.47,0.88,-0.32,1.28,8.948195521066125,-138.0882713886082,-7.874741970531224,-20.78681654358779,31.76453680787529,-19.2536558269937,54.19,0.044
FC,-2.23,5.69,"Santana, Dennis",642701,hit_into_play,R,2,2,0.37,0.26,0.26,1.12,5.287362939759829,-128.3639422031905,-5.540192544192635,3.0224140632013907,26.894303842849883,-28.367050834611547,54.28,0.287
SL,-2.44,5.62,"Santana, Dennis",642701,ball,R,1,2,0.03,-0.25,1.06,0.92,7.914804852530045,-120.07705481055083,-3.74154549843172,-1.085254483127443,21.45617064389516,-34.15742008046417,54.04,0.026
SL,-2.15,5.7,"Santana, Dennis",642701,ball,R,0,2,0.19,-0.06,0.3,0.83,5.381130198520206,-123.62751276727327,-5.047646998863218,0.9998799127769956,21.762463586940324,-32.10652244756372,54.01,0.013
SI,-2.29,5.67,"Santana, Dennis",642701,foul,R,0,1,-1.39,0.96,-0.97,2.86,6.620761157990616,-138.9549458085916,-3.950373953071074,-19.481288596561537,31.270135437914664,-19.00047698325223,54.05,-0.035
SI,-2.23,5.69,"Santana, Dennis",642701,called_strike,R,0,0,-1.41,0.84,0.11,1.59,9.373907087298656,-139.03454467808038,-7.096501269560956,-20.42849205096337,32.243256299725694,-19.778601472207686,54.06,-0.024
SL,-2.35,5.8,"Santana, Dennis",642701,hit_into_play,R,1,2,0.5,-0.08,0.97,2.56,6.889899183262092,-125.82979493536092,-1.3275395136670347,3.857914029920413,26.398380562399087,-32.92199517749827,54.17,-0.168
SL,-2.32,5.73,"Santana, Dennis",642701,swinging_strike,R,1,1,0.33,-0.21,0.83,1.65,6.631406245041721,-122.0638894733615,-2.6550418951731736,2.082855386370932,22.394306390841777,-34.01329078027491,54.24,-0.049
FC,-2.31,5.78,"Santana, Dennis",642701,called_strike,R,1,0,0.57,0.4,1.1,2.97,7.068478449784136,-127.42090184761182,-1.4752568883782642,4.759929206303451,26.063478099776077,-27.74896257196646,54.25,-0.044
SI,-2.11,5.74,"Santana, Dennis",642701,ball,R,0,0,-1.25,0.87,1.29,2.23,11.585193068504402,-137.17465235296436,-5.370682376779876,-18.256985905002853,29.443443670561997,-20.1363526678534,54.24,0.032
FC,-2.09,5.71,"Santana, Dennis",642701,hit_into_play,R,0,1,0.51,0.48,0.65,2.69,5.513960158840487,-126.2115284187905,-2.025732991010828,4.401835978099847,24.833972314316707,-26.818237040237108,54.11,-0.188
SI,-2.28,5.57,"Santana, Dennis",642701,called_strike,R,0,0,-1.51,0.75,0.54,2.51,10.480048991134469,-134.3133456426029,-3.631423939915312,-20.536089063291136,28.39788659155215,-22.43106325425451,54.11,-0.042
SL,-2.32,5.62,"Santana, Dennis",642701,ball,R,3,2,0.18,-0.28,1.22,1.67,7.669219884419944,-119.5015469722502,-1.85552307242538,0.2558211144111497,23.07013029672187,-34.689369999510035,54.17,0.1
SL,-2.3,5.63,"Santana, Dennis",642701,foul,R,3,2,-0.02,-0.32,-0.16,0.93,4.9747044244160765,-121.42788744522204,-3.757116741404373,-1.1856764243253337,23.95803457306993,-34.78650690724059,54.16,0.0
SI,-2.01,5.62,"Santana, Dennis",642701,ball,R,2,2,-1.45,0.6,1.56,1.56,12.410825266215724,-136.16865168140683,-6.105567235587216,-20.686978345950525,29.490719812300437,-23.415055556181077,54.13,0.043
FC,-2.27,5.71,"Santana, Dennis",642701,foul,R,2,2,0.27,0.35,-0.17,1.96,4.47793921390125,-126.46425351666556,-3.546741728582846,2.0523243744654542,24.34652413383654,-27.95877301476922,54.16,0.0
SL,-2.34,5.7,"Santana, Dennis",642701,foul,R,2,2,0.28,-0.01,0.45,2.09,5.792039235182835,-120.52197885466256,-1.8223980875052308,1.8346279312198377,19.828840577164915,-32.13099365762155,54.27,0.0
SL,-2.17,5.68,"Santana, Dennis",642701,ball,R,1,2,0.43,-0.25,1.21,0.65,6.934055793466677,-121.41676111631324,-4.701921789273835,3.039100560757693,21.181831691540697,-34.055812204399395,54.24,0.018
FC,-2.17,5.71,"Santana, Dennis",642701,ball,R,0,2,0.35,0.31,1.15,1.28,7.463667957222696,-130.17616573161874,-5.554809944996595,2.2913094594859182,28.764043744040254,-27.607250702484627,54.24,0.009
SL,-2.26,5.64,"Santana, Dennis",642701,foul_tip,R,0,1,0.35,-0.1,0.51,1.12,5.6469312315521325,-120.30027869932464,-3.5951207623291617,2.226957540492108,24.05141290360474,-32.62814325758652,54.16,-0.024
SL,-2.25,5.74,"Santana, Dennis",642701,called_strike,R,0,0,0.29,-0.15,-0.13,3.28,4.460973979020365,-126.27932228682614,0.6380251708657294,2.1341609959829317,27.22475781294181,-34.136093267331404,54.32,-0.015
SI,-2.15,5.62,"Santana, Dennis",642701,hit_into_play,R,2,2,-1.6,0.42,-0.89,1.99,6.993801705045327,-140.5029811997236,-5.060916144107461,-22.78930804789227,31.42636269301097,-25.613089400742258,54.23,-0.142
SL,-2.38,5.6,"Santana, Dennis",642701,foul,R,2,2,0.01,-0.12,0.0,1.63,5.480749180140614,-121.74235971534482,-2.563491068418769,-0.923629706960218,21.95003884293081,-33.08874490401252,54.27,0.0
SL,-2.2,5.66,"Santana, Dennis",642701,ball,R,1,2,-0.11,-0.04,1.89,0.73,9.660151446312463,-121.8593270055711,-4.959827950274312,-2.849277013585185,21.56587686023177,-31.79409739179209,54.2,0.026
FC,-2.22,5.76,"Santana, Dennis",642701,foul,R,1,1,0.37,0.36,0.44,2.43,5.774184546580706,-130.32387156361622,-2.993478200715073,3.101034278712754,26.60635813350805,-27.66308401075874,54.29,-0.04
FC,-2.14,5.76,"Santana, Dennis",642701,ball,R,0,1,0.4,0.61,1.54,1.24,8.149732713814279,-128.7080088099292,-6.2640813653104335,2.798457843236122,25.76429964225861,-24.225623736945703,54.17,0.017
SI,-2.17,5.72,"Santana, Dennis",642701,called_strike,R,0,0,-1.52,0.85,0.81,2.42,11.255362714736505,-138.23661023629938,-4.902546629171411,-21.99466881774872,31.41933310438858,-20.259107253789303,54.02,-0.024
FC,-2.16,5.81,"Santana, Dennis",642701,swinging_strike,R,0,2,0.38,0.42,0.06,1.23,4.621221392052852,-129.18969387823657,-6.058078116309925,3.3626436364908314,25.511717009090884,-26.46549997379294,54.33,-0.149
SL,-2.34,5.83,"Santana, Dennis",642701,swinging_strike,R,0,1,0.19,-0.23,0.98,2.2,7.243566120186549,-121.76777572963093,-1.5556298404422404,0.62980895436865,21.27452730651664,-34.3606481468588,54.55,-0.047
FC,-2.36,5.77,"Santana, Dennis",642701,foul,R,0,0,0.33,0.51,0.22,2.5,5.505899916059803,-126.60838767660904,-2.7598197265599707,2.541783547866171,23.94496280376532,-26.374036582216103,54.22,-0.032
SI,-2.29,5.74,"Santana, Dennis",642701,hit_into_play,R,0,1,-1.66,0.94,-0.07,2.16,9.391252552145824,-135.93943953661048,-5.551265780916841,-22.6021144090234,28.487510402653427,-19.48543230047954,54.14,-0.188
FC,-2.25,5.91,"Santana, Dennis",642701,called_strike,R,0,0,0.34,0.57,0.94,1.8,6.918760975290403,-125.74212040990582,-4.780802830195982,2.2943330574003338,23.548940632291878,-25.344167824809208,54.3,-0.042
