pitch_type,release_pos_x,release_pos_z,player_name,pitcher,description,stand,balls,strikes,pfx_x,pfx_z,plate_x,plate_z,vx0,vy0,vz0,ax,ay,az,release_pos_y,delta_run_exp
FA,-1.23,6.64,"Trevino, Jose",624431,hit_into_play,L,3,2,-0.13,1.63,-0.27,2.29,1.6385806087884824,-82.31985301901734,0.4951507824945464,-0.8271156354148171,11.020103373044016,-25.04135472832054,55.43,-0.994
KN,-1.67,6.29,"Trevino, Jose",624431,ball,L,2,2,0.28,0.17,-2.44,4.55,-1.5562063151168375,-84.19603267069755,6.297545467833674,1.5620086940079811,14.82239683058702,-32.76941647344332,55.91,0.279
KN,-1.64,6.38,"Trevino, Jose",624431,ball,L,1,2,-0.2,-0.39,-2.71,2.26,-1.48679757505153,-89.1408080309895,2.571545110718289,-0.7683078050602276,16.491328122019063,-34.97731627828055,54.87,0.142
FA,-1.18,6.72,"Trevino, Jose",624431,foul,L,1,1,-0.05,1.68,0.43,3.22,2.4680595014528657,-81.27531880299426,1.9171285328984704,-0.5277166496034335,10.604820182479315,-25.17615022262248,55.58,-0.145
KN,-1.66,6.65,"Trevino, Jose",624431,ball,L,0,1,-0.17,1.54,-1.12,4.71,1.0854378245990284,-85.95361753059794,3.841857573381737,-1.0237353613548963,14.793847263492218,-25.62322960943956,55.86,0.052
FA,-1.31,6.87,"Trevino, Jose",624431,foul,L,0,0,-0.18,1.96,-0.26,3.19,1.9465414657492464,-88.12588615920825,-0.0327331610459138,-1.2370040455883875,13.709876297146304,-22.25702983807517,55.88,-0.099
FA,-1.02,6.84,"Trevino, Jose",624431,hit_into_play,R,0,2,-0.19,1.85,1.16,3.2,4.365446317199638,-100.28531528197163,-2.1004580237724952,-2.013746343938358,16.324609671690236,-19.568218797130687,55.37,1.742
KN,-1.21,6.77,"Trevino, Jose",624431,foul,R,0,1,0.99,0.54,0.03,3.3,0.6263311757851162,-85.13988874069942,2.927331957576774,4.608396913394714,14.471066024570463,-30.343278547265363,55.66,-0.116
FA,-1.01,6.89,"Trevino, Jose",624431,swinging_strike,R,0,0,-0.41,1.63,0.16,2.14,2.5002418640265387,-89.21372128336057,-1.6379849722791997,-2.534123047660199,12.498732124999432,-23.43984000016629,55.62,-0.099
KN,-1.42,6.52,"Trevino, Jose",624431,ball,L,3,2,0.6,0.34,-1.38,3.4,-0.7617311594554088,-87.26325576327194,3.3934146585524143,3.131211841822237,15.335794616018184,-31.35434114600271,55.87,0.267
FA,-1.27,6.65,"Trevino, Jose",624431,foul,L,3,2,-0.59,1.71,0.55,2.95,3.9894338371819065,-92.45106618268268,-0.531127202509557,-3.983163895113003,14.911013236362756,-22.56148290769054,55.32,0.0
KN,-1.39,6.36,"Trevino, Jose",624431,blocked_ball,L,2,2,0.65,0.79,-0.4,1.3,0.7359294649258342,-90.44444671880724,-1.0427934946656183,3.3964186436511272,15.581285755346409,-27.94397812533408,55.93,0.131
KN,-1.47,6.72,"Trevino, Jose",624431,foul,L,2,1,-0.23,0.5,-1.36,2.64,0.4815215046548327,-83.31483470346406,2.562603652448841,-1.1316415958498884,15.210591542892145,-30.661124363238105,54.73,-0.084
FA,-1.12,6.88,"Trevino, Jose",624431,called_strike,L,2,0,-0.34,1.56,-0.41,2.7,1.5881998032849876,-86.35697235732418,0.0471149147972902,-1.939108540108563,13.097064643978062,-24.640517396545565,56.05,-0.14
KN,-1.39,6.52,"Trevino, Jose",624431,ball,L,1,0,-0.61,0.89,-1.48,1.88,0.6708727021790017,-84.48314824553303,0.7497758433111685,-2.9983590405364065,14.396492362178416,-28.383074560215555,55.89,0.087
KN,-1.28,6.62,"Trevino, Jose",624431,ball,L,0,0,0.7,0.02,-1.42,2.89,-1.1148550101268664,-83.2311706119336,3.5223890071107977,3.369337649539386,14.05232548751207,-32.95323152185835,56.14,0.056
KN,-1.05,6.69,"Trevino, Jose",624431,hit_into_play,R,0,2,0.51,0.22,-0.66,1.73,-0.082911652970747,-86.04055621455639,0.8155544833078503,2.502480291456619,14.821456646699604,-31.50746750593399,56.02,-0.084
FA,-0.85,6.98,"Trevino, Jose",624431,foul,R,0,1,0.07,1.74,1.39,2.16,3.3848479119129333,-84.86961488489854,-0.9562360510830328,-0.0937802137793449,11.39159035492377,-23.85062786281346,55.88,-0.09
FA,-0.95,6.9,"Trevino, Jose",624431,called_strike,R,0,0,-0.08,1.77,0.64,2.01,2.542238900084681,-83.7062973212133,-0.8385770161615017,-0.7041494530743995,11.296563247596527,-23.932892613575724,56.1,-0.081
FA,-1.05,6.92,"Trevino, Jose",624431,hit_into_play,R,1,0,0.14,1.61,1.09,3.14,3.029848056295541,-82.54082980445516,1.299565650137907,0.2118742018297794,11.163336468599358,-25.22120032094713,56.37,0.647
FA,-1.14,7.01,"Trevino, Jose",624431,ball,R,0,0,-0.21,1.68,0.6,3.95,2.915752658779392,-83.22913043994701,2.191518755776697,-1.3630631169228389,11.321696287034976,-24.88990627786234,55.96,0.036
FA,-0.99,7.02,"Trevino, Jose",624431,hit_into_play,R,0,0,-0.19,1.53,-0.12,2.87,1.57308867053099,-82.94718017047846,0.773440643886232,-1.0975131813428662,11.191881667292447,-25.44098879617579,55.89,-0.274
KN,-1.49,6.46,"Trevino, Jose",624431,hit_into_play,L,0,2,0.16,0.94,-0.95,3.43,0.6503390084887671,-85.27774110861495,3.138923994623491,0.6389151470548813,14.809700095786798,-28.49419992393585,54.89,0.708
KN,-1.29,6.51,"Trevino, Jose",624431,foul,L,0,1,0.62,2.09,0.28,3.22,1.5898622318880928,-84.08933071942053,1.3147829343549196,2.647276785813298,14.01047317324234,-22.91775215252537,56.1,-0.047
FA,-1.17,6.8,"Trevino, Jose",624431,called_strike,L,0,0,-0.6,1.66,-0.15,3.63,2.422189648791472,-87.07381454578258,1.325078315251694,-3.4124399656394657,12.508811537049324,-24.13010824505329,56.16,-0.032
KN,-1.03,6.45,"Trevino, Jose",624431,hit_into_play,R,1,1,-1.28,1.54,-0.92,3.48,1.7306299131768583,-78.88909372064674,3.590499193481479,-5.502826296202449,12.763699645229574,-26.7248490924556,55.9,-0.316
KN,-1.07,6.63,"Trevino, Jose",624431,ball,R,0,1,-0.48,0.54,0.04,1.24,2.182450468834318,-78.17430235043604,1.4309185006861511,-2.2706205581052314,11.950758961468162,-30.492132508375043,56.02,0.022
FA,-0.94,6.72,"Trevino, Jose",624431,called_strike,R,0,0,-0.26,1.62,0.65,2.97,2.7211412945758293,-81.4567373166564,1.5877076272932436,-1.5342756211703477,10.634856896776268,-25.403201981130422,55.73,-0.042
FA,-1.23,6.57,"Trevino, Jose",624431,hit_into_play,R,0,1,0.71,0.57,0.54,2.74,1.772560218580305,-82.19680869213944,2.689788638397793,2.948559270496706,11.24473806552596,-30.206827752881,55.77,-0.281
FA,-1.12,6.78,"Trevino, Jose",624431,called_strike,R,0,0,-0.37,1.79,0.25,1.84,2.592422587046247,-83.90062835300648,-0.9762528228634686,-2.0980704592772144,11.422803072699018,-23.810463169846223,55.9,-0.047
FA,-1.1,6.6,"Trevino, Jose",624431,hit_into_play,R,0,1,0.21,0.7,0.58,3.05,2.2671934463989643,-82.46394898415872,2.804140992882558,0.6823321806199623,10.35576977572054,-29.52748950340835,55.86,1.036
FA,-0.96,6.79,"Trevino, Jose",624431,called_strike,R,0,0,-0.04,2.04,0.93,2.52,2.7746678005474954,-78.93344097557957,0.8339124833950133,-0.5107452021061171,10.13967895029765,-23.961097589493203,56.02,-0.047
FA,-0.94,6.66,"Trevino, Jose",624431,hit_into_play,R,1,1,0.27,0.39,1.17,2.48,2.856022668286926,-82.42061807900143,2.3274736046434343,0.865424476417234,11.100238742682697,-30.94145909615735,55.68,1.015
FA,-1.15,6.81,"Trevino, Jose",624431,called_strike,R,1,0,0.53,1.15,-0.08,3.75,0.914613585929734,-81.00515588250553,3.2200161684645403,2.242165253220626,9.9694350064736,-27.66884843490343,56.04,-0.062
FA,-1.01,6.72,"Trevino, Jose",624431,ball,R,0,0,0.46,1.08,0.99,1.09,2.438728143110229,-82.7546325163032,-0.9383799932776052,1.853078794335934,9.93654816428747,-27.258442851004485,55.88,0.036
FA,-0.88,6.91,"Trevino, Jose",624431,hit_into_play,R,1,2,-0.21,1.82,1.1,3.1,3.3410424740895546,-84.54539427062893,0.5620260546554328,-1.4802056853635208,11.380539416019506,-23.7240309999347,56.04,-0.451
FA,-0.71,6.88,"Trevino, Jose",624431,foul,R,1,1,0.13,1.95,0.44,2.7,1.558134311396293,-81.32139191996038,0.5422067460455173,0.3528381028990559,10.916078099110784,-23.823814209830516,56.07,-0.078
FA,-0.76,6.85,"Trevino, Jose",624431,blocked_ball,R,0,1,0.08,1.93,0.0,1.07,0.9937362124248678,-79.21066773044636,-1.2890671892399628,0.2057766555401107,10.153740560866591,-24.08234373789798,56.24,0.057
FA,-0.81,6.92,"Trevino, Jose",624431,called_strike,R,0,0,0.36,1.91,0.08,3.13,0.8554546274438866,-79.21062087262052,1.631889660653142,1.394669200124256,10.421624154452385,-24.583260791868657,56.08,-0.064
FA,-1.2,6.9,"Trevino, Jose",624431,ball,L,3,0,-0.36,1.62,0.84,3.68,3.388375818363836,-78.79584310496833,2.923197950819551,-1.948318719378328,10.404045931387763,-26.077216623205157,56.04,0.182
FA,-1.04,6.76,"Trevino, Jose",624431,ball,L,2,0,-0.14,1.87,1.12,0.98,3.338168492210391,-80.19222792913304,-1.469952351759815,-1.043716196596898,10.31374730913518,-24.116725842387392,56.06,0.133
FA,-1.06,6.82,"Trevino, Jose",624431,ball,L,1,0,-0.53,1.48,-0.13,0.71,1.962571121670197,-77.87079197284805,-0.8631678165500688,-2.388916996571248,9.966938169465072,-26.27287806112962,56.1,0.064
FA,-1.12,6.76,"Trevino, Jose",624431,ball,L,0,0,-0.45,1.4,1.12,1.83,3.821990749468114,-79.64681070171159,0.4947350820895659,-2.3897250204315585,10.30305760389333,-26.505444075999595,56.03,0.032
