pitch_type,release_pos_x,release_pos_z,player_name,pitcher,description,stand,balls,strikes,pfx_x,pfx_z,plate_x,plate_z,vx0,vy0,vz0,ax,ay,az,release_pos_y,delta_run_exp
FF,-2.36,5.75,"Warren, Will",701542,hit_into_play,L,3,2,-0.85,1.31,0.4,1.89,9.04515722532808,-135.75241464668457,-7.110675627892267,-12.52561976623777,29.112362490050234,-14.61210967190422,53.82,-0.297
ST,-2.69,5.71,"Warren, Will",701542,ball,L,2,2,1.59,-0.16,1.0,0.97,5.190217715458092,-117.47310547734727,-3.5353363378387463,13.46844883409376,24.835569555942648,-33.09109447625712,54.21,0.093
CH,-2.31,5.89,"Warren, Will",701542,foul,L,2,2,-1.4,0.67,-0.11,2.06,7.9944271602169055,-123.67430809524896,-4.0137348311286845,-15.996377363439128,23.79319863941703,-24.705615542022613,53.99,0.0
CH,-2.39,5.87,"Warren, Will",701542,swinging_strike,L,2,1,-1.49,0.43,0.06,1.32,8.711152020198805,-122.76581436140962,-5.089190933766357,-16.839770942083515,24.11706946877392,-26.983522714624588,53.98,-0.063
CH,-2.3,5.81,"Warren, Will",701542,ball,L,1,1,-1.52,0.49,0.09,0.31,8.547021134824627,-121.40049231455484,-7.167102927799785,-16.784374677072076,25.435578650385537,-25.98157208245695,54.0,0.05
CH,-2.48,5.84,"Warren, Will",701542,ball,L,0,1,-1.37,0.4,-0.19,0.58,8.099365407254936,-122.9128097158086,-6.6966868605413055,-15.538702087482887,25.444573882701743,-26.86856988261453,54.01,0.021
ST,-2.74,5.67,"Warren, Will",701542,called_strike,L,0,0,1.11,0.73,-0.39,2.24,3.1160463641191205,-117.96763631059028,-2.368950929083794,9.624719340142327,24.50956608434683,-25.1244008764142,54.18,-0.032
FC,-2.49,5.59,"Warren, Will",701542,swinging_strike,R,2,2,0.52,0.67,1.29,2.09,8.387930760455385,-131.37870473442223,-4.2700065754328485,4.337941486052289,26.21886096557628,-23.68755125492328,53.69,-0.088
FF,-2.26,5.95,"Warren, Will",701542,foul,R,2,2,-0.68,1.34,0.83,2.68,9.563691993813649,-136.96438104111488,-5.788556316452621,-10.648592181987384,29.312834678711063,-14.15525527681952,54.01,0.0
FF,-2.49,5.6,"Warren, Will",701542,foul,R,2,2,-0.59,1.17,0.98,2.4,10.44010761336197,-137.3781199949411,-5.300204914211255,-9.826335740348249,30.384770874086957,-16.329433969865136,53.84,0.0
FF,-2.2,5.86,"Warren, Will",701542,ball,R,1,2,-0.49,1.12,0.99,3.18,9.463433058179488,-137.30281205311368,-3.824767337568365,-8.229108352116654,28.314367392578653,-17.340158175489655,53.86,0.018
ST,-2.53,5.67,"Warren, Will",701542,foul,R,1,2,1.61,0.21,1.56,1.86,6.198733271313039,-119.98563967663002,-2.4758394908527466,14.042109814096486,26.029092880116973,-29.870414593823934,53.76,0.0
SI,-2.17,5.6,"Warren, Will",701542,foul,R,1,1,-1.37,0.0,-0.43,1.96,7.552510553871084,-135.7842474833384,-3.630673449428003,-18.628651883723947,29.774129374413743,-31.576073906137623,53.81,-0.026
FF,-2.42,5.56,"Warren, Will",701542,called_strike,R,1,0,-0.98,1.09,0.75,1.7,10.457775162427152,-136.18069539919924,-6.698923947231432,-14.48968669818119,28.59597949404478,-17.31293974288832,53.65,-0.019
ST,-2.5,5.71,"Warren, Will",701542,ball,R,0,0,1.1,0.17,1.19,1.87,6.230875629955541,-118.751700473625,-2.392274092814966,9.159330356238858,23.23784256872744,-30.314456089824763,53.8,0.016
ST,-2.63,5.72,"Warren, Will",701542,swinging_strike,L,3,2,1.39,0.09,0.66,1.47,4.7999550948130425,-120.16494607861394,-3.319639940763748,12.43753984893454,25.003012671512167,-30.8527890851054,53.68,-0.211
FF,-2.46,5.81,"Warren, Will",701542,foul,L,3,2,-0.89,1.2,0.0,2.02,8.430971626739776,-137.37057738995156,-6.912317202001896,-13.12871157351404,29.89302149668182,-15.636697361428151,53.89,0.0
FF,-2.29,5.9,"Warren, Will",701542,foul,L,3,2,-0.53,1.14,0.53,3.09,8.530502295737751,-136.42017759228426,-4.079475767880058,-8.531727059346002,29.79080281186893,-17.216412616670105,53.9,0.0
FF,-2.48,6.0,"Warren, Will",701542,ball,L,2,2,-0.65,1.23,-0.81,4.82,5.792074817616413,-136.27938517996958,-0.0145510616909625,-9.398628049559353,29.864240158847966,-17.062926258596725,53.93,0.069
CH,-2.37,5.89,"Warren, Will",701542,foul,L,2,2,-1.36,0.36,0.6,1.73,9.886612521541222,-125.70724940418596,-4.467634600204896,-16.342922148225817,24.263307914297524,-27.62009016326111,53.9,0.0
CH,-2.4,5.93,"Warren, Will",701542,foul,L,2,1,-1.51,0.19,-0.35,0.99,8.009771178850087,-126.1685839305928,-6.046030933186501,-17.702612868220495,25.12109445572553,-29.09996970932645,53.96,-0.051
ST,-2.84,5.72,"Warren, Will",701542,ball,L,1,1,1.24,-0.02,-1.01,2.42,1.7292260761718805,-118.07012747007316,-0.6773518342449859,11.240342795668266,23.513479049991183,-32.43251429969054,53.96,0.037
CH,-2.39,5.86,"Warren, Will",701542,ball,L,0,1,-1.38,0.09,0.01,0.53,8.471040366217267,-123.68779302376625,-6.417851707553547,-15.861316830657882,23.255525873740503,-30.19683044966052,53.83,0.017
CH,-2.33,5.85,"Warren, Will",701542,called_strike,L,0,0,-1.36,0.29,0.33,1.76,9.04987033905662,-123.80688140569188,-3.927573507643619,-15.794187443203166,23.446076618129336,-28.569210795848093,53.73,-0.024
ST,-2.67,5.6,"Warren, Will",701542,called_strike,R,2,2,1.28,0.29,0.08,1.86,3.76145347230066,-119.40627259474358,-2.479247320886835,11.467874100924998,23.565873502972565,-29.148855740039888,53.77,-0.204
FF,-2.35,5.84,"Warren, Will",701542,foul,R,2,2,-0.53,1.15,0.41,3.57,8.299971520555797,-135.5960097984684,-2.622785693091889,-8.255935181411198,27.58443419398926,-17.588792411230145,53.81,0.0
ST,-2.6,5.66,"Warren, Will",701542,ball,R,1,2,1.77,0.17,-0.07,0.62,2.2504140321903927,-116.3973389280584,-4.714450354563038,15.611005012489573,22.55393191820218,-29.896334658464227,54.13,0.036
FF,-2.4,5.73,"Warren, Will",701542,foul,R,1,1,-0.92,1.18,0.02,2.88,8.305440487404903,-135.5107795415311,-4.180019945303487,-13.153528624586793,28.49687938119182,-16.853762563883,53.8,-0.049
ST,-2.49,5.7,"Warren, Will",701542,swinging_strike,R,1,0,1.27,0.25,1.09,1.39,5.669835559232676,-119.52599521556223,-3.6903180938188127,10.966845368734768,23.96203510069372,-29.29203549836828,53.9,-0.044
ST,-2.5,5.8,"Warren, Will",701542,ball,R,0,0,1.49,-0.07,1.68,0.57,6.610619684020713,-119.66483468329564,-5.16249694051307,12.858236775966692,25.333852098116875,-31.93514387679088,53.94,0.032
CH,-2.59,5.7,"Warren, Will",701542,swinging_strike,L,2,2,-1.27,0.06,-0.27,1.19,7.839880534982795,-120.3518245267679,-3.950773331377678,-13.873316365429726,22.97160821749316,-30.981749379739583,53.76,-0.328
ST,-2.82,5.6,"Warren, Will",701542,foul,L,2,1,1.58,0.18,0.93,1.59,5.397124975742783,-118.32263368771228,-2.686268531474328,13.668252337622311,24.48789450108924,-30.176930961858258,53.85,-0.162
CH,-2.32,5.84,"Warren, Will",701542,ball,L,1,1,-1.45,0.38,1.39,1.25,11.78588509451418,-124.74813202121892,-5.409951607923515,-17.490107437893283,24.296500988677494,-27.237100572588027,53.85,0.058
FF,-2.41,5.76,"Warren, Will",701542,called_strike,L,1,0,-0.58,1.16,0.58,2.26,8.904131346213209,-133.45310500233347,-5.564491942352295,-8.878441581230215,28.74326200464203,-17.226550807358652,53.68,-0.058
CH,-2.57,5.74,"Warren, Will",701542,ball,L,0,0,-1.09,0.45,-1.58,3.01,4.58056201155695,-124.31799693227804,-1.1008223041371463,-12.255507411383403,23.29455593208571,-27.51377112931521,53.72,0.042
SI,-2.52,5.52,"Warren, Will",701542,hit_by_pitch,R,2,1,-1.28,0.09,-2.28,3.81,3.4629126182448906,-135.8299662689612,1.2111726542516836,-16.63814122732853,30.956858228283387,-31.56422294489,53.92,0.185
FF,-2.39,5.75,"Warren, Will",701542,foul,R,2,0,-0.55,1.29,0.22,2.49,8.02633070411614,-136.29260748596934,-5.575793749388345,-8.57919959347762,30.15303579142815,-15.063110387074508,53.63,-0.033
SI,-2.57,5.51,"Warren, Will",701542,ball,R,1,0,-1.24,0.24,-1.47,2.45,5.561997385539796,-134.536289193544,-2.517780380190362,-16.207564627536655,29.09649386266269,-28.929244056836254,53.72,0.044
FF,-2.24,5.74,"Warren, Will",701542,ball,R,0,0,-0.63,1.12,1.9,2.24,11.97244577005425,-133.45503528759863,-5.520447453166993,-10.090715357883116,27.66197437710601,-17.679981849959848,53.68,0.027
FF,-2.36,5.92,"Warren, Will",701542,hit_into_play,L,0,2,-0.75,1.3,0.03,3.78,7.822592749982913,-135.80924552772913,-2.6199422152674186,-10.951616120267554,28.57261799521913,-15.731457867618431,54.05,-0.197
FF,-2.22,5.89,"Warren, Will",701542,foul,L,0,1,-0.9,1.39,0.83,2.74,9.815706332654038,-134.55473715839918,-5.262578626382743,-13.106101357542542,30.581491366806887,-14.336780893033414,53.81,-0.059
FF,-2.38,5.67,"Warren, Will",701542,called_strike,L,0,0,-0.93,1.44,-0.6,2.88,6.6906075387228015,-136.08312586179042,-4.601700673698844,-13.039705423574008,33.65912306374551,-13.543897059304156,53.86,-0.042
FF,-2.32,5.74,"Warren, Will",701542,hit_into_play,R,0,0,-0.95,1.0,0.26,2.46,8.682723670336797,-133.78067970721784,-4.645466196071058,-13.313039495441974,30.894073783886043,-19.39163339654721,53.7,-0.376
SI,-2.45,5.6,"Warren, Will",701542,hit_into_play,R,2,1,-1.36,0.11,0.37,2.43,10.207233998753672,-134.4952214264486,-2.4839837044411093,-18.754605545912472,31.13065813141264,-30.49740545008373,53.87,0.371
SI,-2.45,5.55,"Warren, Will",701542,foul,R,2,0,-1.39,0.06,-0.59,2.13,7.843760688450178,-134.6853402944806,-3.058656604100332,-18.62225047702067,30.010406322866416,-30.908440822146755,53.81,-0.057
SI,-2.3,5.67,"Warren, Will",701542,ball,R,1,0,-1.33,0.2,0.53,3.34,10.0997350055101,-133.5660961258615,-0.4379012992532013,-18.08203999098516,29.744564052829134,-29.89225415492718,53.81,0.064
FF,-2.27,5.76,"Warren, Will",701542,ball,R,0,0,-0.93,1.05,1.29,2.59,11.131616774534738,-133.98935305374505,-4.52151724289212,-13.587218385447992,28.989568741346314,-18.745315973057465,53.82,0.032
SI,-2.53,5.63,"Warren, Will",701542,hit_into_play,L,3,1,-1.44,-0.12,-0.76,2.3,7.81407937985796,-136.419713264273,-2.5737624925596028,-19.694763884382077,33.23917878596552,-33.28228167736531,53.8,-0.166
FF,-2.52,5.75,"Warren, Will",701542,ball,L,2,1,-0.78,1.19,-1.27,2.76,5.01438053724783,-137.3640200424523,-4.726942455384156,-10.958637187790313,31.779709674214622,-16.305978786906817,53.99,0.046
ST,-2.87,5.7,"Warren, Will",701542,ball,L,1,1,1.23,0.47,-1.4,3.02,0.9559340066784804,-120.996018542355,-0.5765742836253853,11.816071111769237,24.71037141016832,-27.6638420379342,54.21,0.023
FF,-2.66,5.72,"Warren, Will",701542,ball,L,0,1,-0.91,1.09,-2.1,2.68,3.512704557428601,-138.19510919227093,-4.735860517571456,-12.44744482798432,32.11912358989029,-17.318192057146494,53.96,0.011
CH,-2.53,5.77,"Warren, Will",701542,called_strike,L,0,0,-1.39,0.1,-0.46,2.7,7.90981895132246,-126.2208586804605,-1.3025343673339438,-16.511871514596667,28.06419854675873,-31.010339311361577,53.57,-0.015
FF,-2.52,5.58,"Warren, Will",701542,hit_into_play,R,3,2,-0.71,1.05,-0.17,2.51,7.73626257159283,-136.84349081274922,-4.62098915264531,-10.57320836578806,29.91473229417932,-18.19179281479735,53.57,-0.211
SI,-2.49,5.65,"Warren, Will",701542,foul,R,3,2,-1.32,0.27,0.21,3.18,9.92032752035155,-135.5825709616321,-1.1863442854066122,-18.35500171843479,28.46125182110293,-28.83087277348112,53.72,0.0
SI,-2.53,5.58,"Warren, Will",701542,foul,R,3,1,-1.38,0.51,-0.4,1.82,8.565411735626448,-135.5167864610498,-5.027614585953322,-18.84553336609407,29.904578656625496,-24.980824666308887,53.8,-0.059
FF,-2.41,5.77,"Warren, Will",701542,ball,R,2,1,-0.81,1.36,1.53,2.08,12.00820167459663,-135.56368147869668,-6.781061824490256,-12.559639726961205,29.486689251837426,-14.051110963263026,53.66,0.077
FF,-2.41,5.59,"Warren, Will",701542,called_strike,R,2,0,-0.88,1.38,0.66,1.87,9.904379225268087,-134.69999485338832,-6.795870997259809,-12.9062035210174,29.444001795261045,-14.00995865197701,53.54,-0.039
FF,-2.38,5.6,"Warren, Will",701542,ball,R,1,0,-0.79,1.37,1.34,1.79,11.306244638716898,-134.1441175443054,-6.939324896093319,-11.969638221979515,28.784052356532683,-14.28050288377108,53.5,0.045
ST,-2.49,5.64,"Warren, Will",701542,ball,R,0,0,1.67,-0.2,1.86,0.11,6.414868359642886,-115.10175587525428,-4.85547986141574,13.391164865738707,23.675480908800235,-33.12286909274232,53.83,0.024
ST,-2.77,5.81,"Warren, Will",701542,hit_into_play,L,0,0,1.46,0.41,-0.17,2.6,2.945863959080284,-115.60156678006798,-0.9391680750793694,12.40144043701518,24.171490352910805,-28.58364878897109,54.13,-0.228
SI,-2.34,5.61,"Warren, Will",701542,hit_into_play,R,0,1,-1.54,0.29,-0.14,2.25,9.087725596543528,-135.3993989037973,-3.526246997145633,-20.883230649410752,29.81338721031492,-28.00801119826549,53.81,-0.085
FF,-2.44,5.65,"Warren, Will",701542,called_strike,R,0,0,-0.84,1.25,0.75,2.97,10.164829904040554,-135.94416829674066,-3.9657880581255855,-12.62155103763361,29.25751612605391,-15.942519633248468,53.75,-0.015
FF,-2.54,5.72,"Warren, Will",701542,called_strike,L,1,2,-1.02,1.22,0.71,2.37,10.635187140297832,-135.78371953880338,-5.544032843110847,-14.95538441052565,29.953487751990068,-16.020054858261158,54.11,-0.116
CH,-2.38,5.79,"Warren, Will",701542,foul,L,1,1,-1.44,0.21,-0.69,1.8,7.05897450960884,-126.24187220237388,-3.816161568490039,-16.82932530964448,25.896978711876898,-29.33297738842214,53.82,-0.04
FF,-2.76,5.7,"Warren, Will",701542,ball,L,0,1,-0.76,1.24,-1.41,3.54,5.1796102770277725,-136.01756096751606,-2.535156152740153,-10.62885569586065,30.602890931814212,-16.456601448427307,53.99,0.017
FF,-2.63,5.67,"Warren, Will",701542,called_strike,L,0,0,-1.07,1.11,-0.64,3.1,7.423703259392909,-134.40456378564616,-3.1151251823347974,-14.604922445045858,30.94600374569889,-18.249008318136937,53.95,-0.024
ST,-2.61,5.59,"Warren, Will",701542,hit_into_play,R,0,1,1.2,0.04,-0.21,1.97,3.1420212339980647,-120.37271156112548,-1.840433613791041,11.083225544992072,23.541068790103367,-31.608563097507652,53.9,2.405
SI,-2.36,5.53,"Warren, Will",701542,called_strike,R,0,0,-1.34,0.16,0.3,2.82,9.877073601648098,-135.1599899773619,-1.476836684677448,-18.651734998363143,31.352324839393116,-30.051973902374925,53.61,-0.083
FF,-2.45,5.74,"Warren, Will",701542,ball,L,3,2,-0.63,1.16,-1.19,3.04,4.667162362147559,-136.6344363398403,-3.83016280273087,-8.906946263587255,30.451454596219765,-17.066898822639914,53.9,0.313
FF,-2.42,5.85,"Warren, Will",701542,ball,L,2,2,-0.74,1.28,-1.02,4.0,5.261288674038721,-136.30174255137632,-1.904397787279713,-10.35835082095719,29.61333310240022,-15.96220024978854,53.92,0.097
FF,-2.62,5.6,"Warren, Will",701542,foul,L,2,1,-0.86,1.11,0.08,2.15,8.875948129698678,-134.63763584116387,-5.46706641863142,-12.433846461283633,29.52751780893797,-17.704555396391527,53.48,-0.074
CH,-2.52,5.67,"Warren, Will",701542,blocked_ball,L,1,1,-1.53,0.06,0.58,0.55,10.554906296980803,-125.27765241376466,-6.064257039579267,-18.25546994492367,26.290010262058956,-30.441565826187308,53.7,0.058
CH,-2.41,5.74,"Warren, Will",701542,ball,L,0,1,-1.56,0.23,0.09,1.17,9.209775416319388,-125.45346555691056,-5.1319444808749095,-18.33960527610126,26.21824756233504,-28.858929841668232,53.77,0.031
FF,-2.54,5.73,"Warren, Will",701542,called_strike,L,0,0,-0.94,1.27,-0.44,2.13,7.486929846290417,-135.2396976186098,-6.260711104091607,-13.15510975902151,29.90805012483124,-15.338413878723408,53.89,-0.042
ST,-2.72,5.71,"Warren, Will",701542,hit_into_play,R,1,0,1.3,0.43,0.66,2.73,5.219954241256469,-120.71600306359235,-1.179214496974905,11.612838314926623,24.07917501176721,-27.939361802485,53.88,-0.443
FF,-2.33,5.73,"Warren, Will",701542,ball,R,0,0,-0.8,1.41,1.49,2.11,11.503880415724764,-133.3478580563547,-6.405714706830588,-11.995160639959686,28.626653684795095,-14.12132540800215,53.69,0.067
ST,-2.45,5.7,"Warren, Will",701542,hit_into_play,R,1,1,0.95,0.45,-0.25,2.16,3.2015744423972152,-120.6139087033617,-2.503717220956431,8.613493778707994,23.901169423702623,-27.486121267102167,53.9,0.421
SI,-2.26,5.69,"Warren, Will",701542,called_strike,R,1,0,-1.32,0.25,0.83,2.46,10.735709838612982,-133.3331300427634,-2.844443149010577,-18.055887702126103,29.475549319588552,-28.782096053913623,53.85,-0.044
ST,-2.59,5.79,"Warren, Will",701542,ball,R,0,0,1.36,0.39,1.83,1.3,7.389577500787011,-119.53904892376607,-4.38488566630456,11.667967350780684,22.912607394390285,-27.823798299193875,54.03,0.032
CH,-2.66,5.71,"Warren, Will",701542,hit_into_play,L,0,1,-1.45,0.1,-0.48,1.51,8.354148637413358,-127.7633422691692,-4.249644631845604,-17.659085991012162,26.752140446349483,-30.42036278506516,53.87,-0.29
FF,-2.56,5.78,"Warren, Will",701542,called_strike,L,0,0,-0.88,1.1,-0.69,2.72,6.887919234893458,-137.36636940307454,-4.736466101554594,-12.645072163919949,31.33969367904604,-17.331862812620823,53.74,-0.048
SI,-2.3,5.57,"Warren, Will",701542,hit_into_play,R,0,1,-1.3,0.26,0.07,2.97,9.10843104148372,-136.70124510692537,-1.56251978139966,-18.37554122381412,30.917651504869696,-28.8330271856771,53.86,1.046
SI,-2.48,5.61,"Warren, Will",701542,called_strike,R,0,0,-1.21,0.08,-0.65,3.22,7.464846606776367,-136.73539719699605,-0.6356260117166241,-16.882702132180835,30.143042378795272,-31.30771206560048,53.87,-0.048
FF,-2.65,5.82,"Warren, Will",701542,swinging_strike,L,2,2,-0.72,1.31,-0.36,3.82,7.560604115954242,-136.91162230546527,-2.39202027554488,-10.684326910359124,29.98462375879279,-15.421515011952623,53.97,-0.278
CH,-2.59,5.77,"Warren, Will",701542,foul,L,2,1,-1.43,0.38,-0.54,2.23,7.942519534836212,-126.9823573722604,-3.1758615994734978,-17.124187054432603,25.82156344119768,-27.55141759427497,53.85,-0.105
FF,-2.63,5.76,"Warren, Will",701542,foul,L,2,0,-0.85,1.21,-0.45,2.63,7.591093475747455,-136.9128265214949,-5.126418281599565,-12.345760683921158,30.08708190662803,-15.97691648763211,53.8,-0.057
ST,-2.8,5.73,"Warren, Will",701542,ball,L,1,0,1.51,0.11,-0.97,3.01,1.2284731021009927,-121.39757002868208,-0.0089111402516184,14.679433496633369,24.58560238388695,-31.260540337634083,53.97,0.059
FF,-2.67,5.8,"Warren, Will",701542,ball,L,0,0,-0.91,1.2,-0.37,3.6,7.964098607098683,-135.61209466356604,-2.517831521666221,-13.076087514549094,31.0972468010949,-17.006042393533736,53.94,0.036
SI,-2.4,5.57,"Warren, Will",701542,hit_into_play,R,1,1,-1.35,0.1,-0.41,2.88,8.163372248476225,-136.37321881916904,-1.399733301018764,-18.64813242322139,31.744024696616624,-30.839747768511995,53.89,-0.529
ST,-2.67,5.67,"Warren, Will",701542,swinging_strike,R,1,0,1.59,0.02,1.31,1.42,6.1020083901569935,-121.38015686908912,-3.406668438295168,14.498486767715738,24.01967818423204,-31.471556228736024,53.59,-0.075
ST,-2.58,5.64,"Warren, Will",701542,ball,R,0,0,1.5,0.23,1.47,0.97,6.475580988990203,-122.37193383336104,-4.936105318934782,13.728489201897544,24.376016101843533,-29.071368768326906,53.82,0.067
FF,-2.72,5.81,"Warren, Will",701542,ball,L,3,2,-0.7,1.13,-1.22,3.35,5.456718723135943,-137.1450559846031,-3.2046266009892888,-9.981695100441147,30.19027344495085,-17.429308775195494,54.01,0.343
ST,-2.77,5.76,"Warren, Will",701542,ball,L,2,2,1.51,0.04,0.08,0.57,3.5340945337712912,-119.36029030890631,-5.183540819942598,13.55937285163771,26.124972085870358,-30.94314389910234,54.0,0.093
ST,-2.68,5.72,"Warren, Will",701542,ball,L,1,2,1.38,0.37,2.64,0.95,9.673656774097775,-122.66762844471565,-5.415813199935406,11.791313774284257,26.56067504478309,-27.51719980678726,53.91,0.036
ST,-2.79,5.79,"Warren, Will",701542,called_strike,L,1,1,1.38,0.39,-0.79,2.51,1.8944085232824888,-122.59364261398473,-2.001863816693648,13.515004671545537,24.936439064187443,-28.09789544704801,54.12,-0.049
CH,-2.53,5.83,"Warren, Will",701542,ball,L,0,1,-1.58,0.1,-0.26,0.99,8.660691432173438,-125.6467354445848,-5.510580836433308,-18.54206518477015,26.068909525310445,-30.171934154959025,53.99,0.021
FF,-2.56,5.78,"Warren, Will",701542,called_strike,L,0,0,-0.92,1.13,-0.22,2.51,8.144535675943093,-136.96319361184706,-5.312145691503305,-13.403354224680047,30.47839475702137,-16.926163225886327,54.0,-0.032
