pitch_type,release_pos_x,release_pos_z,player_name,pitcher,description,stand,balls,strikes,pfx_x,pfx_z,plate_x,plate_z,vx0,vy0,vz0,ax,ay,az,release_pos_y,delta_run_exp
SL,-1.99,6.47,"Burr, Ryan",621114,hit_into_play,R,2,2,0.29,-0.14,-0.57,1.95,2.816106357993244,-124.590682360572,-4.193734109307373,2.534560498995084,22.8914208988586,-33.05614647937982,53.5,-0.271
FF,-1.9,6.45,"Burr, Ryan",621114,foul,R,2,1,-0.18,1.27,-0.45,2.7,4.214727285890825,-136.90666393082893,-6.937652334245187,-3.128487924302068,29.70868005696176,-14.895896486425531,53.32,-0.074
SL,-2.03,6.41,"Burr, Ryan",621114,blocked_ball,R,1,1,0.5,-0.19,1.03,0.27,6.26274246806827,-123.256483743733,-7.764273911242024,3.960374777980392,23.41466026584353,-32.82721963561302,53.24,0.058
SL,-2.21,6.52,"Burr, Ryan",621114,ball,R,0,1,0.49,-0.18,-1.07,2.95,1.7082199010642003,-122.16846976403848,-1.5815104246849536,4.598167628696488,21.959421162012507,-33.88881117108806,53.43,0.031
SL,-1.99,6.55,"Burr, Ryan",621114,foul,R,0,0,0.39,-0.1,0.49,1.25,5.1241910583861765,-124.45480537721664,-6.116437879574282,3.045626271434054,24.029306876915044,-32.19750819724415,53.57,-0.042
SL,-2.21,6.54,"Burr, Ryan",621114,hit_into_play,R,0,1,0.57,-0.11,-0.32,1.79,3.260243450300764,-122.41868115851102,-4.474008218926896,5.177495268291783,21.927414299976988,-32.67708287624085,54.03,-0.312
FF,-1.86,6.53,"Burr, Ryan",621114,called_strike,R,0,0,-0.04,1.29,-0.81,3.43,2.864343560123134,-137.94890627012177,-5.368434119711295,-1.1199838791267156,29.248941118918477,-14.717565285900193,53.87,-0.064
FF,-1.98,6.47,"Burr, Ryan",621114,hit_into_play,L,3,2,-0.1,1.19,-0.48,2.54,4.1489935578538,-135.73527019055106,-7.06924101740066,-2.1040878212282124,28.384776533879844,-16.150000760079653,53.44,0.341
SL,-2.21,6.42,"Burr, Ryan",621114,ball,L,2,2,0.29,-0.2,-0.93,0.48,2.410637898421051,-122.63510111864716,-7.150946308489034,2.567450098889259,21.50538482017313,-33.102175608620186,53.79,0.093
SL,-2.09,6.47,"Burr, Ryan",621114,ball,L,1,2,0.49,-0.04,-1.32,0.8,0.847323469053225,-124.6592057816766,-7.19828644338017,5.031734954853971,22.05894528539664,-31.52330335670444,53.49,0.036
SL,-2.13,6.42,"Burr, Ryan",621114,swinging_strike,L,1,1,0.56,-0.1,-0.49,1.6,2.76975569871971,-123.5628020738223,-4.88462928941907,5.262065603866253,22.37079962034466,-32.46882856146347,53.53,-0.049
SL,-2.09,6.39,"Burr, Ryan",621114,ball,L,0,1,0.54,-0.22,-1.66,2.7,-0.0746774772300392,-122.3959828489585,-1.8200686251603355,5.478835651460573,21.434497201430798,-34.23941578947149,53.72,0.021
FF,-2.06,6.47,"Burr, Ryan",621114,called_strike,L,0,0,-0.14,1.39,-0.4,1.91,4.62951547443313,-135.40219444303895,-9.13216822487099,-2.716023664487444,28.02879389163565,-13.335697548902315,53.35,-0.032
FF,-2.1,6.5,"Burr, Ryan",621114,hit_into_play,L,3,1,0.11,1.28,-0.42,3.02,4.186510122062421,-136.83198949309602,-6.288608224715779,0.5036551296202407,27.35439827863109,-14.940257745754918,53.46,-0.572
FF,-1.95,6.51,"Burr, Ryan",621114,ball,L,2,1,0.12,1.13,-1.48,3.76,0.962480593160965,-137.39589965346343,-4.087523013531295,1.403411720803378,26.537431285068088,-17.09467711811076,53.44,0.083
SL,-2.06,6.48,"Burr, Ryan",621114,ball,L,1,1,0.43,-0.49,0.1,0.94,4.239638462996565,-123.63119903476148,-5.76678142317162,3.6779082696563647,23.260932999256877,-36.28027687957584,53.63,0.058
SL,-2.35,6.46,"Burr, Ryan",621114,foul,L,1,0,0.41,-0.48,-1.17,2.42,1.9689231271915355,-123.93129721784024,-2.260774562221901,3.9102899515399936,23.44180873895971,-36.938599416356126,53.56,-0.058
FF,-2.02,6.45,"Burr, Ryan",621114,ball,L,0,0,-0.05,1.15,-1.59,2.16,1.2390089637827149,-137.11975272784713,-8.135216354838187,-0.9355204565406018,28.98915080035565,-16.074098872111897,53.35,0.042
SL,-1.94,6.41,"Burr, Ryan",621114,hit_into_play,R,0,2,0.5,-0.61,0.0,0.6,3.599944481917128,-124.40901024440063,-6.266738849729352,4.577709327088392,22.77013310223719,-37.59776480527273,53.81,1.242
SL,-2.09,6.47,"Burr, Ryan",621114,foul,R,0,1,0.65,0.0,0.45,1.75,4.618494712468858,-122.63579618622508,-4.713835673114724,5.870042609287865,20.731293780561572,-31.510353184617745,53.91,-0.131
SL,-2.06,6.53,"Burr, Ryan",621114,called_strike,R,0,0,0.55,-0.12,0.25,3.42,4.394630743181375,-125.3881963567155,-0.9794001523547288,5.026791370504732,22.32177128138392,-33.473080512851375,53.91,-0.081
FF,-2.05,6.37,"Burr, Ryan",621114,hit_into_play,L,1,0,0.1,1.27,0.29,1.69,5.912680961096229,-136.39713080900813,-9.390013799997474,0.1370663766960383,25.62853429142688,-14.462572783086635,53.39,-0.53
FF,-1.97,6.49,"Burr, Ryan",621114,ball,L,0,0,0.07,1.36,-1.22,2.94,1.847059223439938,-138.6148881987027,-6.933715795745175,0.5966203911532846,26.073809077509637,-13.246672296559025,53.45,0.051
FF,-1.81,6.49,"Burr, Ryan",621114,ball,R,3,1,0.06,1.29,0.11,3.7,4.959752337106421,-137.97533915577245,-4.604905633350998,-0.2447116095523626,27.390065022800652,-14.850241365979286,53.72,0.209
SL,-1.97,6.48,"Burr, Ryan",621114,ball,R,2,1,0.55,-0.49,0.57,1.08,4.92907263891023,-124.54807673060336,-5.552288708592947,4.85494472503237,22.728200280478184,-36.47829706114514,53.75,0.127
SL,-2.13,6.45,"Burr, Ryan",621114,ball,R,1,1,0.63,-0.1,1.03,1.21,6.336785484199579,-126.58157095043664,-6.288135543433462,5.654556477729375,23.05941038756407,-32.25849412146928,53.74,0.058
SL,-2.01,6.42,"Burr, Ryan",621114,blocked_ball,R,0,1,0.48,-0.2,1.57,-0.1,7.635682295823614,-125.8018367339602,-9.03404928787751,3.5926204678938625,25.081167940157467,-32.64119152349053,53.69,0.031
FF,-1.97,6.42,"Burr, Ryan",621114,foul,R,0,0,-0.23,1.16,0.25,1.84,6.3770998680553,-138.3914002205412,-9.080325095114535,-4.213425304808909,27.676559594157528,-15.46362461204446,53.76,-0.042
FF,-2.01,6.55,"Burr, Ryan",621114,swinging_strike,L,0,2,-0.14,1.25,-0.68,3.8,3.761205279436359,-136.51825811357202,-4.252929998163552,-2.4365206780011777,25.000831836042668,-15.77898015116017,53.84,-0.23
SL,-2.08,6.45,"Burr, Ryan",621114,foul,L,0,1,0.34,-0.13,-0.72,2.01,2.54944827342677,-124.61363249764678,-4.089127940841648,3.217867330736484,20.383077641376996,-33.0244067822517,53.57,-0.075
SL,-2.26,6.42,"Burr, Ryan",621114,called_strike,L,0,0,0.43,-0.32,-0.82,1.76,2.5947719881964657,-125.66444620276788,-4.377531117431202,4.157432417525092,20.509033051420648,-35.035878421051386,53.71,-0.064
SL,-2.13,6.29,"Burr, Ryan",621114,ball,R,3,1,0.46,-0.5,0.92,-0.17,6.369980238608508,-125.97183154234772,-8.246343370970601,3.6257791342664953,26.021774500575628,-35.99875712461309,53.83,0.265
SL,-2.02,6.46,"Burr, Ryan",621114,ball,R,2,1,0.42,-0.4,1.06,0.92,6.496885066696153,-125.69445548577688,-6.205295683298232,3.160846692215622,24.699452487954662,-35.40620534327721,53.97,0.108
SL,-2.11,6.4,"Burr, Ryan",621114,ball,R,1,1,0.59,-0.04,1.25,0.88,6.936171713141107,-127.02733543428135,-7.157457954510264,5.081907725557098,23.88835590875889,-31.42153304660319,53.74,0.05
FF,-1.91,6.39,"Burr, Ryan",621114,called_strike,R,1,0,0.04,1.2,0.59,2.28,6.5438605285496525,-137.4729573393111,-7.898752068547348,-0.8503256648682577,27.52245998892262,-15.362277539011693,53.22,-0.044
FF,-1.83,6.41,"Burr, Ryan",621114,ball,R,0,0,0.08,1.17,1.02,1.63,7.276885481306699,-136.40980612915894,-9.402009879842996,-0.3800615920715836,26.252702990236592,-15.727085466790546,53.52,0.032
FF,-1.86,6.4,"Burr, Ryan",621114,foul_tip,L,0,2,-0.02,1.4,0.05,3.81,5.168061149046272,-139.57148151630713,-4.537754226114967,-1.322307694837442,28.18348421753512,-12.968319542542888,53.51,-0.265
FF,-1.86,6.4,"Burr, Ryan",621114,foul,L,0,1,-0.04,1.09,-0.38,2.55,4.017804329138764,-137.29758562589393,-6.9106090921552825,-1.3484255397667393,26.67331792809812,-17.144052171956776,53.27,-0.131
FF,-1.79,6.44,"Burr, Ryan",621114,called_strike,L,0,0,-0.14,1.13,0.23,2.53,5.657453872265849,-137.62655790884648,-7.232684771756608,-2.89223102549718,25.790219391725447,-16.379262338335252,53.36,-0.081
FF,-1.77,6.43,"Burr, Ryan",621114,hit_into_play,R,0,0,-0.12,1.36,-0.14,2.55,4.515125794229344,-135.26981976130725,-7.265808892166769,-2.402396326328442,28.09906228452497,-14.101791015092816,53.39,0.304
FF,-1.86,6.43,"Burr, Ryan",621114,ball,L,3,0,-0.18,1.23,-1.19,4.48,2.165010487284967,-136.17739172193,-2.0285295825465277,-2.7147696758242827,29.05108445695489,-16.547271818443107,53.49,0.042
SL,-1.92,6.4,"Burr, Ryan",621114,ball,L,2,0,0.47,-0.25,-0.63,3.7,2.134021256117392,-124.85673198443271,0.3548890503663207,4.525764764942379,22.936867143657725,-35.10653756150203,53.52,0.046
FF,-1.77,6.37,"Burr, Ryan",621114,ball,L,1,0,-0.02,1.29,-0.29,1.04,3.9388156671030927,-136.64685007869036,-11.162255760993297,-1.0330758559213618,28.900949057762663,-13.749848387053625,53.22,0.026
FF,-1.61,6.37,"Burr, Ryan",621114,ball,L,0,0,0.06,1.52,-0.18,3.97,3.664558943234255,-138.22742752901345,-4.0790053560063,-0.0792767496342761,32.02046395537306,-12.029967398875542,53.41,0.016
SL,-1.71,6.39,"Burr, Ryan",621114,swinging_strike,R,0,2,0.2,0.02,0.96,0.9,6.071569375312486,-126.1833212182266,-7.12917114218229,0.980607043224971,24.38185081446585,-30.73946540818632,53.29,-0.104
FF,-1.73,6.4,"Burr, Ryan",621114,foul,R,0,1,-0.04,1.26,0.52,2.86,6.068213123912937,-137.52377373166215,-6.491453775472701,-1.8590097365510423,29.28616441333498,-14.911272740801392,53.24,-0.035
SL,-1.85,6.39,"Burr, Ryan",621114,foul,R,0,0,0.38,-0.36,0.2,2.8,4.165603286796214,-125.72448656976526,-1.6336946109225303,3.268347517810076,23.969338922121896,-35.90582193215782,53.48,-0.024
SL,-1.89,6.33,"Burr, Ryan",621114,swinging_strike_blocked,L,3,2,0.52,0.13,0.78,0.52,5.385797665199164,-126.13032155635038,-8.060919788308814,4.544387875315556,24.86301655233531,-29.412362492418797,53.41,-0.297
SL,-2.03,6.36,"Burr, Ryan",621114,foul,L,3,2,0.55,-0.29,0.0,2.26,3.705099696713968,-123.87416594317077,-2.839549500495157,5.04700702879914,21.730555831671857,-34.88072467529221,53.45,0.0
FF,-1.63,6.38,"Burr, Ryan",621114,ball,L,2,2,-0.29,1.29,0.14,1.63,5.38818356481324,-138.5983371769179,-9.93203677997751,-4.847972497533793,29.51592928343446,-13.497328192373375,53.21,0.093
SL,-1.94,6.47,"Burr, Ryan",621114,foul,L,2,2,0.45,-0.35,-0.26,2.19,3.0991395323634405,-124.82523628298884,-3.2033981308590307,4.159871306348759,23.475456490550933,-35.49196299118304,53.52,0.0
SL,-1.92,6.44,"Burr, Ryan",621114,ball,L,1,2,0.49,-0.11,-0.36,1.18,2.7358212243688067,-124.988907465203,-6.08958488081225,4.637432588067218,22.959269907647013,-32.45392453333959,53.55,0.036
FF,-1.82,6.46,"Burr, Ryan",621114,ball,L,0,2,-0.28,1.32,-1.46,2.98,1.5880811745561922,-137.24393187169764,-6.394706189385809,-3.943190410985502,29.32472415671677,-14.30948283789714,53.41,0.019
SL,-1.94,6.38,"Burr, Ryan",621114,foul,L,0,1,0.46,-0.24,0.05,2.92,3.80072559921412,-123.73078270239353,-1.3677966485387092,4.0302230753497605,22.42347622486568,-34.65249911288958,53.61,-0.047
SL,-1.9,6.4,"Burr, Ryan",621114,swinging_strike,L,0,0,0.53,-0.18,0.89,1.67,5.653249702613954,-125.86250234526246,-4.788537289738779,4.634623504392091,23.26812564596593,-33.44030112652878,53.4,-0.032
SL,-2.03,6.34,"Burr, Ryan",621114,swinging_strike,R,2,2,0.33,-0.31,-0.17,0.96,3.799501468153143,-125.11161559676898,-6.0270946146851525,2.8109429386020697,22.95689003026957,-34.52071365404162,53.41,-0.088
FF,-1.83,6.39,"Burr, Ryan",621114,foul,R,2,2,-0.1,1.48,0.55,2.61,6.550044931542704,-137.99657473594465,-7.644537787621568,-2.710399592286888,30.112773130636768,-11.757672856150446,53.41,0.0
SL,-1.96,6.37,"Burr, Ryan",621114,ball,R,1,2,0.44,-0.29,-0.2,0.67,3.344813376085639,-125.25631024709158,-6.811265633612567,3.933145026855538,24.67185496266253,-34.06291460845448,53.47,0.018
FF,-1.93,6.47,"Burr, Ryan",621114,ball,R,0,2,0.16,1.37,-0.29,4.17,3.975069770718936,-138.14067551712506,-3.4756931212181024,1.2055895834997448,30.123841800591773,-14.086840621397185,53.4,0.009
SL,-1.97,6.33,"Burr, Ryan",621114,swinging_strike,R,0,1,0.34,-0.13,0.09,0.69,4.304548300968898,-126.33633814189623,-7.159529728639475,2.809724123174,25.156351535492377,-32.378843834946515,53.38,-0.024
SL,-2.04,6.41,"Burr, Ryan",621114,swinging_strike,R,0,0,0.5,-0.09,-0.43,1.55,2.87902925557689,-126.44439725098744,-5.345609646293854,4.828964425053302,25.033166940672267,-32.30903479864391,53.39,-0.015
SL,-2.06,6.35,"Burr, Ryan",621114,hit_into_play,L,2,2,0.54,-0.01,-0.1,1.24,3.612219362022731,-125.95618500451384,-6.065692795390022,5.101102613699206,24.65086577467977,-31.32148167550189,53.37,-0.142
SL,-2.03,6.33,"Burr, Ryan",621114,ball,L,1,2,0.53,-0.23,1.13,0.8,6.462385294634902,-124.37838533197554,-6.422386825225711,4.431440507511463,21.917121307828484,-33.60387322083381,53.44,0.026
SL,-2.0,6.35,"Burr, Ryan",621114,foul,L,1,1,0.33,-0.41,-0.23,1.8,3.5452372885986394,-123.63134305020354,-3.593691979395352,2.719062959032945,22.736462913443045,-35.94368650537607,53.49,-0.04
FF,-1.67,6.31,"Burr, Ryan",621114,called_strike,L,1,0,-0.21,1.6,-1.02,2.58,2.21607692579006,-138.30141993165662,-7.809994888319882,-3.2384583131426816,31.94620431535777,-10.120025072894984,53.28,-0.031
FF,-1.96,6.38,"Burr, Ryan",621114,ball,L,0,0,-0.43,1.61,-1.29,2.47,2.7444032275701646,-136.8660341866273,-8.089672433089191,-6.071177515087271,31.20849115191117,-10.34671010789377,53.37,0.024
FF,-1.87,6.45,"Burr, Ryan",621114,hit_into_play,R,0,0,-0.24,1.47,-0.82,2.75,3.2910373755607027,-136.0752170642554,-7.139830350827714,-3.67405400014355,29.270053495590155,-12.542904323443071,53.44,-0.228
FF,-1.63,6.3,"Burr, Ryan",621114,ball,L,3,1,-0.01,1.33,0.48,0.97,5.461733717891349,-134.02523033157908,-10.749984700749732,-1.3122590455446197,29.975591069198927,-14.00704504178273,53.37,0.065
SL,-1.96,6.3,"Burr, Ryan",621114,blocked_ball,L,2,1,0.43,-0.17,-0.62,0.74,2.2968526633919355,-123.80453082254554,-6.43018509719108,3.961257547473951,26.31610438889716,-32.77386888966392,53.22,0.115
FF,-1.75,6.41,"Burr, Ryan",621114,ball,L,1,1,-0.15,1.61,-0.84,4.77,2.670545537498484,-134.12379347591315,-1.764355698551139,-2.41783648214312,34.37519545893901,-12.81936327624766,53.5,0.07
SL,-1.91,6.31,"Burr, Ryan",621114,swinging_strike,L,1,0,0.47,-0.29,-0.61,2.38,2.115927687239215,-122.86322807531386,-2.1361395687621987,4.281687313058019,27.385523728932185,-34.86937201973699,53.48,-0.107
FF,-1.8,6.42,"Burr, Ryan",621114,ball,L,0,0,0.14,1.57,-0.97,3.97,1.8371164284878327,-135.7201232856902,-4.013692092809505,1.2486270266909616,32.69599839546497,-12.122865323618235,53.38,0.03
SL,-1.76,6.31,"Burr, Ryan",621114,hit_into_play,R,1,2,0.42,-0.28,0.34,2.64,4.098900808397744,-122.95628366349116,-1.4407848782674268,3.1096172070113743,31.924108581052444,-34.80420440978942,53.69,1.685
FF,-1.79,6.38,"Burr, Ryan",621114,swinging_strike,R,1,1,0.21,1.58,0.49,3.64,5.5021849705656924,-136.24129204683828,-4.821507799719127,1.159860102747983,34.96951848670763,-11.753134837306856,53.34,-0.065
SL,-1.77,6.32,"Burr, Ryan",621114,ball,R,0,1,0.48,-0.2,1.03,3.16,5.734364903478022,-124.83752518382778,-0.733696075133015,3.712506879612969,27.135872701003333,-34.35906734325792,53.58,0.028
SL,-1.83,6.32,"Burr, Ryan",621114,foul,R,0,0,0.42,-0.32,0.71,2.32,5.2275122684576285,-124.25651884357798,-2.434603252587226,3.1020787842149677,28.057969746307943,-35.171812936496934,53.37,-0.083
SL,-1.77,6.34,"Burr, Ryan",621114,swinging_strike,R,3,2,0.52,-0.24,0.67,1.15,4.783724195650415,-125.45618394597552,-5.643089617966075,4.520285934505965,25.28104662340851,-33.75540433583054,53.81,-0.687
SL,-1.87,6.3,"Burr, Ryan",621114,foul,R,3,2,0.46,-0.14,0.7,1.44,5.189492474613117,-124.78403060339744,-4.959797384636221,3.6876949579135863,26.603135787723687,-32.81198957600893,53.56,0.0
SL,-1.81,6.35,"Burr, Ryan",621114,ball,R,2,2,0.54,-0.05,1.16,2.93,6.047553897005144,-125.75277666444052,-1.8002072690169082,4.380289728514695,27.006074701937305,-32.55533271858815,53.63,0.239
SL,-1.66,6.36,"Burr, Ryan",621114,foul,R,2,2,0.4,-0.34,0.92,1.22,5.333431127718747,-124.0979050377268,-5.040704503670732,2.8222555109574223,29.22181199554566,-34.65812376928885,53.53,0.0
SL,-1.89,6.3,"Burr, Ryan",621114,blocked_ball,R,1,2,0.42,-0.31,0.66,0.22,5.299494096813795,-123.86336311573965,-7.475771002942502,3.145644802330001,27.21227851522091,-33.882991460919555,52.66,0.066
FF,-1.71,6.38,"Burr, Ryan",621114,ball,R,0,2,0.14,1.53,0.25,4.31,4.833907593660721,-136.31801611743424,-2.9154306568475525,0.4199017754884009,37.22313229835213,-12.894672034952954,53.32,0.058
SL,-1.84,6.43,"Burr, Ryan",621114,called_strike,R,0,1,0.3,-0.22,0.12,2.91,3.977273743936748,-122.36316711383796,-1.24414719553324,2.111042278233585,27.77869861437297,-34.31126301071855,53.72,-0.157
SL,-1.81,6.31,"Burr, Ryan",621114,swinging_strike,R,0,0,0.39,-0.24,1.26,0.95,6.566269099347796,-124.81999314118116,-5.987963383868168,2.650762412565689,26.69651239077917,-33.58861979951239,53.43,-0.093
FF,-1.75,6.51,"Burr, Ryan",621114,ball,L,3,1,-0.03,1.5,-1.65,4.85,0.3213065582725765,-135.13315704614988,-1.6785817668853344,-0.4363742972767864,34.455056655974964,-13.874395139349026,53.71,0.251
SL,-1.81,6.3,"Burr, Ryan",621114,ball,L,2,1,0.42,-0.37,-0.01,1.01,3.445739399744234,-123.35484082268684,-5.322652599241602,3.479163469893164,26.476793452395707,-34.999310848778066,53.38,0.135
SL,-1.73,6.32,"Burr, Ryan",621114,ball,L,1,1,0.31,-0.28,0.18,1.04,3.8956051455483975,-123.41111752608032,-5.41591465343186,2.258827768089324,28.69874437064896,-34.024100360958776,53.45,0.05
SL,-1.94,6.38,"Burr, Ryan",621114,ball,L,0,1,0.3,-0.35,-1.8,1.58,-0.2790570610831665,-122.3915814247131,-3.9652160362750974,3.007527701334344,28.29932574020115,-35.00185698795597,53.73,0.053
FF,-1.83,6.39,"Burr, Ryan",621114,called_strike,L,0,0,-0.01,1.49,-0.47,3.53,3.604849627950124,-136.9713870203407,-5.02019054471742,-1.004896186082119,32.97678887550912,-12.60632398790634,53.6,-0.051
FF,-1.82,6.32,"Burr, Ryan",621114,hit_into_play,R,1,0,0.0,1.47,-0.54,2.23,3.319672270496845,-135.1335377471144,-7.94755307877464,-0.7311510121832223,31.83837849642806,-12.653032045464702,53.62,0.596
SL,-1.79,6.28,"Burr, Ryan",621114,ball,R,0,0,0.23,-0.32,1.05,0.4,6.270892656783101,-122.81127905163584,-6.749886238352152,0.997730335720586,26.275386234801992,-34.18037137813896,53.15,0.032
FF,-1.78,6.38,"Burr, Ryan",621114,hit_into_play,L,2,2,-0.19,1.54,-0.49,2.91,3.829075554493057,-137.9472730863215,-6.843283328757471,-3.3320200499173587,35.78329566908067,-11.20550775863245,53.6,-0.402
SL,-1.93,6.37,"Burr, Ryan",621114,foul,L,2,2,0.27,-0.05,0.21,1.95,4.564700691979934,-124.63898907190092,-4.073246924228561,1.819478171164272,26.230388186596464,-32.06953190826741,53.62,0.0
SL,-1.95,6.36,"Burr, Ryan",621114,foul,L,2,2,0.43,-0.15,-0.81,2.67,1.8310351071659432,-124.58548122821546,-2.1041541904659526,4.097995866728489,26.809192900179383,-33.502911607609505,53.7,0.0
SL,-1.9,6.38,"Burr, Ryan",621114,swinging_strike,L,2,1,0.31,-0.2,-0.52,1.45,2.668106462498074,-125.16063424101053,-4.99696418949498,2.5943101456142905,27.97354862986762,-33.38657433833817,53.81,-0.084
FF,-1.96,6.48,"Burr, Ryan",621114,ball,L,1,1,-0.35,1.34,-1.79,4.11,1.2041468207232229,-135.58653896313558,-3.1799890916462363,-4.541457222246178,34.97827428953403,-15.343653168083351,53.87,0.028
FF,-1.84,6.45,"Burr, Ryan",621114,ball,L,0,1,0.04,1.5,-1.06,3.67,1.9513381611810632,-135.9534119738478,-4.660141634695249,-0.0341671247513436,35.37675438035024,-12.828820096847188,53.73,0.056
SL,-1.73,6.48,"Burr, Ryan",621114,called_strike,L,0,0,0.26,-0.37,-0.61,2.63,2.0982373650787154,-122.28076392505687,-1.6883460769701557,2.0588678575429262,27.72653614980105,-35.717277450194096,53.74,-0.081
FF,-1.66,6.4,"Burr, Ryan",621114,hit_into_play,R,1,2,-0.05,1.61,0.55,3.38,5.912647411065172,-137.25642522346817,-5.730888866432438,-2.068059289517011,34.5685588771986,-10.76406796851528,53.54,-0.358
SL,-1.67,6.42,"Burr, Ryan",621114,ball,R,0,2,0.36,-0.43,0.72,0.84,4.949554046132389,-124.01699998201458,-5.9500757139532325,2.6668899670720427,26.83014038765497,-35.483140562254235,53.59,0.042
SL,-2.2,6.39,"Burr, Ryan",621114,swinging_strike,R,0,1,0.47,-0.33,-0.78,1.93,2.43119818733875,-125.07041262005654,-3.6739172613116073,4.391370420394214,25.46092489915321,-35.04952566529713,53.83,-0.079
SL,-1.73,6.33,"Burr, Ryan",621114,swinging_strike,R,0,0,0.55,0.14,1.5,2.05,6.663480904380681,-125.22357464297797,-4.180295883360399,4.24886624730544,28.7193522256736,-30.000320992628595,53.13,-0.083
FF,-1.67,6.28,"Burr, Ryan",621114,hit_into_play,R,2,2,-0.07,1.35,0.11,2.12,4.90245194957027,-138.4161225768969,-8.463897872951796,-1.9375202289208413,30.032889284730047,-13.11179908461672,53.32,-0.088
SL,-1.87,6.3,"Burr, Ryan",621114,foul,R,2,2,0.31,-0.52,-0.2,2.61,3.25097617374932,-121.1604343465914,-0.9761411624945594,2.386457390128965,24.2392661482594,-37.3031417054692,53.84,0.0
SL,-1.89,6.31,"Burr, Ryan",621114,ball,R,1,2,0.38,-0.4,0.84,-0.11,5.595518286787829,-121.74183140314172,-7.678698580147733,2.695358300037194,23.799006593707865,-34.882748910204405,53.67,0.018
FF,-1.89,6.43,"Burr, Ryan",621114,ball,R,0,2,-0.11,1.49,0.38,4.33,6.226987684316511,-138.1840112823417,-3.219483206648455,-2.763288812031026,30.961593963212,-12.516720304772166,53.76,0.009
SL,-1.73,6.34,"Burr, Ryan",621114,called_strike,R,0,1,0.29,-0.5,0.93,2.38,5.6376648785035,-121.90488812714452,-1.769142760884431,1.8111535943838493,23.721669838971824,-37.02008518319262,53.52,-0.024
FF,-1.83,6.35,"Burr, Ryan",621114,called_strike,R,0,0,-0.13,1.35,0.42,2.57,6.230504744527652,-137.7592877925072,-7.304153898433382,-3.041835667793335,30.632117916349458,-13.537233892391855,53.49,-0.015
SL,-2.1,6.4,"Burr, Ryan",621114,hit_into_play,R,0,1,0.22,-0.18,-0.6,2.72,3.0625112866748774,-122.32799063307884,-1.85857402170476,1.7109923014900104,21.75953432692471,-33.83115949448758,53.81,-0.085
SL,-2.11,6.33,"Burr, Ryan",621114,called_strike,R,0,0,0.34,-0.03,0.11,1.58,4.577962689454083,-123.51974399431836,-4.839530119893947,2.67522919010036,21.76680293846129,-31.81931252523313,53.62,-0.015
SL,-2.21,6.36,"Burr, Ryan",621114,hit_into_play,R,1,0,0.39,-0.28,0.08,2.17,4.538954646344672,-120.58698457997778,-2.6478157739258856,3.0249366461934786,20.57229269901709,-34.64230976580597,53.67,-0.187
FF,-2.02,6.46,"Burr, Ryan",621114,ball,R,0,0,-0.31,1.15,0.25,3.76,6.6810390500614565,-137.2066184432077,-3.994456016078299,-5.31192119378265,27.538270836230136,-16.888090557879483,53.61,0.024
FF,-1.97,6.41,"Burr, Ryan",621114,hit_into_play,R,0,0,-0.19,1.21,-0.1,3.0,5.2947485278496655,-136.40041499112138,-5.892566708377419,-3.410981784304772,28.05742192369137,-15.909437456907826,53.44,-0.228
FF,-1.8,6.4,"Burr, Ryan",621114,swinging_strike,R,3,2,-0.43,1.53,0.23,3.43,6.407215644026115,-139.1173164006251,-5.674438082464556,-7.176442950157893,34.460114217527234,-11.226948655937154,53.67,-0.131
SL,-1.86,6.41,"Burr, Ryan",621114,ball,R,2,2,0.3,-0.27,1.42,1.01,7.284508552259282,-125.30332202738263,-6.129906792071379,1.733369739155081,24.849219110744663,-34.00304746879692,53.36,0.043
SL,-1.66,6.36,"Burr, Ryan",621114,ball,R,1,2,0.29,0.04,1.19,1.61,6.269502534876142,-126.22479170461308,-5.235118266347756,1.6434683849262346,28.062703075242467,-30.78968978157638,53.82,0.018
FF,-1.86,6.39,"Burr, Ryan",621114,swinging_strike,R,1,1,-0.29,1.4,0.27,2.79,6.361029132636272,-137.95989689668306,-6.993519987648458,-5.135011553497787,32.4277746598466,-12.964610249102783,53.11,-0.026
SL,-1.94,6.41,"Burr, Ryan",621114,called_strike,R,1,0,0.28,-0.12,0.28,2.57,4.737104657582822,-124.6744309219754,-2.6053164539267364,1.9840166258501493,23.926294747339384,-33.084694949361825,53.64,-0.019
SL,-1.92,6.39,"Burr, Ryan",621114,ball,R,0,0,0.21,0.12,0.58,1.24,5.525687471649013,-124.73210213667171,-6.174053971910354,1.0729956197916175,24.426759246808835,-29.92812379476928,53.91,0.016
FF,-1.43,6.42,"Burr, Ryan",621114,ball,L,3,2,-0.11,1.17,1.75,1.69,8.617497727770449,-137.84930582645163,-9.39926691848045,-3.2458302867486464,30.267649827537277,-15.268785536392778,53.8,0.1
SL,-1.71,6.35,"Burr, Ryan",621114,foul,L,3,2,0.3,-0.19,0.18,1.41,3.940389683601772,-125.86784328540146,-5.31796088060353,2.515822887472183,22.980804615749072,-33.379272515958355,53.46,0.0
SL,-1.74,6.4,"Burr, Ryan",621114,foul,L,3,2,0.42,-0.41,0.32,1.82,4.004517597690745,-123.21233590728347,-3.614035471602636,3.634338560613943,21.57455311390587,-35.97982054186993,53.49,0.0
FF,-1.65,6.37,"Burr, Ryan",621114,called_strike,L,3,1,-0.3,1.43,0.46,1.96,6.285075403512079,-137.60169074013706,-9.218592809206006,-5.110357382066707,28.38020465955052,-12.185638519443762,53.23,-0.035
SL,-1.72,6.41,"Burr, Ryan",621114,ball,L,2,1,0.42,-0.23,-0.87,0.85,1.1599918544035386,-123.68544138095902,-6.354092005586852,4.14607757831337,22.662685922178454,-33.63292035255661,53.49,0.046
SL,-1.89,6.39,"Burr, Ryan",621114,called_strike,L,2,0,0.39,-0.29,-0.55,2.32,2.366858805478442,-123.70686064887204,-2.710981705688047,3.643017057114157,22.12428620907046,-34.87510873863205,53.79,-0.022
FF,-1.57,6.38,"Burr, Ryan",621114,ball,L,1,0,-0.13,1.4,1.03,3.66,7.113241231552929,-137.26763772550152,-4.545623871630907,-3.1218676319505048,29.27177266070401,-13.65488932603954,53.66,0.026
SL,-1.96,6.29,"Burr, Ryan",621114,ball,L,0,0,0.42,-0.08,0.07,0.92,3.972217785278556,-124.95426430385562,-6.371187219478584,3.7069115772030745,23.42278289267882,-32.00083683925758,53.75,0.016
SL,-1.71,6.31,"Burr, Ryan",621114,swinging_strike_blocked,R,1,2,0.43,0.0,0.3,0.59,3.939020367267563,-125.01206418340136,-7.457184482386653,3.843548257278431,23.06653531599808,-30.936301133290485,53.29,-0.116
SL,-1.92,6.37,"Burr, Ryan",621114,swinging_strike,R,1,1,0.32,-0.2,0.73,1.52,5.664293819608435,-123.7401046253348,-4.769814919995291,2.2499664786386595,22.701022426021247,-33.50378115485018,53.36,-0.04
SL,-1.58,6.39,"Burr, Ryan",621114,ball,R,0,1,0.54,-0.06,1.5,1.67,6.36805156087939,-126.0361895000426,-5.107101844129621,4.669822131204095,22.58742950695965,-32.027269267645075,53.36,0.017
FF,-1.64,6.36,"Burr, Ryan",621114,foul,R,0,0,0.04,1.34,0.35,3.11,5.221493782287674,-137.664808716012,-5.908719083253157,-0.6641682852629445,29.395678706533385,-14.018663327138505,53.2,-0.024
SL,-1.77,6.35,"Burr, Ryan",621114,hit_into_play,R,0,2,0.32,-0.3,0.07,1.93,3.722038555700262,-123.7289604507362,-3.501457499642541,2.5989722009182894,22.819864392453304,-34.86935206707063,53.53,-0.149
FF,-1.59,6.42,"Burr, Ryan",621114,foul,R,0,1,0.11,1.31,0.93,2.22,6.436368275753795,-137.38529132449486,-8.349369044558115,0.0208073306624219,28.26337966199868,-13.885876162677269,53.25,-0.047
SL,-1.85,6.33,"Burr, Ryan",621114,called_strike,R,0,0,0.23,-0.26,-0.1,1.69,3.71833002708833,-125.1035278313904,-4.2824220683390575,1.7626665265441952,23.960793166593152,-34.260455158162685,53.6,-0.032
SL,-1.88,6.28,"Burr, Ryan",621114,hit_into_play,R,0,1,0.24,-0.26,0.18,1.86,4.390071510671591,-123.52443888232898,-3.59159054948154,1.6809228201907795,22.9202983270604,-34.33293379642293,53.52,-0.085
SL,-1.77,6.41,"Burr, Ryan",621114,swinging_strike,R,0,0,0.35,-0.14,0.03,0.04,3.565719314914264,-124.60181485697844,-8.642340769780219,3.086946670363649,22.048034607086574,-32.24468469950102,53.67,-0.015
FF,-1.64,6.34,"Burr, Ryan",621114,called_strike,L,0,2,-0.23,1.18,-0.03,2.66,4.845355557009903,-139.24081489969697,-6.910478473799508,-4.044719682217993,28.45152426119589,-15.415577218201642,53.38,-0.104
SL,-2.01,6.31,"Burr, Ryan",621114,foul,L,0,1,0.4,-0.44,-0.45,1.54,2.893819216917867,-124.43391163535748,-4.161889920870761,3.623804748421153,22.89578091011815,-36.21266375575955,53.65,-0.035
SL,-1.99,6.32,"Burr, Ryan",621114,called_strike,L,0,0,0.33,-0.01,-0.24,1.9,3.4656125177545904,-122.97047058102017,-4.011936499383054,2.707986212116483,22.00372773306012,-31.764999674856742,53.67,-0.024
SL,-1.54,6.29,"Burr, Ryan",621114,swinging_strike,R,2,2,0.45,-0.25,0.6,0.74,4.2495107386410105,-126.60712696464708,-6.762702764913037,4.097817279720462,23.605753243860377,-33.765229861014475,53.39,-0.204
SL,-1.86,6.31,"Burr, Ryan",621114,swinging_strike,R,2,1,0.51,-0.22,0.89,0.7,5.495375247428651,-123.84778941468092,-6.559857534384788,4.366575444103322,21.67704042982756,-33.51759153006464,53.43,-0.063
FF,-1.59,6.35,"Burr, Ryan",621114,ball,R,1,1,0.03,1.45,0.96,2.36,6.6595226548590185,-137.11034714668577,-8.0623880677868,-0.9421042256861544,27.99393642698467,-12.246939019545684,53.38,0.05
FF,-1.65,6.31,"Burr, Ryan",621114,ball,R,0,1,-0.16,1.55,-0.92,2.5,2.3236178793560294,-138.51793396847074,-7.993963956232636,-2.602770140491401,28.97218236544093,-10.697721439541429,53.24,0.021
FF,-1.62,6.35,"Burr, Ryan",621114,called_strike,R,0,0,0.05,1.38,0.85,2.06,6.439142936294084,-138.2071709314819,-8.83666965661954,-0.7019796517978175,28.365716084721075,-12.7621213037167,53.35,-0.032
SL,-1.92,6.54,"Burr, Ryan",621114,swinging_strike,L,1,2,0.21,-0.47,-0.28,1.0,3.4026700006352297,-120.78554575569878,-5.273404405631058,1.2880938958134829,26.06090596238225,-35.801780047375786,53.43,-0.071
FF,-2.01,6.6,"Burr, Ryan",621114,called_strike,L,1,1,-0.34,1.51,-0.93,2.88,3.584860279704175,-135.8670579174566,-7.175602130542647,-5.095494716090967,34.0853008384974,-12.119595723977188,53.45,-0.026
SL,-2.27,6.54,"Burr, Ryan",621114,ball,L,0,1,0.11,-0.03,-1.05,1.12,2.655751555244127,-122.16527635523629,-6.130972275866276,0.5355130807582312,25.55495397243821,-31.385053165659897,53.35,0.011
SL,-1.96,6.63,"Burr, Ryan",621114,swinging_strike,L,0,0,0.21,-0.07,0.1,1.37,4.433487697887071,-122.64333997356292,-5.72577366328222,1.164748866723019,26.21885658299481,-31.86535443412744,53.51,-0.015
FF,-1.62,6.58,"Burr, Ryan",621114,hit_into_play,R,1,1,-0.16,1.33,0.33,3.03,5.501598892322008,-136.32637945305157,-6.424350025636494,-3.3428730300061327,33.2529266504037,-14.424048885322028,53.27,-0.156
SL,-1.91,6.61,"Burr, Ryan",621114,called_strike,R,1,0,0.45,-0.13,0.09,2.3,3.861691563892043,-124.9938336590527,-3.692156752008793,3.8419477463202014,26.84364705452932,-32.914632851176826,53.74,-0.031
SL,-2.23,6.55,"Burr, Ryan",621114,ball,R,0,0,0.08,0.12,-0.11,0.52,4.831769410295805,-122.00142352051888,-7.904324915357149,-0.1777488410733559,24.44482427591887,-29.540296902478637,53.21,0.024
SL,-1.97,6.54,"Burr, Ryan",621114,hit_into_play,L,0,1,0.38,-0.48,-0.61,1.83,2.412261299086442,-121.47754985189276,-3.4815790125804678,3.2454820731855087,24.45023930152809,-36.38693848658213,53.4,-0.196
FF,-1.97,6.6,"Burr, Ryan",621114,called_strike,L,0,0,0.16,1.42,-0.49,2.0,3.4620954657007976,-134.3502473734965,-9.120956788199296,1.154507015720867,28.268903001454976,-13.18710043426402,53.47,-0.032
SL,-1.81,6.67,"Burr, Ryan",621114,hit_into_play,R,0,0,0.29,-0.27,-0.59,1.75,2.284819798604098,-123.03020061927872,-4.634013917204895,2.4944781212286733,23.43682248508344,-34.25603966491571,53.71,-0.1
FF,-1.77,6.55,"Burr, Ryan",621114,hit_into_play,R,2,2,-0.06,1.25,0.21,2.27,5.344517560468518,-136.62674870493572,-8.299701579478741,-1.8556238063327284,28.658395359640245,-14.933471812607683,53.21,-0.142
SL,-2.02,6.58,"Burr, Ryan",621114,foul,R,2,1,0.25,-0.2,0.45,1.65,5.394072811625938,-124.94151917818648,-4.997833626610712,1.4517847351948914,26.379951039029155,-33.43471915141454,53.71,-0.051
SL,-1.83,6.61,"Burr, Ryan",621114,swinging_strike,R,2,0,0.32,0.03,0.56,1.54,5.013752774872115,-123.90806923630656,-5.704001520666681,2.330483442333237,24.593764055695868,-30.949922576488657,53.58,-0.039
FF,-2.04,6.5,"Burr, Ryan",621114,ball,R,1,0,-0.58,1.56,1.2,1.85,9.821072543226933,-136.55467722925525,-9.886188719808043,-9.563632008775524,31.7260321642435,-10.543972329330463,53.42,0.045
FF,-1.66,6.6,"Burr, Ryan",621114,ball,R,0,0,0.04,1.57,0.52,1.32,5.638195190072188,-136.0226850175405,-11.496776109639422,-0.7991725862497638,32.010912004881135,-10.247751099563134,53.24,0.024
SL,-1.99,6.64,"Burr, Ryan",621114,hit_into_play,L,1,1,0.13,-0.15,-0.44,2.38,3.3648786104042543,-122.76428564113908,-3.278382513383219,0.6978036587083378,23.7603272107693,-33.25139835038289,53.5,-0.216
SL,-2.09,6.5,"Burr, Ryan",621114,called_strike,L,1,0,0.5,-0.21,-0.75,2.27,2.1605742852124594,-123.38034195377264,-3.157291467780981,4.688680314822485,24.883057312027017,-33.90946364807727,53.39,-0.044
SL,-2.03,6.58,"Burr, Ryan",621114,ball,L,0,0,0.22,-0.31,-0.75,1.4,2.5700088448367304,-122.5485036782296,-5.095197799290096,1.7082605645222029,24.3569397903735,-34.46048080370815,53.47,0.032
SL,-1.81,6.45,"Burr, Ryan",621114,hit_into_play,R,0,1,0.44,0.03,0.75,2.27,5.310930313530315,-126.50965125364024,-4.013629246876233,3.8150657097100216,22.69505060180128,-31.34473513423509,53.47,-0.328
SL,-1.82,6.42,"Burr, Ryan",621114,foul,R,0,0,0.37,-0.04,0.33,1.89,4.47151544725592,-126.60394940682176,-4.664898654399772,3.0847000828660245,25.296829845637102,-31.851106554113272,53.48,-0.053
FF,-1.66,6.45,"Burr, Ryan",621114,hit_into_play,L,0,0,0.04,1.41,-0.01,2.71,4.2793809988857525,-137.90714783593668,-7.332158346732847,-0.4411061885714228,31.55363217547846,-12.71159527634537,53.64,1.478
SL,-1.9,6.4,"Burr, Ryan",621114,hit_into_play,L,0,1,0.52,-0.25,-0.48,2.25,2.384777285109363,-125.52718856300132,-3.2284601991038,5.072918447177108,23.069179466648293,-34.45109125710646,53.17,0.755
SL,-2.03,6.49,"Burr, Ryan",621114,called_strike,L,0,0,0.33,0.0,-0.8,1.81,2.231474667318207,-122.60168261812888,-4.594077632064048,2.9171904157799893,22.2210681478559,-31.488906192137723,53.77,-0.064
SL,-1.86,6.34,"Burr, Ryan",621114,hit_into_play,L,1,2,0.45,0.06,-0.3,1.25,2.8509754916015257,-126.047431207397,-6.220263226499349,4.360879082202039,22.75117330354799,-30.58162272718436,53.39,0.47
SL,-1.77,6.48,"Burr, Ryan",621114,foul,L,1,2,0.43,-0.1,-0.34,2.25,2.5673761291528168,-126.31249056135972,-3.771194412129613,4.111830161176957,25.40776486038338,-32.69365818074654,53.77,0.0
SL,-2.05,6.32,"Burr, Ryan",621114,ball,L,0,2,0.32,0.07,-0.85,0.69,2.28266847836708,-127.22941724124252,-7.765744856243174,3.101284678391962,23.246595971660213,-30.21292546452469,53.24,0.019
FF,-1.81,6.46,"Burr, Ryan",621114,foul,L,0,1,-0.28,1.49,-0.43,2.86,4.298114681339254,-138.47548481723413,-7.205781803026167,-4.548687822340653,31.71162868170611,-11.53239862429141,53.68,-0.047
SL,-2.06,6.46,"Burr, Ryan",621114,called_strike,L,0,0,0.42,-0.11,0.02,2.36,4.058202576282256,-123.91967317606176,-3.126292807683715,3.5775471943241346,24.112797056705546,-32.85559296063822,53.9,-0.032
SL,-1.81,6.28,"Burr, Ryan",621114,swinging_strike,R,0,2,0.46,-0.29,0.78,0.92,5.216078800592862,-123.9641704039118,-5.778768213857238,3.715015455071102,23.7115327192408,-34.223236573335726,53.63,-0.214
SL,-1.82,6.37,"Burr, Ryan",621114,foul,R,0,1,0.52,-0.16,0.87,2.2,5.36479561972481,-125.00084416470064,-3.345184324093708,4.437291384490408,24.029633105064477,-33.402364811958,53.7,-0.077
FF,-1.71,6.35,"Burr, Ryan",621114,foul,R,0,0,-0.02,1.48,0.37,1.95,5.539674357887696,-137.5701763403284,-9.169263519600928,-1.5729671246516432,32.117978000555816,-11.494430742172014,53.62,-0.048
FF,-1.78,6.33,"Burr, Ryan",621114,hit_into_play,L,1,2,0.17,1.5,-0.12,1.65,3.9738069409618375,-136.8414953689095,-9.84532519118319,1.157350655925815,32.05209841061914,-11.260550201861989,53.56,-0.232
SL,-1.89,6.32,"Burr, Ryan",621114,foul,L,1,2,0.29,-0.06,0.68,2.06,5.536012883273337,-125.0598292205548,-3.738311196768946,1.979400561553193,25.112844438998216,-32.28256955227213,53.64,0.0
FF,-1.74,6.31,"Burr, Ryan",621114,foul,L,1,2,-0.03,1.51,-0.21,2.46,4.087643177263437,-137.61095753831322,-7.792415670283395,-1.278993780914827,31.994565824161143,-11.494185139985168,53.52,0.0
FF,-1.77,6.32,"Burr, Ryan",621114,foul,L,1,1,-0.1,1.4,-0.51,2.59,3.513012157224036,-136.72840407411405,-7.102745199151729,-2.0831126171554697,31.7452452653675,-13.2231722820123,53.47,-0.075
FF,-1.76,6.36,"Burr, Ryan",621114,called_strike,L,1,0,-0.03,1.57,-0.88,2.37,2.3668884151066583,-135.98696709312557,-8.052188125919475,-0.9704855570155576,31.814957443295985,-11.086927198205254,53.61,-0.062
SL,-1.81,6.21,"Burr, Ryan",621114,blocked_ball,L,0,0,0.37,-0.07,-0.03,0.43,3.558045658472889,-125.73434868683674,-7.483239477473599,3.088734875861414,27.58537297482556,-31.54110661318048,53.28,0.036
FF,-1.73,6.35,"Burr, Ryan",621114,hit_into_play,L,2,0,0.07,1.5,0.45,2.17,5.574674322086242,-136.4884746710012,-8.48010083973742,-0.5202727024589566,32.93853849288632,-11.70199814547158,53.46,0.35
SL,-1.92,6.26,"Burr, Ryan",621114,ball,L,1,0,0.39,-0.33,-1.52,1.9,0.1460893879824268,-122.9297611205396,-3.147891046753005,3.8972266458950826,24.405790348231445,-35.13787174752236,53.67,0.045
FF,-1.74,6.27,"Burr, Ryan",621114,ball,L,0,0,0.09,1.42,-0.37,1.22,3.3839997865992038,-136.81861422174435,-10.668813059437948,0.4331461845354907,30.45375552743933,-12.226840178845382,53.45,0.024
SL,-1.79,6.33,"Burr, Ryan",621114,hit_into_play,R,0,1,0.32,0.09,0.05,2.46,3.764595291544057,-124.65659632877534,-3.1104576539448336,2.592642077383148,23.76467652820477,-30.87440275741616,53.37,1.024
SL,-1.84,6.27,"Burr, Ryan",621114,swinging_strike,R,0,0,0.46,0.04,-0.19,1.57,3.0140374699505226,-125.63149289747068,-5.138031388633532,4.294625051086688,23.927159969766667,-30.91693104783288,53.58,-0.024
FF,-1.76,6.29,"Burr, Ryan",621114,hit_into_play,R,3,2,-0.14,1.26,0.1,2.24,5.245783613751342,-137.19738233883706,-7.715250060499751,-2.965507094755366,32.81435492252343,-14.65650800963232,53.2,-0.297
SL,-1.93,6.24,"Burr, Ryan",621114,ball,R,2,2,0.39,0.02,0.81,1.29,5.781196935078875,-126.18144735233176,-5.77545232278271,3.142147605160443,23.831437731621545,-31.00398572939756,53.74,0.093
SL,-1.9,6.27,"Burr, Ryan",621114,foul,R,2,2,0.54,-0.22,0.77,1.94,5.241408106682743,-124.64626930993354,-3.543518235271139,4.631024814865062,24.23709938174748,-34.005345403814545,53.89,0.0
SL,-1.92,6.3,"Burr, Ryan",621114,foul,R,2,1,0.45,0.01,-0.53,2.83,2.390437627599713,-124.9830385322264,-2.044039240155324,4.284882956841094,22.886297483385007,-31.913970245416643,53.81,-0.063
FF,-1.91,6.29,"Burr, Ryan",621114,foul,R,2,0,-0.14,1.16,-0.21,1.91,4.757586951980842,-136.6544818123379,-8.291997898890147,-2.8127235159790924,29.401596467242264,-16.064226954247296,53.68,-0.057
SL,-1.99,6.34,"Burr, Ryan",621114,ball,R,1,0,0.6,-0.23,1.26,2.72,6.472998432448372,-123.2560069449464,-1.653153107260222,4.794017286382236,24.38144853379271,-34.38277506184225,53.58,0.064
SL,-1.84,6.27,"Burr, Ryan",621114,ball,R,0,0,0.5,0.13,-0.68,0.18,1.753058046828831,-125.52920895226116,-8.63422967022153,4.9459205166772495,24.929094112837507,-29.31060957663578,53.51,0.032
SL,-1.95,6.35,"Burr, Ryan",621114,hit_into_play,L,3,2,0.41,-0.24,-0.48,2.12,2.651671749024976,-124.009497462608,-3.206762220186404,3.720881742669246,24.213936441141783,-34.21831048705917,53.58,-0.347
SL,-1.87,6.29,"Burr, Ryan",621114,ball,L,2,2,0.21,-0.32,-0.41,0.94,3.047077104794483,-124.42793868085616,-5.8148265312047895,1.6416417655958775,22.572237637228884,-34.66776085567789,53.47,0.064
SL,-1.94,6.3,"Burr, Ryan",621114,foul,L,2,2,0.44,-0.21,-0.75,2.34,1.919955257761748,-123.59435353471204,-2.521691541393668,4.109045447696443,25.68514001902296,-34.06827598972238,53.27,0.0
FF,-2.0,6.4,"Burr, Ryan",621114,ball,L,1,2,-0.13,1.39,-0.45,4.06,4.416246117259444,-138.50482426945197,-3.617879730696505,-2.73490650680904,34.34038907016728,-13.697648880118232,53.66,0.048
SL,-1.93,6.33,"Burr, Ryan",621114,foul,L,1,2,0.47,-0.22,0.12,1.65,3.902181617227802,-123.46199721363492,-4.226052603871231,4.007093765815599,25.46058255716749,-33.75986818055284,53.31,0.0
SL,-1.8,6.26,"Burr, Ryan",621114,ball,L,0,2,0.49,-0.24,1.6,0.89,7.1835522870236606,-125.2657494667216,-6.073616686469073,3.6348965219836553,26.21569589225414,-33.59245651935078,53.42,0.022
FF,-1.56,6.37,"Burr, Ryan",621114,called_strike,L,0,1,-0.04,1.41,-0.56,2.95,2.729677541254729,-136.412581812452,-6.263339323703753,-1.1546454035470808,33.3577956361377,-13.359837554685123,53.5,-0.045
FF,-1.9,6.33,"Burr, Ryan",621114,foul,L,0,0,-0.29,1.56,0.02,2.0,5.708570030152452,-137.12499837023412,-9.089171973420674,-5.0102497763267575,32.441783826836804,-10.597023332328789,53.62,-0.042
SL,-1.74,6.34,"Burr, Ryan",621114,called_strike,R,0,2,0.12,-0.27,0.72,1.85,5.71203496965187,-126.0664120758296,-3.982338310760234,0.0295959094152562,26.676466124886545,-34.409931364162205,53.64,-0.194
FF,-1.76,6.35,"Burr, Ryan",621114,foul,R,0,1,-0.06,1.49,1.29,3.06,8.030189838243738,-136.20282887671465,-6.020178644514514,-2.656308465992229,33.51027438828217,-12.53364797242325,53.84,-0.059
SL,-1.92,6.3,"Burr, Ryan",621114,called_strike,R,0,0,0.52,0.02,0.63,2.23,5.019289094302154,-124.65113245820665,-3.405805523421987,4.374777799940728,24.97258913402638,-31.5253572314109,53.84,-0.042
SL,-1.73,6.43,"Burr, Ryan",621114,hit_into_play,R,0,2,0.23,-0.34,-0.37,2.61,2.6531488181090124,-120.2222069267516,-1.610026008874062,1.8204390675975268,20.517565809367216,-35.430246408330625,53.86,-0.268
SL,-1.79,6.55,"Burr, Ryan",621114,foul,R,0,2,0.24,0.04,0.23,1.18,4.200014558463583,-121.02550026236128,-6.006855879284931,1.585848504088224,21.913997085744164,-30.835070940525664,53.86,0.0
FF,-1.64,6.44,"Burr, Ryan",621114,foul,R,0,1,0.18,1.32,1.13,3.11,6.856174495335744,-136.02896501249654,-5.887583700308465,0.9112860438832576,26.819243951101782,-14.62464014015466,53.38,-0.059
SL,-1.88,6.43,"Burr, Ryan",621114,swinging_strike,R,0,0,0.23,-0.31,0.27,1.54,4.622127199785605,-123.00586195255347,-4.520930879473285,1.5129625009753165,22.382158642285248,-34.71881962268804,53.51,-0.042
SL,-1.78,6.39,"Burr, Ryan",621114,ball,R,3,2,0.3,-0.36,1.54,2.04,7.210946899818931,-122.32896106355778,-3.071066497619213,1.7740466362094904,21.35147147138865,-35.476011003111466,53.53,0.219
SL,-1.69,6.33,"Burr, Ryan",621114,ball,R,2,2,0.41,-0.19,0.92,0.39,5.338535225885668,-123.25172483959476,-7.350578694616402,3.354477993252237,20.901187562035016,-33.06953170772574,53.33,0.069
SL,-1.8,6.32,"Burr, Ryan",621114,ball,R,1,2,0.33,0.01,1.63,-0.45,7.576860967286841,-124.18330215933234,-9.897495016653654,2.0111361794853018,23.225148458663345,-30.318549652869358,53.12,0.026
SL,-1.72,6.41,"Burr, Ryan",621114,ball,R,0,2,0.32,-0.04,0.72,1.42,5.10722396542323,-123.12501080692152,-5.306088730543627,2.334191316392773,22.32130060702249,-31.77152085053964,53.6,0.013
FF,-1.64,6.42,"Burr, Ryan",621114,foul,R,0,1,-0.09,1.31,0.75,2.45,6.465219676288871,-135.74546057066618,-7.470069746689116,-2.4623718866612725,27.99917758646553,-14.562881967624358,53.37,-0.035
SL,-1.79,6.39,"Burr, Ryan",621114,foul,R,0,0,0.44,-0.05,0.28,2.1,3.99861761681286,-122.84782419066671,-3.638887208664432,3.816292144296315,20.23036035232815,-32.2734498627944,53.6,-0.024
SL,-1.63,6.33,"Burr, Ryan",621114,hit_into_play,L,1,2,0.38,-0.05,-0.33,1.43,2.309745284005234,-123.81244122367696,-5.269394387958325,3.627294030753363,20.30204653400537,-32.008321069849046,53.13,-0.168
FF,-1.76,6.46,"Burr, Ryan",621114,foul,L,1,1,-0.2,1.33,-0.22,2.46,4.419934191715797,-133.1562842030781,-7.284431891794186,-3.3337894314906253,26.69488619940886,-14.942468735758077,53.06,-0.049
SL,-1.83,6.35,"Burr, Ryan",621114,called_strike,L,1,0,0.38,-0.12,-0.33,2.06,2.7770441954391245,-124.14044676784546,-3.663638200802637,3.5035821606993864,22.355446889323947,-32.953120438543024,53.42,-0.044
SL,-1.72,6.27,"Burr, Ryan",621114,ball,L,0,0,0.54,-0.23,0.28,-0.09,3.621874899085413,-122.18629313609324,-8.022908136659325,4.805133162561798,21.91788843258188,-33.28422364792561,53.36,0.032
SL,-1.63,6.45,"Burr, Ryan",621114,hit_into_play,R,0,2,0.6,-0.26,0.29,2.66,3.3769414067285983,-125.45440233057148,-2.3517671763419523,5.874769636418583,20.68849665347384,-34.78318672719116,53.71,-0.292
FF,-1.58,6.41,"Burr, Ryan",621114,swinging_strike,R,0,1,0.02,1.22,0.58,3.18,5.620442538563636,-136.9916559353238,-5.537889383568451,-0.8018341003510909,26.7970961747382,-15.733175844255772,53.4,-0.131
FF,-1.64,6.44,"Burr, Ryan",621114,called_strike,R,0,0,0.1,1.45,0.8,3.3,6.192813960418719,-136.77325734828753,-5.741501263676888,-0.0625856978434203,28.545882581639265,-12.813513869042309,53.6,-0.081
SL,-1.82,6.45,"Burr, Ryan",621114,swinging_strike,R,0,2,0.38,-0.12,0.51,1.62,4.750819483450931,-124.83375294091674,-5.021747199466993,3.179547865763241,21.214597631751104,-32.80952930306833,54.03,-0.489
SL,-1.73,6.41,"Burr, Ryan",621114,called_strike,R,0,1,0.49,-0.2,0.26,1.41,3.736205229196232,-124.08408264613784,-5.174626982118275,4.450859944127096,21.15709525407992,-33.53015913500397,53.78,-0.09
FF,-1.6,6.52,"Burr, Ryan",621114,foul,R,0,0,-0.08,1.34,-0.62,2.64,2.7240170632248826,-135.29103512842715,-7.253369184132686,-1.5078536531560676,26.813655279882703,-14.376653390875468,53.46,-0.081
SL,-1.82,6.43,"Burr, Ryan",621114,hit_into_play,R,0,1,0.42,-0.21,-0.55,2.21,2.1033218414491905,-121.61491377850116,-2.9513982222353023,3.838081775052485,21.651772352671816,-33.98590227135962,53.53,0.902
SL,-1.75,6.44,"Burr, Ryan",621114,swinging_strike,R,0,0,0.55,0.02,0.31,1.37,3.7679323962158326,-124.61042511097943,-5.855760900935312,5.158147673771617,21.638646920102584,-31.11078653948387,53.84,-0.101
