pitch_type,release_pos_x,release_pos_z,player_name,pitcher,description,stand,balls,strikes,pfx_x,pfx_z,plate_x,plate_z,vx0,vy0,vz0,ax,ay,az,release_pos_y,delta_run_exp
FA,-3.18,3.8,"Clement, Ernie",676391,hit_into_play,R,1,1,-1.47,-0.54,0.07,1.97,9.014874129039246,-108.19895065419236,4.458031694998009,-13.28364867047369,23.06703907083888,-37.67215724810825,55.47,-0.217
FA,-2.74,3.97,"Clement, Ernie",676391,called_strike,R,1,0,-1.68,-0.4,0.72,1.73,9.37278286691834,-103.504563952507,3.855382249810333,-13.742395263573156,20.356326399668276,-36.132761751046274,55.47,-0.039
KN,-2.26,5.01,"Clement, Ernie",676391,ball,R,0,0,0.17,0.97,-1.54,5.5,0.8660447162966094,-81.0883134987249,9.262650251589424,0.577397885513364,15.373995615841224,-30.10219271192488,55.58,0.027
FA,-2.84,6.08,"Clement, Ernie",676391,hit_into_play,L,1,2,-1.12,1.3,-0.44,3.03,7.162924339620703,-115.94710278782746,-2.245751050750827,-11.518406931554756,25.09987170657564,-20.34495013774201,55.62,-0.433
KN,-3.15,4.85,"Clement, Ernie",676391,foul,L,1,1,0.94,0.4,-0.02,2.37,3.471810526375124,-80.66706091660409,5.594308472283139,3.3235036228693997,14.725920108414826,-31.812364513185354,55.5,-0.137
FA,-3.34,4.3,"Clement, Ernie",676391,foul,L,1,0,-1.27,-0.47,-0.33,2.12,8.133656113236691,-107.39616067307276,3.791011216479294,-11.482254675991696,25.166961197689933,-36.94422705741231,55.61,-0.108
FA,-3.46,4.38,"Clement, Ernie",676391,ball,L,0,0,-1.49,-0.15,-0.02,1.37,8.928711134749156,-102.62205738010508,2.137992472557481,-12.170698031808309,21.766022264631413,-34.015323225234226,55.61,0.028
KN,-2.01,5.05,"Clement, Ernie",676391,hit_into_play,R,0,0,-0.56,-0.23,0.14,2.65,4.189842167703151,-86.00303638196068,5.818598855204502,-3.5242038167369327,17.962172322517524,-34.85042549360844,55.34,0.683
KN,-2.18,5.05,"Clement, Ernie",676391,hit_into_play,L,0,0,0.44,0.34,-0.06,2.19,2.692853272058984,-83.47387503201787,4.755791595606023,1.4250928945394004,17.206234239397656,-31.985767954365425,55.43,0.419
FA,-2.37,5.36,"Clement, Ernie",676391,hit_into_play,R,3,2,-1.53,0.54,-0.09,2.27,7.436578297458388,-111.61256927765754,-0.4324408428804552,-14.205624465618287,22.780577111201477,-27.831352715871475,55.32,-0.297
FA,-1.52,6.02,"Clement, Ernie",676391,foul,R,3,2,-0.94,1.58,-0.41,1.92,4.127249886461073,-116.78591697084012,-5.1455191902971285,-9.395966364101085,26.6004292702142,-16.975014417940688,55.34,0.0
FA,-1.99,5.83,"Clement, Ernie",676391,foul,R,3,1,-0.73,1.26,1.05,1.43,7.303827492835001,-107.79773173805836,-3.8130068950400497,-7.023815266525161,20.494215426002548,-21.87991107108001,55.37,-0.078
FA,-1.86,5.82,"Clement, Ernie",676391,called_strike,R,3,0,-0.73,1.25,1.11,2.39,7.131635678360884,-107.11083803755167,-1.728570009783546,-6.975142576412223,20.97608883858123,-22.51493570773649,55.42,-0.083
FA,-1.88,5.93,"Clement, Ernie",676391,ball,R,2,0,-0.76,1.16,1.38,2.89,7.778267051511168,-107.40607847007156,-0.846022025346093,-7.35634015629289,20.974608291918184,-23.346225133065676,55.43,0.133
FA,-1.57,6.12,"Clement, Ernie",676391,ball,R,1,0,-0.82,1.54,0.85,1.28,6.0291746784702855,-104.46208542962236,-4.520233512480983,-7.090702282782749,20.22725600398045,-20.354125169936623,55.42,0.064
FA,-1.95,4.9,"Clement, Ernie",676391,ball,R,0,0,-1.44,0.35,1.2,1.4,8.092033964170945,-100.56964889768632,0.5549658266051307,-11.107648706244714,17.640961034446395,-30.17670074362101,55.65,0.032
