pitch_type,release_pos_x,release_pos_z,player_name,pitcher,description,stand,balls,strikes,pfx_x,pfx_z,plate_x,plate_z,vx0,vy0,vz0,ax,ay,az,release_pos_y,delta_run_exp
FF,-4.57,4.13,"Cuas, Jose",621016,swinging_strike,R,2,2,-0.72,0.89,-0.53,4.16,11.733541747092348,-132.53081540804388,4.075618070917386,-10.82602258041636,25.77613525313539,-22.746594757291536,53.96,-0.721
FF,-4.47,4.29,"Cuas, Jose",621016,ball,R,1,2,-0.58,0.71,-1.55,4.84,8.746378689500538,-134.93581387784883,5.679675178465961,-8.917599473587616,28.95606820123662,-25.02749253146766,53.99,0.142
SI,-4.58,4.11,"Cuas, Jose",621016,foul,R,1,1,-1.26,-0.14,-1.66,2.95,10.224716798063984,-134.56474574226024,3.1477325486270487,-17.462793733370898,28.939588582976512,-34.779819052065925,54.06,-0.145
ST,-4.52,4.13,"Cuas, Jose",621016,ball,R,0,1,0.71,0.2,-2.53,2.8,3.144177936313828,-119.42979587678286,3.156133778525432,6.272838944260816,22.215023986241,-31.08715618736304,53.69,0.052
SI,-4.59,4.24,"Cuas, Jose",621016,called_strike,R,0,0,-1.16,0.03,-1.14,3.32,11.240778227162842,-133.1843750566427,3.477026306751701,-16.110233359953646,26.313783979225747,-32.76909764078217,53.95,-0.099
FF,-4.66,4.11,"Cuas, Jose",621016,ball,L,3,2,-0.72,0.8,-1.96,4.1,8.430657494491536,-133.1428062427059,4.091023415995278,-10.307100758580477,25.85591305857719,-23.672606317888075,53.91,0.344
FF,-4.5,4.09,"Cuas, Jose",621016,foul,L,3,1,-1.14,0.7,-0.81,3.58,11.887884384316422,-133.69918062335336,3.038816249466674,-16.13476869671393,27.85874789843597,-24.63686130460208,53.88,-0.131
FF,-4.53,4.18,"Cuas, Jose",621016,ball,L,2,1,-0.86,0.79,-1.31,4.39,10.123496782307557,-134.61168592720955,4.625578629861854,-12.620307151928449,28.339858749453608,-23.76767702732381,54.06,0.083
FF,-4.54,4.08,"Cuas, Jose",621016,ball,L,1,1,-0.73,1.03,-1.15,3.16,10.24916904246558,-134.37194503862173,1.234659736218837,-11.02702937726934,29.394146319357823,-20.239073581230084,54.07,0.058
FF,-4.46,4.13,"Cuas, Jose",621016,called_strike,L,1,0,-1.06,0.66,0.36,2.97,14.646457522036016,-133.9312204616873,1.4662044124306552,-15.82461999369441,28.045852254543544,-24.77359379955573,53.82,-0.058
FF,-4.5,4.13,"Cuas, Jose",621016,ball,L,0,0,-0.95,0.68,-0.9,3.67,11.27695308356703,-134.11076266926585,3.207481363827461,-13.8381946581612,27.642920364442045,-24.913180465995374,53.94,0.042
FF,-4.5,4.17,"Cuas, Jose",621016,ball,L,3,0,-0.87,0.84,-0.99,3.7,10.848138199456734,-133.98459095116337,2.88037047596094,-12.824704579881884,29.51186237443064,-23.008169167640904,53.95,0.084
FF,-4.59,4.06,"Cuas, Jose",621016,ball,L,2,0,-0.98,0.95,-1.25,3.06,10.598659473161325,-133.33807241815018,1.288363913276556,-13.983936122618028,28.15530649913009,-21.282968073443005,53.97,0.071
SI,-4.47,4.06,"Cuas, Jose",621016,ball,L,1,0,-1.51,-0.07,-1.48,1.23,10.952319063212594,-134.34360217328626,-1.2010115354585555,-20.69312541522429,30.81149168794932,-32.96515068456435,53.95,0.044
FF,-4.52,4.13,"Cuas, Jose",621016,ball,L,0,0,-1.02,0.62,-1.34,3.2,10.340681883179348,-134.39462625314016,2.103153688486712,-14.539816525731483,28.33559714158209,-25.33453661743032,54.04,0.027
FF,-4.52,4.13,"Cuas, Jose",621016,hit_into_play,L,1,1,-0.95,0.65,-0.23,2.63,12.93569464776416,-133.5693641823809,0.6223562081234519,-13.943625927730883,26.399973811356904,-24.679465632194173,54.02,-0.287
SI,-4.58,4.11,"Cuas, Jose",621016,ball,L,0,1,-1.46,0.02,-1.57,2.56,10.777428854732555,-133.4993455510404,1.9489858991771405,-19.85296292141679,31.121332047207304,-32.67285445932831,54.15,0.031
FF,-4.57,4.06,"Cuas, Jose",621016,called_strike,L,0,0,-0.81,0.54,-0.53,3.32,12.019261513381396,-133.17832075846457,2.8593528643734256,-12.257046631246004,28.889761610695345,-26.60270270111237,53.94,-0.042
SI,-4.45,4.16,"Cuas, Jose",621016,ball,L,3,0,-1.4,0.0,-0.11,3.52,14.190458436447996,-134.29053584898097,4.257106992051438,-20.006117899061,28.75434373341201,-33.49583006815501,53.85,0.113
FF,-4.42,4.21,"Cuas, Jose",621016,ball,L,2,0,-1.11,0.85,-1.16,3.67,10.75883193849239,-134.12127066833227,2.6300231126266733,-15.713627985046896,28.459370216383608,-22.74410776577772,53.9,0.086
ST,-4.73,4.33,"Cuas, Jose",621016,ball,L,1,0,0.3,-0.08,-3.82,2.55,1.4696282343750873,-119.13151812529156,2.6778614335264925,2.6028900960158503,21.73691196709336,-33.64486576226112,54.04,0.045
SI,-4.47,4.22,"Cuas, Jose",621016,ball,L,0,0,-1.52,-0.16,-1.9,2.95,9.951214872157578,-135.2953773037139,2.938295125330125,-20.87824764280045,32.0778816066467,-35.052579438307404,53.99,0.024
SI,-4.46,4.13,"Cuas, Jose",621016,hit_into_play,L,3,2,-1.57,-0.26,-1.04,2.21,12.146987715896657,-133.8296042135088,1.5385861625658108,-21.543856918120728,28.73983113279633,-35.86234897843841,53.93,-0.297
FF,-4.55,4.09,"Cuas, Jose",621016,foul,L,3,2,-1.07,0.5,-0.23,2.98,13.236049373006145,-133.21023462623938,1.9391953191286917,-15.366297422612718,25.93625383606124,-26.846553811114525,54.14,0.0
FF,-4.65,4.14,"Cuas, Jose",621016,swinging_strike,L,3,1,-1.04,0.83,-0.04,3.17,13.896545663940248,-133.20293766484386,1.5969028947676,-15.229705671025348,26.073844855893583,-22.837880886532083,54.14,-0.078
SI,-4.37,4.27,"Cuas, Jose",621016,called_strike,L,3,0,-1.48,0.16,-0.43,3.12,13.460820945041004,-135.65281682264114,2.483333570291922,-21.14948873415612,29.109186847230035,-31.059265581462608,53.91,-0.083
SI,-4.54,4.27,"Cuas, Jose",621016,ball,L,2,0,-1.65,0.15,-2.02,2.95,10.161352598831067,-135.80409550806624,2.0765623696648907,-22.664655745142053,31.15724908289877,-31.10287394494188,54.04,0.133
SI,-4.34,4.06,"Cuas, Jose",621016,ball,L,1,0,-1.42,-0.05,-1.26,2.38,10.901463366219655,-133.35767732733848,1.7327382682462262,-19.30397351418816,28.09134882343076,-33.3896881323209,53.98,0.064
SI,-4.51,4.22,"Cuas, Jose",621016,ball,L,0,0,-1.53,-0.04,-1.07,3.04,12.223807814844475,-135.53501925147674,2.840962664651,-21.52096213823518,28.98482991262631,-33.58108019803991,54.07,0.032
SI,-4.59,4.1,"Cuas, Jose",621016,hit_by_pitch,R,0,0,-1.51,0.09,-2.27,3.51,9.122922813559343,-133.50091610740444,4.213246742673578,-20.081383866396003,29.91820387479301,-32.3348883864186,54.19,0.998
ST,-4.7,4.0,"Cuas, Jose",621016,hit_by_pitch,R,0,0,1.2,0.21,-2.3,3.77,3.11730356274276,-119.68832254674167,5.619350228697574,10.888027249541691,23.83640656685696,-31.500301955802325,54.35,0.333
SI,-4.53,4.19,"Cuas, Jose",621016,hit_into_play,R,0,0,-1.26,-0.27,-0.82,2.33,12.23896875439088,-134.66740297769277,1.6866554598595898,-18.10027555201439,31.35589053133464,-36.10698565440096,54.1,1.231
SI,-4.61,4.01,"Cuas, Jose",621016,hit_into_play,R,1,2,-1.44,0.01,-1.11,2.04,11.863390033931626,-132.33819019215457,0.9835549949469424,-19.51842030675254,30.58003205462421,-32.51172474509058,54.23,-0.071
ST,-4.68,4.0,"Cuas, Jose",621016,foul,R,1,2,1.13,0.09,0.1,2.26,8.566677824439829,-119.2586336585256,2.484427474842745,9.009514036750206,23.92520232353913,-32.098547606359986,54.45,0.0
ST,-4.63,3.95,"Cuas, Jose",621016,ball,R,0,2,1.29,0.08,2.39,0.67,13.261244388779035,-118.0383407782042,-0.7297229268041674,8.958402186729474,26.24526474486053,-31.57426264481696,54.06,0.009
ST,-4.48,3.94,"Cuas, Jose",621016,swinging_strike,R,0,1,0.91,-0.26,1.54,1.15,11.848356393011487,-119.0049393433838,0.8448104164904098,6.032648951829107,25.16575358797243,-35.054965289245004,54.11,-0.024
SI,-4.54,4.03,"Cuas, Jose",621016,called_strike,R,0,0,-1.36,0.22,-0.91,1.83,12.064525091268544,-133.2677079557979,-0.0772255163167795,-18.981180867459365,32.99171167848845,-29.829067006059496,54.32,-0.015
ST,-4.64,4.1,"Cuas, Jose",621016,swinging_strike,L,2,2,1.13,0.15,0.68,1.85,9.858436846738256,-119.37217170509952,1.2437946796803143,8.5524713732852,25.81716900542258,-31.253058959910263,54.19,-0.142
SI,-4.54,4.02,"Cuas, Jose",621016,ball,L,1,2,-1.19,0.51,0.91,3.79,16.07803227264065,-131.39142140316062,4.350858072912861,-17.344007069230983,28.92947659196245,-27.63690162705148,54.26,0.026
SI,-4.59,3.97,"Cuas, Jose",621016,called_strike,L,1,1,-1.21,-0.13,-1.02,1.97,11.592245827473317,-132.87314376726746,1.1982878312598868,-17.008335340287022,31.971589862551117,-34.318630749355115,54.28,-0.04
ST,-4.67,4.12,"Cuas, Jose",621016,ball,L,0,1,1.01,0.23,0.82,1.73,10.308663943740983,-117.83591386660396,0.9780740387863353,7.009335888149798,26.17910875096945,-30.537236395036523,54.26,0.017
SI,-4.4,4.15,"Cuas, Jose",621016,called_strike,L,0,0,-1.38,-0.11,0.12,1.52,14.3519781237009,-132.97505704688473,-0.4445335464973525,-19.59944639571302,31.23764804528014,-33.672441522729954,54.25,-0.024
SI,-4.5,4.09,"Cuas, Jose",621016,hit_into_play,R,0,0,-1.41,0.18,-0.78,2.73,12.465541032379472,-132.9899167563488,2.1462041860399905,-19.5714015614678,32.1363636344321,-30.93591533914736,54.08,-0.228
SI,-4.47,4.01,"Cuas, Jose",621016,swinging_strike,L,1,2,-1.38,-0.33,-1.2,2.51,11.281573361893486,-133.52494565246522,2.7877942525581068,-19.01281786985244,29.634980155294325,-37.01686987044732,54.18,-0.071
FF,-4.47,3.99,"Cuas, Jose",621016,ball,L,0,2,-0.77,0.9,-0.13,3.96,12.472244237867985,-131.55712034588385,3.9825652210693705,-11.526448970912329,27.48457958313089,-22.857466303496164,54.06,0.009
SI,-4.39,4.07,"Cuas, Jose",621016,called_strike,L,0,1,-1.6,-0.36,-0.74,1.61,12.908404046339196,-135.80533612700123,0.2905579466906671,-22.68202287545685,31.84199890394815,-36.9927078878832,54.2,-0.024
SI,-4.5,3.96,"Cuas, Jose",621016,called_strike,L,0,0,-1.35,0.34,-0.81,2.74,12.317051157214497,-133.6887202330527,2.0602173763734326,-18.9554118633424,30.413085754242022,-28.845169663170168,54.04,-0.015
SI,-4.43,3.9,"Cuas, Jose",621016,hit_into_play,L,3,1,-1.23,0.37,0.21,2.26,14.351804576893771,-132.83803641006023,0.9313174640341098,-17.454568308976793,26.62084463699409,-28.15870261185809,54.06,-0.271
SI,-4.46,3.97,"Cuas, Jose",621016,ball,L,2,1,-1.22,-0.15,-1.2,1.99,10.879364886531736,-133.0766071258554,1.208433767196448,-16.818909805298144,28.19393241552109,-34.51373082805166,54.05,0.077
SI,-4.46,3.96,"Cuas, Jose",621016,foul,L,2,0,-1.29,0.19,-1.17,2.52,11.101367742817498,-132.93792867972994,1.8630124145034077,-17.728994956164716,28.408991675809386,-30.609991364723346,54.06,-0.039
ST,-4.65,3.9,"Cuas, Jose",621016,ball,L,1,0,1.16,0.19,-1.26,1.79,5.377127584078565,-118.89848915317546,1.4609752832197938,10.015724520068536,22.57274445331933,-30.90959729862256,54.26,0.045
SI,-4.42,4.07,"Cuas, Jose",621016,ball,L,0,0,-1.28,0.3,-1.91,3.16,9.175077491733129,-134.47184194719424,2.851673992351257,-17.48082159258875,29.61713086037962,-29.39281882058787,54.19,0.024
SI,-4.47,3.95,"Cuas, Jose",621016,hit_into_play,R,1,1,-1.48,-0.07,-0.12,1.95,14.352280500169016,-134.1910022011335,0.9295299190280966,-21.056156059151228,29.34212796306553,-33.454068239226174,53.98,-0.216
SI,-4.54,3.85,"Cuas, Jose",621016,ball,R,0,1,-1.46,0.17,-1.84,1.63,9.99127773347349,-133.66562997650277,-0.1303823996514849,-19.629321046285497,29.3742431712252,-30.384162301654545,54.15,0.021
SI,-4.53,4.03,"Cuas, Jose",621016,foul,R,0,0,-1.34,0.26,-1.15,3.03,11.50943345670499,-134.20288778063016,2.7571342172502145,-18.72447649297988,29.96801854049033,-29.89611688573096,54.09,-0.032
ST,-4.47,3.95,"Cuas, Jose",621016,hit_into_play,L,1,2,1.19,0.19,0.22,2.34,8.298289548882078,-118.95254627193354,2.587308934924012,9.734064884083958,23.02212329091369,-31.09840312235218,53.98,1.656
FF,-4.39,4.19,"Cuas, Jose",621016,ball,L,0,2,-1.02,0.89,-1.42,2.46,9.811272801321216,-135.01152695332578,-0.5875568954150168,-14.531272097005786,28.516462286012786,-21.37339308736364,54.3,0.053
FF,-4.44,4.0,"Cuas, Jose",621016,foul,L,0,2,-1.1,0.8,-0.5,2.99,12.328955651439566,-132.98997261008452,1.603649127090964,-15.665928088397608,28.32870793644558,-23.31108348522405,54.1,0.0
ST,-4.64,3.98,"Cuas, Jose",621016,called_strike,L,0,1,1.02,0.15,-0.66,1.69,7.014015331743915,-119.01635480431868,1.1166090353982014,8.319218435279263,23.589225449566747,-31.16495912952753,54.21,-0.075
SI,-4.58,4.05,"Cuas, Jose",621016,called_strike,L,0,0,-1.34,0.33,-0.1,1.86,14.397970905219095,-134.9293484856871,-0.4816565394065858,-19.595717676038152,31.180909529267105,-28.30307888248768,54.12,-0.064
SI,-4.34,4.06,"Cuas, Jose",621016,hit_into_play,R,1,0,-1.45,-0.11,0.34,1.92,15.122193777297314,-134.3019702234645,0.6434661228276897,-20.869832281699345,30.27710672399055,-33.8841165686798,54.0,0.378
SI,-4.45,4.01,"Cuas, Jose",621016,ball,R,0,0,-1.34,-0.12,0.96,1.93,16.691906372359366,-133.69803267555673,0.8850334842675196,-19.764340328712255,29.51416158032337,-34.15236310835545,53.99,0.032
