pitch_type,release_pos_x,release_pos_z,player_name,pitcher,description,stand,balls,strikes,pfx_x,pfx_z,plate_x,plate_z,vx0,vy0,vz0,ax,ay,az,release_pos_y,delta_run_exp
SL,3.92,5.13,"Eisert, Brandon",685126,hit_into_play,L,1,2,0.1,0.52,0.76,2.89,-7.8166317240329874,-125.07531663335796,-0.11011119684936,2.5501846976063844,24.656744174461732,-26.887969123048247,53.35,0.576
SL,4.01,4.99,"Eisert, Brandon",685126,ball,L,0,2,-0.25,0.35,-1.93,2.11,-13.561417859796174,-123.50898679966764,-1.0832984605263003,0.1749227363591733,25.265021123521567,-28.551482214072863,53.46,0.02
FF,3.77,5.21,"Eisert, Brandon",685126,foul,L,0,1,0.64,1.21,0.37,3.68,-10.163285971136323,-133.41027537173224,-0.6687813895367579,9.727327181627889,26.73104602420215,-17.66755905722689,53.24,-0.059
SL,4.0,5.01,"Eisert, Brandon",685126,foul,L,0,0,-0.23,0.59,-0.11,2.94,-9.27180931318872,-123.34270815287972,0.2834281441837427,-0.6087046591924169,23.084564753478503,-26.36113646985841,53.46,-0.042
FF,3.79,5.06,"Eisert, Brandon",685126,hit_into_play,R,1,2,1.03,1.38,-0.15,2.11,-12.22101322999652,-131.05253254842182,-4.391027391051018,14.426785800550402,26.92884790166342,-15.434620424972316,53.19,-0.29
SL,3.83,5.14,"Eisert, Brandon",685126,foul,R,1,2,-0.12,0.43,0.84,2.33,-6.881473292311294,-124.09561485991424,-1.168867814996526,0.1329008313633526,25.4121692799675,-27.667574816328987,53.46,0.0
FF,3.77,5.14,"Eisert, Brandon",685126,foul,R,1,2,0.74,1.51,0.51,3.16,-10.037538521751484,-133.5575782723335,-2.4646428517964423,11.01685033712412,28.4800723171074,-13.795675115234152,53.21,0.0
CH,3.95,4.86,"Eisert, Brandon",685126,foul,R,1,2,1.2,0.06,-0.25,1.32,-12.338797166868831,-122.44532402216764,-2.008697040620264,14.476153128923295,22.890702021154688,-31.356950669564416,53.3,0.0
FF,3.91,5.02,"Eisert, Brandon",685126,swinging_strike,R,1,1,0.87,1.46,0.08,3.47,-11.494508275744955,-130.33765517452127,-0.859554194082349,12.575907549578384,30.751244489841863,-15.758342154660127,53.32,-0.078
CH,4.03,5.04,"Eisert, Brandon",685126,called_strike,R,1,0,1.01,0.06,0.45,2.91,-10.554886158773112,-123.51036715070308,1.1976989489943417,12.290485256728946,21.888391955223227,-31.97389219393498,53.36,-0.075
CH,4.02,4.79,"Eisert, Brandon",685126,blocked_ball,R,0,0,1.1,0.12,-0.05,0.35,-12.047950422043,-124.90763914539464,-4.575505737419416,13.91305218109104,24.43781249802912,-30.20206257330314,53.3,0.067
CH,4.0,4.77,"Eisert, Brandon",685126,hit_into_play,L,2,2,1.31,0.48,0.46,2.98,-11.114045992065105,-123.69076585291155,1.2355469204205975,15.697258817428498,25.39982274587697,-27.79618044855319,53.38,0.434
FF,3.72,5.01,"Eisert, Brandon",685126,called_strike,L,2,1,0.75,1.54,-0.81,2.11,-13.097118783478445,-130.8494631249772,-4.48067518469136,11.72435037851029,31.68926375350864,-13.791270116309828,53.16,-0.063
FF,3.85,5.06,"Eisert, Brandon",685126,foul,L,2,0,0.92,1.13,0.46,3.51,-10.486759120392993,-130.3424606640529,-0.2138238366881854,12.636231904984845,26.89002906055165,-19.47752750885173,53.35,-0.057
SL,3.97,4.91,"Eisert, Brandon",685126,ball,L,1,0,-0.13,0.58,-0.86,0.45,-11.372419248974904,-125.05419879819536,-5.620367166173114,0.7589723545480063,23.92093552865113,-25.09228785088965,53.27,0.064
FF,3.64,5.2,"Eisert, Brandon",685126,ball,L,0,0,0.66,1.65,-1.14,3.18,-13.639168676716425,-132.10733420612902,-2.6655637455180705,10.89486794431793,31.114637535125414,-12.537088898618295,53.26,0.032
SL,3.87,4.92,"Eisert, Brandon",685126,hit_into_play,R,3,2,0.13,0.37,0.49,1.41,-8.297579133732244,-123.19844731983568,-2.5866133911959768,3.070860810526398,25.492796096384083,-28.10827182033193,53.32,-0.131
FF,3.66,5.25,"Eisert, Brandon",685126,ball,R,2,2,0.9,1.63,0.93,4.98,-8.961390081016932,-132.82342183249037,1.7765741733208544,12.698598490615176,31.31902307519165,-13.644827812537594,53.35,0.043
CH,3.94,4.92,"Eisert, Brandon",685126,foul,R,2,2,1.06,0.29,0.22,1.13,-11.118677037450189,-124.61337167584088,-3.3837178272716613,13.096818812358608,21.605703626554376,-28.68560616156442,53.28,0.0
FF,3.97,4.94,"Eisert, Brandon",685126,foul,R,2,1,1.01,1.32,-0.06,2.78,-12.40814860582804,-131.65279526804125,-2.33529942565863,14.21773353786358,25.863234801093885,-16.411863297974236,53.28,-0.031
CH,3.83,5.06,"Eisert, Brandon",685126,ball,R,1,1,1.04,0.15,1.33,2.01,-8.314666505306713,-126.85780148630346,-1.4858689747129954,12.966247517878076,26.103780037542982,-30.482668100820813,53.27,0.023
SL,4.39,4.93,"Eisert, Brandon",685126,ball,R,0,1,-0.32,0.45,1.87,3.1,-5.282038539699787,-122.79795215532654,1.2744624324801206,-2.1122581923292905,25.30786762207948,-28.098996041425192,53.58,0.011
CH,4.02,4.82,"Eisert, Brandon",685126,called_strike,R,0,0,1.16,0.09,0.57,1.41,-10.751890802776444,-125.32898890634635,-2.1029083206503074,14.39906422262075,24.280117017312243,-30.968169451027112,53.3,-0.015
CH,3.98,4.88,"Eisert, Brandon",685126,hit_into_play,R,1,2,1.22,0.1,0.84,2.4,-10.046651244920696,-124.74437077389786,0.2005159614461797,14.764383222517385,24.396080385785066,-31.356101204310345,53.39,-0.157
SL,3.77,5.03,"Eisert, Brandon",685126,foul,R,1,1,0.31,0.45,-0.19,1.4,-10.223434164416496,-125.615902608784,-3.3420320492227837,5.446900984271583,26.33800131954261,-26.90665066467937,53.38,-0.15
FF,3.47,5.25,"Eisert, Brandon",685126,ball,R,0,1,0.86,1.62,-1.27,3.7,-14.075449394042616,-133.37069723958052,-1.5520667053827144,13.421452244723303,29.947527198448192,-12.72285890460479,53.27,0.05
FF,3.62,5.18,"Eisert, Brandon",685126,called_strike,R,0,0,0.96,1.43,0.24,3.05,-10.710470710148856,-131.92128322199676,-2.5190251680832576,13.407789408850553,26.729354763331937,-15.06115678026995,53.12,-0.071
SL,3.91,5.11,"Eisert, Brandon",685126,hit_into_play,L,0,0,-0.09,0.46,-0.41,1.97,-10.223602485193634,-125.12042147979564,-2.15213445303995,1.1700208469252955,25.57207186967711,-27.07025688271527,53.41,-0.363
FF,3.63,5.1,"Eisert, Brandon",685126,hit_into_play,R,2,2,1.06,1.32,-0.27,3.43,-12.20835854995476,-131.9160341773836,-1.0970210691410278,14.856027370172352,26.388948154536056,-16.65332424699542,53.31,0.653
CH,3.97,4.77,"Eisert, Brandon",685126,foul,R,2,2,1.21,0.28,0.27,1.42,-11.31048714520322,-123.6518154926812,-2.126521120135087,14.666869421836598,23.928171786640533,-29.111056422438264,53.27,0.0
SL,3.81,5.14,"Eisert, Brandon",685126,ball,R,1,2,-0.54,0.16,0.56,3.4,-6.509623246251072,-121.11650108299446,2.141694341473753,-4.165464511906875,22.24843057597547,-31.16302808208617,53.36,0.036
SL,3.75,5.16,"Eisert, Brandon",685126,foul,R,1,2,-0.56,0.24,-0.76,1.54,-9.595552892016878,-123.30081054686556,-2.74455635976078,-4.164769512630676,20.317352897626293,-29.379740655987007,53.29,0.0
CH,4.0,4.96,"Eisert, Brandon",685126,ball,R,0,2,1.22,0.3,0.54,0.95,-10.928380820214814,-125.98203283298274,-4.13613871094986,14.994383724297514,20.94581858584472,-28.32955041512079,53.29,0.019
CH,3.81,5.01,"Eisert, Brandon",685126,swinging_strike,R,0,1,1.04,0.27,1.36,1.92,-8.040026588216,-124.51605755722746,-1.688146180325264,12.330254395629323,20.342880215823744,-29.22661222392477,53.3,-0.047
SL,4.16,4.88,"Eisert, Brandon",685126,called_strike,R,0,0,-0.19,0.56,0.33,1.86,-8.690277033315203,-123.132272114515,-1.8953461864427008,-0.4319164622267323,21.60767378572905,-26.26028441329904,53.49,-0.032
SL,4.05,4.98,"Eisert, Brandon",685126,hit_into_play,L,1,1,-0.26,0.59,0.05,2.73,-9.050802508468294,-124.91716975135894,-0.2213027941052664,-0.8365428248616408,26.20780167507621,-26.22896867761281,53.42,-0.217
SL,3.75,5.08,"Eisert, Brandon",685126,ball,L,0,1,-0.29,0.4,-1.99,1.28,-13.36220946766261,-126.01070491788172,-3.764207151809158,-0.3741927404001225,25.417818151657343,-27.299113854646432,53.2,0.03
FF,4.02,4.91,"Eisert, Brandon",685126,called_strike,L,0,0,1.08,1.18,0.26,3.36,-11.927983881654663,-131.85757856934674,-0.4206372130852618,15.144331700995805,28.741295110536647,-18.60442348822375,53.27,-0.042
FF,4.16,4.81,"Eisert, Brandon",685126,ball,R,3,0,0.95,1.23,1.28,2.47,-9.262378983144956,-130.25920706075203,-2.393927169024762,12.800815529584163,27.233606758987808,-17.85899139305242,53.35,0.042
SL,3.87,4.97,"Eisert, Brandon",685126,ball,R,2,0,-0.01,0.44,-1.23,0.71,-12.17125199680448,-123.86751692992468,-4.563150568978357,2.610966485832279,27.37091394834436,-26.877443640657702,53.29,0.046
CH,3.89,4.93,"Eisert, Brandon",685126,ball,R,1,0,1.17,0.29,0.99,3.22,-9.388277538802011,-124.74459859001875,1.6202367382276963,13.95806733819284,21.61409598601209,-29.60866571458893,53.24,0.026
CH,3.89,4.94,"Eisert, Brandon",685126,ball,R,0,0,1.62,0.41,0.29,1.16,-12.00150721564186,-124.5115073068279,-3.569582147016353,19.214497449327204,22.937663647239606,-27.400627452208145,53.21,0.016
SL,3.83,5.13,"Eisert, Brandon",685126,hit_into_play,L,0,1,-0.41,0.38,-0.71,2.53,-10.091130311757444,-125.11295584851028,-0.6657366706106679,-2.1835103739814405,25.808505640644693,-28.29764421467616,53.4,-0.472
FF,3.68,5.17,"Eisert, Brandon",685126,foul,L,0,0,1.12,1.39,0.62,2.26,-10.298620245339563,-133.04337768640565,-4.568425169980453,15.440725829215236,28.007560525698626,-14.873741159990626,53.2,-0.064
FF,3.87,5.08,"Eisert, Brandon",685126,hit_into_play,R,2,2,0.74,1.41,-0.11,3.07,-11.87265903767126,-133.20024156508518,-2.302900779877024,11.371794579504822,27.94387255478439,-15.039732196384568,53.26,0.434
FF,3.77,5.1,"Eisert, Brandon",685126,foul,R,2,2,0.98,1.33,-0.17,2.88,-12.077922373550138,-131.0166414497014,-2.484874294246991,13.65745127957653,24.88758451107161,-16.409983465672713,53.31,0.0
SL,3.87,4.99,"Eisert, Brandon",685126,called_strike,R,2,1,0.06,0.65,-0.76,2.4,-11.250543470108097,-124.6208804876792,-1.2078939681504597,2.635901881254597,22.71661202019604,-25.36197069840197,53.3,-0.063
CH,4.17,4.74,"Eisert, Brandon",685126,ball,R,1,1,1.17,-0.01,2.16,1.62,-7.0933757030547575,-122.79504322436316,-0.9480863992142216,13.167409126701218,21.06750592197142,-32.28576975692647,53.48,0.05
CH,3.98,4.77,"Eisert, Brandon",685126,swinging_strike,R,1,0,1.31,0.35,0.51,2.05,-10.793856433064878,-122.40661269392167,-0.7070643104461514,15.106841900516304,20.05238324439404,-28.682748258260037,53.41,-0.044
FF,3.72,5.16,"Eisert, Brandon",685126,ball,R,0,0,0.88,1.58,0.24,3.54,-10.745644928077112,-131.6731031371779,-1.5278522204327571,12.409769997932068,26.63379505340935,-13.589330836066528,53.21,0.032
SL,4.01,5.0,"Eisert, Brandon",685126,hit_into_play,L,0,1,-0.35,0.51,0.26,1.93,-8.18600570920719,-123.32912103250108,-1.8057928694900116,-1.7539018194183795,27.44406171504228,-26.83337856489781,53.33,-0.678
FF,3.79,5.1,"Eisert, Brandon",685126,called_strike,L,0,0,1.01,1.58,0.4,2.97,-10.683976828440477,-130.01993770384885,-2.541174829479925,13.928519974977636,30.932748793488745,-14.016026174100364,53.25,-0.099
SL,3.85,4.89,"Eisert, Brandon",685126,hit_into_play,L,1,0,-0.49,0.39,-0.43,1.82,-9.19380170254022,-123.28525238716595,-1.616015814281721,-3.1407255323040952,25.252137475517667,-28.091316722507003,53.1,-0.116
FF,3.43,5.06,"Eisert, Brandon",685126,ball,L,0,0,0.66,1.4,-1.36,1.66,-13.789197451771791,-133.76297048420332,-5.920690255164132,10.886962548619994,28.91496551808885,-14.20747352343757,53.34,0.016
CH,3.8,4.96,"Eisert, Brandon",685126,hit_into_play,R,2,2,0.95,0.37,1.03,1.91,-8.669186149810702,-124.42981039695974,-1.699983521853763,11.57108768243408,24.1332742658227,-28.22065166545155,52.87,-0.528
FF,3.67,5.24,"Eisert, Brandon",685126,ball,R,1,2,0.38,1.44,0.44,4.09,-9.17530942702912,-133.83599259438532,-0.1758541453382198,6.645683372914197,29.9632285939859,-15.079392152186577,53.39,0.077
CH,3.88,4.88,"Eisert, Brandon",685126,foul,R,1,1,0.81,0.34,-0.13,2.12,-11.070367998846644,-122.00004411498789,-0.6650180439129821,10.200970141664689,22.87406305351032,-28.808266614607444,53.17,-0.078
SL,3.86,5.08,"Eisert, Brandon",685126,ball,R,0,1,-0.84,-0.26,1.29,2.64,-4.283514804839287,-120.72789785249203,1.4846367090491954,-7.323434580599832,24.77284893319488,-35.24567390549861,53.47,0.057
SL,3.63,5.12,"Eisert, Brandon",685126,called_strike,R,0,0,0.01,0.25,0.19,1.84,-8.09889587425724,-121.81528145080392,-1.66358406427451,1.6636156861078155,24.24733730871939,-29.524214111659266,53.26,-0.064
FF,3.61,4.9,"Eisert, Brandon",685126,ball,R,3,1,0.7,1.4,-1.33,3.29,-13.926083810403547,-130.17192579088857,-0.9094977866301044,10.942998809590929,27.805484572061516,-16.337330213079273,53.19,0.265
SL,3.72,5.04,"Eisert, Brandon",685126,ball,R,2,1,-0.42,0.3,-0.96,1.77,-10.27860360224808,-123.08458522554864,-1.9139545489102767,-2.3355952924049466,23.83386407277584,-28.919335002360672,53.12,0.108
SL,3.83,4.94,"Eisert, Brandon",685126,ball,R,1,1,-0.38,0.22,-0.13,1.24,-8.577463434452234,-121.83077225103848,-2.6030598390459483,-2.1295299897779683,23.44620383755527,-29.71984454212898,52.98,0.05
FF,3.82,5.05,"Eisert, Brandon",685126,ball,R,0,1,0.69,1.21,-0.4,4.33,-12.296892319944469,-132.38002882953072,1.584832203260114,10.895666671741328,29.67262254312716,-18.627988413762047,53.29,0.021
SL,3.75,4.95,"Eisert, Brandon",685126,called_strike,R,0,0,-0.62,0.12,0.26,1.55,-6.980792219155555,-122.07606455677282,-1.6650308381238856,-4.699123688702594,25.550842718176337,-30.826673147313063,53.27,-0.032
SL,3.9,4.94,"Eisert, Brandon",685126,hit_into_play,L,1,0,-0.47,0.03,-0.64,1.68,-9.751578357739302,-122.09165145770775,-1.167563161053898,-2.6903172189314386,25.19309247278811,-31.895874472466204,53.21,-0.491
SL,3.83,5.05,"Eisert, Brandon",685126,ball,L,0,0,-0.46,0.17,-1.64,1.62,-12.156376770307835,-123.52604227981963,-2.029660009710637,-2.1312681667251,25.924898963656062,-30.21276638816921,53.04,0.042
FF,3.65,4.96,"Eisert, Brandon",685126,ball,R,3,1,0.85,1.44,-0.55,3.83,-12.60478601726765,-132.177946198331,0.0758391412496298,12.852450339948586,30.43806550992546,-15.68031323380913,53.13,0.06
CH,3.9,4.91,"Eisert, Brandon",685126,blocked_ball,R,2,1,1.23,0.39,-0.35,-0.07,-12.81391673174198,-124.5850590740066,-6.422017693287633,15.333599982148876,24.208623395648495,-26.968433386317365,52.95,0.046
FF,3.56,5.14,"Eisert, Brandon",685126,ball,R,1,1,0.54,1.64,-1.55,3.01,-14.362276250437771,-133.22400432609376,-3.1079641820423705,9.678873142969469,29.92147808167267,-12.109072177068825,53.15,0.044
SL,3.75,5.06,"Eisert, Brandon",685126,foul,R,1,0,-0.48,0.45,-0.38,1.57,-8.797705252867978,-122.40929620695132,-2.655254037022396,-3.1998690404094017,23.443317078366206,-27.31040760042368,53.11,-0.049
FF,3.75,5.06,"Eisert, Brandon",685126,ball,R,0,0,0.63,1.29,-0.91,3.19,-13.518673423389895,-134.59909730185882,-1.7711836850774945,10.775797442417227,31.196405959547278,-16.378913632265384,53.26,0.051
SL,3.79,5.08,"Eisert, Brandon",685126,ball,L,3,2,-0.43,0.39,-0.73,1.35,-9.67430846169404,-121.20309510914608,-2.927518924332861,-2.441699050023705,22.580205694116728,-27.94153540840345,53.37,0.313
SL,3.66,4.97,"Eisert, Brandon",685126,swinging_strike,L,3,1,-0.42,0.18,-0.65,0.99,-9.184687046384688,-120.30445375585091,-2.968078179387577,-2.291586838093731,23.40810885254085,-30.05993947248364,53.14,-0.103
FF,3.75,5.15,"Eisert, Brandon",685126,ball,L,2,1,0.48,1.17,-0.38,4.58,-11.455510290376266,-131.2785855203118,2.1405729852500683,8.077708184975087,29.39734106703686,-19.457144741167,53.44,0.127
SL,3.65,5.04,"Eisert, Brandon",685126,ball,L,1,1,-0.42,-0.06,-0.88,1.74,-9.704282083144854,-120.81643804807833,-0.9248874470776154,-2.1481813399645597,24.452699940630104,-32.84515843970555,53.38,0.058
SL,3.68,5.17,"Eisert, Brandon",685126,ball,L,0,1,-0.25,-0.07,-0.58,1.29,-9.393818980722726,-120.97102816794389,-2.2726528234191083,-0.4933519472484453,25.275002101533573,-32.584968614375974,53.44,0.031
SL,3.73,5.14,"Eisert, Brandon",685126,called_strike,L,0,0,-0.27,0.3,-0.38,2.04,-9.072022709888634,-120.84373510412748,-1.1522259356118243,-0.6211583067842603,26.559957986156217,-29.264714936029016,53.11,-0.042
SL,3.82,5.15,"Eisert, Brandon",685126,hit_into_play,R,0,2,-0.21,0.14,0.67,1.88,-6.91217250543594,-121.57646368959182,-1.3629290282742248,-0.703847034621605,24.894668707575928,-30.770032311030526,53.53,-0.237
FF,3.63,5.12,"Eisert, Brandon",685126,called_strike,R,0,1,0.37,1.28,-0.2,3.2,-10.620964751637604,-132.99661531102944,-1.7088524399816905,6.77678589543906,30.06678114250818,-16.86284989272526,53.37,-0.075
SL,3.8,5.07,"Eisert, Brandon",685126,foul,R,0,0,-0.65,-0.18,0.33,2.44,-6.725003880539404,-120.13402643964656,0.930353493290484,-4.911854919153081,24.247104665430246,-34.37801716308044,53.5,-0.064
CH,3.89,4.94,"Eisert, Brandon",685126,hit_into_play,R,1,1,0.78,0.71,0.74,2.67,-9.374221246500603,-126.72295549269988,-0.7508742989850241,10.303028310171143,25.002433968742995,-24.58692762404635,53.01,0.421
SL,3.81,4.96,"Eisert, Brandon",685126,foul,R,1,0,-0.54,0.22,-0.35,2.25,-8.763412545189635,-122.51107992985612,-0.3671872386459816,-3.763938335891274,23.61593789261387,-30.10015238006041,53.22,-0.044
FF,3.68,5.19,"Eisert, Brandon",685126,ball,R,0,0,0.37,1.53,1.58,4.86,-6.260545476578528,-134.70102474402003,1.7087722077099217,5.896149953709411,31.318302197349645,-14.336345366623185,53.31,0.032
