pitch_type,release_pos_x,release_pos_z,player_name,pitcher,description,stand,balls,strikes,pfx_x,pfx_z,plate_x,plate_z,vx0,vy0,vz0,ax,ay,az,release_pos_y,delta_run_exp
CH,-1.59,5.16,"Espino, Paolo",502179,hit_into_play,L,1,0,-0.68,0.03,0.08,1.56,5.194455965191686,-121.05095857527488,-1.9187726769490985,-7.64754550281986,21.241193528421647,-31.730404375169154,53.97,-0.56
CH,-1.67,5.26,"Espino, Paolo",502179,ball,L,0,0,-0.87,-0.11,0.04,1.38,5.6702749575568046,-121.35325053281169,-2.3122292977097265,-9.632424717482232,21.96505378106848,-33.04463670179229,53.93,0.056
FF,-1.01,5.48,"Espino, Paolo",502179,hit_into_play,L,0,2,-0.36,1.47,-0.15,3.3,2.900876671165536,-130.182799201221,-2.520629071183379,-4.661987191123176,25.9709247087744,-15.078502823039914,53.87,-0.317
CU,-1.25,5.38,"Espino, Paolo",502179,foul,L,0,2,1.33,-1.33,0.26,1.53,0.7229044445906373,-104.91276082411812,2.2675389517669187,9.49997378870535,22.056719831027664,-42.586320070741536,53.95,0.0
FF,-0.96,5.57,"Espino, Paolo",502179,foul,L,0,1,-0.33,1.53,0.0,2.68,3.0539144359271586,-128.96305378156438,-4.185806034270486,-4.36184607520235,28.222599652979305,-14.45297920963973,53.9,-0.079
CH,-1.62,5.26,"Espino, Paolo",502179,called_strike,L,0,0,-1.24,0.27,0.47,2.05,7.453554989245518,-123.66365956785484,-1.7159321283096884,-14.281771779824323,25.864645842911795,-29.260223531047924,53.86,-0.083
CU,-1.33,5.4,"Espino, Paolo",502179,hit_into_play,L,2,2,1.27,-1.39,0.02,1.48,0.5161142877190321,-104.21110390334329,2.3500554790570147,8.9752997767294,22.35293951869539,-42.87858139660405,53.89,0.522
CH,-1.43,5.32,"Espino, Paolo",502179,foul,L,2,1,-1.12,0.24,0.32,1.84,6.2229977595784165,-121.00856367557152,-2.004983000334503,-12.169916108774492,23.259090425055987,-29.61336326480301,54.03,-0.074
FF,-0.89,5.6,"Espino, Paolo",502179,foul,L,2,0,-0.11,1.6,0.37,3.76,3.280555155125267,-126.4479331646758,-1.4981420907534893,-1.8990634956352568,25.713818784815725,-14.961176113473153,53.88,-0.064
CH,-1.39,5.32,"Espino, Paolo",502179,ball,L,1,0,-1.09,0.3,-1.59,3.68,1.6702414507684098,-120.573138431659,2.1468504111824416,-11.018959895151834,22.845532371229027,-29.84170860211648,54.07,0.066
CH,-1.62,5.36,"Espino, Paolo",502179,ball,L,0,0,-1.01,0.06,-1.46,3.69,2.313722327145404,-118.40883126721366,2.721721740315041,-9.955765221879366,21.92194413068716,-32.281337776012336,54.16,0.044
FF,-0.97,5.64,"Espino, Paolo",502179,ball,R,3,0,-0.47,1.47,-1.22,3.34,0.3499214660063422,-125.47923048996012,-2.248998390108183,-5.011273817948276,24.61425540455885,-16.414741622461623,54.04,0.113
FF,-0.82,5.65,"Espino, Paolo",502179,ball,R,2,0,-0.36,1.47,-0.92,3.68,0.5026783599266949,-126.85004744419396,-1.6111083526276202,-4.002560070832008,25.351855898970022,-16.12316290156067,53.89,0.086
ST,-1.34,5.44,"Espino, Paolo",502179,ball,R,1,0,1.93,0.35,-0.89,4.1,-2.4681326743096204,-108.39110437860812,3.895851460005589,15.583640649672189,19.631992765659543,-30.38770278088077,54.12,0.045
CU,-1.29,5.55,"Espino, Paolo",502179,ball,R,0,0,1.39,-1.32,-1.25,3.67,-2.1703933239045594,-99.95644828677592,6.481910428105093,9.633839176712195,17.897545017595903,-42.365537474817,54.23,0.024
CH,-1.72,5.29,"Espino, Paolo",502179,hit_into_play,L,0,1,-1.23,-0.08,-0.31,2.12,5.497437550023893,-118.1237281394918,-0.264832992147057,-12.560129915244609,24.18296402836596,-33.088554917335095,54.26,-0.196
CH,-1.54,5.37,"Espino, Paolo",502179,called_strike,L,0,0,-1.21,-0.11,-0.9,2.46,3.7942617276007855,-119.24516606567802,0.2318513323528652,-12.298185523744024,24.51399569943985,-33.4641851005554,54.15,-0.032
CU,-1.11,5.56,"Espino, Paolo",502179,hit_into_play,R,1,1,1.44,-1.36,-0.22,2.47,-0.650193034414762,-100.0524640718025,4.348556977001246,9.6469396366769,19.51376198030301,-42.26156005086295,54.0,-0.217
ST,-1.39,5.35,"Espino, Paolo",502179,foul,R,1,0,0.99,0.46,0.64,2.69,2.5395728137338165,-112.96079292624148,0.4402847765251689,7.956588006396664,21.67093053216574,-28.570005897506825,54.04,-0.039
ST,-1.22,5.41,"Espino, Paolo",502179,ball,R,0,0,0.85,0.24,1.11,2.56,3.464604161891208,-113.68654630431574,0.3170245615105223,6.683394415179567,21.281822488623803,-30.392349782876124,54.0,0.027
FF,-1.04,5.6,"Espino, Paolo",502179,hit_into_play,L,0,0,-0.53,1.46,-0.41,2.24,2.661436171038785,-128.92975187031612,-5.230711593762017,-6.469152948600158,26.864089343814232,-15.03224672624034,53.8,0.129
CU,-0.96,5.48,"Espino, Paolo",502179,swinging_strike_blocked,R,2,2,1.49,-1.57,-0.2,1.02,-1.0140033423047794,-102.2778275028841,1.8810032655453608,10.431305773770667,22.075525094280188,-43.652864732250535,53.93,-0.142
FF,-0.84,5.65,"Espino, Paolo",502179,foul,R,2,2,-0.49,1.61,-0.16,2.28,2.712919070921268,-129.8028734267817,-5.681734586103928,-6.099903042963121,27.92085524238154,-12.944570025646318,53.84,0.0
CU,-1.11,5.5,"Espino, Paolo",502179,ball,R,1,2,1.18,-1.52,1.41,0.63,2.9649342594315824,-102.77318549681702,0.9251339382314484,7.522483500096228,22.176601204731533,-43.18058819819127,53.66,0.026
ST,-1.14,5.43,"Espino, Paolo",502179,foul,R,1,2,1.59,0.3,0.02,2.04,-0.4086989433422672,-111.55700272467608,-0.6660835708471952,13.299258771653186,20.812928324969008,-29.780117014054778,54.14,0.0
FF,-0.92,5.59,"Espino, Paolo",502179,foul,R,1,1,-0.21,1.48,0.49,3.17,3.894600422515935,-128.15005492059095,-2.846899989186862,-3.202519209363584,28.29628189630884,-15.522037880287533,53.78,-0.04
CU,-1.04,5.49,"Espino, Paolo",502179,called_strike,R,1,0,1.44,-1.1,0.86,2.28,1.2819493166945426,-100.71169124846269,3.6823278077797497,9.29241891291207,21.291171199978294,-40.54329446946412,54.09,-0.031
CU,-1.03,5.61,"Espino, Paolo",502179,ball,R,0,0,1.23,-1.1,-0.86,3.95,-1.6747370683659497,-100.25850280530268,6.690763477164898,8.443316432826512,21.31410580634808,-41.11222731382409,54.21,0.024
CH,-1.44,5.3,"Espino, Paolo",502179,hit_into_play,L,1,0,-1.15,0.48,-0.02,2.95,5.437292279531092,-119.40759904079948,0.2885881697977369,-12.005507460806914,22.426422418492816,-27.841586138393275,54.14,-0.363
CU,-1.14,5.62,"Espino, Paolo",502179,ball,L,0,0,1.46,-1.11,-1.33,4.5,-2.7796975713627647,-101.85968774879922,7.527062818257724,10.548179819570478,20.441032496517792,-41.59133189042777,54.2,0.093
FF,-0.91,5.7,"Espino, Paolo",502179,hit_into_play,L,0,0,-0.31,1.41,0.3,2.81,3.5806021961364287,-127.28647152804034,-3.774498194613949,-4.06506698720671,25.46783091295216,-16.2950910266786,53.86,0.918
FF,-1.0,5.64,"Espino, Paolo",502179,hit_into_play,L,3,1,-0.16,1.57,0.19,3.01,3.253800697485651,-128.4855153193379,-3.577834940648636,-2.4489352762771786,27.358299217288533,-14.226425364590868,53.9,-0.166
FF,-1.09,5.59,"Espino, Paolo",502179,foul,L,3,0,-0.15,1.65,0.11,3.09,3.232544461166256,-128.1001486053066,-3.4319163123150007,-2.315320466217578,25.1895205474018,-13.41188814050419,53.89,-0.022
CH,-1.55,5.33,"Espino, Paolo",502179,ball,L,2,0,-0.95,0.16,-1.22,2.66,2.618177955688254,-120.84567596895783,0.0514820149288188,-9.820614460544023,24.2129087482098,-30.83225162499956,54.11,0.046
FF,-1.14,5.58,"Espino, Paolo",502179,ball,L,1,0,-0.37,1.42,-0.93,3.97,1.273610218010896,-127.98176496875162,-0.7334593702132575,-4.311827546469426,27.46949847503563,-16.65964132212553,53.95,0.026
FF,-1.27,5.59,"Espino, Paolo",502179,ball,L,0,0,-0.3,1.44,-0.9,3.37,1.5046777156405684,-128.0727345372816,-2.276571271259234,-3.566728522414264,27.1874971020624,-16.071128668537824,53.94,0.016
CU,-1.15,5.51,"Espino, Paolo",502179,hit_into_play,L,3,2,1.38,-1.39,0.1,2.73,0.1195476066166924,-102.85534088500758,4.740830102382351,9.553283677661565,22.08742515642532,-43.09788020022585,54.11,0.969
CU,-1.1,5.5,"Espino, Paolo",502179,ball,L,2,2,1.66,-1.23,0.63,1.47,0.6037966171725089,-105.05598163580036,1.741966155889545,11.888100128713896,22.80591639608464,-41.72236540512271,53.84,0.043
CU,-1.39,5.49,"Espino, Paolo",502179,called_strike,L,2,1,1.7,-1.33,-0.98,2.68,-2.0177814241496965,-100.90236525851554,4.765986665827377,11.80425701797092,20.79973697306327,-42.31632744556703,54.15,-0.031
FF,-1.15,5.63,"Espino, Paolo",502179,ball,L,1,1,-0.36,1.56,-1.16,2.6,0.7207099303181486,-128.1406749483861,-4.50766752181463,-4.153943628767786,27.53755589349324,-14.27710498080656,53.93,0.023
CH,-1.66,5.3,"Espino, Paolo",502179,ball,L,0,1,-1.15,-0.14,-0.99,1.94,3.7527823635005335,-119.81836635159677,-0.8254324129387065,-11.772649220354795,23.517909725164078,-33.56956447321103,54.07,0.011
FF,-1.02,5.59,"Espino, Paolo",502179,called_strike,L,0,0,-0.35,1.55,-0.12,3.12,2.97071906395787,-129.45932747104803,-3.27031229728192,-4.567119064919031,28.106600563185,-14.35453254327645,53.72,-0.015
ST,-1.29,5.46,"Espino, Paolo",502179,hit_into_play,R,2,1,1.78,-0.01,-0.1,2.02,-0.689894002560606,-109.92324503180532,-0.002489910744986,14.522482599347214,20.074912609077085,-32.49561410889619,54.08,-0.193
FF,-0.78,5.64,"Espino, Paolo",502179,ball,R,1,1,-0.41,1.41,1.11,2.2,5.470961896167886,-127.7067739081373,-5.155480499585146,-5.625504043169896,25.668542855023222,-15.907922594858844,53.8,0.037
CU,-1.21,5.44,"Espino, Paolo",502179,ball,R,0,1,1.23,-1.33,0.88,1.27,2.020496180458564,-103.23499592549668,1.831949678531752,8.252909267500304,20.672675594222515,-42.19705770504522,54.03,0.017
ST,-1.31,5.4,"Espino, Paolo",502179,swinging_strike,R,0,0,1.54,-0.05,0.71,1.36,1.466426430621052,-109.28006455814054,-1.082328689780525,12.05031606597318,20.32639809254968,-32.61279618419722,54.11,-0.024
CU,-1.44,5.53,"Espino, Paolo",502179,hit_into_play,L,0,1,1.23,-1.45,-0.83,1.82,-0.8388629332464925,-101.30123560154222,3.170696186203386,8.460263975217574,20.446039164180934,-42.89673789417911,54.19,-0.196
CU,-1.08,5.55,"Espino, Paolo",502179,called_strike,L,0,0,1.41,-1.18,0.16,2.11,0.0560433686449723,-101.5414804074612,3.170344467817501,9.605370875010522,19.58080327606745,-41.0728975725324,54.12,-0.032
CH,-1.44,5.27,"Espino, Paolo",502179,hit_into_play,R,1,1,-0.88,0.21,-1.14,2.97,2.401181632227734,-120.52039403180198,0.7492847324832097,-9.028745576693284,20.308046066844785,-30.459866767900078,53.96,-0.574
CU,-1.1,5.44,"Espino, Paolo",502179,called_strike,R,1,0,1.18,-1.28,-0.18,3.1,-0.1763326404416616,-101.5832807451646,5.450291351982855,8.118886915250789,19.089371487752285,-42.19711021856828,53.98,-0.081
ST,-1.29,5.43,"Espino, Paolo",502179,ball,R,0,0,1.28,0.03,0.01,4.0,0.4372966374351252,-114.14244753821826,3.723508643999693,11.121077627142318,20.56746986198554,-32.809697991714614,54.03,0.056
FF,-0.98,5.63,"Espino, Paolo",502179,ball,L,3,1,0.02,1.58,-0.28,4.0,1.6553515321703405,-127.8126237954541,-1.1737041700239963,-0.0328341158700871,23.85340464025964,-14.660079923111605,53.93,0.079
FF,-0.95,5.6,"Espino, Paolo",502179,foul,L,3,0,-0.23,1.38,-0.01,1.8,2.771803931463611,-127.90320054920446,-6.005542422384674,-3.104776802803225,26.024839335586872,-15.957173481432852,53.86,-0.03
FF,-0.99,5.65,"Espino, Paolo",502179,ball,L,2,0,-0.24,1.52,-0.44,3.77,1.833450730868463,-128.43554942576662,-1.6538094198175215,-3.0137555378758174,26.614785556024135,-15.259968863885394,53.96,0.034
CH,-1.64,5.24,"Espino, Paolo",502179,ball,L,1,0,-1.01,-0.04,-1.33,2.46,2.6996140511804234,-121.30438533831976,0.0808463291908809,-10.509615653772276,21.37434071926054,-32.75269133191377,54.06,0.076
FF,-0.97,5.65,"Espino, Paolo",502179,ball,L,0,0,-0.37,1.46,-0.68,3.45,1.4839264871687612,-128.24988725906806,-2.2933764808464936,-4.435357567915066,26.502582300211174,-15.833605159716974,53.88,0.035
FF,-0.86,5.67,"Espino, Paolo",502179,hit_into_play,R,0,0,-0.41,1.43,-0.07,2.67,2.8406829464556,-129.76953350842828,-4.390510948314336,-5.265742297763875,26.740004222314603,-15.28862686012286,53.89,1.9
FF,-0.89,5.53,"Espino, Paolo",502179,hit_into_play,L,0,1,-0.29,1.53,0.89,2.41,4.985898447164426,-128.56344992415112,-4.709813414642015,-4.289693601999523,27.27491870424982,-14.482124091986629,53.88,-0.395
CU,-1.35,5.54,"Espino, Paolo",502179,called_strike,L,0,0,1.29,-1.45,-0.51,1.89,-0.4898359794745036,-101.85575087835458,3.179693317188928,8.912591687529348,20.04825469577746,-43.01860202297591,54.19,-0.083
FF,-0.82,5.61,"Espino, Paolo",502179,ball,L,3,2,-0.4,1.27,-1.0,2.26,0.4025310545946166,-129.90531027358156,-4.938260458092414,-4.633384016273849,25.91275713766758,-17.008509354518942,53.98,0.313
CU,-1.06,5.52,"Espino, Paolo",502179,foul,L,3,2,1.59,-1.38,0.07,1.69,-0.4401279321820029,-102.27280847541476,2.6492404459002508,11.08829339903775,19.398737640581,-42.53079973714651,54.08,0.0
FF,-0.97,5.61,"Espino, Paolo",502179,foul,L,3,2,-0.2,1.38,-0.22,3.45,2.2674812695373547,-128.52696076877083,-2.0441443603873357,-2.6959009466271704,26.69313514785185,-16.68701351676802,54.0,0.0
CH,-1.6,5.31,"Espino, Paolo",502179,ball,L,2,2,-0.84,0.21,-1.8,3.08,1.1926457618172333,-120.37145683571732,1.0085305014609205,-8.439113527236042,23.045319265187175,-30.50821737501688,53.95,0.097
CU,-0.91,5.55,"Espino, Paolo",502179,blocked_ball,L,1,2,1.3,-1.6,0.57,1.02,0.6942585739448394,-102.34492027153938,1.7869834462592793,8.775575669221496,22.282619748246795,-43.85155375119428,53.76,0.054
CU,-1.32,5.51,"Espino, Paolo",502179,foul,L,1,2,1.33,-1.44,-0.49,2.29,-0.61781404255171,-102.86750704646136,3.922261390494388,9.437545092187872,20.99975090925119,-43.28731668618752,54.08,0.0
FF,-1.07,5.69,"Espino, Paolo",502179,ball,L,0,2,-0.67,1.55,-2.23,3.56,-1.4357791312393549,-128.59191559600836,-2.328156606391874,-7.172022512745308,26.670794222343627,-14.70646979353633,53.96,0.02
CH,-1.45,5.22,"Espino, Paolo",502179,foul,L,0,1,-0.84,-0.2,0.13,1.64,5.267405011712857,-120.73967189746514,-1.3211747810026917,-9.197771031727466,23.18519982536381,-34.1340252866147,53.93,-0.059
CU,-1.21,5.5,"Espino, Paolo",502179,foul,L,0,0,1.58,-1.25,-0.06,2.25,-0.3994309836086908,-102.04025724590836,3.716230420282765,10.85260839519153,22.271390106231078,-41.8039795391342,54.08,-0.042
FF,-1.14,5.67,"Espino, Paolo",502179,hit_into_play,L,2,2,-0.24,1.63,-0.6,3.91,1.8220593142927253,-128.7292221107102,-1.5920319265732434,-3.099417285746133,28.32405165778371,-13.998396483519214,54.09,0.287
CU,-1.14,5.57,"Espino, Paolo",502179,foul,L,2,2,1.35,-1.48,0.55,0.49,1.048908984993019,-102.29456610935485,0.502450487573266,9.010748401540246,21.89939948584363,-42.69864900287359,53.98,0.0
CU,-1.15,5.6,"Espino, Paolo",502179,called_strike,L,2,1,1.44,-1.29,-0.07,2.39,-0.3111720423862845,-102.32314150590136,3.762614810729454,9.996961604980884,21.622788464782303,-42.0847423713986,54.17,-0.051
FF,-1.02,5.67,"Espino, Paolo",502179,called_strike,L,2,0,-0.27,1.54,-0.23,2.63,2.4807337662622597,-128.2862675767199,-4.452257388597783,-3.4867359985738298,28.936658701189742,-14.476956585175856,54.0,-0.039
CH,-1.56,5.48,"Espino, Paolo",502179,ball,L,1,0,-1.09,-0.1,-0.93,1.6,3.5360087935236884,-120.17352561713123,-2.085377557792704,-11.207883622057038,24.888282546293414,-32.94020743627471,54.34,0.045
FF,-1.12,5.67,"Espino, Paolo",502179,ball,L,0,0,-0.34,1.47,-0.95,2.28,1.1318515642938292,-128.7830312973387,-5.2598318953875625,-4.0413800738172245,28.911200118550703,-14.914409748515402,53.94,0.024
FF,-1.05,5.75,"Espino, Paolo",502179,hit_into_play,L,0,0,-0.59,1.47,-0.63,2.55,2.25484910191957,-128.36096403707455,-4.737816395098085,-6.959244081183564,26.89874394113865,-15.143532206025052,54.09,-0.228
ST,-1.14,5.39,"Espino, Paolo",502179,hit_into_play,R,1,1,1.81,-0.01,0.16,1.71,-0.5475030233422425,-109.44769604867582,-0.3571211813065422,14.522886265032788,22.276556050569173,-32.414578665557144,54.02,1.619
FF,-0.52,5.57,"Espino, Paolo",502179,called_strike,R,1,0,-0.55,1.31,0.02,2.07,2.455159449314936,-128.32737685810636,-5.160717172525458,-6.557806699435309,28.70879278938004,-16.80994302038698,53.69,-0.106
CU,-0.77,5.5,"Espino, Paolo",502179,ball,R,0,0,1.24,-1.26,-0.9,3.33,-2.3112670325385487,-101.4361095872134,5.823577342845435,8.893957207543004,20.583603751735595,-42.17900913199664,54.04,0.051
CH,-1.32,5.28,"Espino, Paolo",502179,hit_into_play,L,1,1,-1.21,0.39,-1.3,2.57,2.384708735732005,-120.04426949298752,-0.3998648925889845,-12.105251613816794,24.18312177494864,-28.51821454991236,54.12,-0.467
CH,-1.37,5.32,"Espino, Paolo",502179,called_strike,L,1,0,-1.03,0.4,-0.97,1.74,2.940117014163961,-120.7124484976941,-2.497779792355267,-10.593575165672677,23.91658958776844,-27.996301779511725,53.94,-0.099
CH,-1.46,5.35,"Espino, Paolo",502179,ball,L,0,0,-1.21,0.42,-1.57,2.48,2.159434722559268,-122.44296494126937,-1.1031131784208614,-12.627617321115572,24.57337202247973,-27.93523435335119,54.0,0.055
CU,-0.88,5.5,"Espino, Paolo",502179,hit_into_play,R,2,1,1.14,-1.54,0.74,1.83,1.267311124650961,-104.23269324920034,3.133085320938479,7.836602204702343,23.179201448783814,-44.12956314783096,53.95,0.651
CU,-0.93,5.49,"Espino, Paolo",502179,blocked_ball,R,1,1,1.18,-1.46,0.62,0.76,1.0429357085137974,-102.20827265516408,1.165606308412983,7.836647225202683,21.759866344535027,-42.72641376651545,53.93,0.05
FF,-0.84,5.54,"Espino, Paolo",502179,blocked_ball,R,0,1,-0.37,1.64,-0.76,0.26,0.9697780986433702,-126.86634024492952,-10.010453704586364,-4.203874410665387,25.422635589200848,-12.664678762153033,53.68,0.053
FF,-0.85,5.59,"Espino, Paolo",502179,called_strike,R,0,0,-0.36,1.55,-0.95,2.79,0.5086444138739964,-127.6302247973858,-3.8533953634345046,-4.070425716958935,26.1912220176716,-14.696930313572608,53.89,-0.051
CH,-1.01,5.39,"Espino, Paolo",502179,hit_into_play,R,0,0,-1.29,0.29,-0.07,2.03,4.781983815385538,-121.9644781657452,-1.948764290674674,-13.796873200765988,23.98997163308488,-29.121813525654908,53.66,0.628
CH,-1.3,5.27,"Espino, Paolo",502179,hit_into_play,L,0,1,-1.32,0.07,-0.82,1.79,3.775793987814709,-121.7589450191364,-1.680446352470943,-13.867047759814882,26.85214462321358,-31.38521088455552,53.37,-0.527
CH,-1.4,5.27,"Espino, Paolo",502179,called_strike,L,0,0,-1.22,0.53,-0.93,1.76,3.5029700232648198,-122.08069156553672,-2.740690886458057,-12.866194773187852,25.02266688662577,-26.518867074157598,54.21,-0.083
ST,-1.08,5.4,"Espino, Paolo",502179,hit_into_play,R,1,1,1.62,-0.2,0.75,2.34,0.9303124698807812,-109.05747966385802,1.3341586241299872,12.5549331588125,22.615374060488467,-34.24298763234011,53.95,-0.479
ST,-1.07,5.43,"Espino, Paolo",502179,called_strike,R,1,0,1.57,-0.35,0.69,1.82,0.8422332546502259,-108.09242889749858,0.5859028287458741,11.948855673694563,22.199153305041648,-35.21928817364501,53.93,-0.125
ST,-1.22,5.35,"Espino, Paolo",502179,blocked_ball,R,0,0,1.42,-0.6,0.74,0.6,1.525282464110722,-107.8382811360202,-1.3166459195061069,10.668490028055803,21.24750323651776,-36.818259719978805,53.98,0.087
CU,-0.96,5.57,"Espino, Paolo",502179,hit_by_pitch,R,0,0,1.09,-1.32,-2.05,3.71,-3.886069765616005,-100.84266143006406,6.570560057762214,8.112726320558055,20.486027818413604,-42.62679675520996,54.11,0.422
CU,-0.81,5.44,"Espino, Paolo",502179,hit_into_play,L,2,1,1.2,-1.48,0.08,1.26,-0.2761915475933019,-102.57751883591312,2.228782406707793,8.313237543772194,23.26333315185599,-43.10370781473763,54.28,0.589
CH,-1.19,5.33,"Espino, Paolo",502179,called_strike,L,2,0,-1.23,0.5,-0.75,2.85,3.468459964752351,-122.59800211494114,-0.3362707931453441,-13.07044954706688,25.36726788154994,-27.330935076779223,54.02,-0.057
CH,-1.33,5.3,"Espino, Paolo",502179,ball,L,1,0,-1.36,0.13,0.82,1.56,7.867864626238932,-122.83524865578508,-2.567481465500185,-15.41645121705172,26.25692034994146,-30.54076502563093,53.28,0.064
FF,-0.65,5.63,"Espino, Paolo",502179,ball,L,0,0,-0.61,1.25,0.58,3.71,4.234039462245884,-127.59233384264486,-1.044348447177264,-7.585535861809834,29.445716499741977,-18.61785745853164,54.37,0.032
CU,-0.77,5.47,"Espino, Paolo",502179,hit_into_play,R,0,2,1.13,-1.47,-0.09,2.19,-0.5805381796425069,-103.69987373905028,3.820032322496462,8.12744604551782,22.19156984566489,-43.62464752680879,53.7,1.079
FF,-0.58,5.61,"Espino, Paolo",502179,swinging_strike,R,0,1,-0.34,1.55,0.55,3.27,3.4893088761301025,-128.18340056229528,-2.8142810898806547,-4.441123016791026,27.297319025332225,-14.701456190196618,53.7,-0.047
CH,-1.07,5.43,"Espino, Paolo",502179,foul,R,0,0,-0.95,0.31,-0.04,2.61,4.258225915828335,-120.9578145558825,-0.5663411404647806,-10.198374144574146,24.963117625733016,-29.28130574456972,53.95,-0.032
CU,-0.77,5.49,"Espino, Paolo",502179,called_strike,R,1,2,0.99,-1.39,-0.69,2.33,-1.524140776340825,-103.9383381807393,3.829665400923979,7.362473687830288,20.96300932020539,-43.152705837687805,53.97,-0.169
CU,-0.97,5.4,"Espino, Paolo",502179,blocked_ball,R,0,2,1.36,-1.4,1.45,0.04,2.4865580792507997,-104.3132783154586,-0.4875112788090521,9.18900605010749,22.66511478646785,-42.367076054963576,53.86,0.026
CH,-1.38,5.35,"Espino, Paolo",502179,foul,R,0,1,-1.16,0.4,-0.76,2.09,3.764001002292535,-122.71882268264696,-2.018458415589463,-12.506914957961314,24.19940430175085,-27.968006854185504,53.9,-0.045
FF,-0.73,5.55,"Espino, Paolo",502179,called_strike,R,0,0,-0.43,1.57,0.36,2.49,3.6166695455250286,-128.94806498270916,-4.697280751885617,-5.629100886470239,28.676186565924787,-13.943053315683496,53.53,-0.042
CU,-0.98,5.38,"Espino, Paolo",502179,swinging_strike_blocked,L,2,2,1.36,-1.37,0.17,0.5,-0.044447169507417,-104.66457797345196,0.4056398121540798,9.741626534497248,23.861110915084733,-42.34335026688635,53.31,-0.268
CU,-1.01,5.48,"Espino, Paolo",502179,foul_tip,L,2,1,1.39,-1.24,-0.43,2.15,-1.1779182501820156,-101.587279948564,3.5770931381610738,9.626609425321874,21.764211441074227,-41.58027526935776,54.0,-0.074
CH,-1.41,5.36,"Espino, Paolo",502179,ball,L,1,1,-1.23,0.07,-1.21,2.29,2.929371219580198,-122.10141212526489,-0.7748263946992204,-12.863507152733508,26.520253650142983,-31.52639866287975,53.9,0.058
CH,-1.33,5.39,"Espino, Paolo",502179,ball,L,0,1,-1.17,0.33,-1.03,2.02,3.005359795332766,-121.46111531173226,-1.8996690063254675,-12.14625465642064,26.137469076109564,-28.750561139240748,54.06,0.031
FF,-0.86,5.58,"Espino, Paolo",502179,called_strike,L,0,0,-0.46,1.4,-0.51,2.51,1.8042540687608128,-128.3287577675274,-4.19688694659714,-5.43590068994058,30.28167790169118,-16.15638627765721,54.05,-0.042
CU,-0.8,5.54,"Espino, Paolo",502179,ball,R,3,2,1.13,-1.37,-2.24,2.83,-4.645594957950689,-101.1003460535389,4.975982852074459,8.549728699795066,19.904583903740065,-42.67034483285068,54.0,0.219
ST,-1.18,5.43,"Espino, Paolo",502179,foul,R,3,2,1.41,-0.79,-0.92,1.97,-1.9489526887168656,-107.7065744241258,1.7246313578175876,11.2185461182167,22.41080610543185,-38.84413893463673,54.19,0.0
FF,-0.71,5.6,"Espino, Paolo",502179,called_strike,R,3,1,-0.73,1.4,0.9,2.11,5.467707057769427,-128.49869762687587,-5.339312126928994,-9.27115475792921,28.22380161131193,-15.711939217399731,53.81,-0.059
CU,-0.85,5.55,"Espino, Paolo",502179,ball,R,2,1,0.96,-1.5,-1.46,3.07,-2.806218212764715,-102.35258944629096,5.549012222606219,7.231834147571285,21.06652840162108,-43.97616890336849,53.99,0.077
CH,-1.32,5.34,"Espino, Paolo",502179,called_strike,R,2,0,-1.4,0.39,0.37,1.65,6.843210468999592,-124.24189910906472,-3.22076205568915,-15.901084145591394,24.665171375609287,-27.63965386333954,53.87,-0.039
CH,-1.21,5.33,"Espino, Paolo",502179,ball,R,1,0,-1.25,0.45,-1.09,1.73,2.7769879356123948,-122.7486684309911,-2.919876039777072,-13.137987658453811,24.805919162312648,-27.257788311152684,53.77,0.045
FF,-0.71,5.49,"Espino, Paolo",502179,ball,R,0,0,-0.45,1.55,1.24,0.97,5.762792209765519,-128.47951640098228,-8.205803074014566,-6.272751024836314,28.696252931468077,-13.507247466982983,53.56,0.024
CU,-0.68,5.54,"Espino, Paolo",502179,hit_into_play,R,2,2,0.98,-1.6,0.31,1.08,0.2912612752335543,-104.05569931821437,1.6611591994431234,6.900045875139358,22.645973832581284,-44.1595667191321,53.96,-0.204
CU,-0.78,5.51,"Espino, Paolo",502179,swinging_strike,R,2,1,1.33,-1.51,-0.42,2.02,-1.5043996740033974,-101.9215378924363,3.6668690525018106,9.386093587210157,21.348155472894533,-43.55040806589093,54.1,-0.063
CH,-1.25,5.38,"Espino, Paolo",502179,foul,R,2,0,-1.25,0.48,-0.63,1.77,3.928444366411436,-122.17473181403828,-2.907922149227094,-13.303535623474051,23.91216896481995,-27.036182265987737,53.86,-0.057
ST,-1.12,5.5,"Espino, Paolo",502179,ball,R,1,0,1.48,-0.46,-0.8,2.23,-1.948125077905776,-108.37431993255684,1.4096203224156396,11.967016227874703,21.073355830262287,-36.29211324868192,53.94,0.064
CU,-0.74,5.51,"Espino, Paolo",502179,ball,R,0,0,1.01,-1.55,-0.35,1.26,-0.946045327080559,-101.89477895289184,2.262396296974187,7.109316094265705,20.978566644765525,-43.5193660539617,53.81,0.032
FF,-0.55,5.7,"Espino, Paolo",502179,hit_into_play,L,1,2,-0.44,1.49,0.6,3.12,3.7826030437966662,-129.91546661547224,-3.457103798878366,-5.839038317091385,29.1662757410543,-14.79244807946343,53.88,1.06
CH,-1.33,5.34,"Espino, Paolo",502179,foul,L,1,1,-1.33,0.24,-0.61,2.2,4.363327849370053,-122.95328167826348,-1.3616344999087406,-14.35771739911208,27.44203593342566,-29.717454452467425,54.01,-0.049
CU,-0.92,5.58,"Espino, Paolo",502179,ball,L,0,1,1.06,-1.53,-1.81,2.17,-3.393452485425469,-99.74977883528044,4.052184595863017,7.637018688596318,19.941067333122163,-43.3080397582528,54.32,0.021
CU,-0.98,5.57,"Espino, Paolo",502179,called_strike,L,0,0,1.1,-1.36,-0.28,2.12,-0.478549533228731,-102.16971281758408,3.457545733403709,7.62064633008372,21.787287038222257,-42.51094360529443,54.28,-0.032
CU,-0.94,5.55,"Espino, Paolo",502179,hit_into_play,R,2,1,1.28,-1.35,0.4,1.56,0.4449492553561905,-100.91149018652868,2.5343133016471544,8.511966648791102,20.3988871565112,-42.00245320380232,54.0,-0.354
ST,-1.48,5.5,"Espino, Paolo",502179,ball,R,1,1,1.56,-0.19,-1.15,2.75,-2.065163270624248,-108.4233706842024,1.967506662519048,12.61904847455338,20.56483484340184,-34.29424429792363,54.11,0.044
FF,-0.92,5.62,"Espino, Paolo",502179,ball,R,0,1,-0.43,1.61,-0.94,3.27,0.8506591873237309,-127.92441656823998,-2.8999461525547217,-4.902277252472475,27.87738175750919,-14.113912313518346,53.92,0.02
CU,-1.02,5.63,"Espino, Paolo",502179,called_strike,R,0,0,1.27,-1.49,-0.31,2.56,-0.7464405807824436,-101.3066816248782,4.482385617786314,8.773068929516116,20.391050655893498,-43.43667471104284,54.1,-0.048
CH,-1.48,5.26,"Espino, Paolo",502179,hit_into_play,R,1,2,-1.7,0.5,-1.26,1.81,3.9459257171455806,-123.20675079892828,-2.658965492921242,-18.014374603530026,26.905030239591536,-26.781113949055023,53.7,-0.288
ST,-1.14,5.42,"Espino, Paolo",502179,ball,R,0,2,1.83,0.11,1.91,1.0,3.1441899473301618,-111.26720093125054,-2.293504668568373,14.14469469386554,25.596539674073306,-31.056382282768087,53.86,0.02
CU,-0.93,5.55,"Espino, Paolo",502179,foul,R,0,2,0.7,-1.62,-0.63,1.3,-0.5941351738917323,-103.81990349744312,2.1441179366783123,5.091768790360416,22.33611869110177,-44.38650553090224,53.87,0.0
CU,-1.1,5.48,"Espino, Paolo",502179,foul,R,0,2,1.09,-1.59,-0.97,1.68,-1.6140509588182523,-104.02610019349126,3.0788530784900345,8.036504561093677,25.4325598169982,-44.36512458366568,53.98,0.0
CU,-1.02,5.51,"Espino, Paolo",502179,swinging_strike,R,0,1,0.96,-1.31,-0.01,1.03,0.3582790778086159,-103.75349887603748,1.326277478273722,6.594890051032011,25.46143298635728,-41.945292351850696,53.82,-0.059
ST,-1.4,5.47,"Espino, Paolo",502179,swinging_strike,R,0,0,1.32,0.54,-0.11,3.06,0.3406700546596634,-110.79939089623628,1.1540603202585296,10.660344758712508,23.383853448813408,-28.279755648332102,54.23,-0.042
FF,-1.11,5.63,"Espino, Paolo",502179,ball,L,3,1,-0.29,1.53,-0.16,3.92,2.917443321945904,-128.6373066284579,-1.274796315964405,-3.8136980685223856,27.136662295405504,-15.20758169233253,54.03,0.16
CH,-1.61,5.41,"Espino, Paolo",502179,ball,L,2,1,-1.44,0.31,-1.74,2.89,2.531539412724276,-121.66993734034104,0.0236760275726072,-14.768018997109532,24.578197151936504,-29.348670589898592,53.98,0.077
FF,-1.09,5.62,"Espino, Paolo",502179,ball,L,1,1,-0.46,1.55,0.33,0.62,4.410953316904145,-127.89624870465718,-9.213885482967294,-5.960761721320551,27.386967682979723,-13.467067701518149,54.0,0.037
FF,-1.18,5.57,"Espino, Paolo",502179,called_strike,L,1,0,-0.46,1.66,-0.52,2.03,2.5873304476578194,-128.59972738222476,-6.0246432728421775,-5.616295552585184,26.96578897992408,-12.677660679528564,53.88,-0.031
FF,-0.84,5.65,"Espino, Paolo",502179,ball,L,0,0,-0.55,1.71,0.03,0.85,3.298231810911784,-128.29881144666476,-9.228568194573867,-6.72106401210749,27.386721704450757,-11.552746866836245,53.49,0.024
FF,-1.03,5.72,"Espino, Paolo",502179,hit_into_play,R,0,0,-0.53,1.67,-0.16,2.73,3.2420790123202257,-127.32397538365991,-4.591778144753986,-6.4592519536300586,25.38779188015017,-13.285889638000407,53.38,-0.228
FF,-0.96,5.62,"Espino, Paolo",502179,hit_into_play,L,0,0,-0.22,1.53,-0.25,2.29,2.189171820007029,-128.86918233262463,-5.170384381192032,-2.881929069244692,28.66114783437924,-14.33634419582686,54.5,-0.483
ST,-1.37,5.4,"Espino, Paolo",502179,hit_into_play,R,2,2,1.39,0.04,-0.57,1.58,-0.7942166512183034,-107.342573034007,-0.4577631155674433,10.761229786065789,21.046425462765686,-32.01662535249102,53.92,0.333
CU,-1.11,5.5,"Espino, Paolo",502179,blocked_ball,R,1,2,0.97,-1.66,0.36,0.04,1.2763987714441067,-103.5573080482792,-0.0268138723890971,6.428317146806204,24.361354020749168,-44.0294883676865,53.89,0.03
CU,-0.92,5.57,"Espino, Paolo",502179,foul,R,1,2,1.28,-1.66,-0.67,2.41,-1.6608818680753132,-102.66366001396776,4.534966209353417,9.161644172745849,22.57772915205465,-44.92607382272679,53.94,0.0
CU,-0.97,5.58,"Espino, Paolo",502179,blocked_ball,R,0,2,1.58,-1.77,1.65,-0.62,2.48564329378958,-104.0699357020845,-1.2347353309635307,10.258551217120411,28.16543838237113,-44.42001033153165,53.95,0.026
ST,-1.37,5.41,"Espino, Paolo",502179,foul,R,0,1,1.56,0.25,-0.11,2.67,-0.1619360971616125,-111.70643402796505,0.885581281676842,12.938774149408587,23.498288103619448,-30.57772381837795,53.58,-0.045
ST,-1.49,5.38,"Espino, Paolo",502179,foul,R,0,0,1.69,0.02,0.23,2.0,0.5690844793859416,-110.47013802093686,0.1938648907803539,13.362023346909606,25.596722984972978,-32.31053152879036,53.77,-0.042
CH,-1.43,5.37,"Espino, Paolo",502179,hit_into_play,L,0,0,-1.49,0.42,-0.57,2.27,4.95683945959051,-121.73983904051292,-1.6059141003470965,-15.793646269542329,23.001725679346368,-27.83835504499276,53.81,-0.37
FF,-0.95,5.64,"Espino, Paolo",502179,hit_into_play,L,3,1,-0.48,1.58,-0.68,2.56,1.644746897957701,-127.95496630963147,-4.586033395272864,-5.558625210827041,28.682720173998582,-14.120337246285576,54.16,-0.6
FF,-0.96,5.64,"Espino, Paolo",502179,ball,L,2,1,-0.35,1.32,-0.99,3.38,0.6579805724413115,-127.60224385058504,-2.065690012914806,-4.006958938521157,24.92993008529089,-17.517569076227137,54.66,0.158
CH,-1.53,5.42,"Espino, Paolo",502179,ball,L,1,1,-1.53,0.07,0.06,1.27,6.703310810340686,-121.97916602516376,-3.3544859351552363,-16.613878233625634,22.700508224126224,-31.07617033478644,54.08,0.074
CH,-1.41,5.36,"Espino, Paolo",502179,ball,L,0,1,-1.62,0.2,-1.0,0.89,4.0907771181420856,-120.49255550047164,-4.135771860613012,-16.571836944582977,23.00646831701289,-29.60691541400168,54.3,0.057
FF,-0.88,5.68,"Espino, Paolo",502179,called_strike,L,0,0,-0.54,1.66,-0.84,2.47,1.212066176732683,-128.4821705986194,-5.132100671166917,-6.267625782993262,28.90365362542269,-13.032890068603338,54.2,-0.064
FF,-0.81,5.66,"Espino, Paolo",502179,hit_into_play,R,1,2,-0.46,1.63,0.74,3.05,4.866307046388142,-130.91897097618545,-3.9524011863641126,-6.313936815001978,29.81794343094982,-12.902559223047154,53.8,0.47
CU,-0.95,5.57,"Espino, Paolo",502179,foul,R,1,2,0.77,-1.57,0.08,0.73,0.7227063209997059,-103.95552971962074,0.8502654228135071,5.354280394866279,21.539417644064496,-43.81539258575184,53.87,0.0
CU,-1.18,5.56,"Espino, Paolo",502179,foul_tip,R,1,1,1.17,-1.62,-0.14,2.12,0.0576372736529643,-103.16859562399333,3.820984305916899,8.172616429339206,22.65241720588924,-44.58998254156199,54.14,-0.049
FF,-0.92,5.64,"Espino, Paolo",502179,called_strike,R,1,0,-0.43,1.5,0.76,3.27,5.011034564090914,-128.98399823737537,-2.841856771343988,-5.842124514855371,28.371667932186217,-15.06509888864508,53.91,-0.044
FF,-0.99,5.63,"Espino, Paolo",502179,ball,R,0,0,-0.45,1.61,1.07,1.71,5.996438883574351,-128.71375869817786,-6.872343134061829,-6.261974651807044,27.473209443041604,-13.047309061986958,53.75,0.032
