pitch_type,release_pos_x,release_pos_z,player_name,pitcher,description,stand,balls,strikes,pfx_x,pfx_z,plate_x,plate_z,vx0,vy0,vz0,ax,ay,az,release_pos_y,delta_run_exp
SI,-2.57,5.3,"García, Yimi",554340,hit_into_play,R,0,0,-1.65,0.61,-0.45,2.69,9.072409642637789,-136.90857204823075,-2.350211464245022,-22.82803093329905,34.13774544499912,-24.18140872493436,54.68,-0.337
SI,-2.22,5.32,"García, Yimi",554340,hit_into_play,L,1,0,-1.42,0.69,0.13,2.12,9.072914964363925,-135.82606952152247,-3.938285250261988,-19.660250146274013,32.59336702689818,-22.93973635569119,54.76,0.976
CU,-2.79,5.26,"García, Yimi",554340,ball,L,0,0,0.63,-0.23,-2.82,2.17,-1.299135685780276,-121.38483059974855,-0.1621157273967437,6.47427550518133,26.220768906794348,-34.67480606962565,55.0,0.021
CU,-2.42,5.27,"García, Yimi",554340,swinging_strike,R,1,2,0.67,-0.52,1.03,2.03,6.575001249632287,-122.0203742239286,-0.0093628757174324,5.187098575043947,27.003594688937056,-37.55236189102087,54.8,-0.244
SL,-2.34,5.11,"García, Yimi",554340,foul,R,1,2,0.45,0.75,0.1,2.65,4.863574975229716,-126.15816536524513,-1.1389218515120318,3.63292157449027,28.808704569348603,-24.21934412225262,54.89,0.0
SI,-2.2,5.27,"García, Yimi",554340,swinging_strike,R,1,1,-1.8,0.56,-0.39,1.76,8.696673325564765,-138.0917530132985,-4.631858313732342,-24.99770765314317,36.649687298946624,-24.155884502008004,54.67,-0.075
FF,-2.25,5.14,"García, Yimi",554340,ball,R,0,1,-0.96,1.3,0.64,3.8,9.878064990352955,-141.41465825596634,-0.971294645459446,-15.2866992520229,36.63978449484691,-14.928063437619713,54.58,0.021
SI,-2.36,5.17,"García, Yimi",554340,called_strike,R,0,0,-1.76,0.38,-0.16,1.71,9.742663397509862,-139.7992879644876,-4.368229295256521,-25.31858181859127,34.29377099178134,-26.36160659339619,54.56,-0.047
FF,-2.4,5.08,"García, Yimi",554340,called_strike,R,2,2,-0.91,1.38,0.8,2.44,10.66865923151607,-141.87574010073928,-4.676439478329358,-14.973696395409776,37.02834834032095,-12.733684874405956,54.43,-0.399
SL,-2.65,5.22,"García, Yimi",554340,foul,R,2,2,0.13,0.46,-0.29,2.36,5.5253397116203855,-131.2206864288242,-2.066366751775864,0.2330987894885647,29.98635731883789,-26.669204102883207,54.74,0.0
SL,-2.67,5.18,"García, Yimi",554340,ball,R,1,2,-0.35,0.99,0.4,1.72,8.190074235944035,-129.11198365564246,-4.504381326583316,-5.530870065364397,24.413308865920893,-20.305813126118085,54.69,0.077
SI,-2.32,5.23,"García, Yimi",554340,foul,R,1,1,-1.46,0.57,-0.68,3.08,7.5029089471921955,-138.3125046682517,-1.1817943095858552,-20.383503985773626,33.98641022147783,-24.8515006633998,54.7,-0.078
SL,-2.5,5.2,"García, Yimi",554340,ball,R,0,1,0.26,0.63,1.61,2.1,9.569138111251029,-131.46808925302972,-3.055014690738078,0.8776055503846678,29.62172640454993,-24.45096940767385,54.87,0.057
SI,-2.52,5.27,"García, Yimi",554340,called_strike,R,0,0,-1.61,0.62,-0.26,2.88,9.320804478187243,-136.75822461510225,-1.7639739175516695,-22.393986546539296,35.09700825117677,-24.321624951164903,54.76,-0.064
FF,-2.44,5.18,"García, Yimi",554340,ball,R,3,2,-0.65,1.51,-0.95,4.11,5.3384234667711725,-139.35679600664713,-0.5687987035515921,-9.691304642538755,34.381618793035,-12.680271642593077,54.71,0.343
CU,-2.52,5.25,"García, Yimi",554340,ball,R,2,2,0.77,-0.27,0.61,0.95,5.853511566448268,-125.97911423806174,-3.4514428172412392,6.930618807629692,26.663864071447787,-34.55703382967365,54.73,0.093
FF,-2.3,5.15,"García, Yimi",554340,foul,R,2,2,-0.89,1.27,0.75,2.59,10.32437480261471,-143.7834386242659,-4.43774609069168,-14.802079589585952,36.1926222614646,-13.719964165772035,54.41,0.0
CH,-2.46,5.36,"García, Yimi",554340,foul,R,2,2,-1.55,0.58,-0.04,2.09,8.978970253581855,-127.90633612325936,-2.9298318000825194,-18.872614175763097,28.5895769057735,-25.430005895587943,54.65,0.0
ST,-2.51,5.24,"García, Yimi",554340,ball,R,1,2,1.33,0.8,-0.18,3.57,2.783758935210221,-124.82951997049878,0.7495322635609336,13.183785271872988,28.195997238517005,-24.301380480247385,54.84,0.036
SL,-2.53,5.2,"García, Yimi",554340,swinging_strike,R,1,1,0.35,1.05,0.53,3.63,6.468174556087162,-125.15543752150208,0.4344645048141161,2.229812731032097,27.06222610501549,-21.543377913147243,54.89,-0.049
SI,-2.39,5.23,"García, Yimi",554340,ball,R,0,1,-1.74,0.44,-1.08,1.7,7.296100004279989,-139.0988413937559,-4.556849451274486,-24.15906456772291,36.50139304073626,-25.53605553525403,54.76,0.021
SI,-2.5,5.32,"García, Yimi",554340,called_strike,R,0,0,-1.72,0.5,-0.07,3.14,10.08364885603776,-137.48713179675812,-1.022529306693691,-24.182779049165525,34.30653919129473,-25.935973066654896,54.63,-0.032
CH,-2.5,5.32,"García, Yimi",554340,swinging_strike,R,2,2,-1.37,0.27,1.09,1.37,11.530199162362536,-128.99434080427642,-4.197787667336959,-17.520129179033493,23.99908402941213,-28.464795238723017,54.65,-0.088
ST,-2.57,5.17,"García, Yimi",554340,ball,R,1,2,0.87,0.7,1.43,1.75,7.716892478240541,-126.50564509313676,-3.4566390171346804,7.879315974800497,24.171386297353248,-24.123355171921776,54.85,0.018
SI,-2.62,5.12,"García, Yimi",554340,foul,R,1,1,-1.51,0.5,-0.97,1.6,7.651090855140012,-138.41060512205843,-4.700687487732301,-21.07614244620656,29.818105583503563,-24.882724940941863,54.56,-0.026
FF,-2.23,5.13,"García, Yimi",554340,ball,R,0,1,-0.86,1.06,2.27,2.78,13.865015632523532,-140.89312394144264,-3.1754615172711267,-14.338298620770813,28.674911288042463,-17.484792865563087,54.6,0.011
CU,-2.86,5.25,"García, Yimi",554340,called_strike,R,0,0,0.84,-0.08,0.3,2.31,5.618461753167013,-122.72328014400016,-0.359658360712783,7.450491685844277,22.91545251498137,-33.08448177245841,54.84,-0.015
ST,-2.56,5.17,"García, Yimi",554340,swinging_strike,R,0,2,1.32,0.61,0.41,2.86,4.312267544084683,-124.21515421971132,-0.4426960114440524,12.99608300030662,22.406510203269573,-25.93080708510629,54.67,-0.104
FF,-2.59,5.22,"García, Yimi",554340,foul,R,0,1,-0.9,1.02,0.52,2.54,10.084368143989389,-138.71138413554897,-3.7310093307930456,-13.804136978632371,28.539070166223077,-18.269927463851683,54.78,-0.035
FF,-2.53,5.2,"García, Yimi",554340,called_strike,R,0,0,-0.81,1.25,0.51,2.85,9.759920991138427,-139.39573551525552,-3.437679505398851,-12.625866679223996,27.827050690424752,-15.19181751701248,54.7,-0.024
CH,-2.62,5.34,"García, Yimi",554340,swinging_strike,L,2,2,-1.39,0.57,0.28,1.97,9.71978478012289,-127.04818515388472,-3.144003151561217,-16.993694368469967,23.76167114495926,-25.57466853851867,54.83,-0.204
CU,-2.86,5.27,"García, Yimi",554340,foul,L,2,1,0.48,0.12,-0.25,2.23,5.1251561262730725,-124.20584349393955,-1.1572869556597385,4.052009629691924,22.861212682340295,-30.942324021516296,54.82,-0.063
FF,-2.56,5.21,"García, Yimi",554340,foul,L,2,0,-0.96,1.1,-0.6,2.61,7.244667681135234,-139.22958880462414,-3.748830784460904,-14.042194667363582,28.065296728688757,-17.135936299867076,54.69,-0.057
FF,-2.67,5.2,"García, Yimi",554340,ball,L,1,0,-0.59,1.16,-0.75,3.52,6.290954501267757,-138.83662166797092,-1.427154963903436,-8.93907611296523,28.400983142862085,-16.98334170091128,54.83,0.064
CU,-3.15,5.25,"García, Yimi",554340,ball,L,0,0,1.02,0.24,-1.95,2.73,0.7349853698954009,-119.10024833522318,0.3235789340351618,9.668616463530244,20.52578293164393,-30.10203608050598,54.94,0.032
FF,-2.69,5.25,"García, Yimi",554340,ball,L,0,0,-0.66,1.39,-0.13,3.71,8.114851281315604,-138.50641721753,-1.4094653930655654,-10.478835938733813,36.834488214294986,-14.375826657339417,54.7,0.056
CU,-2.44,5.2,"García, Yimi",554340,hit_into_play,R,0,1,1.13,-0.48,0.89,2.02,5.56371467665238,-124.91287784514536,-0.2760176790881462,10.695311084801334,25.476105816072195,-37.34812414834175,54.45,0.345
SI,-2.59,5.19,"García, Yimi",554340,called_strike,R,0,0,-1.55,0.56,-0.18,1.53,9.793644924707484,-139.09276414054122,-5.3065358117251895,-22.33556908940897,29.89437162924367,-23.92387291050333,54.48,-0.042
CU,-2.94,5.22,"García, Yimi",554340,hit_into_play,L,0,1,1.59,-0.59,-0.82,1.63,1.7261318429023655,-119.78960359229706,-0.4691511941480026,14.902970715952543,23.654257574280106,-37.96890321207051,54.94,0.144
CU,-2.86,5.26,"García, Yimi",554340,called_strike,L,0,0,1.45,-0.27,-0.78,3.1,1.9118081282033768,-121.04689197629524,1.965928004254345,13.970759399109474,22.508953893213477,-35.39123211855443,54.67,-0.015
CH,-2.7,5.25,"García, Yimi",554340,hit_into_play,L,1,1,-1.6,0.39,-1.09,2.23,7.292233585859613,-130.27113371993906,-2.214153224740554,-19.71978302563095,30.21331035542568,-27.47732333578436,54.54,-0.156
CU,-2.81,5.14,"García, Yimi",554340,ball,L,0,1,1.5,-0.79,-1.67,1.3,-0.3439949776500034,-121.36381957501088,-0.8094931287650384,14.894946393957468,24.72655521853674,-40.01428939482984,54.43,0.017
CU,-2.86,5.26,"García, Yimi",554340,called_strike,L,0,0,0.77,-0.28,-0.11,1.93,4.904648240272232,-124.73025580063698,-1.024680057666552,7.0343596700506446,25.276945941702984,-35.079141693473595,54.53,-0.024
FF,-2.58,5.13,"García, Yimi",554340,hit_into_play,L,1,0,-0.79,1.08,0.03,2.24,8.587020442375787,-138.6764933924591,-4.395922535116938,-12.118077390523078,29.639618240411277,-17.439751091133814,54.48,1.634
FF,-2.66,5.18,"García, Yimi",554340,ball,L,0,0,-0.94,1.23,0.09,1.23,9.22893766384022,-137.93502928323932,-7.470018006113173,-13.920439290051911,26.40920506874796,-14.939594810114231,54.5,0.044
FF,-2.4,5.08,"García, Yimi",554340,hit_into_play,L,2,2,-0.78,1.15,-0.16,2.52,7.837707948778057,-142.7673529222214,-4.1244380097976165,-12.40373192367548,31.48137032109979,-15.645999764654812,54.39,0.287
CH,-2.77,5.29,"García, Yimi",554340,ball,L,1,2,-1.47,0.43,-3.28,3.94,1.7790371753135583,-126.38379520840488,2.000974926061605,-16.197596331452147,24.799717911859016,-28.103435237411777,54.79,0.026
CU,-2.82,5.17,"García, Yimi",554340,foul,L,1,2,0.47,0.27,-0.54,2.88,4.430790498455258,-125.16241626142872,0.164603559514924,4.2708814084679085,21.157362794670888,-29.51214206915119,54.55,0.0
FF,-2.43,5.19,"García, Yimi",554340,ball,L,0,2,-0.77,1.03,-0.43,4.14,6.93561014847857,-139.30515612409386,0.4999452767338808,-11.543303173954872,31.0555544353414,-19.10299110885438,54.62,0.013
FF,-2.3,5.12,"García, Yimi",554340,foul,L,0,1,-0.87,1.18,-0.21,2.46,7.637708396224987,-143.5034711110751,-4.546468216534855,-13.703898411963598,31.755896649175156,-14.9642630373115,54.48,-0.035
CU,-2.88,5.19,"García, Yimi",554340,called_strike,L,0,0,0.99,-0.16,-1.02,1.85,2.285702003457745,-120.2037272966102,-0.7903857168846438,9.12871716289657,23.34770665313968,-33.825712995929706,54.7,-0.024
CU,-2.96,5.21,"García, Yimi",554340,hit_into_play,L,1,1,0.82,-0.35,0.38,1.43,6.05518041864685,-122.14672080188578,-1.592483605902718,6.855489316008935,26.70564904300472,-35.52881352402116,54.66,-0.216
FF,-2.74,5.16,"García, Yimi",554340,ball,L,0,1,-1.06,1.13,-2.03,3.08,4.314264583348996,-141.5367993349808,-2.4956508980450653,-15.27398711019884,39.8801724097693,-16.836815831100648,54.57,0.021
FF,-2.72,5.21,"García, Yimi",554340,called_strike,L,0,0,-0.78,1.1,-0.88,2.98,6.589640383493564,-139.3474995671484,-2.697062652815497,-11.751979582708923,34.386042154993895,-17.49395784901194,54.63,-0.032
FF,-2.4,5.09,"García, Yimi",554340,swinging_strike,L,3,2,-0.65,1.5,-0.23,3.51,7.144893858072394,-138.89992296559575,-1.905508781739628,-10.058190780326273,31.066412057524555,-12.573898715865637,54.5,-0.131
FF,-2.31,5.17,"García, Yimi",554340,ball,L,2,2,-0.77,1.45,-0.56,3.43,6.368076299926878,-140.36194060176564,-2.3451586516442684,-11.657844927269416,32.69117187726074,-12.68235039662592,54.54,0.043
CH,-2.5,5.19,"García, Yimi",554340,ball,L,1,2,-1.61,0.36,0.38,1.16,10.470439098812957,-130.962107375471,-4.751090852291642,-20.76081784493078,27.424851796142438,-27.230589875311715,54.63,0.018
CH,-2.53,5.24,"García, Yimi",554340,called_strike,L,1,1,-1.61,0.18,0.07,1.88,9.61470647165206,-128.35956643086524,-2.48363780791472,-19.7816812185159,26.33598624139389,-29.83412767918212,54.51,-0.026
CH,-2.49,5.26,"García, Yimi",554340,ball,L,0,1,-1.55,0.36,-0.03,0.91,9.26940983785836,-130.11611671843525,-5.465772146461399,-19.53426077236402,26.67324237808026,-27.109107799805525,54.48,0.011
CU,-2.69,5.2,"García, Yimi",554340,called_strike,L,0,0,1.07,-0.2,-0.04,2.06,3.94192233092563,-121.2042761426565,-0.3829720154413044,9.865951894711412,22.913466586988108,-34.25440019553605,54.65,-0.015
FF,-2.41,5.08,"García, Yimi",554340,foul_tip,L,2,2,-0.6,1.38,0.44,2.75,8.877314280621517,-140.3526926887282,-3.746946206649748,-9.919233870960037,31.230770273329625,-13.312351136039297,54.55,-0.142
FF,-2.42,5.16,"García, Yimi",554340,foul,L,2,1,-0.67,1.37,-0.05,3.07,7.699699109787371,-139.3815230877667,-3.001490276429662,-10.453771357241,31.5482448986275,-13.80575630953282,54.59,-0.051
CH,-2.38,5.25,"García, Yimi",554340,ball,L,1,1,-1.48,0.34,-2.01,3.07,3.890678573986378,-127.41921552493136,0.1699170261873729,-16.94820807890341,26.01837675031018,-28.72912453331008,54.67,0.037
CU,-2.75,5.23,"García, Yimi",554340,called_strike,L,1,0,1.12,-0.45,-0.29,2.28,3.408264186993911,-120.5034285078126,0.6353136820526457,10.278386100354076,23.44856579147836,-36.93363451858024,54.74,-0.031
CU,-2.78,5.19,"García, Yimi",554340,ball,L,0,0,0.78,0.1,-0.18,1.22,4.425881423378696,-121.59069657340036,-2.942219321724272,6.920329223360615,22.536119614241777,-30.821454706920463,54.65,0.024
ST,-2.42,5.11,"García, Yimi",554340,hit_into_play,R,1,2,1.02,0.58,0.68,2.27,5.293930559538837,-126.3720968317424,-1.7746867655012846,9.80698942103952,26.4144300519226,-25.844124551741118,54.64,-0.168
FF,-2.35,5.12,"García, Yimi",554340,foul,R,1,1,-0.67,1.17,0.52,3.0,9.140496271522128,-141.42278037520242,-2.8198097711940733,-11.079373015444428,32.28845276510474,-16.02787445656483,54.56,-0.049
CU,-2.68,5.21,"García, Yimi",554340,called_strike,R,1,0,0.77,-0.02,0.32,1.79,5.394181319980967,-122.24418393258566,-1.4505337452407558,6.57817470531917,24.698010616309457,-32.31851694751134,54.66,-0.044
SI,-2.34,5.27,"García, Yimi",554340,ball,R,0,0,-1.46,0.72,-1.39,2.29,5.742855450576906,-138.36522799980114,-3.7663057313270256,-20.0620183388329,31.005709033244575,-22.218155499282,54.57,0.032
CU,-2.4,5.08,"García, Yimi",554340,swinging_strike,L,1,2,0.83,-0.21,0.92,1.95,6.264359584095824,-127.4699041466751,-1.0363138147167572,7.802420642314336,25.119011395452457,-34.46606223401873,54.63,-0.379
FF,-2.37,4.99,"García, Yimi",554340,foul,L,1,2,-1.15,1.17,-0.05,2.51,8.818028992709529,-141.7386613973841,-3.7854976654796566,-17.594728101661644,34.03075815946543,-15.69824880803928,54.55,0.0
FF,-2.08,5.1,"García, Yimi",554340,ball,L,0,2,-0.9,1.21,1.48,2.96,11.634449739661465,-143.26130376632454,-3.1462885222537857,-15.06953914700204,33.83818663996063,-14.962246600140036,54.61,0.057
CH,-2.46,5.27,"García, Yimi",554340,foul_tip,L,0,1,-1.46,0.13,-0.22,2.03,8.3914903534829,-128.3276698463766,-1.9906077453939843,-17.926362310129825,28.141525887088733,-30.57368965983249,54.64,-0.137
FF,-2.51,5.09,"García, Yimi",554340,called_strike,L,0,0,-1.02,1.12,-0.01,2.85,8.9178829134337,-140.78764707140155,-2.9547496983832686,-15.621024502027645,33.3405281664728,-16.766325310378413,54.62,-0.073
FF,-2.67,5.14,"García, Yimi",554340,swinging_strike,R,3,2,-1.09,1.18,-0.14,3.6,9.026795501730298,-139.45413977416302,-1.1390357476336024,-16.18071321293578,30.701374297473357,-16.67352263492507,54.7,-0.131
ST,-2.65,5.07,"García, Yimi",554340,ball,R,2,2,1.21,0.63,1.79,1.78,8.112015951640766,-127.07771714279744,-3.0068181802559546,11.175227000887308,29.15989970265883,-24.88638486052111,54.67,0.043
SI,-2.74,5.22,"García, Yimi",554340,foul,R,2,1,-1.47,0.32,-1.03,2.68,7.716223267541908,-139.03977258355076,-1.7523507272067196,-20.82209185742233,33.50645998944954,-27.88455496426898,54.74,-0.031
SI,-2.63,5.3,"García, Yimi",554340,ball,R,1,1,-1.46,0.41,0.0,1.5,10.067572846564303,-138.2952825210043,-5.231127353297939,-20.93636752739296,29.616801743023824,-25.86694970200291,54.59,0.023
FF,-2.75,5.24,"García, Yimi",554340,ball,R,0,1,-0.55,1.15,-0.33,5.11,7.518351178616746,-139.42788588606862,2.6134327431138686,-8.822100625133594,30.758816662411625,-17.91645123433801,54.84,0.011
SI,-2.73,5.26,"García, Yimi",554340,called_strike,R,0,0,-1.58,0.48,-0.24,2.44,9.905432372818863,-137.4550468406078,-2.7403983437682773,-22.269648791334564,29.859728486087647,-25.60423560655773,54.75,-0.015
FF,-2.53,5.17,"García, Yimi",554340,hit_into_play,R,2,2,-0.88,1.21,0.21,3.84,9.211551761364108,-140.40773258557164,-0.7260597537092262,-13.734758885662869,30.725511692666743,-16.136733863696282,54.67,-0.142
SL,-2.86,5.25,"García, Yimi",554340,called_strike,R,2,1,0.35,0.59,0.09,2.48,6.146776102941807,-124.04983621721662,-1.4170529511827776,2.425154037068433,24.13394034542718,-26.008865026602223,54.88,-0.051
SI,-2.76,5.23,"García, Yimi",554340,foul,R,2,0,-1.65,0.51,-1.14,3.23,7.768215505755766,-137.71548329854332,-0.6589083736146985,-22.67799564014178,32.34140663231713,-25.800606893307343,55.08,-0.039
SI,-2.65,5.3,"García, Yimi",554340,ball,R,1,0,-1.47,0.55,-0.68,3.58,8.261947816277312,-136.99996916107693,0.0371000936466496,-20.32552122804064,31.19708659744279,-25.55184270460344,54.8,0.045
CU,-2.93,5.16,"García, Yimi",554340,ball,R,0,0,1.0,0.01,-1.02,2.91,2.405882833108836,-121.92326685731416,1.1372021498361558,9.575143022411948,22.338238458593622,-32.5278780547095,54.81,0.024
FF,-2.62,5.15,"García, Yimi",554340,hit_into_play,L,2,2,-0.68,1.17,-0.36,3.61,7.543751740376979,-141.37906999969533,-1.2628240406738107,-10.750002977029231,30.58207165457445,-16.409837508022004,54.65,-0.204
FF,-2.71,5.21,"García, Yimi",554340,foul,L,2,2,-1.08,1.35,-0.93,3.4,7.171977898878805,-141.79677795253826,-2.368975608652735,-16.2565555541689,35.701066876804894,-13.771517709901056,54.83,0.0
FF,-2.83,5.2,"García, Yimi",554340,swinging_strike,L,2,1,-0.7,1.36,-0.42,3.38,7.824223111173066,-138.5749378239666,-2.207275639361564,-10.814710221554217,30.4637831050602,-14.27905986658068,54.87,-0.063
CH,-2.94,5.22,"García, Yimi",554340,ball,L,1,1,-1.54,0.28,-1.56,2.93,6.409316958893495,-127.45265891596142,0.0215002210876514,-18.08662706631008,27.05020473939911,-29.395096758367533,54.93,0.05
CH,-2.83,5.32,"García, Yimi",554340,foul,L,1,0,-1.51,0.52,-0.8,3.16,7.926197446561378,-127.2732161234435,-0.0451459254906332,-18.12366078576484,30.62721938093301,-26.850949194055428,54.78,-0.044
CU,-3.03,5.35,"García, Yimi",554340,ball,L,0,0,1.0,-0.35,-0.76,1.46,3.1266746252450406,-118.58831331556571,-1.5027767253379436,8.905209781142643,21.712876495865,-35.40889318424609,54.94,0.032
CH,-2.49,5.24,"García, Yimi",554340,swinging_strike,L,2,2,-1.74,0.4,0.0,1.09,9.671164353025576,-128.8411205860809,-4.905019424768399,-21.37438088474139,25.306790796675585,-26.892959659050973,54.44,-0.088
CH,-2.49,5.22,"García, Yimi",554340,ball,L,1,2,-1.52,0.64,1.29,-0.25,12.63186382265033,-131.61169343845677,-9.125199498278516,-20.267923035551075,25.704439998279003,-22.907486910890665,54.34,0.018
CH,-2.62,5.3,"García, Yimi",554340,swinging_strike,L,1,1,-1.55,0.21,0.66,1.84,11.101718244550474,-128.12397445237022,-2.752409475337629,-19.317348268394884,25.136725478094377,-29.518527364182003,54.54,-0.026
CH,-2.56,5.18,"García, Yimi",554340,ball,L,0,1,-1.63,0.5,1.31,-0.6,12.926918834671849,-130.86000137684272,-9.437554842516608,-21.33513993956549,25.24086731233986,-24.604008107843864,54.61,0.011
FF,-2.64,5.11,"García, Yimi",554340,foul,L,0,0,-1.34,1.0,-0.55,2.37,8.668286010145865,-141.83689660960889,-4.116327110685685,-20.145481394928023,34.24598883761249,-17.908863652567725,54.51,-0.015
FF,-2.49,5.11,"García, Yimi",554340,hit_into_play,L,2,2,-0.83,1.36,0.49,2.34,9.819452736564749,-141.20318756802837,-4.963379454966663,-13.34227194965702,32.91093376187159,-13.026590093016804,54.38,1.9
FF,-2.42,5.23,"García, Yimi",554340,foul,L,2,1,-0.96,1.39,-0.67,3.56,6.6384662161896095,-137.796848607163,-1.7691723052865471,-13.70887292587192,30.91125030037509,-14.24899608394866,54.73,-0.067
CH,-2.51,5.37,"García, Yimi",554340,ball,L,1,1,-1.63,0.25,-1.78,4.03,5.09367519442293,-127.57443478027552,2.332246304316937,-18.81336518161893,25.92543039582325,-30.124688367889437,54.6,0.049
FF,-2.58,5.19,"García, Yimi",554340,called_strike,L,1,0,-1.05,1.38,-0.68,2.66,7.379772828804261,-140.106785828741,-4.212602710251519,-15.527801624106363,32.306253033449615,-13.29130423528951,54.52,-0.039
CU,-3.08,5.23,"García, Yimi",554340,ball,L,0,0,0.61,-0.31,-1.45,3.7,2.4595128141821707,-118.59133608629088,3.672800818781156,5.3598188352607705,21.836833958494367,-35.97770860489923,54.82,0.027
SI,-2.57,5.26,"García, Yimi",554340,hit_by_pitch,R,0,1,-1.66,0.66,-2.58,3.66,3.717680082913993,-140.32240028557584,-0.1628095914295954,-22.744512417892835,33.90683743050148,-23.71586834076102,54.66,0.145
SI,-2.49,5.21,"García, Yimi",554340,called_strike,R,0,0,-1.64,0.45,-0.35,1.74,9.429691555796936,-142.32196523520395,-4.831874445024373,-24.507445981051635,33.91634883712172,-25.12796218272057,54.76,-0.015
FF,-2.2,5.13,"García, Yimi",554340,hit_into_play,L,0,0,-0.76,1.34,-0.11,2.52,7.2736387963126,-141.55910094197307,-4.538887328865428,-11.873174528182506,31.519542314269383,-13.226989814993948,54.62,-0.163
FF,-2.47,5.07,"García, Yimi",554340,swinging_strike,L,2,2,-1.04,1.07,-0.69,2.92,7.115466369996066,-142.2251083590681,-2.7262963643438685,-15.762341364029425,33.984647839444115,-17.258837015504646,54.62,-0.204
FF,-2.45,5.28,"García, Yimi",554340,ball,L,1,2,-0.77,1.41,0.04,4.32,8.429268599819302,-142.57792330260108,-0.3358991070009354,-12.43978083760248,34.25517488137112,-13.163391136960676,54.61,0.036
CH,-2.72,5.38,"García, Yimi",554340,swinging_strike,L,1,1,-1.47,0.36,-0.7,2.76,7.887172455857567,-128.14187894460602,-1.0135635808843122,-17.875875995819843,26.48218084744604,-28.169996370871587,54.77,-0.049
FF,-2.54,5.24,"García, Yimi",554340,ball,L,0,1,-0.87,1.39,-1.02,4.33,6.010286407939615,-141.8495645729256,-0.1301955395083131,-13.143175492523635,33.49093169756687,-13.662461920652778,54.73,0.021
FF,-2.81,5.25,"García, Yimi",554340,called_strike,L,0,0,-0.96,1.26,0.25,2.14,10.163558887251268,-139.24737975492766,-5.3946271069489145,-14.830370822084983,32.132204093307045,-14.730085084828712,54.57,-0.032
FF,-2.58,5.15,"García, Yimi",554340,called_strike,L,0,2,-0.99,1.06,-0.83,2.38,6.881102590455434,-141.73326267330336,-4.274899501500736,-14.984738569058802,34.51335768940189,-17.078569337788313,54.78,-0.061
CH,-2.7,5.27,"García, Yimi",554340,foul,L,0,1,-1.43,0.24,0.11,1.98,9.73986800142056,-128.48939200427063,-2.4223215743537327,-17.88916587005573,26.581973544518085,-29.2599055563094,54.6,-0.024
FF,-2.76,5.24,"García, Yimi",554340,called_strike,L,0,0,-0.76,1.4,-1.0,3.24,6.291222284679109,-138.58677813219387,-2.7307203379953857,-11.254193890257197,31.470181078989626,-13.73635397321044,54.67,-0.015
FF,-2.52,5.12,"García, Yimi",554340,swinging_strike,L,2,2,-0.87,1.18,-0.82,3.11,6.4851298314355805,-141.5135080328306,-2.555616531394408,-13.18393189318074,31.983301866496927,-15.971388721746823,54.6,-0.142
CU,-2.93,5.17,"García, Yimi",554340,foul,L,2,1,0.83,0.09,-0.62,1.12,3.728479248234734,-124.11864944656168,-3.3586495026201604,7.824118532287597,25.50298473033587,-30.74624972716101,54.78,-0.051
CU,-2.96,5.21,"García, Yimi",554340,called_strike,L,2,0,0.78,-0.35,-0.61,2.07,3.8189982812795575,-120.9378221849711,-0.0801127616579615,6.975036165868185,22.39783073607993,-35.83779462903902,54.9,-0.039
FF,-2.62,5.31,"García, Yimi",554340,ball,L,1,0,-0.67,1.29,-0.87,3.8,6.026177483215981,-138.63645414090456,-1.2152565977934509,-9.95526707206952,31.626982973437563,-15.48527813214527,54.7,0.045
FF,-2.73,5.22,"García, Yimi",554340,ball,L,0,0,-0.74,1.38,-1.03,3.63,6.065211263475767,-139.11271307936389,-1.6956878142429734,-10.979455280813884,30.899719315542374,-14.04298786250128,54.77,0.024
CU,-2.68,5.24,"García, Yimi",554340,hit_into_play,R,0,1,1.12,0.15,0.52,2.62,5.26780848329071,-125.3506746457159,-0.3012262276633261,10.734732156966718,25.299921654743905,-30.78717014579336,54.72,-0.196
CU,-2.98,5.27,"García, Yimi",554340,called_strike,R,0,0,0.67,0.02,-0.72,2.3,3.820708671405229,-120.975266242741,-0.4165883112920812,5.870555002559892,22.86091375083257,-32.05919873624611,54.79,-0.032
FF,-2.45,5.19,"García, Yimi",554340,swinging_strike,L,1,2,-0.87,1.3,-0.27,3.73,7.643550756615384,-139.37774018870653,-1.162712726919697,-13.150536189014808,32.877938477503506,-15.25185784665372,54.76,-0.169
FF,-2.54,5.25,"García, Yimi",554340,ball,L,0,2,-1.0,1.41,-0.52,4.37,7.437365246363278,-138.47537580254203,0.1998003177179012,-14.493084656160091,32.088208697070904,-14.39854391914073,54.74,0.026
FF,-2.45,5.15,"García, Yimi",554340,swinging_strike,L,0,1,-0.95,1.24,0.06,3.78,8.803591154392612,-140.54214695731628,-0.8764992461910761,-14.595281782371702,31.955516181934083,-15.808672436186429,54.56,-0.045
CU,-2.72,5.24,"García, Yimi",554340,called_strike,L,0,0,1.18,-0.66,-0.46,2.99,2.7758927834159715,-118.60170355366344,2.7904004852031594,10.611562484660348,23.186578727311176,-39.14804423109455,54.7,-0.042
SI,-2.43,5.2,"García, Yimi",554340,hit_into_play,L,3,2,-1.51,0.58,-1.02,3.25,6.99975487390901,-138.18785640821477,-0.7180887835468258,-20.88355690029053,31.780651250566677,-24.809804967657985,54.63,0.75
FF,-2.59,5.19,"García, Yimi",554340,ball,L,2,2,-0.98,1.17,-1.66,4.87,4.649466037205254,-140.26140675009148,2.0319057461906884,-13.926826414133757,31.17403860383415,-17.34142476609454,54.62,0.064
FF,-2.59,5.15,"García, Yimi",554340,foul,L,2,2,-0.84,1.38,-0.72,3.48,6.858605573714455,-141.20988235217487,-2.0535268777470743,-12.807442675271934,34.61062666357906,-13.464705315405933,54.49,0.0
FF,-2.45,5.13,"García, Yimi",554340,ball,L,1,2,-0.95,1.3,-1.13,4.31,5.70361523996978,-142.5176515654777,0.3129808084554944,-14.262222799170312,36.10028883368668,-14.924813277987248,54.63,0.048
FF,-2.49,5.17,"García, Yimi",554340,foul,L,1,1,-0.93,1.26,-0.4,2.84,7.56490497004993,-140.0171261891828,-3.4081767391126494,-13.927616334359104,32.54553733788909,-15.033105822616466,54.73,-0.075
CH,-2.72,5.26,"García, Yimi",554340,ball,L,0,1,-1.49,0.73,-1.51,2.11,5.91666680934511,-127.45741546088202,-2.953918012296993,-17.421078180519867,26.587480296570224,-23.83255048381601,54.89,0.02
CU,-2.8,5.25,"García, Yimi",554340,called_strike,L,0,0,0.67,0.1,-0.79,2.82,3.297361432619417,-121.9511440274613,0.5859349935421037,6.053956355770714,23.99867845958809,-31.507679880937182,54.77,-0.048
FF,-2.29,5.17,"García, Yimi",554340,swinging_strike,R,2,2,-0.95,1.24,0.25,3.52,9.04947762985521,-142.85596698400687,-1.840337375708987,-15.156922175501048,33.9261349968001,-15.057392385276309,54.31,-0.278
FF,-2.12,5.18,"García, Yimi",554340,ball,R,1,2,-0.9,1.21,-0.35,4.56,6.846155046769158,-143.37033501523112,0.9305447303025448,-13.990115456798558,32.5726225319158,-15.825630391974602,54.54,0.034
CU,-2.52,5.19,"García, Yimi",554340,foul,R,1,1,1.27,-0.31,-0.19,3.02,2.8887499300488946,-123.20059672899689,1.9221433408852395,12.19828943540695,26.3817634764312,-35.99135057953572,54.74,-0.075
FF,-2.39,5.1,"García, Yimi",554340,called_strike,R,1,0,-1.01,1.36,0.99,2.52,11.395382995388555,-142.598858091683,-4.5963193316149775,-16.53103332757434,34.73184999138003,-12.67382540967467,54.58,-0.062
ST,-2.52,5.06,"García, Yimi",554340,ball,R,0,0,1.0,0.6,1.56,1.1,7.624167002989073,-125.63944287755876,-4.38350350624214,8.927876182356094,26.469863904470305,-25.060266389859912,54.62,0.036
FF,-2.32,5.07,"García, Yimi",554340,swinging_strike,R,3,2,-1.09,1.26,0.19,3.18,9.256376544289896,-142.40304995843007,-2.467974646459918,-17.093030308339245,36.59116010988287,-14.747439872634382,54.39,-0.482
SI,-2.38,5.2,"García, Yimi",554340,called_strike,R,3,1,-1.52,0.84,-0.08,2.2,9.511027014350889,-140.42096546478126,-4.3001990534228,-22.244179188634728,31.879102196766546,-20.306138373765336,54.57,-0.126
ST,-2.61,5.17,"García, Yimi",554340,ball,R,2,1,0.75,0.6,1.35,2.46,7.885306599025067,-126.22321001512108,-1.4789617393016612,6.311726260384912,26.4182758469412,-25.67600280634936,54.67,0.135
SI,-2.45,5.2,"García, Yimi",554340,ball,R,1,1,-1.59,0.78,0.86,1.4,12.384397584353074,-140.4329164879104,-6.306621324105495,-23.84620770833674,31.94072836864613,-20.44981917287532,54.44,0.05
SI,-2.65,5.17,"García, Yimi",554340,ball,R,0,1,-1.65,0.63,0.11,0.94,11.08639344353111,-141.16960471231823,-7.182854720109705,-24.5820484362739,32.18406192338575,-22.238175874615067,54.49,0.053
ST,-2.6,5.23,"García, Yimi",554340,called_strike,R,0,0,0.84,0.53,0.65,3.42,5.982406526379774,-126.32530180202836,0.7372815177860113,7.818489846187727,25.745183297222944,-26.83718301416927,54.85,-0.051
CH,-2.47,5.31,"García, Yimi",554340,hit_into_play,L,1,2,-1.47,0.3,-0.66,2.72,7.292811627468684,-127.0124394217844,-0.6804343431819933,-17.38772224372042,26.8732203979346,-29.04133736472512,54.74,0.689
CH,-2.67,5.3,"García, Yimi",554340,ball,L,0,2,-1.46,0.6,-2.27,4.68,3.946716668753616,-127.9196467653222,3.392949328890097,-16.780093415450594,28.45358528550124,-26.67156269186357,54.68,0.019
CH,-2.73,5.28,"García, Yimi",554340,swinging_strike,L,0,1,-1.52,0.43,-0.77,2.78,7.937952300456154,-129.83112936892724,-0.9934777077938024,-18.836846024166,28.09220056816797,-27.34784128869459,54.62,-0.047
CU,-3.13,5.29,"García, Yimi",554340,called_strike,L,0,0,0.82,0.1,0.4,2.38,6.413190325283421,-120.52835478470276,-0.3454651008318067,6.631792695020534,24.701681952531825,-31.372826765112187,54.64,-0.032
SL,-2.65,5.2,"García, Yimi",554340,hit_into_play,R,2,2,0.11,1.05,0.24,2.08,6.668341177449183,-126.78998818902328,-3.471800442984156,-0.1353281868335291,24.750714794569944,-20.285825919458954,54.77,-0.088
FF,-2.54,5.17,"García, Yimi",554340,foul,R,2,2,-0.95,1.34,0.13,2.98,9.363238572265605,-142.75584137917588,-3.489675977823896,-15.15492017131675,34.430545318577,-13.287075587240258,54.48,0.0
SL,-2.88,5.29,"García, Yimi",554340,ball,R,1,2,0.12,0.92,1.36,2.37,9.645084393215438,-124.0847667057062,-2.437631421134689,-0.5846507995304873,23.18919384752478,-22.347518495008718,54.66,0.054
ST,-2.75,5.27,"García, Yimi",554340,ball,R,0,2,0.97,0.75,1.65,3.46,8.299766779427959,-124.10903026952124,0.5795414093504976,8.164363529491135,27.2549601516485,-24.89052050195801,54.71,0.02
FF,-2.61,5.24,"García, Yimi",554340,foul,R,0,1,-1.24,1.32,-0.17,2.65,9.109286748576489,-138.54678521326886,-4.0508208559764345,-18.04558619825908,33.12917988909191,-14.460721035333297,54.66,-0.059
FF,-2.7,5.19,"García, Yimi",554340,swinging_strike,R,0,0,-1.45,1.12,-0.9,3.67,7.996053210245218,-140.30446593100393,-0.9363790331717656,-20.970710920873437,34.772265757576456,-17.513436200448616,54.66,-0.042
SI,-2.75,5.36,"García, Yimi",554340,hit_into_play,R,1,0,-1.79,0.61,-0.4,2.57,9.931846968283526,-136.7759104907328,-2.8119221549410143,-24.73784858505964,32.52395317621674,-24.128857473408544,54.78,-0.443
CU,-2.81,5.26,"García, Yimi",554340,ball,R,0,0,1.08,-0.11,1.4,1.98,7.447535886039098,-120.70810251963871,-0.7351974016154708,8.841634350549574,26.55745175579061,-33.34548356702267,54.7,0.067
CU,-2.9,5.16,"García, Yimi",554340,ball,L,3,2,0.86,-0.03,1.03,0.77,7.296885682903619,-121.52881837244638,-3.5929577174605862,7.12904119837975,23.35395158603453,-31.97618920319265,54.74,0.343
CU,-2.76,5.13,"García, Yimi",554340,ball,L,2,2,1.24,-0.02,1.36,1.46,7.132125268743124,-123.85003544461064,-2.234342184420271,11.219299814912322,25.927339315673297,-32.16810783907727,54.56,0.093
FF,-3.12,5.27,"García, Yimi",554340,ball,L,1,2,-1.11,1.06,-1.63,4.71,6.260585425168752,-138.2635707888879,1.7552476383742288,-15.658203847115848,30.359572019828672,-19.14705634573622,55.17,0.036
CH,-2.88,5.29,"García, Yimi",554340,foul,L,1,1,-1.56,0.44,-0.93,3.75,7.75275952621036,-125.7835642963365,1.612721760427578,-18.11038303443824,25.194027473672268,-28.03251819134134,54.68,-0.049
CU,-3.05,5.2,"García, Yimi",554340,called_strike,L,1,0,1.11,0.02,-0.83,2.03,2.814198971136889,-118.3072506450045,-0.5161491415633929,9.817232972555946,24.282742749615974,-32.110807206860926,55.05,-0.044
CU,-3.13,5.33,"García, Yimi",554340,ball,L,0,0,1.03,-0.09,-1.4,4.16,1.8233250066597628,-115.21152980516877,4.330460604917258,8.750585077140371,23.166801438978464,-34.07860252241919,55.18,0.032
FF,-2.7,5.29,"García, Yimi",554340,hit_into_play,L,0,2,-1.02,1.15,-0.23,2.99,8.656633010163732,-137.77761972680247,-2.9179794887102424,-14.911660038418802,29.4636288617167,-16.979397902859336,54.7,-0.061
FF,-2.63,5.27,"García, Yimi",554340,foul,L,0,1,-0.65,1.5,0.92,3.13,10.45913342048999,-135.30318380841098,-2.9319298210059306,-10.39129677051415,31.708603704897072,-13.315300445791406,54.6,-0.024
CU,-2.83,5.32,"García, Yimi",554340,called_strike,L,0,0,1.1,-0.66,-0.86,2.28,2.262568486447716,-116.70406272260996,1.25422960610122,9.52471030878455,23.871670395630577,-38.66026816524622,54.89,-0.015
ST,-2.69,5.14,"García, Yimi",554340,hit_into_play,R,2,2,0.77,0.8,-0.29,1.92,4.1417819628375545,-126.16963807313536,-3.116314245100725,7.373106801174113,26.426728552941533,-23.17003069744633,54.62,-0.142
FF,-2.44,5.16,"García, Yimi",554340,ball,R,1,2,-0.81,1.06,-0.46,3.96,7.050040523456736,-140.41438276363778,-0.0540336920853603,-12.264549660116144,31.336805637301367,-18.312292930191777,54.48,0.026
SI,-2.47,5.34,"García, Yimi",554340,foul,R,1,2,-1.27,0.82,-0.9,3.25,6.856561361836628,-138.2938488330947,-1.650781678829658,-17.812266965845378,29.532080420994337,-21.45377030223877,54.8,0.0
FF,-2.53,5.24,"García, Yimi",554340,foul,R,1,2,-0.68,1.31,-0.44,3.5,7.0669209737304906,-141.29144577619175,-2.115295735379809,-10.701717348452531,32.554640124738846,-14.318116804639985,54.6,0.0
FF,-2.64,5.23,"García, Yimi",554340,foul,R,1,2,-0.73,1.36,0.07,2.6,8.72330472562189,-138.78306660984242,-4.281374618429052,-11.519560750017424,33.22885212523269,-13.860163240302107,54.54,0.0
ST,-2.66,5.25,"García, Yimi",554340,ball,R,0,2,0.91,0.71,1.4,2.2,7.654723195323824,-124.01913117953202,-2.249405160434079,7.75394940679026,25.579193445371267,-24.62554157542381,54.64,0.013
ST,-2.7,5.21,"García, Yimi",554340,called_strike,R,0,1,1.16,0.79,-0.73,2.34,2.2951402639613177,-124.60595667697407,-2.036832268805537,11.514838810356624,26.540753809236985,-23.774420073493896,54.76,-0.035
CU,-2.84,5.22,"García, Yimi",554340,called_strike,R,0,0,0.81,0.22,0.12,2.46,5.210021814379407,-122.67987310034744,-0.4705118226706279,7.177494514079108,24.252744314930176,-30.111464169178674,54.75,-0.024
FF,-2.51,5.24,"García, Yimi",554340,swinging_strike,R,1,2,-0.91,1.35,-0.12,3.24,8.365087777830261,-140.48431146761604,-2.82640460009577,-13.921801536920606,31.15563436453097,-13.860795720481596,54.57,-0.168
SI,-2.63,5.34,"García, Yimi",554340,swinging_strike,R,1,1,-1.67,0.65,-0.01,2.32,10.387096512683687,-136.8028271067351,-3.5462729383984923,-23.304532224512226,29.664335649535197,-23.38302065181497,54.79,-0.049
FF,-2.61,5.24,"García, Yimi",554340,foul,R,1,0,-0.92,1.24,-0.33,2.09,7.970213925339972,-138.4720377803552,-5.340785727177533,-13.681592033063747,32.04619666612269,-15.25132342374515,54.57,-0.044
CU,-2.96,5.3,"García, Yimi",554340,ball,R,0,0,0.63,0.06,0.63,1.86,7.10829080634344,-123.7547876160811,-1.8307298048749616,4.987705604356451,25.045815909227464,-31.448311112119747,54.64,0.032
SI,-2.36,5.09,"García, Yimi",554340,hit_into_play,R,2,2,-1.53,0.46,-1.01,3.03,6.861621337072813,-137.77482429206975,-0.626196651440132,-20.96690350483918,36.15783081290353,-26.43233360900731,54.74,-0.328
ST,-2.42,5.02,"García, Yimi",554340,foul,R,2,1,0.7,0.74,0.08,3.01,4.558692889932972,-127.86669312622104,-0.1568619030951481,6.352168590281869,32.559227323600496,-24.407041451564325,54.82,-0.162
ST,-2.48,4.97,"García, Yimi",554340,ball,R,1,1,1.0,0.62,0.47,1.46,4.939614730335193,-125.56369919743192,-3.299957538566267,9.34272550360674,28.367582706350085,-25.148590357569205,54.73,0.058
SI,-2.42,5.01,"García, Yimi",554340,swinging_strike,R,1,0,-1.5,0.41,-1.01,2.39,7.016852373917329,-138.90104030548454,-2.053784939875029,-20.98564396029647,38.86707220942414,-26.642076949852253,54.67,-0.058
CU,-2.6,5.08,"García, Yimi",554340,ball,R,0,0,0.82,-0.23,1.23,2.12,7.305641242304158,-124.68311278079442,-0.2374635983933043,7.054234367664859,25.777957952121817,-34.75860023896055,54.74,0.042
SI,-2.48,5.03,"García, Yimi",554340,hit_by_pitch,R,1,1,-1.52,0.42,-2.1,3.21,4.380509563749961,-139.37055838860576,-0.1497810710967635,-20.76322960106625,31.403139301042025,-26.869125833452184,54.79,0.234
FF,-2.48,5.03,"García, Yimi",554340,foul,R,1,0,-0.89,1.49,-0.09,3.38,8.13331863763144,-138.15289434500554,-1.86201003051508,-13.397152035350292,37.685481807541386,-13.12643610124767,54.81,-0.039
SI,-2.38,5.07,"García, Yimi",554340,ball,R,0,0,-1.83,0.71,-1.4,3.49,6.687124971999386,-140.25309461828536,-0.1239754989749221,-25.652032904787905,38.41769411788863,-23.13936703266011,54.82,0.027
FF,-2.01,4.91,"García, Yimi",554340,hit_into_play,R,2,2,-0.99,1.38,0.39,2.79,8.700428061637421,-142.17128916510148,-3.3330911767801723,-15.556812326655198,35.73810360689576,-12.936646074877109,54.56,1.57
FF,-2.34,5.0,"García, Yimi",554340,swinging_strike,R,2,1,-0.75,1.27,0.29,3.6,8.879921700339176,-144.11151877735247,-1.3291331230466483,-12.677353986025638,37.159985655970736,-14.46171473701096,54.56,-0.14
ST,-2.54,4.98,"García, Yimi",554340,called_strike,R,2,0,0.81,0.61,1.0,2.41,6.821668985762998,-127.77501289066592,-1.276585989510883,7.195302951150589,30.468503853563565,-25.546852823992225,54.64,-0.017
SL,-2.49,4.98,"García, Yimi",554340,ball,R,1,0,0.32,1.22,-0.71,3.57,3.6349958296291742,-128.78147291376868,0.1440882556294249,2.649057980951649,30.96765342394624,-19.002635807772148,54.71,-0.017
ST,-2.59,5.01,"García, Yimi",554340,ball,R,0,0,0.97,0.84,0.58,3.62,5.503949135154553,-125.41654809103086,1.2816726439544666,8.851137608989514,29.3996785439395,-23.94507419994699,54.73,0.047
SI,-2.42,5.04,"García, Yimi",554340,hit_into_play,L,1,1,-1.42,0.93,-1.16,2.68,6.452359211239902,-139.20044890278558,-2.703008611662705,-19.92577908051213,31.132686662495708,-19.62043316458248,54.74,0.755
FF,-2.36,5.05,"García, Yimi",554340,ball,L,0,1,-0.83,1.51,1.08,2.53,10.852962576041447,-139.3009452794453,-4.3692365996935045,-13.475053346414626,34.55548773704659,-11.749867859201665,54.79,0.03
CU,-2.7,5.03,"García, Yimi",554340,swinging_strike,L,0,0,0.79,-0.02,0.61,1.43,6.05111503228353,-122.35506079824108,-1.838837923483356,6.514357280374742,26.55422511553274,-32.22876302530991,54.69,-0.042
CU,-2.61,5.07,"García, Yimi",554340,hit_into_play,R,1,0,0.89,-0.16,0.35,2.29,5.0949472674861855,-123.45906191253415,0.233227674431349,7.845868110933885,28.27339162697364,-34.11402589873422,54.71,0.113
SI,-2.45,5.03,"García, Yimi",554340,ball,R,0,0,-1.45,0.57,0.5,1.0,11.160026634105831,-141.83408823208794,-6.586308293283254,-22.065944700338083,32.55216801949367,-23.037798514147543,54.57,0.016
FF,-2.38,4.97,"García, Yimi",554340,swinging_strike,L,1,2,-0.72,1.47,0.61,2.36,9.569442709359167,-141.3830949996556,-4.715542916581355,-12.01673747067914,37.087545253327306,-11.603268836078923,54.77,-0.116
ST,-2.56,4.94,"García, Yimi",554340,foul,L,1,2,1.32,0.47,1.0,1.87,5.77410835193904,-126.25462908030784,-1.997069380771329,12.556150757461134,30.379093660418757,-27.015217933072528,54.52,0.0
FF,-2.44,5.09,"García, Yimi",554340,foul,L,1,2,-0.98,1.1,0.56,3.29,10.15932149010494,-141.38017866135817,-1.820337147742901,-15.423068988160884,30.180087200461653,-17.111745633355444,54.83,0.0
FF,-2.6,5.05,"García, Yimi",554340,swinging_strike,L,1,1,-1.03,1.08,-0.98,3.2,6.494021303628488,-138.85178039654008,-1.6209106733288587,-14.759960110914488,32.30845643003028,-18.11584728600957,54.71,-0.04
CH,-2.49,5.22,"García, Yimi",554340,ball,L,0,1,-1.61,0.61,-3.11,6.75,1.774764432502563,-125.01334948594568,8.628535681384166,-17.10245085611751,30.324439502160736,-28.26848441151147,54.93,0.017
CU,-2.79,5.19,"García, Yimi",554340,called_strike,L,0,0,1.14,0.28,-0.49,3.27,2.9883088970681837,-120.21791344298718,1.529984341254716,10.471803664729594,22.90298587582452,-29.93937315171877,55.16,-0.024
FF,-2.42,5.0,"García, Yimi",554340,hit_into_play,R,1,1,-1.23,1.08,-0.37,2.98,8.244693126686201,-141.65253700714717,-2.32180288613465,-18.51779407608187,37.230147111127415,-17.367707868917545,54.63,-0.216
ST,-2.65,5.06,"García, Yimi",554340,ball,R,0,1,1.49,0.7,1.19,1.23,6.031713014180587,-125.3993872556137,-4.128390596247308,14.058709773978547,30.493777567266203,-24.127396910760982,54.74,0.021
CU,-2.68,5.12,"García, Yimi",554340,called_strike,R,0,0,1.2,-0.07,0.07,3.1,3.993376696188336,-123.565782930147,1.838090847036379,11.129513824257806,29.86854875713209,-33.6012445976503,54.84,-0.032
FF,-2.32,5.12,"García, Yimi",554340,swinging_strike,R,1,2,-0.57,1.07,0.06,3.55,7.721556598323469,-142.98315607655408,-1.2975341381168102,-9.590544718528864,30.87305910485464,-17.384575661225796,54.54,-0.236
CU,-2.42,5.19,"García, Yimi",554340,foul,R,1,2,1.44,0.08,0.12,2.26,3.12600439195414,-127.40183486526682,-1.0332641304156926,14.861767135329089,28.611053655486472,-31.304828607815622,54.82,0.0
CU,-2.58,5.11,"García, Yimi",554340,ball,R,0,2,1.46,0.16,2.02,1.4,7.962791492276595,-126.38122196463078,-2.976920926812787,13.777525495018306,27.92389776401114,-30.023481618134465,54.62,0.022
ST,-2.79,5.11,"García, Yimi",554340,called_strike,R,0,1,0.79,0.71,0.28,2.04,5.701898178419151,-126.67923873414124,-2.5675102039706617,7.181505050725043,28.64886615838761,-24.283401287972836,54.66,-0.045
FF,-2.61,5.11,"García, Yimi",554340,called_strike,R,0,0,-0.72,1.16,-0.01,3.53,8.565367631288455,-141.5735545112083,-1.376298777247435,-11.631521491437692,32.51037559184648,-16.426207730848947,54.55,-0.042
SI,-2.6,5.12,"García, Yimi",554340,hit_into_play,R,0,1,-1.51,0.6,-0.6,2.19,8.6645378166715,-139.88100789138207,-3.4688341522075614,-21.871157494675863,34.80085248311866,-23.755134844281084,54.47,-0.256
CU,-3.0,5.16,"García, Yimi",554340,foul,R,0,0,0.75,-0.29,-0.26,2.84,4.884507966573993,-123.797540909572,1.4345735604965162,6.692419506731932,25.355546610084424,-35.64409498801233,54.7,-0.042
SI,-2.52,5.26,"García, Yimi",554340,swinging_strike,L,3,2,-1.47,0.62,-0.85,2.61,7.59713439580028,-138.48490466834596,-2.6552061644723253,-20.67814086316682,32.74687605719794,-23.784018956457228,54.74,-0.55
CH,-2.85,5.34,"García, Yimi",554340,ball,L,2,2,-1.55,0.21,-2.72,4.91,3.5374724507918662,-129.00256164908737,4.5829803882102125,-17.980996919569954,28.916465919405983,-31.07236363959152,54.53,0.191
CU,-2.82,5.22,"García, Yimi",554340,foul,L,2,1,0.72,-0.24,0.96,1.5,7.372046898514674,-123.94460188255358,-1.942142207242224,6.010188959447954,24.640431045000977,-34.4489170545533,54.66,-0.075
FF,-2.76,5.22,"García, Yimi",554340,ball,L,1,1,-0.84,1.2,-1.21,3.41,5.86761990207867,-138.04668992683384,-1.7542619903906989,-12.072312521774387,30.92817097981513,-16.656818463779796,54.75,0.074
CU,-2.9,5.28,"García, Yimi",554340,called_strike,L,1,0,0.84,-0.17,-0.57,2.36,3.661638673223536,-121.24590538075134,0.0623462812287674,7.631585181907966,23.503129712998163,-34.08042795759554,54.61,-0.075
CU,-3.14,5.29,"García, Yimi",554340,ball,L,0,0,0.85,0.25,-1.34,2.97,2.4646378826236943,-122.64173796928677,0.4556507472725803,8.168917554433078,23.56890708261084,-29.893760823178027,54.63,0.067
FF,-2.71,5.23,"García, Yimi",554340,hit_into_play,L,1,2,-1.08,1.14,-0.89,1.87,7.121095890924322,-138.29690679414762,-5.688602899693051,-15.415813743307217,30.53198987631347,-16.496190579250296,54.6,-0.169
CU,-2.94,5.12,"García, Yimi",554340,foul,L,1,2,0.55,-0.16,-0.76,1.31,3.913220380365535,-122.3573027000272,-2.105881891684164,4.7282123915587135,24.907740374278088,-33.53149829905921,54.69,0.0
CH,-2.6,5.24,"García, Yimi",554340,swinging_strike,L,1,1,-1.66,0.41,0.19,2.06,10.194882113470404,-128.4552937783647,-2.5105454390621045,-20.45797542260768,25.758927242963164,-27.296769396562805,54.53,-0.048
CH,-2.71,5.36,"García, Yimi",554340,ball,L,0,1,-1.4,0.38,-0.92,3.33,7.111339284813356,-127.1761283619154,0.4457065386970226,-16.60465248899853,25.45563291032608,-28.39126789332035,54.75,0.03
CU,-3.1,5.22,"García, Yimi",554340,called_strike,L,0,0,0.96,-0.24,-0.94,2.67,3.0362945445536824,-120.0367005803298,1.0959356547843295,8.804811873255893,21.072963093867184,-34.87466668219159,54.79,-0.042
FF,-2.63,5.1,"García, Yimi",554340,foul_tip,R,2,2,-0.74,1.23,0.23,2.61,9.234860038235766,-140.41578771680767,-3.863747326855434,-11.92786604838532,32.040967014284064,-15.175750287359454,54.53,-0.268
SL,-2.57,5.24,"García, Yimi",554340,called_strike,R,2,1,0.21,0.73,0.84,3.3,7.643796689056854,-126.81724720564362,-0.0370550821231451,0.8810695892987123,23.958386479076644,-24.4234900896152,54.86,-0.074
SI,-2.57,5.25,"García, Yimi",554340,foul,R,2,0,-1.21,0.63,-0.57,2.59,7.901274504189402,-138.1716113909503,-2.7085903023578237,-17.29932352752043,30.48560729465379,-23.65258777905462,54.64,-0.064
CU,-2.83,5.4,"García, Yimi",554340,ball,R,1,0,0.91,-0.07,1.55,2.78,8.25099718709729,-121.86714893591446,0.47958963014613,7.448740837266458,23.65660244427162,-33.167147471501785,54.7,0.066
CU,-2.98,5.17,"García, Yimi",554340,ball,R,0,0,0.91,-0.46,2.02,1.69,9.81748421491174,-123.53380754403275,-0.9180920903483965,7.404127519774359,24.04398825963612,-36.90055009341207,54.58,0.044
SI,-2.61,5.34,"García, Yimi",554340,ball,R,3,1,-1.53,0.25,-1.91,3.57,5.146534069489121,-136.57014155249098,0.6256869867564373,-20.273658501172267,31.09651365905401,-29.452969857776555,54.62,0.16
SI,-2.71,5.26,"García, Yimi",554340,ball,R,2,1,-1.32,0.49,-1.63,1.24,5.8137866784038765,-139.7271005613671,-6.137491090778002,-18.60187799517081,30.278528139171478,-24.62150162408851,54.57,0.077
SL,-2.7,5.2,"García, Yimi",554340,ball,R,1,1,0.38,0.51,1.6,1.49,9.595085357522784,-128.68838723776446,-4.00972899463966,2.323066462521131,25.72316148433656,-25.906654412313635,54.71,0.037
SI,-2.79,5.35,"García, Yimi",554340,called_strike,R,1,0,-1.43,0.52,-1.18,2.53,7.295553815783466,-136.65332282397276,-2.688320300817681,-19.59039048157109,31.221842075258568,-25.29458936951702,54.62,-0.031
FF,-2.75,5.18,"García, Yimi",554340,ball,R,0,0,-0.84,1.01,-1.34,2.91,5.651394273567028,-140.84629351662738,-2.8157181777931823,-12.42809461076316,32.140769038435025,-18.23616872709304,54.51,0.024
ST,-2.62,5.2,"García, Yimi",554340,hit_into_play,R,0,2,0.96,0.97,0.76,2.46,6.067147735957899,-126.72999780714775,-2.3447231500711108,9.00607761800706,27.46027608878817,-21.487085297381256,54.85,-0.149
ST,-2.82,5.19,"García, Yimi",554340,foul,R,0,2,1.19,0.76,0.68,2.26,5.930888307592163,-127.20862333680888,-2.48774244494622,11.843637880817598,24.78617487217437,-23.61239552936851,54.81,0.0
SI,-2.82,5.33,"García, Yimi",554340,foul,R,0,1,-1.41,0.49,-0.34,1.79,9.685447086645397,-139.92886950714916,-4.889594634946001,-20.708898110268898,30.86634049468671,-24.76192883418477,54.66,-0.047
CU,-3.06,5.56,"García, Yimi",554340,called_strike,R,0,0,0.64,-0.09,-0.07,2.4,5.633432745785613,-123.29449905561223,-0.91480810120329,5.5655376183872685,22.615904721392216,-33.13120411301983,54.86,-0.032
FF,-2.71,5.16,"García, Yimi",554340,hit_into_play,R,1,2,-0.91,1.04,0.36,2.79,10.318139707997275,-142.4410612315543,-3.300168126961208,-14.87365595647081,34.025772953992465,-17.402567467077066,54.54,0.309
SI,-2.77,5.16,"García, Yimi",554340,foul_bunt,R,1,1,-1.48,0.35,-1.06,1.96,7.798977696270666,-139.34857300258213,-3.5760549945137083,-21.08994982911149,33.4865989624237,-26.95397907766658,54.62,-0.137
SI,-2.81,5.19,"García, Yimi",554340,missed_bunt,R,0,0,-1.39,0.19,-1.91,1.38,5.592615416375885,-142.34143974503428,-5.189048130191359,-20.24430924949916,32.940954046489104,-28.60231101175045,54.62,-0.081
FF,-2.78,5.23,"García, Yimi",554340,hit_into_play,R,2,1,-0.74,0.91,-0.68,3.47,7.179731123682162,-139.7740871139066,-1.1424727995140702,-11.346221440715134,30.40767330500929,-20.11280953096575,54.71,-0.097
FF,-2.85,5.17,"García, Yimi",554340,ball,R,1,1,-0.56,0.8,-1.12,4.36,5.912275007002374,-142.5556151645825,1.423030025874854,-8.961439166591882,31.04595271072313,-21.806870776672103,54.68,0.05
FF,-2.81,5.25,"García, Yimi",554340,foul_bunt,R,1,0,-0.97,0.98,-0.48,2.51,8.408788350641458,-141.56749741882078,-4.058234840466482,-14.985048691505574,32.1403270952753,-18.214134708891063,54.65,-0.058
CU,-2.97,5.13,"García, Yimi",554340,ball,R,0,0,0.83,0.25,2.08,1.19,10.556105314450662,-129.40307465800106,-4.113374205052012,7.056268033971429,27.93181376559082,-28.653548398820288,54.62,0.06
FF,-2.49,5.29,"García, Yimi",554340,hit_into_play,L,0,0,-1.0,1.24,-0.09,2.36,8.525640415082638,-139.79596084379878,-4.957256776498705,-15.030014982729217,31.163758527515363,-15.00363479878763,54.75,0.628
CH,-2.7,5.26,"García, Yimi",554340,hit_into_play,L,0,1,-1.53,0.27,-0.25,2.03,9.393518976340946,-132.87065819984377,-2.8422988176425994,-20.127594159328133,27.02296264587392,-28.51540208592189,54.5,-0.678
CU,-2.62,5.25,"García, Yimi",554340,called_strike,L,0,0,0.91,0.18,0.3,3.49,5.245613766245837,-130.56404301083128,1.1656643814530976,9.527383129148395,24.815893436359847,-30.494747641204672,54.7,-0.099
SI,-2.63,5.25,"García, Yimi",554340,hit_into_play,R,0,0,-1.39,0.84,-1.19,2.72,7.023202474711863,-142.5075318430808,-3.251509380178226,-20.493294243933573,32.96913204177584,-20.19913661203924,54.62,-0.389
FF,-2.59,5.26,"García, Yimi",554340,swinging_strike,R,2,2,-0.88,1.31,0.44,4.14,10.174625563812109,-143.0256740938858,-0.598654673076382,-14.484166979929292,33.9886888583003,-14.29229842063886,54.51,-0.454
ST,-2.76,5.2,"García, Yimi",554340,foul,R,2,2,0.65,0.99,0.15,2.9,5.680494662161501,-127.85439221031264,-1.4992380181800722,5.859669648419993,27.249789554558397,-21.197551629192503,54.66,0.0
FF,-2.54,5.25,"García, Yimi",554340,ball,R,1,2,-0.94,1.17,-0.9,4.45,6.563333167228414,-142.93974221536743,0.6109138617088818,-14.41592182301337,34.70145826271727,-16.62398751459209,54.65,0.057
ST,-2.82,5.22,"García, Yimi",554340,foul,R,1,1,1.24,0.92,0.87,1.89,6.245048611807847,-126.45758875323033,-3.630443278276318,11.983400860931082,26.735969388164847,-21.72338333282102,54.8,-0.076
ST,-2.91,5.26,"García, Yimi",554340,ball,R,0,1,0.99,0.89,1.74,2.14,9.167403752055924,-128.2342813765946,-3.2747530142844385,8.71266525016701,29.223953363178985,-21.835899874750694,54.66,-0.057
ST,-2.78,5.3,"García, Yimi",554340,called_strike,R,0,0,0.74,0.56,0.61,2.24,6.59245807777011,-127.07054318631026,-2.3616990991767945,6.625841541501686,26.04437812044255,-25.81295219695371,54.78,-0.053
CH,-2.66,5.14,"García, Yimi",554340,swinging_strike,L,2,2,-1.66,0.36,0.15,1.34,10.583273271860898,-132.725334728712,-4.439030365389068,-21.89243083777641,28.24180047916697,-27.14561348382612,54.41,-0.088
CH,-2.67,5.14,"García, Yimi",554340,ball,L,1,2,-1.55,0.69,0.49,0.59,11.30061279116074,-133.5609999977237,-7.141468883952914,-20.95722785552549,28.949072906396754,-22.481774359935923,54.38,0.018
CH,-2.64,5.21,"García, Yimi",554340,swinging_strike,L,1,1,-1.57,0.73,0.66,1.2,11.630673185387847,-132.5719273781421,-5.758926496185445,-21.038610332464387,28.53016139732005,-22.39305929526325,54.34,-0.026
CU,-2.82,5.13,"García, Yimi",554340,called_strike,L,1,0,1.02,-0.28,-0.9,1.78,2.4715443609238097,-124.39732208705016,-1.0633780979326517,10.070311711010897,25.143394896997133,-35.049486784848106,54.66,-0.019
FF,-2.67,5.12,"García, Yimi",554340,ball,L,0,0,-0.62,1.25,0.86,1.26,10.638546137607005,-139.7411869444359,-7.404118573544121,-10.514590092873322,31.672663719001637,-14.239505118210698,54.61,0.016
ST,-2.45,5.12,"García, Yimi",554340,swinging_strike,R,1,2,1.54,0.58,0.95,1.04,4.9945645138459165,-127.02488768982226,-4.795404835206113,15.490657399137383,27.53976256584365,-25.10978485523959,54.54,-0.116
SI,-2.36,5.2,"García, Yimi",554340,called_strike,R,1,1,-1.18,0.52,0.44,1.8,10.00444293093686,-139.58972589951918,-4.5628864163822245,-17.715615460143702,31.5276969162157,-24.547628503470776,54.59,-0.04
ST,-2.61,5.14,"García, Yimi",554340,ball,R,0,1,0.99,0.51,1.63,1.8,8.142722809190625,-127.43532918856516,-2.942216266310973,8.956400478364001,27.561135791947336,-26.183435220275086,54.64,0.017
ST,-2.74,5.13,"García, Yimi",554340,called_strike,R,0,0,1.2,0.64,0.37,1.72,4.950290442751446,-126.37213889981972,-3.221660269799404,11.699954004049284,27.532432503165182,-24.86537006414061,54.6,-0.024
CU,-2.68,5.2,"García, Yimi",554340,foul_tip,L,1,2,0.63,0.22,-0.49,1.97,4.001587602729704,-127.9438709761408,-2.1622719624530253,6.014502486811177,26.98929932737095,-29.480103847038773,54.46,-0.168
FF,-2.47,5.06,"García, Yimi",554340,foul,L,1,2,-0.88,1.49,-0.6,2.41,7.049291349162272,-142.2432350461344,-5.060463287881787,-13.561268881052326,32.78224346418118,-10.9188408239643,54.48,0.0
FF,-2.36,5.3,"García, Yimi",554340,swinging_strike,L,1,1,-0.96,1.17,-1.08,3.24,5.49505854075274,-140.03628794616466,-2.546979403230428,-13.81374301157605,30.811279234555744,-16.390731057769656,54.75,-0.049
CU,-2.95,5.22,"García, Yimi",554340,ball,L,0,1,1.03,-0.27,-1.47,2.32,1.382115496736916,-123.74600843278758,0.0205210865779539,10.407223680023767,23.489785735178632,-35.14165235633876,54.85,0.021
CU,-2.81,5.26,"García, Yimi",554340,called_strike,L,0,0,0.72,0.05,-0.82,1.36,3.1926791108645647,-124.04765509303068,-2.9707501409928803,6.954213962599222,22.60965958005609,-31.353289537685296,54.85,-0.032
CU,-2.65,4.92,"García, Yimi",554340,called_strike,L,1,2,1.0,-0.07,0.56,2.07,5.579081445178841,-125.74499966205973,-0.4197707602239207,9.424197347834484,25.630672417238983,-33.02534666723729,54.48,-0.071
FF,-2.69,5.13,"García, Yimi",554340,swinging_strike,L,1,1,-1.12,1.37,-0.23,3.62,8.914868999514235,-138.84270412175348,-1.3679600592113932,-16.57579067208391,32.30323810626408,-14.45191103219355,54.72,-0.026
CU,-2.85,5.06,"García, Yimi",554340,called_strike,L,1,0,0.87,-0.13,0.08,2.25,5.058489019819192,-122.67169774751396,0.0915149806272013,7.741562885171378,24.175035758167716,-33.695473892696825,54.63,-0.019
CH,-2.66,5.3,"García, Yimi",554340,ball,L,0,0,-1.48,0.62,-1.37,3.49,6.08798455063083,-127.26674474932577,0.4935711728423521,-17.329441079879984,25.97900980358252,-25.70257537649061,54.69,0.016
ST,-2.8,5.03,"García, Yimi",554340,hit_into_play,R,1,1,0.96,0.8,0.69,1.74,6.310587650354108,-125.77126531592212,-3.252671218726188,9.053324196798975,23.828583090061176,-23.20184068245122,54.64,-0.156
SI,-2.53,5.13,"García, Yimi",554340,foul,R,1,0,-1.52,0.42,-0.59,2.62,8.424803870056751,-137.92580654252055,-1.7900277525550166,-21.25483099272085,31.90994316768152,-26.58408434453806,54.48,-0.031
CU,-2.7,5.03,"García, Yimi",554340,ball,R,0,0,0.81,0.33,0.95,1.71,7.097153988682905,-127.58002446262653,-2.5371145748666377,7.35032590412851,26.3893883287302,-28.29403309479981,54.66,0.024
CH,-2.71,5.2,"García, Yimi",554340,hit_into_play,L,0,1,-1.44,0.26,-0.95,2.14,7.261081453389828,-129.57185955160148,-2.023249205550863,-17.69258236328643,27.27148590626806,-28.979769718342805,54.69,-0.196
CU,-2.97,5.15,"García, Yimi",554340,called_strike,L,0,0,0.94,-0.16,-0.76,3.1,3.1744712856040067,-120.46515006285554,2.088514636143801,8.587456360113295,23.341823224569865,-34.315216559911555,54.76,-0.032
SI,-2.5,5.2,"García, Yimi",554340,foul_tip,R,0,2,-1.37,0.62,-1.1,2.69,6.82835110501615,-140.31855761558296,-2.4155055131541783,-19.719578357642217,35.89554357281421,-23.70545450646257,54.48,-0.424
FF,-2.72,5.16,"García, Yimi",554340,foul,R,0,1,-0.75,0.94,-0.48,3.55,7.650180365237739,-141.18602815567706,-0.8975802300458129,-11.809195077936248,33.25508342896851,-19.68390029197888,54.55,-0.215
CU,-2.52,5.19,"García, Yimi",554340,foul,R,0,0,0.83,-0.1,-0.15,2.22,3.9434026390851504,-125.70100490743086,-0.6674681032252434,8.027348768448165,24.85808074366557,-33.30646627148071,54.33,-0.121
FF,-2.08,5.25,"García, Yimi",554340,hit_into_play,L,0,1,-0.83,1.29,0.57,4.01,8.990349975613778,-141.10051639858776,-0.718101552912479,-13.11014846241236,32.08138618186933,-14.99084887160165,54.12,-0.328
FF,-2.2,5.17,"García, Yimi",554340,foul,L,0,0,-0.78,1.45,1.02,3.06,10.54211390543392,-141.83164064430753,-3.48056403449041,-13.017032009313564,35.1147287251692,-11.984469363597762,53.7,-0.053
ST,-2.67,5.13,"García, Yimi",554340,hit_into_play,R,2,2,1.36,0.57,-0.16,1.35,3.124294151667084,-123.91963381045116,-3.643025559429857,13.284135975328672,26.22075282962921,-25.77179247154429,54.7,1.115
SL,-2.41,5.26,"García, Yimi",554340,called_strike,R,2,1,0.51,0.75,0.3,3.33,5.639511239716754,-131.92330111764232,-0.4775651223252676,4.694545634061959,29.275667965415423,-23.585049059587927,54.64,-0.075
FF,-2.28,5.08,"García, Yimi",554340,ball,R,1,1,-0.41,1.31,1.25,3.12,10.09345770774738,-138.15398333154894,-2.3600692461262454,-7.616943255974903,33.3161087968206,-15.082382304587416,54.5,0.074
FF,-2.44,5.1,"García, Yimi",554340,swinging_strike,R,1,0,-0.62,1.39,0.19,2.47,8.205461460318274,-138.27234424980398,-4.286017891215424,-9.822441409456204,32.77570469907265,-13.660787457262709,54.58,-0.075
CU,-2.86,5.25,"García, Yimi",554340,ball,R,0,0,0.72,-0.39,1.06,1.1,7.657972025576195,-123.32485421834366,-2.525638458108437,5.682955531207622,25.750502648877067,-35.81206407795219,54.62,0.067
SI,-2.24,5.19,"García, Yimi",554340,ball,R,3,2,-1.49,0.52,-0.93,3.29,6.80387979720667,-138.89269192774574,-0.5143004856042689,-20.774352069264918,33.20989966378434,-25.544112097911366,54.17,0.343
FF,-2.74,5.05,"García, Yimi",554340,foul,R,3,2,-0.72,1.37,0.11,2.11,9.190106810162234,-140.41238133916366,-5.3850839805532615,-11.621720303084528,30.945487232200115,-12.942091367262158,54.29,0.0
SL,-2.82,5.09,"García, Yimi",554340,foul,R,3,2,0.33,0.7,-0.05,2.4,6.143346690881181,-131.79892725234836,-2.2803412622941472,2.5818910424271877,27.940986686949945,-23.719555607280157,54.57,0.0
ST,-2.64,5.12,"García, Yimi",554340,ball,R,2,2,0.86,0.84,1.41,1.66,7.958493035375935,-127.25377619515808,-3.9342857200887695,7.660028678209387,26.740729871279378,-22.3944509503818,54.41,0.093
SI,-2.47,5.21,"García, Yimi",554340,foul,R,2,2,-1.47,0.58,-1.18,2.56,6.668849554966667,-138.9972681375491,-2.6122146984460466,-20.494757302098343,33.00527243501835,-24.30286441600303,54.43,0.0
FF,-2.28,5.12,"García, Yimi",554340,ball,R,1,2,-0.69,1.23,0.73,3.49,9.70166771456454,-142.80974573098587,-1.7614594139720787,-11.714340067368806,33.600489764285854,-15.206329840343836,54.39,0.036
SI,-2.58,5.18,"García, Yimi",554340,foul,R,1,2,-1.2,0.43,-0.33,1.85,8.864989783376307,-143.36675526062984,-4.569868027652568,-18.587882912731143,34.30133061040896,-25.32146492716265,54.39,0.0
CU,-2.82,5.17,"García, Yimi",554340,foul,R,1,1,0.72,-0.12,0.12,1.88,5.422013321888959,-123.72028481414377,-1.182350510128902,6.338094319225843,23.91344122112674,-33.410618005393,54.51,-0.049
SL,-2.59,5.15,"García, Yimi",554340,ball,R,0,1,0.59,0.33,0.76,2.11,7.088202052577478,-132.5311057320896,-2.4816597518580754,5.59897458489915,26.619065929926062,-27.991350981457924,54.54,0.021
SI,-2.42,5.29,"García, Yimi",554340,foul,R,0,0,-1.44,0.45,-0.8,2.7,7.496440642794958,-139.8656247683717,-2.2109071689213766,-20.628067155642867,34.501809695264456,-26.02053669654024,54.61,-0.032
FF,-2.37,5.03,"García, Yimi",554340,hit_into_play,R,2,2,-0.94,1.2,0.42,1.97,9.785482906481697,-143.8315195525902,-5.689986416373117,-15.404237078355235,34.34758870534546,-14.304368933577772,54.24,-0.088
SI,-2.53,5.14,"García, Yimi",554340,foul,R,2,1,-1.45,0.66,-0.37,1.95,8.935986834822017,-139.18768928879624,-4.208156592173705,-20.937202228493096,35.708095866908124,-22.798748191698987,54.49,-0.031
ST,-2.56,5.13,"García, Yimi",554340,ball,R,1,1,1.02,0.66,2.37,1.47,9.744294118518146,-127.43218668731126,-4.040551607275238,8.94044121330521,28.122348083101965,-24.273431955292523,54.5,0.023
SI,-2.59,5.07,"García, Yimi",554340,ball,R,0,1,-1.39,0.65,-0.2,1.63,9.58777929737886,-141.7424625760371,-5.144411933869175,-21.04643381656371,34.932169840705946,-22.414544588763444,54.39,0.011
ST,-2.77,5.05,"García, Yimi",554340,called_strike,R,0,0,1.18,0.57,0.58,1.76,5.568361163645286,-126.77628785267014,-2.8401624383314696,11.350771897992669,28.691320670544965,-25.66880806259673,54.78,-0.015
ST,-2.78,5.19,"García, Yimi",554340,hit_into_play,R,1,2,0.57,0.85,0.43,2.28,6.53466880172206,-127.29418616762771,-2.592432577375988,4.727848243840479,27.358175677584544,-22.622182735106087,54.64,-0.116
FF,-2.56,5.09,"García, Yimi",554340,foul,R,1,2,-0.79,1.18,-0.16,3.18,8.213075754658309,-140.93831792370102,-2.2249510749016044,-12.49511700558118,33.84572642464504,-16.164254246196457,54.19,0.0
FF,-2.5,5.13,"García, Yimi",554340,ball,R,0,2,-0.85,1.3,-0.92,4.06,6.176274249293448,-141.98214702496966,-0.3422110111750793,-13.007910216952968,34.82951252271274,-14.763154825356851,54.46,0.013
ST,-2.78,5.11,"García, Yimi",554340,swinging_strike,R,0,1,1.13,0.88,1.14,2.02,6.995227599631862,-125.85710393685694,-2.8913678562498104,10.410533521501565,27.882986071261065,-22.43482003828963,54.46,-0.035
SI,-2.52,5.16,"García, Yimi",554340,foul,R,0,0,-1.51,0.77,-0.93,2.31,7.725004505237888,-142.08281580673113,-3.8372147220648793,-22.26296577133929,37.096620597548885,-21.099233185072617,54.4,-0.024
CU,-2.76,5.27,"García, Yimi",554340,hit_into_play,R,0,0,0.63,0.18,0.16,2.04,5.520929963262384,-123.75741666939264,-1.548552369165143,5.286033742301634,26.757050270563028,-30.239328864668085,54.69,-0.228
SI,-2.39,5.18,"García, Yimi",554340,hit_into_play,R,2,1,-1.55,0.5,-0.7,2.75,7.871820617498819,-139.18544276574448,-1.8644048043032329,-21.898162730685502,34.25847282929381,-25.522698222465955,54.59,-0.485
SI,-2.43,5.2,"García, Yimi",554340,called_strike,R,2,0,-1.43,0.48,0.4,2.29,10.529325824329153,-137.9745124726891,-2.9568733438825374,-20.708728706942534,34.28165549420409,-25.60164813491261,54.52,-0.14
ST,-2.66,5.05,"García, Yimi",554340,ball,R,1,0,0.72,0.6,0.91,1.57,7.005809474034466,-125.27064574409586,-3.1882740645811314,6.076794150796893,26.38585633530733,-25.430641315839583,54.32,0.087
SI,-2.65,5.17,"García, Yimi",554340,ball,R,0,0,-1.55,0.64,-2.15,2.81,4.759895484895898,-138.4802885071864,-1.9523727438709275,-21.022346359619444,32.92622026852256,-23.68122608486762,54.41,0.056
SI,-2.6,5.25,"García, Yimi",554340,hit_into_play,R,0,0,-1.48,0.53,-0.13,2.66,9.658426849066013,-137.576487835217,-2.243069043449946,-20.90481127910216,29.51670908592061,-25.133044493259128,54.58,-0.23
CH,-2.71,5.34,"García, Yimi",554340,swinging_strike,L,1,2,-1.53,0.39,-1.62,3.13,5.759059819628003,-127.93343353253164,-0.0508315702978385,-17.942931657322497,26.452450505535325,-28.09688605611389,54.55,-0.214
FF,-2.59,5.18,"García, Yimi",554340,ball,L,0,2,-1.02,1.57,-1.11,4.36,6.065450218900836,-137.70670477568137,0.061078013869973,-14.306255822955732,32.16495143750535,-12.544396769805635,54.6,0.02
FF,-2.62,5.14,"García, Yimi",554340,foul,L,0,1,-0.99,1.19,-0.09,2.39,8.926958063973165,-139.99195875669344,-4.285978316258193,-15.28374838650772,37.79586977711754,-15.81043317775651,54.43,-0.059
CU,-2.93,5.33,"García, Yimi",554340,called_strike,L,0,0,1.27,-0.03,-0.02,1.92,4.0675147769176325,-118.1419136325974,-0.8827048871018327,10.836625637447131,26.02039174803777,-32.46181583523159,54.65,-0.042
SI,-2.47,5.17,"García, Yimi",554340,hit_into_play,R,1,1,-1.49,0.63,-0.44,1.82,8.68308267715884,-139.50897439800906,-4.662771983217352,-21.44024025530557,32.68037229989702,-22.99446991748897,54.5,0.273
ST,-2.71,5.13,"García, Yimi",554340,ball,R,0,1,0.66,0.54,1.73,1.94,9.27911750483475,-126.55359143963652,-2.600266590214156,5.246090654315435,25.50885096957364,-26.033277200031524,54.25,0.017
SI,-2.54,5.18,"García, Yimi",554340,called_strike,R,0,0,-1.51,0.52,-0.16,2.12,9.711844512939114,-140.00670875978946,-3.6879411720823394,-22.159894715761965,33.52880665458133,-24.658324496917395,54.38,-0.024
SL,-2.83,5.17,"García, Yimi",554340,hit_into_play,R,1,0,-0.14,0.75,0.16,1.96,7.412149960342094,-126.00464080218224,-3.017152143966988,-2.947598754141001,24.359506470906005,-23.74180666551593,54.41,-0.26
SI,-2.54,5.25,"García, Yimi",554340,ball,R,0,0,-1.38,0.54,-1.63,3.8,5.430710388151438,-138.78284656267596,0.5786716483533312,-19.012416866693965,31.399382607331077,-25.491027250845463,54.52,0.032
FF,-2.7,5.17,"García, Yimi",554340,hit_into_play,L,1,2,-1.0,1.36,-0.38,3.36,8.369813713965499,-140.03122828923026,-2.2668969595844226,-15.169362537474784,34.44015358245431,-14.069064134995742,54.6,-0.235
FF,-2.86,5.22,"García, Yimi",554340,swinging_strike,L,1,1,-1.1,1.37,-0.6,2.41,8.201216869202007,-136.50336550281065,-4.537106740020894,-15.49523574459104,29.564931015141912,-14.261579108843778,54.69,-0.075
CU,-2.74,5.11,"García, Yimi",554340,ball,L,0,1,0.84,-0.14,-0.73,1.36,2.956028700285211,-121.48441040406811,-1.919050363217543,7.745547978787258,22.988105058923267,-33.444457136195695,54.76,0.02
CU,-2.93,5.2,"García, Yimi",554340,called_strike,L,0,0,0.72,0.05,-0.36,2.2,4.450558013681084,-121.03974611095732,-0.485208242047076,6.071179371522612,25.468229613407427,-31.83159536697194,54.72,-0.048
SI,-2.69,5.16,"García, Yimi",554340,hit_into_play,R,0,1,-1.46,0.42,0.12,1.8,10.568447698119654,-138.41385104112075,-4.091056567270202,-21.105249794776988,31.29866445650865,-26.024859748741918,54.51,-0.281
SI,-2.63,5.18,"García, Yimi",554340,foul,R,0,0,-1.59,0.41,-0.62,2.09,8.749490073630076,-138.263336931112,-3.2952336480595017,-22.421123664483755,33.6703116576407,-26.405256016361445,54.67,-0.047
CU,-2.6,5.11,"García, Yimi",554340,swinging_strike,L,2,2,0.96,0.11,0.75,1.54,5.855943374022272,-121.96825383756855,-1.953844791819057,8.143558233112111,27.721258865392432,-30.924972375522724,54.11,-0.088
CH,-2.61,5.21,"García, Yimi",554340,ball,L,1,2,-1.7,0.65,-1.71,2.47,5.726729294366003,-129.4470070422793,-1.9750347195734423,-20.25462111053203,29.922335388388564,-24.74078424216412,54.45,0.018
FF,-2.64,5.2,"García, Yimi",554340,foul,L,1,2,-0.96,1.57,-0.14,3.47,8.607378968691487,-137.45172505464262,-2.232699642961192,-14.208572274516374,34.520912127381564,-12.18370833526007,54.4,0.0
FF,-2.83,5.31,"García, Yimi",554340,ball,L,0,2,-0.86,1.36,-0.82,3.81,6.970529589158248,-135.4379009319337,-0.969850584679439,-12.150841068616833,33.52533565500611,-15.607912542621886,54.58,0.009
CH,-2.61,5.25,"García, Yimi",554340,foul,L,0,1,-1.72,0.46,-0.98,2.37,7.497278548881949,-128.3288868390168,-1.8984078219663891,-20.563897940340496,25.375397861444256,-26.87902471499237,54.39,-0.024
CU,-2.78,5.22,"García, Yimi",554340,called_strike,L,0,0,0.73,-0.06,-0.54,2.56,3.671045959485536,-120.93075142649792,0.4952033597678376,6.419304092944534,23.95754016435681,-33.08671388792504,54.47,-0.015
FF,-2.43,5.09,"García, Yimi",554340,swinging_strike,R,2,2,-0.93,1.47,-0.56,3.68,7.0781061080942855,-140.52672318693317,-1.5165099161463829,-13.922679946502724,33.03418235548192,-12.590372045480253,54.22,-0.142
ST,-2.55,5.08,"García, Yimi",554340,foul,R,2,2,0.49,1.01,0.61,1.98,6.5817954566126415,-126.29043365934407,-3.294266346361881,3.783267078986638,26.742534824738083,-20.87971942940422,54.12,0.0
FF,-2.52,5.23,"García, Yimi",554340,ball,R,1,2,-0.91,1.36,0.09,4.91,8.827025122284532,-137.86751805703477,1.8036699355643453,-13.585572906467226,32.02017177542492,-15.516399508931718,54.41,0.026
SI,-2.35,5.22,"García, Yimi",554340,foul,R,1,1,-1.6,0.73,-0.09,2.61,9.534143257608324,-138.61177626650652,-2.7975758299975277,-22.83921800837239,34.00672291083865,-22.400752311917604,54.19,-0.04
SI,-2.49,5.21,"García, Yimi",554340,ball,R,0,1,-1.54,0.72,-1.31,1.75,6.5334221040470615,-139.21460791654602,-5.072513978092999,-21.540000484962757,32.84705308597605,-21.86277598720959,54.54,0.017
SI,-2.28,5.29,"García, Yimi",554340,called_strike,R,0,0,-1.59,0.73,0.63,3.23,11.086222328730823,-137.8108386170579,-1.3221345111023215,-22.74731979040467,32.07051116720667,-22.747968192496455,54.38,-0.024
ST,-2.52,5.22,"García, Yimi",554340,called_strike,R,2,2,1.06,1.02,0.76,2.31,5.592062345070056,-124.60010380866396,-2.584221321658015,9.768544878236613,26.910544141380843,-21.296311695626663,54.41,-0.204
FF,-2.39,5.17,"García, Yimi",554340,foul,R,2,2,-0.97,1.29,-0.2,3.68,8.059889591057752,-141.06164235598837,-1.3375296604915403,-14.828941937429247,35.443655347786354,-14.986994970797308,54.21,0.0
ST,-2.48,5.16,"García, Yimi",554340,ball,R,1,2,1.04,0.95,2.67,1.44,10.092777872532672,-124.98588623486911,-4.40688065042484,8.488704140901001,28.079438663592093,-21.48134222703816,54.12,0.036
SI,-2.44,5.25,"García, Yimi",554340,foul,R,1,2,-1.63,0.69,-1.08,2.58,7.218777195307419,-138.77266978620617,-2.8891041535491304,-22.744638044490006,34.7638941353113,-22.80371212131381,54.36,0.0
FF,-2.48,5.1,"García, Yimi",554340,swinging_strike,R,1,1,-0.89,1.48,0.08,2.72,8.620167171207095,-137.542155385676,-3.764488415197844,-13.363133250836498,33.48912679604398,-12.780112774319376,54.41,-0.049
SI,-2.38,5.3,"García, Yimi",554340,ball,R,0,1,-1.49,0.85,-1.58,3.25,5.412026925495569,-138.62327293836648,-1.6066462990319297,-20.395871280404428,33.56583679709189,-21.157715121771226,54.41,0.021
ST,-2.81,5.19,"García, Yimi",554340,called_strike,R,0,0,0.67,1.02,-0.77,3.11,3.449202678160907,-124.33147051961184,-0.6741672095349343,6.225498420885728,25.14215354900038,-21.669433701293627,54.44,-0.032
FF,-2.53,5.12,"García, Yimi",554340,hit_into_play,R,1,0,-1.23,1.02,-0.19,3.08,9.000099528009544,-140.00261272298633,-2.0969916664179657,-18.322907139988185,34.049593411157964,-18.54548637732096,54.36,-0.116
SI,-2.46,5.03,"García, Yimi",554340,ball,R,0,0,-1.34,0.73,-1.14,2.07,6.45069295453894,-138.60763371737005,-3.739229900786062,-18.705079343056607,32.607872403243135,-22.08344017282389,54.34,0.016
ST,-2.35,5.01,"García, Yimi",554340,hit_into_play,R,1,2,1.01,0.82,0.45,2.47,4.579313834147084,-125.64027458795366,-1.518162390029654,9.772134240531958,24.665760473008763,-23.323860628994904,54.61,-0.116
SI,-2.44,5.06,"García, Yimi",554340,foul,R,1,2,-1.59,0.7,-0.26,1.88,9.497498915049396,-141.7484772230936,-4.598922814512357,-23.73155155190266,35.673664256747735,-21.83275849745996,54.29,0.0
ST,-2.36,5.11,"García, Yimi",554340,ball,R,0,2,1.01,0.64,1.93,2.0,8.083579345023614,-125.1152348938645,-2.3762979992765807,8.847406335881308,26.28139861777054,-25.229860905054515,54.48,0.013
ST,-2.57,5.08,"García, Yimi",554340,called_strike,R,0,1,1.14,0.47,0.35,2.13,4.586089116093511,-125.61536147699954,-1.7170458084061404,11.1063596158711,26.341983723142853,-27.069202033786787,54.63,-0.035
SI,-2.52,5.13,"García, Yimi",554340,swinging_strike,R,0,0,-1.54,0.68,-1.21,2.29,6.927267087683956,-139.91167670833963,-3.406488388915786,-21.81018003853891,35.248843284095244,-22.73121673818638,54.47,-0.024
CU,-2.46,5.03,"García, Yimi",554340,hit_into_play,L,2,1,0.65,0.08,0.33,2.31,5.1919532895172855,-124.0173069458448,-0.2934489862234732,5.749433244197904,24.28354877789444,-31.47248863024369,54.56,-0.267
CH,-2.53,5.12,"García, Yimi",554340,ball,L,1,1,-1.72,0.63,-0.12,0.7,9.50015919490693,-129.96962911176823,-6.173314874466065,-21.45527095234213,28.190222280115847,-23.85040560363447,54.48,0.05
SI,-2.1,5.18,"García, Yimi",554340,called_strike,L,1,0,-1.61,0.65,-0.27,2.64,8.343549512922998,-138.1099458721088,-2.41560251297646,-22.52011746120932,32.77514472562395,-23.502324064617472,54.53,-0.044
CU,-2.81,5.14,"García, Yimi",554340,ball,L,0,0,0.8,-0.1,-1.42,3.1,1.6412532668492947,-122.21473977384112,1.814699872028856,7.708626645455619,22.620524948753506,-33.74398992406628,54.42,0.032
FF,-2.68,5.12,"García, Yimi",554340,hit_into_play,L,0,0,-0.7,1.25,-0.67,2.32,6.758041271673547,-138.03077207614336,-4.432796111276482,-10.448480236627596,30.84079325537308,-15.387448234535457,54.61,-0.1
SI,-2.46,5.1,"García, Yimi",554340,hit_into_play,R,2,1,-1.26,0.82,-0.85,2.72,7.099996796955435,-139.90475590299505,-2.606689297374995,-18.110403966483343,31.436896118483823,-20.95820360198964,54.34,-0.193
SI,-2.24,5.12,"García, Yimi",554340,foul,R,2,0,-1.44,0.75,0.19,2.49,9.50888828621672,-137.10946229224072,-2.7310252547814047,-20.304159864751863,32.98005971138746,-22.381858615236805,54.15,-0.039
ST,-2.66,5.03,"García, Yimi",554340,ball,R,1,0,0.59,0.65,0.48,1.2,6.298466991675921,-126.0026852358517,-4.274407872039093,4.95769696782344,26.964765593353093,-24.54654100326951,53.96,0.045
ST,-2.69,5.12,"García, Yimi",554340,ball,R,0,0,1.11,0.73,0.44,3.6,5.112039949519146,-125.34007946411585,1.1329153774118716,10.609212790489943,26.47459402843745,-24.93844984064895,54.74,0.024
FF,-2.55,5.16,"García, Yimi",554340,hit_into_play,L,1,2,-1.03,1.22,-1.06,3.25,6.3755232425218615,-142.61163516269494,-2.4796797317357875,-15.517720863846044,34.18237117300712,-15.130421473843455,54.51,-0.168
CU,-2.85,5.16,"García, Yimi",554340,foul,L,1,1,0.35,0.11,-0.6,2.69,4.55979219318392,-123.91261939536552,0.3033143747381759,2.638188157380023,25.338836608986945,-31.332797333166468,54.5,-0.049
CH,-2.55,5.18,"García, Yimi",554340,ball,L,0,1,-1.43,0.42,-1.36,0.36,5.94874477517314,-130.9608890737107,-6.837578832584153,-17.718807777338487,28.34843938037395,-26.078565799140662,54.51,0.021
CU,-2.85,5.22,"García, Yimi",554340,called_strike,L,0,0,0.69,-0.11,-0.59,1.69,3.847360144253951,-122.22287699255438,-1.5507917481162967,6.138836710831112,24.412947665654603,-33.20126324052109,54.57,-0.032
FF,-2.47,5.08,"García, Yimi",554340,swinging_strike,R,0,2,-0.8,1.35,0.13,3.63,8.846932258443324,-142.40712393519823,-1.539472473963574,-12.979730689359288,33.496356761765355,-13.695981251726684,54.4,-0.061
ST,-2.75,5.07,"García, Yimi",554340,swinging_strike,R,0,1,0.85,0.55,0.45,1.41,5.935146537225706,-127.0206630886377,-3.813827756272148,8.0853639528103,24.470539126733133,-25.68329641724414,54.4,-0.024
CU,-2.7,5.14,"García, Yimi",554340,foul,R,0,0,1.14,-0.02,-0.29,2.6,3.3355994590218025,-123.13602030203624,0.4385655032255786,11.033136306618156,23.477624058370445,-32.677708476250444,54.39,-0.015
FF,-2.57,5.16,"García, Yimi",554340,swinging_strike,R,1,2,-1.13,1.26,-0.76,4.21,7.25870073566497,-139.10682722147695,0.2744881026675746,-16.35579981801788,30.755895957301195,-16.047460497797633,54.54,-0.116
FF,-2.56,4.99,"García, Yimi",554340,foul,R,1,2,-1.03,1.19,0.76,2.45,11.51294639570412,-144.60569379419522,-4.433942547447632,-16.94699809364257,28.700880509915887,-14.470528531179536,54.25,0.0
CU,-2.51,5.07,"García, Yimi",554340,foul,R,1,1,0.91,0.07,0.84,2.04,6.128423196644811,-126.70808927963384,-1.2373636609735756,8.560013109482469,26.11619603371596,-31.427935798386304,54.42,-0.04
ST,-2.48,5.0,"García, Yimi",554340,ball,R,0,1,1.01,0.85,1.89,1.98,8.695634883548463,-130.60327890556272,-3.271002553299041,9.691558235880953,27.6688803860113,-21.922833800695937,54.16,0.017
SI,-2.51,5.08,"García, Yimi",554340,swinging_strike,R,0,0,-1.51,0.64,-1.29,2.39,6.747300829630376,-142.64771795099276,-3.2311970089650712,-22.14770578561918,34.432508250957284,-22.888188177051333,54.37,-0.024
FF,-2.4,5.01,"García, Yimi",554340,swinging_strike,R,1,2,-0.83,1.43,0.01,2.55,8.381425019752305,-142.30007992504892,-4.412969759242554,-13.246984032551516,33.71870044504183,-11.866374244835171,54.41,-0.168
FF,-2.34,5.06,"García, Yimi",554340,ball,R,0,2,-0.99,1.03,1.64,3.42,13.019807843490646,-143.34842927823377,-1.3690927170020972,-16.680033425131434,32.98613688337087,-17.90751216809692,54.49,0.019
SI,-2.38,5.06,"García, Yimi",554340,called_strike,R,0,1,-1.5,0.68,0.3,1.93,10.769245588071083,-142.78033153631287,-4.606246884776721,-23.05675873499919,33.24867261396256,-21.9190016615483,54.0,-0.047
SI,-2.48,5.14,"García, Yimi",554340,swinging_strike,R,0,0,-1.53,0.45,-0.53,2.51,8.68810027530193,-141.35016031618125,-2.5504338590671427,-22.543758425415973,31.91034134382696,-25.707979591535004,54.42,-0.032
ST,-2.38,5.1,"García, Yimi",554340,swinging_strike,R,2,2,0.94,0.69,0.41,1.33,4.737296223996719,-126.77889570553351,-4.28763960957294,9.201613740332393,25.648135438595567,-24.10162951804541,54.47,-0.088
CU,-2.14,5.13,"García, Yimi",554340,ball,R,1,2,0.98,0.17,1.38,1.37,6.414229160211502,-125.80059839837384,-3.0888154650207498,9.050700904401966,26.03883233012713,-29.98234402214615,54.09,0.018
CU,-2.3,5.07,"García, Yimi",554340,swinging_strike,R,1,1,0.95,-0.23,0.64,1.84,5.019677646578359,-124.81363630340064,-0.9016573454836034,8.858564683982486,25.852595086208133,-34.61323372305067,54.31,-0.026
SI,-2.36,5.02,"García, Yimi",554340,called_strike,R,1,0,-1.56,0.35,0.76,1.66,11.79997632570444,-141.04037817983846,-4.194730397936098,-23.49692853985832,33.633522471519065,-26.6173901092654,54.62,-0.019
SI,-2.3,5.05,"García, Yimi",554340,ball,R,0,0,-1.55,0.68,-1.39,2.55,5.917354716871431,-140.61685049531476,-2.59304756917812,-21.878750980058133,33.85175982462093,-22.843737209239084,54.49,0.016
FF,-2.45,4.99,"García, Yimi",554340,swinging_strike,L,1,2,-0.93,1.22,-1.14,2.53,5.70074315673707,-143.30648611715458,-4.005331980782481,-14.21794999383553,34.59073668443095,-14.725188833507522,54.5,-0.116
SI,-2.18,5.15,"García, Yimi",554340,called_strike,L,1,1,-1.49,0.72,0.4,1.93,10.197157026668302,-140.09632781832207,-4.589709152772158,-22.005977866377187,32.1305759235915,-21.78554484576069,54.52,-0.04
FF,-2.38,5.19,"García, Yimi",554340,ball,L,0,1,-1.12,1.2,-0.95,3.11,6.40365381003031,-141.82931032862342,-2.81527605709443,-16.63331384977915,33.69178406331066,-15.54461475757421,54.51,0.017
FF,-2.52,5.16,"García, Yimi",554340,foul,L,0,0,-0.87,1.41,-0.19,2.89,8.188804476306972,-141.34402040372885,-3.6927035685294367,-13.638341419202618,35.97326597887422,-12.759516948599147,54.51,-0.024
ST,-2.5,5.11,"García, Yimi",554340,swinging_strike,R,2,2,0.59,0.74,1.25,1.95,7.860804030561915,-128.02040097088886,-3.0131953228469173,4.533358948330303,30.180049297078373,-23.690683607590756,54.38,-0.204
FF,-2.29,5.14,"García, Yimi",554340,foul,R,2,2,-1.02,1.27,-0.62,2.76,6.853321065466449,-143.14533660849514,-3.918661083250036,-15.639848509190404,33.31955734081671,-13.95987410330443,54.54,0.0
FF,-2.17,5.14,"García, Yimi",554340,ball,R,1,2,-1.2,1.08,0.86,2.54,11.097766258003706,-144.92258046867565,-4.272909601380106,-19.5398556490387,34.47370886166208,-16.100782674622163,54.45,0.036
SI,-2.45,5.16,"García, Yimi",554340,swinging_strike,R,1,1,-1.5,0.46,-1.55,1.89,5.8014254385903765,-140.8361814324108,-4.185665113491424,-21.339477540426277,31.728145443818303,-25.3611407422229,54.54,-0.049
ST,-2.53,5.13,"García, Yimi",554340,ball,R,0,1,1.09,0.5,2.3,1.62,9.108586587756424,-123.74182828483268,-2.914298603002307,9.330465449244574,25.00506620755791,-26.66375386139744,54.43,0.021
CU,-2.76,5.27,"García, Yimi",554340,called_strike,R,0,0,0.91,-0.26,0.03,2.25,4.604042982285236,-121.35050217711112,-0.004926732298925,8.128555140643599,23.28559911489353,-34.91770101766058,54.58,-0.032
SI,-2.37,5.15,"García, Yimi",554340,hit_into_play,R,1,0,-1.42,0.33,0.35,2.48,10.298410594400572,-139.00060014753754,-2.1023659488374284,-20.84956229948077,33.53361362629801,-27.61242765833675,54.51,-0.116
CU,-2.36,5.18,"García, Yimi",554340,ball,R,0,0,1.44,-0.26,-0.9,2.79,0.5162571178671812,-121.9001669440998,1.4241950301089807,14.126569457368674,26.040484179575436,-35.25519631094651,54.79,0.016
FF,-2.26,5.1,"García, Yimi",554340,swinging_strike,R,0,2,-0.77,1.24,0.44,3.5,9.084747492600616,-143.711250683415,-1.7824455264447434,-12.838416672731952,33.64428617880088,-14.744229452844117,54.63,-0.104
SI,-2.37,5.12,"García, Yimi",554340,foul,R,0,1,-1.71,0.2,-0.51,1.54,8.865442610686342,-141.51366248270926,-4.470144204473122,-25.09603624817041,35.559070216167825,-28.571450245670437,54.46,-0.035
CU,-2.66,5.18,"García, Yimi",554340,called_strike,R,0,0,1.1,0.14,-0.39,2.39,3.053321340062273,-122.71858287026754,-0.3652775860262368,10.393439605146945,25.6885664917739,-30.879478924315027,54.78,-0.024
FF,-2.52,5.19,"García, Yimi",554340,hit_into_play,L,0,0,-0.76,1.28,-0.38,2.37,7.417292471222116,-140.83921248822165,-4.85301225563172,-11.90051614907216,33.802328682833746,-14.247169056322214,54.47,-0.228
ST,-2.99,5.17,"García, Yimi",554340,called_strike,R,2,2,1.66,0.49,-0.77,2.16,1.8179670944078283,-121.44687500505536,-1.400142577311274,15.935058603418812,25.26156030460321,-27.322094685125965,54.94,-0.199
SI,-2.82,5.13,"García, Yimi",554340,foul,R,2,2,-1.34,0.32,-1.28,2.11,7.031043820965151,-139.00080660901878,-3.023647896302348,-19.01041225259576,32.393347869021575,-27.488527915073128,54.55,0.0
FF,-2.81,5.07,"García, Yimi",554340,foul,R,2,2,-0.92,1.19,-0.14,2.86,9.033503497449065,-139.24444412536548,-2.83769218488935,-14.02015372133063,33.12576611122228,-16.342076355649194,54.64,0.0
SI,-2.68,5.24,"García, Yimi",554340,swinging_strike,R,2,1,-1.58,0.3,-0.22,1.6,9.94385291261657,-138.62029001087586,-4.504703728116075,-22.671937873013995,34.31706964300096,-27.430421807484574,54.58,-0.067
ST,-2.72,5.16,"García, Yimi",554340,blocked_ball,R,1,1,0.98,0.64,2.18,0.67,9.472016099315288,-123.31391059855602,-5.343025110169381,7.657969458909602,28.72211223017792,-24.680264098643026,54.22,0.049
SI,-2.39,5.22,"García, Yimi",554340,ball,R,0,1,-1.74,0.77,-0.32,1.23,9.129814542285295,-136.42495558456585,-6.114733995349655,-23.80729893347422,36.93647115572785,-21.28741917420253,54.66,0.03
ST,-2.89,5.28,"García, Yimi",554340,called_strike,R,0,0,1.15,0.72,0.25,2.59,4.904509318698588,-121.18238789502996,-1.0532094770332785,10.058278991187974,27.38543308580157,-25.14979335349336,54.82,-0.042
FF,-2.74,5.1,"García, Yimi",554340,ball,L,3,2,-0.88,1.41,-1.37,2.56,5.549126719196951,-138.96339022672288,-4.107564166206621,-12.75280544327402,38.20571560361245,-13.328871668420968,54.52,0.1
FF,-2.65,5.1,"García, Yimi",554340,ball,L,2,2,-0.72,1.52,-1.03,3.4,5.947667254262393,-140.83628136513803,-2.337675997690112,-11.090226140004466,38.37068492227479,-11.919707042369373,54.51,0.043
FF,-2.68,5.0,"García, Yimi",554340,ball,L,1,2,-0.93,1.28,-1.4,4.03,5.619450516240857,-143.60522518339653,-0.0579612750844692,-14.27612593231736,41.4212519769286,-14.975277439439372,54.64,0.018
CU,-3.24,5.13,"García, Yimi",554340,swinging_strike,L,1,1,1.31,-0.85,0.07,1.29,4.984082491491585,-120.33432015174152,-0.4605319769309015,11.30511856849536,28.42206291354147,-40.4417672690361,54.3,-0.026
FF,-2.77,5.02,"García, Yimi",554340,foul,L,1,0,-0.79,1.62,-0.14,1.72,8.758927473002664,-141.07688507053086,-6.828052361435001,-12.832809035927696,38.641261268569735,-9.187035388018302,54.7,-0.019
FF,-2.78,5.14,"García, Yimi",554340,ball,L,0,0,-0.64,1.51,-0.59,3.91,7.204257824845515,-140.19895951821297,-1.0105989456297373,-10.270127123656223,38.712296401471576,-12.563656964883288,54.58,0.016
SL,-2.78,5.08,"García, Yimi",554340,hit_into_play,R,0,1,0.13,0.53,-0.27,1.97,5.9948744003850685,-133.46731752587107,-3.0614704746738965,0.1658277081145494,31.09964991802902,-25.41788619659732,54.72,-0.139
SI,-2.77,5.09,"García, Yimi",554340,called_strike,R,0,0,-1.68,0.48,-1.17,2.26,8.057451470213682,-140.92941215787454,-2.9760814664746817,-24.209033533363467,38.27036218273413,-25.348053771916696,54.42,-0.024
CU,-2.95,5.05,"García, Yimi",554340,hit_into_play,L,1,1,0.8,-0.02,0.46,1.23,6.321231083263226,-123.2098876036038,-2.429342544637791,6.7227289392268,27.36141948792247,-32.10247244304865,54.49,1.007
FF,-2.92,5.06,"García, Yimi",554340,called_strike,L,1,0,-0.75,1.13,-0.96,1.92,6.838720055097623,-139.83924932576952,-5.186586705970496,-11.42988655099992,35.68707524741318,-16.348608798818873,54.6,-0.031
FF,-2.93,5.12,"García, Yimi",554340,ball,L,0,0,-1.0,1.44,0.75,1.96,12.074997056748476,-141.1896741918329,-6.13122833854009,-16.261659157400665,35.83433208574467,-11.661529261970692,54.43,0.024
CU,-2.88,5.16,"García, Yimi",554340,hit_into_play,L,2,2,0.89,-0.26,0.55,3.18,6.16144037845491,-121.95659041290922,2.422050484250064,7.509342557518884,26.14095088160274,-35.50977681202491,54.25,-0.204
FF,-2.72,5.07,"García, Yimi",554340,called_strike,L,2,1,-0.87,1.23,0.3,1.65,10.05204913195759,-141.17890214605464,-6.36598625512651,-14.0402008232633,35.79854405788645,-14.460458830562636,54.29,-0.063
CH,-2.8,5.3,"García, Yimi",554340,ball,L,1,1,-1.42,0.55,-1.93,3.67,4.989035094065685,-127.46659694443206,1.115053302143869,-16.522256575972854,28.241312333518604,-26.74929312001381,54.51,0.05
CU,-2.9,5.12,"García, Yimi",554340,ball,L,0,1,1.13,-0.28,-0.56,3.49,3.219691698240553,-123.98852135380838,3.0825769450690053,10.83423455224375,27.340319218988697,-35.97229126781645,54.61,0.021
CU,-3.2,5.19,"García, Yimi",554340,swinging_strike,L,0,0,1.01,-0.21,-0.51,2.23,4.089921401271991,-120.32340662357512,0.1913585850478179,8.929466761897082,25.182934039307582,-34.50149144955017,54.88,-0.032
FF,-2.96,5.08,"García, Yimi",554340,swinging_strike,L,0,2,-0.7,1.23,-0.98,2.99,6.861026501830184,-141.59021048239623,-2.8264946137932254,-11.056586922744836,36.13799695647742,-15.253580196729024,54.63,-0.142
CU,-2.82,5.1,"García, Yimi",554340,foul,L,0,2,0.81,-0.11,1.07,1.39,7.590718025718691,-123.0665998133905,-2.079935814542658,6.665105260730043,24.65734069108073,-33.083351418578744,53.17,0.0
CU,-3.05,5.22,"García, Yimi",554340,foul,L,0,1,1.23,-0.14,-0.99,2.41,2.229902377669251,-118.41243801452676,0.5817910608474928,11.066881173345047,23.633308566658744,-33.8375502823786,54.82,-0.045
CU,-3.1,5.29,"García, Yimi",554340,foul,L,0,0,0.95,-0.36,0.48,2.25,6.239224482324003,-118.21368520167007,0.5726030863507132,7.510161680945295,24.62706719035929,-35.874466807269656,53.85,-0.042
FF,-2.69,5.19,"García, Yimi",554340,hit_into_play,R,1,1,-0.81,0.99,0.35,2.4,9.720703551935957,-137.4995267267948,-3.808155575120571,-12.45026244693534,30.37869967426368,-18.89652041873085,54.23,-0.097
FF,-2.78,5.2,"García, Yimi",554340,ball,R,0,1,-0.81,1.24,0.82,2.85,11.23065843792951,-137.9542432712283,-3.2471451854706856,-12.829936819065638,30.02967909861291,-15.811320212875442,54.24,0.011
FF,-2.72,5.2,"García, Yimi",554340,called_strike,R,0,0,-0.78,1.47,0.35,2.75,9.75775057070427,-138.46615165313025,-4.0774100904419015,-12.179273163097353,30.838123217135564,-12.530551882915637,54.28,-0.015
FF,-2.61,5.21,"García, Yimi",554340,swinging_strike,R,1,2,-1.14,0.99,-0.16,2.93,9.106438035780451,-140.34667072831283,-2.7344078040616986,-17.191545541367756,33.17534878562466,-18.69206621877042,54.23,-0.116
SL,-2.72,5.43,"García, Yimi",554340,foul,R,1,1,0.34,0.44,0.74,3.22,7.677067022087693,-128.2501652537755,-0.222224129726683,2.327918008123609,24.57456847636892,-27.450638605812845,54.37,-0.04
SL,-2.61,5.39,"García, Yimi",554340,ball,R,0,1,0.37,0.62,0.78,3.07,7.539870913750295,-129.6639333330546,-1.0358199342962504,2.821770955171716,24.670246919392127,-25.097159409487237,54.22,0.017
ST,-2.97,5.36,"García, Yimi",554340,foul,R,0,0,0.89,0.72,-0.74,2.94,3.3696502259047,-120.99963902421364,-0.5145026692500393,8.14645785654569,22.15269726506056,-25.1875422196929,54.49,-0.024
ST,-2.83,5.3,"García, Yimi",554340,hit_into_play,R,2,1,1.17,0.75,-0.28,2.67,3.627611282002833,-124.4077270884426,-1.4399048548277964,11.407576851837533,24.651018890783657,-24.28220224438307,54.56,0.589
SI,-2.65,5.37,"García, Yimi",554340,foul,R,2,0,-1.52,0.57,0.1,1.65,10.554786993945095,-138.18614534928096,-5.341533084703988,-21.84640495030711,31.2204636749066,-23.86243970886119,54.49,-0.057
ST,-2.88,5.28,"García, Yimi",554340,ball,R,1,0,0.62,1.14,2.07,2.08,10.297265182320096,-123.59627932808569,-3.45369332565279,4.224901957207147,25.017827767570804,-19.92831673119186,54.56,0.064
SI,-2.95,5.31,"García, Yimi",554340,ball,R,0,0,-1.6,0.52,-2.44,2.47,4.907275763481958,-139.04469591405973,-2.9711136297435994,-21.86491906650636,33.81203060994634,-25.017417247842992,54.62,0.032
FF,-2.58,5.19,"García, Yimi",554340,called_strike,L,3,2,-1.06,1.18,-0.74,2.07,7.354053455957135,-142.0770652676846,-5.621274299212919,-15.96864538738495,31.83129148485431,-15.10398999240579,54.41,-0.527
FF,-2.52,5.13,"García, Yimi",554340,ball,L,2,2,-1.16,1.01,0.27,1.49,10.036885600824585,-140.60434515607736,-6.43242322248318,-17.62150658961882,31.123843107638887,-17.498177269914,54.37,0.131
CU,-2.78,5.33,"García, Yimi",554340,swinging_strike,L,2,1,1.23,0.14,-0.07,3.07,3.725758541640965,-119.1361542483114,1.2134718141262526,10.918313356400288,24.156919247354757,-31.35898694900696,54.61,-0.084
CH,-2.59,5.41,"García, Yimi",554340,ball,L,1,1,-1.42,0.31,0.31,1.65,9.97232532326874,-128.88793671358272,-3.7322792113063294,-17.891937622109793,27.918889982399083,-28.08414118627549,54.49,0.028
FF,-2.78,5.3,"García, Yimi",554340,ball,L,0,1,-1.04,0.9,-0.61,4.21,8.035861323662015,-139.95400711340278,0.639563732412688,-15.474554006456778,31.656706984696555,-20.66561996883432,54.69,0.056
CU,-2.9,5.26,"García, Yimi",554340,called_strike,L,0,0,1.01,-0.34,-0.65,2.43,3.199104194666885,-122.44199499777804,0.4968898487004887,9.520232504480523,24.262017554914618,-35.949430379784815,54.61,-0.081
ST,-2.65,5.33,"García, Yimi",554340,hit_into_play,R,0,0,0.85,1.14,0.1,3.06,4.680267788082336,-123.49328709734064,-1.2501044814385374,7.794613122723447,24.851061123555056,-20.47895441740211,54.53,-0.255
ST,-2.76,5.33,"García, Yimi",554340,hit_into_play,R,1,1,1.11,0.87,1.23,2.19,7.050399459490563,-123.58933732916664,-2.74832015932418,9.9999596323884,24.598126289515086,-22.90330760658564,54.63,-0.386
CU,-2.69,5.37,"García, Yimi",554340,called_strike,R,1,0,0.73,0.06,0.83,2.97,6.7160417942361486,-123.33419659458598,0.5747003349945032,6.200499431771736,23.874179221132916,-31.863939353326003,54.54,-0.099
SI,-2.79,5.24,"García, Yimi",554340,ball,R,0,0,-1.56,0.65,-1.62,2.0,6.590977476380857,-139.10236862408271,-4.377032740268451,-21.79197428918837,31.884498601988668,-22.967975159184547,54.31,0.055
SI,-2.49,5.05,"García, Yimi",554340,hit_into_play,R,2,2,-1.6,0.67,-0.89,2.35,7.719659968539812,-137.81603527539667,-2.777013132669971,-22.086477947589973,34.9585576489629,-23.27914572878816,54.41,-0.26
ST,-2.5,5.02,"García, Yimi",554340,foul,R,2,2,0.77,1.03,1.21,2.45,7.135582767460749,-124.4513487591463,-1.7775260013772818,6.366651319183537,28.035082633078503,-21.423041771647096,54.56,0.0
FF,-2.51,5.19,"García, Yimi",554340,ball,R,1,2,-0.99,1.39,-0.22,4.3,8.117107266228818,-136.7327103223458,0.4284422247542183,-14.3768403938788,34.75114457399039,-15.340526431073997,54.4,0.032
FF,-2.42,5.05,"García, Yimi",554340,foul,R,1,2,-0.95,1.25,0.29,2.69,9.275645285770596,-139.44647427633973,-3.393936637047302,-14.501078493066398,33.53854169817658,-15.344129884262488,54.31,0.0
ST,-2.54,5.04,"García, Yimi",554340,swinging_strike,R,1,1,1.01,0.76,0.09,3.29,4.05270078124259,-122.08144834461856,0.8375504759740732,9.302571187463304,24.615563338712008,-24.98255462976106,54.67,-0.087
FF,-2.56,5.22,"García, Yimi",554340,ball,R,0,1,-0.97,1.34,-0.53,4.34,7.403911579021051,-137.79020438166958,0.4308035498285484,-14.128774627407974,33.57739425471398,-15.590989572173903,54.54,0.022
SI,-2.58,5.19,"García, Yimi",554340,foul,R,0,0,-1.58,0.77,-0.95,3.29,7.755733431568698,-138.04389338580165,-0.934010127729202,-21.91752515274453,34.9924526305615,-22.441622780191928,54.39,-0.042
SI,-2.47,5.12,"García, Yimi",554340,hit_into_play,R,3,2,-1.75,0.66,-0.99,3.29,7.807555229589715,-138.98331226711178,-0.5940606001544031,-24.39873503789327,35.80922793021958,-23.84920498243742,54.39,-0.375
FF,-2.26,5.02,"García, Yimi",554340,foul,R,3,2,-0.91,1.57,0.5,3.6,9.360520464871714,-140.0868412573522,-1.6768643293812069,-14.299696696925556,36.80528344592971,-11.51910898618464,54.42,0.0
FF,-2.49,5.06,"García, Yimi",554340,ball,R,2,2,-0.88,1.62,-1.34,4.5,4.9501245015981326,-137.71132592049003,0.661097311162393,-12.36748595565842,35.698769075482055,-12.245620499670652,54.49,0.115
ST,-2.52,5.04,"García, Yimi",554340,foul,R,2,2,1.01,0.99,0.24,3.54,4.368725875130446,-122.60102975270593,0.9410459165476084,9.230006476709328,25.617711828868025,-22.685540069244876,54.64,0.0
FF,-2.27,5.04,"García, Yimi",554340,ball,R,1,2,-0.57,1.22,-0.54,4.02,5.910597212626467,-140.9859246038543,0.0914379797195833,-9.025808188440555,35.49781782371619,-16.285899843961058,54.42,0.034
FF,-2.44,4.97,"García, Yimi",554340,foul,R,1,2,-1.22,1.25,-0.8,3.31,7.126492013827168,-140.60569599398377,-1.6671396051023282,-17.826905616058212,34.90013485248536,-15.528541495455029,54.41,0.0
ST,-2.42,5.22,"García, Yimi",554340,ball,R,0,2,1.06,0.82,3.07,1.02,10.526668833193234,-121.97561915627224,-4.811648463192226,7.979493274191891,28.132228049348715,-23.160477779144337,54.46,0.02
FF,-2.32,5.14,"García, Yimi",554340,foul,R,0,1,-1.39,1.37,-0.35,3.36,8.365952408160721,-140.208008543072,-2.132831298345096,-20.387418212193424,39.3121665759428,-14.129807994004851,54.55,-0.059
ST,-2.72,5.29,"García, Yimi",554340,called_strike,R,0,0,1.14,0.75,0.26,3.21,4.541854221628565,-120.8249170957042,0.3694029891878397,9.930607030882191,28.397217898386987,-25.31179019371268,54.72,-0.042
