pitch_type,release_pos_x,release_pos_z,player_name,pitcher,description,stand,balls,strikes,pfx_x,pfx_z,plate_x,plate_z,vx0,vy0,vz0,ax,ay,az,release_pos_y,delta_run_exp
FA,-0.92,6.79,"Kiner-Falefa, Isiah",643396,hit_into_play,L,1,0,-0.65,1.54,-0.64,1.52,1.6252088518658827,-105.781178823668,-5.6487825164599785,-5.120840479678158,19.642956784355928,-19.898480498247384,55.4,-0.256
FA,-1.02,6.84,"Kiner-Falefa, Isiah",643396,ball,L,0,0,-0.44,1.48,-0.65,3.8,1.4925799336077317,-107.136429902268,-1.3247666319884308,-3.683218350912289,20.95680052187972,-20.88374430201321,55.55,0.027
FA,-0.59,6.77,"Kiner-Falefa, Isiah",643396,hit_into_play,R,0,0,-0.49,1.48,0.26,2.76,2.432362523483214,-103.27372631566966,-2.668646963482484,-3.913288298896471,18.74849840290532,-21.40953027689799,55.0,-0.255
FA,-0.43,6.89,"Kiner-Falefa, Isiah",643396,hit_into_play,R,1,0,-0.22,1.62,0.0,1.87,1.1030303167829758,-96.96183808965898,-3.5461651179246045,-1.5810365631005592,17.35202015574351,-21.6780929889391,55.24,-0.604
FA,-1.28,6.83,"Kiner-Falefa, Isiah",643396,ball,R,0,0,-0.21,1.62,-0.46,4.33,1.8052976671067664,-97.62690011662076,0.903601444016193,-1.6503360535745273,17.855450463020297,-22.36067847520428,55.36,0.087
FA,-1.15,6.72,"Kiner-Falefa, Isiah",643396,hit_into_play,R,0,0,-0.49,1.43,0.25,2.63,3.2772931085835264,-95.94303337785276,-1.4392556657119842,-3.565559070530712,16.065520080902775,-23.357535724823908,54.93,0.691
FA,-1.21,6.69,"Kiner-Falefa, Isiah",643396,ball,R,3,1,-0.3,1.42,0.47,0.96,3.767304528726213,-103.94749309719856,-6.039490227138159,-2.8656357453803074,18.455990798086347,-21.068647282263427,54.92,0.265
FA,-1.05,6.95,"Kiner-Falefa, Isiah",643396,ball,R,2,1,-0.53,1.57,1.2,3.83,5.050893210245593,-101.020265032603,-0.7370512869880803,-4.522850950021453,18.038556956375363,-21.604429315054748,55.45,0.108
FA,-1.28,6.83,"Kiner-Falefa, Isiah",643396,foul,R,2,0,-0.56,1.58,-0.98,3.85,1.3782497552279804,-95.51804103826412,0.371425501343701,-3.6378789385197368,15.89006400193738,-22.864287996079565,55.33,-0.057
FA,-1.27,6.8,"Kiner-Falefa, Isiah",643396,ball,R,1,0,-0.45,1.61,-0.41,4.03,2.3400179022309917,-100.39027841341549,-0.0616472959666711,-3.455873837184605,17.452433458584473,-21.582208510158686,55.23,0.064
FA,-1.33,6.94,"Kiner-Falefa, Isiah",643396,ball,R,0,0,-0.64,1.61,-1.54,2.35,0.5953392364084769,-94.45749956607952,-2.355522946717997,-3.9460417463421593,14.85225099464353,-22.431128130248585,55.58,0.032
FA,-1.26,6.97,"Kiner-Falefa, Isiah",643396,hit_into_play,R,0,0,-0.16,1.4,-0.45,2.41,1.7345717156224931,-98.13965921884372,-2.698593799853609,-1.3077787873436109,16.246995975052872,-22.911006924844944,54.8,-0.23
FA,-1.38,6.99,"Kiner-Falefa, Isiah",643396,hit_into_play,R,0,0,-0.54,1.36,0.35,2.94,3.985710569556542,-98.004087696634,-1.6628339147361604,-4.096985231496381,16.073589049976867,-23.36593719699528,55.1,-0.298
FA,-1.28,6.95,"Kiner-Falefa, Isiah",643396,hit_into_play,R,0,0,-0.22,1.67,0.18,2.65,2.9426250438169266,-96.01222773573156,-2.2364901745772245,-1.8215952157329136,15.244347519055076,-21.7136245941238,55.09,-0.376
FA,-0.87,6.79,"Kiner-Falefa, Isiah",643396,ball,R,3,0,-0.18,1.53,1.0,3.01,3.973625067798437,-105.26951831436432,-2.6413864339164186,-2.058184339958016,19.35107272713302,-20.614754684247828,54.88,0.182
FA,-1.27,6.92,"Kiner-Falefa, Isiah",643396,ball,R,2,0,0.35,1.25,0.44,0.17,2.3743579108782944,-90.67544026473496,-4.716351643985146,1.5842149849087042,13.84284807452116,-24.793675869551716,55.12,0.133
FA,-1.39,7.21,"Kiner-Falefa, Isiah",643396,ball,R,1,0,0.08,1.61,-0.8,5.5,0.9092561479072898,-94.00178049274908,2.704122920518876,0.3368238341795852,14.347128741045168,-23.241088586190607,55.69,0.064
FA,-1.37,7.11,"Kiner-Falefa, Isiah",643396,ball,R,0,0,0.43,1.36,0.94,3.98,3.337980409847201,-92.85486139387652,0.8628344802138344,1.9434421358587608,14.638207806433885,-24.71081290451611,55.41,0.032
