pitch_type,release_pos_x,release_pos_z,player_name,pitcher,description,stand,balls,strikes,pfx_x,pfx_z,plate_x,plate_z,vx0,vy0,vz0,ax,ay,az,release_pos_y,delta_run_exp
SI,1.63,5.91,"Little, Brendon",663893,blocked_ball,L,3,0,1.11,0.1,-1.33,0.35,-10.020583343976508,-136.9581009366919,-8.875900697201887,16.09984827341245,29.520734000099317,-29.14675328427072,54.83,0.098
SI,1.72,5.88,"Little, Brendon",663893,ball,L,2,0,1.14,-0.03,-1.21,1.51,-9.993900902142036,-136.47041904803007,-5.502631213227057,16.44690290339934,28.69240441782672,-31.52567498456252,54.78,0.124
SI,1.71,5.88,"Little, Brendon",663893,ball,L,1,0,1.21,-0.33,-1.93,1.2,-12.014549098397406,-137.42634370966266,-5.735105902744507,17.927554151120717,30.2048838945951,-35.19434008527804,54.8,0.075
SI,1.54,5.93,"Little, Brendon",663893,blocked_ball,L,0,0,1.42,-0.17,-2.4,0.06,-13.258172037170208,-137.42634693849385,-9.13456056569177,20.942778106271764,31.11372026398705,-32.29040005414728,54.74,0.042
KC,1.44,6.25,"Little, Brendon",663893,blocked_ball,L,3,2,-0.46,-0.64,-2.48,0.08,-8.39522322132355,-126.2969320386237,-7.164441676313846,-2.9940095404073586,28.56387953636073,-37.52469017295153,54.55,0.1
KC,1.4,6.32,"Little, Brendon",663893,ball,L,2,2,-0.21,-0.49,-2.01,0.61,-7.697634228475483,-126.86052544832776,-6.529622065057247,-0.786729633485527,25.045921082387597,-36.33122436063717,54.68,0.043
KC,1.48,6.25,"Little, Brendon",663893,swinging_strike,L,2,1,-0.32,-0.53,-0.55,1.35,-4.140297126990062,-125.49375143702214,-4.350974477628169,-2.6050963566058565,24.29197603052215,-37.11475403727222,54.74,-0.031
KC,1.23,6.26,"Little, Brendon",663893,ball,L,1,1,-0.21,-0.55,-0.99,1.74,-4.768733944076079,-124.27287362350285,-3.247928458968845,-1.2446929184953737,23.57523704259892,-37.50015778978224,54.78,0.023
SI,1.72,5.82,"Little, Brendon",663893,ball,L,0,1,1.29,-0.24,1.84,3.06,-2.5500406178606507,-137.94315049751768,-1.0343405024963217,17.129776809450203,29.10088622628821,-35.29819172985005,54.84,0.011
SI,1.67,5.82,"Little, Brendon",663893,called_strike,L,0,0,1.27,0.11,0.8,2.56,-5.003719155895994,-137.57103356157145,-3.069734824144164,17.23397123925565,27.59973166884376,-30.362559314412398,55.0,-0.015
KC,1.33,6.33,"Little, Brendon",663893,swinging_strike_blocked,L,1,2,-0.28,-0.53,-0.93,0.99,-4.776507718737386,-125.46989299354168,-5.333999339936367,-1.9941074800562748,25.769365610168457,-36.83050171597093,54.66,-0.236
KC,1.25,6.34,"Little, Brendon",663893,blocked_ball,L,0,2,-0.19,-0.49,-1.33,1.02,-5.717255481859094,-126.18047296377516,-5.448069662049773,-0.8040353978640349,27.34384594807328,-36.37468951520203,54.81,0.022
SI,1.56,5.87,"Little, Brendon",663893,swinging_strike,L,0,1,1.41,-0.05,-0.62,1.67,-8.676578904222119,-137.30530464515968,-5.032883891865008,19.84222636826629,32.3380892683343,-31.7466372963709,54.96,-0.077
SI,1.72,5.88,"Little, Brendon",663893,foul,L,0,0,1.32,-0.04,0.34,2.81,-6.378406803866408,-135.9789501735936,-2.03878107212708,17.841457353812064,30.85119752832208,-32.41746222881731,54.89,-0.048
SI,1.59,5.84,"Little, Brendon",663893,hit_into_play,R,2,1,1.24,-0.03,-0.25,3.15,-7.437961254346633,-137.64820160066787,-1.251014054226343,17.41405349026775,31.24305553929674,-32.546731362459305,55.04,0.219
SI,1.61,5.87,"Little, Brendon",663893,foul,R,2,0,1.35,-0.3,-0.96,2.35,-9.46478643924915,-136.39119820569394,-2.666593332070353,18.894649615035924,30.64251247213602,-35.5304821442772,55.05,-0.022
SI,1.81,5.89,"Little, Brendon",663893,ball,R,1,0,1.29,-0.17,1.07,3.56,-4.641853362883952,-136.13811601912062,0.0938862423466124,17.01689063056462,31.256300166990624,-34.53426234267297,55.22,0.026
KC,1.58,6.2,"Little, Brendon",663893,ball,R,0,0,-0.43,-0.55,-0.06,0.68,-3.0416955291709584,-126.79308986922057,-5.913883235429776,-3.965230494759025,25.961851153043213,-37.08022380947829,54.67,0.016
KC,1.52,6.32,"Little, Brendon",663893,hit_into_play,L,2,2,-0.38,-0.52,-0.59,1.82,-4.2700876596751005,-127.47881557375251,-3.623043336274786,-3.300320380527794,26.35379775726236,-37.26694849965937,54.86,-0.142
KC,1.54,6.35,"Little, Brendon",663893,foul,L,2,2,-0.14,-0.94,-0.04,1.65,-3.470336102922161,-126.449838689923,-3.098177465514725,-0.7188421823100087,27.759352451157845,-41.77935888370295,54.82,0.0
KC,1.49,6.33,"Little, Brendon",663893,foul,L,2,2,-0.27,-0.82,0.03,1.83,-2.8849084560927345,-125.18574805412833,-2.7516950460492997,-2.233810598910436,26.16250959832243,-40.395395385032046,54.82,0.0
SI,1.67,6.03,"Little, Brendon",663893,swinging_strike,L,2,1,1.15,-0.04,-0.33,3.07,-7.580003583977003,-136.65071475204306,-1.8278421465044412,16.08701696315418,29.71462371523563,-32.53494473680075,55.22,-0.051
KC,1.27,6.32,"Little, Brendon",663893,ball,L,1,1,-0.33,-0.64,0.9,3.91,-0.2101077497529995,-123.64564789904595,1.9031867401828275,-3.3642705402324964,24.859807383033043,-39.3262816982993,55.15,0.037
SI,1.5,5.96,"Little, Brendon",663893,called_strike,L,1,0,1.13,-0.04,0.08,2.79,-6.126272908497719,-137.94292528132615,-2.516954544637027,15.744608036667609,29.142160079992312,-32.393875137967704,54.96,-0.031
SI,1.68,6.01,"Little, Brendon",663893,ball,L,0,0,1.05,-0.16,1.26,2.79,-3.340024650804971,-136.20347523155291,-2.2077494424554,13.768052169892044,29.142690979225893,-33.91192050741221,55.07,0.024
KC,1.38,6.31,"Little, Brendon",663893,swinging_strike,R,3,2,-0.41,-0.68,-0.9,2.03,-4.486181252301706,-124.02360343529826,-2.3848034405040304,-3.4243345126040907,23.95018299778232,-39.00211539540372,54.78,-0.297
KC,1.5,6.26,"Little, Brendon",663893,ball,R,2,2,-0.09,-0.65,-1.21,0.22,-6.178827267818834,-125.8072928901192,-6.773256682081328,0.325593752174546,27.01598320125165,-37.76113956395554,54.8,0.093
SI,1.8,5.99,"Little, Brendon",663893,called_strike,R,2,1,1.21,-0.22,0.77,3.68,-5.235497591816636,-136.76796696350516,0.1854979670801664,16.294670353441145,30.28915722690575,-35.162169824002795,55.23,-0.063
SI,1.67,6.05,"Little, Brendon",663893,called_strike,R,2,0,1.28,-0.15,-0.59,2.04,-8.52804636297467,-136.23064977723303,-4.249688380705512,17.861830335619867,29.520060365710165,-33.33717541271046,55.08,-0.057
SI,1.84,5.85,"Little, Brendon",663893,ball,R,1,0,1.27,-0.04,-1.29,0.91,-10.618381068909803,-134.45357515005543,-6.647178675069016,17.657513205679155,29.158431603464237,-31.352459417240823,54.7,0.064
KC,1.48,6.3,"Little, Brendon",663893,ball,R,0,0,-0.34,-0.62,-0.17,1.54,-3.222385038142804,-125.8379056742886,-3.811859104088854,-2.910060384979423,26.963884964705088,-38.107244645816245,54.7,0.032
SI,1.67,6.03,"Little, Brendon",663893,hit_into_play,L,0,0,1.44,0.03,-0.44,2.2,-8.656135879972455,-138.77383722860742,-4.45778381962956,20.5752189071222,30.812222691483505,-30.967093869703533,55.05,-0.57
SI,1.71,6.01,"Little, Brendon",663893,hit_into_play,L,2,1,1.27,-0.21,0.17,2.55,-6.718487950645339,-137.5699463997749,-2.8406264300414192,17.652970990674984,30.02878543231637,-34.386556801105364,55.11,-0.636
SI,1.89,6.05,"Little, Brendon",663893,called_strike,L,2,0,1.35,-0.22,0.54,3.09,-6.406406626780017,-137.85548538701826,-1.5603418107537217,18.689237551060867,30.30204898364315,-34.893646043037585,55.15,-0.122
SI,1.79,5.98,"Little, Brendon",663893,blocked_ball,L,1,0,1.57,0.26,-1.45,1.03,-11.738624628146344,-137.42125685409238,-7.685751023998555,22.55375279289672,30.83640485138788,-27.299100467675284,55.01,0.096
SI,1.91,6.11,"Little, Brendon",663893,ball,L,0,0,1.4,0.28,-0.91,2.54,-10.208511262655644,-136.81953555176642,-4.114137759484719,19.830379166181096,29.52723967557828,-27.95620221837508,55.19,0.051
FC,1.7,6.13,"Little, Brendon",663893,hit_into_play,R,0,1,0.03,0.62,-0.08,3.56,-4.64788417902948,-137.3499753782966,-2.443922570944596,1.2010343384220332,25.730459064926155,-23.94035749764736,54.8,-0.085
KC,1.54,6.25,"Little, Brendon",663893,called_strike,R,0,0,-0.45,-0.42,-0.75,2.57,-4.5696314847387365,-127.5693129294024,-1.944031869110316,-4.0388597640917645,24.945632548980523,-36.57658006514266,54.67,-0.015
KC,1.59,6.23,"Little, Brendon",663893,swinging_strike,L,1,2,-0.22,-0.74,0.2,1.47,-2.850871140618727,-125.95404017498316,-3.633882181728576,-1.7371593838134294,24.95318041437718,-39.60435242089616,54.61,-0.116
FC,1.69,6.22,"Little, Brendon",663893,called_strike,L,1,1,0.03,0.53,-0.46,3.38,-5.593400214444344,-137.3115071848094,-2.930509324001436,1.4097216059666418,26.654480311305647,-25.00785690687017,54.73,-0.04
FC,1.59,6.13,"Little, Brendon",663893,called_strike,L,1,0,-0.09,0.53,0.22,1.77,-3.3340380926127544,-137.28213083915605,-6.836850273212751,-0.5136212267460257,27.105236291646328,-24.191429321808094,54.64,-0.031
SI,1.83,5.82,"Little, Brendon",663893,ball,L,0,0,1.29,0.2,1.18,2.16,-4.552231516972662,-139.45921724083647,-4.470592790223385,17.7999423886573,32.35864952804147,-28.716087238252992,54.84,0.024
FC,1.69,6.19,"Little, Brendon",663893,hit_into_play,R,3,2,0.06,0.42,0.04,1.93,-4.395453036822024,-136.74152958244258,-6.250503684708841,1.725374417344787,28.525099735941104,-25.75003907397608,54.56,0.952
FC,1.63,6.12,"Little, Brendon",663893,foul,R,3,2,-0.03,0.58,-1.19,1.63,-7.239549485968737,-137.51754036487372,-7.31673695613354,1.0211854556569715,27.40572750780967,-23.487719285004943,54.46,0.0
SI,1.76,5.88,"Little, Brendon",663893,ball,R,2,2,1.28,-0.03,1.7,3.01,-2.9648059232764323,-138.09587636038594,-1.73529901815472,17.010338249442714,31.111532292799765,-32.434842177711445,54.95,0.069
KC,1.5,6.17,"Little, Brendon",663893,foul,R,2,2,-0.14,-0.78,0.13,2.29,-3.026473719087267,-128.9628023806827,-1.7499867550403931,-0.8640952760835818,27.626622143311337,-40.71034972959635,54.6,0.0
KC,1.59,6.15,"Little, Brendon",663893,ball,R,1,2,-0.09,-1.08,-1.76,-1.32,-7.864222130300292,-127.41322209373506,-9.589446168478238,0.7859515077475389,28.156575840647847,-41.953692437051785,54.48,0.026
KC,1.49,6.16,"Little, Brendon",663893,swinging_strike,R,1,1,-0.35,-0.71,-0.37,1.01,-3.701152138483307,-126.25048319511228,-4.660445951128876,-2.949461834267918,26.096077756387064,-39.02165810947388,54.57,-0.04
SI,1.74,5.95,"Little, Brendon",663893,called_strike,R,1,0,1.27,0.2,0.45,2.65,-6.152002958647122,-138.63226650216885,-3.447016113142054,17.73568539666849,30.91198539505072,-28.977918697557456,54.86,-0.031
FC,1.69,6.25,"Little, Brendon",663893,ball,R,0,0,0.12,0.6,-1.37,2.73,-8.23830633181055,-138.29651483995306,-4.959004289583577,3.1834560230585622,26.36151159067344,-23.5607132574557,54.6,0.024
SI,1.77,5.98,"Little, Brendon",663893,hit_into_play,L,2,1,1.18,0.23,0.09,3.17,-6.879753330981876,-136.71139097715368,-2.049520607741598,16.306155813296556,29.970282562703403,-29.104885809749284,54.75,-0.267
FC,1.62,6.18,"Little, Brendon",663893,called_strike,L,2,0,-0.18,0.29,0.01,2.81,-3.7003279008979386,-134.9445473797346,-3.489886461019834,-1.4656888909146677,26.18565175917685,-28.134936575741165,54.78,-0.057
SI,1.61,5.92,"Little, Brendon",663893,ball,L,1,0,1.4,-0.09,-1.48,1.8,-11.06326093899362,-137.8254077930274,-4.856963999363952,20.2851957954786,30.37802484175565,-32.34304973361102,54.79,0.064
SI,1.63,6.0,"Little, Brendon",663893,ball,L,0,0,1.45,0.08,-1.32,1.53,-10.656240136137464,-136.32202843219332,-5.947482810717091,20.401133247728158,29.065075618815143,-30.070978017926603,54.9,0.032
SI,1.71,5.88,"Little, Brendon",663893,hit_into_play,L,2,1,1.4,0.05,0.63,2.49,-5.954696129777441,-139.26309084131526,-3.406765866918418,19.56197563238721,31.91141742112892,-30.93686361675754,54.66,0.867
SI,1.81,5.99,"Little, Brendon",663893,foul,L,2,0,1.18,-0.13,-0.01,2.61,-7.247395722143953,-137.1488575175551,-2.738882365938151,16.563805472625532,31.873384588704667,-33.415015105314154,54.95,-0.076
SI,1.53,5.88,"Little, Brendon",663893,ball,L,1,0,1.37,-0.07,-1.41,2.23,-10.660359280393156,-139.02133868901942,-3.756531165046936,20.2324058262257,34.58166586321169,-32.38178682657765,54.91,0.075
KC,1.45,6.17,"Little, Brendon",663893,ball,L,0,0,-0.28,-0.53,-0.58,1.55,-4.337347544349072,-128.1381270615554,-3.961962792294518,-2.089596000236694,27.585441178016374,-37.400230478868856,54.54,0.042
KC,1.37,6.19,"Little, Brendon",663893,swinging_strike,R,2,2,-0.2,-0.49,0.92,2.75,-0.6526789932198024,-127.4281285417636,-1.1385071524680674,-2.079272125504262,27.63571023592015,-37.44806699766944,54.82,-0.422
KC,1.5,6.29,"Little, Brendon",663893,blocked_ball,R,1,2,-0.33,-0.66,-0.55,0.23,-4.271291780226232,-127.85718735545376,-7.078732511913617,-2.616566557776174,29.0035349693778,-38.01212247682162,54.55,0.06
KC,1.48,6.32,"Little, Brendon",663893,foul,R,1,1,-0.33,-0.76,-0.75,1.58,-4.66621350895901,-127.33887356341256,-3.6836581599996414,-2.6071812049196152,27.79117722798797,-39.82373822154267,54.58,-0.065
KC,1.47,6.28,"Little, Brendon",663893,ball,R,0,1,-0.31,-0.82,0.48,1.09,-1.7191249251106984,-127.24862266155566,-4.614721819061142,-2.989958146455762,27.651523840569865,-40.22655539378861,54.74,0.028
FC,1.7,6.22,"Little, Brendon",663893,swinging_strike,R,0,0,0.04,0.48,-0.12,2.73,-4.751080308879012,-135.84863550540413,-4.30715400387843,1.5023825533564366,27.51687373304218,-25.5278794677822,54.65,-0.083
KC,1.33,6.33,"Little, Brendon",663893,hit_into_play,R,0,2,-0.17,-0.67,0.3,2.44,-2.111617188183538,-127.81662297384806,-1.905259638610752,-1.4192087436440248,27.154425073268943,-39.27731249689516,54.66,0.596
FC,1.55,6.21,"Little, Brendon",663893,foul,R,0,1,0.1,0.67,-0.13,3.1,-4.588931020313307,-138.60796882056653,-4.013229402754116,2.180093856817311,28.23936124137798,-22.88636889193478,54.78,-0.059
SI,1.81,5.92,"Little, Brendon",663893,foul,R,0,0,1.32,-0.15,0.17,2.78,-7.235791774894405,-139.53817766829408,-2.3381864452359764,18.88397865950617,32.43194888072501,-33.82745914863688,54.78,-0.042
KC,1.52,6.23,"Little, Brendon",663893,called_strike,L,2,2,-0.29,-0.78,0.62,2.64,-1.5664538096399865,-127.57760470512537,-0.9211209377458984,-2.8752951585710464,27.264264961346036,-40.65273793361076,54.68,-0.36
SI,1.73,6.03,"Little, Brendon",663893,foul,L,2,1,1.19,-0.23,-0.15,3.44,-7.488444817964607,-138.55921233269,-0.6059551708678306,17.05823755912716,33.67249881774396,-35.161885116796235,55.1,-0.075
SI,1.56,5.99,"Little, Brendon",663893,called_strike,L,2,0,1.3,-0.08,-0.84,2.7,-9.146051419952164,-139.01798787344595,-2.7830367773400786,19.00565775591389,33.605648751308586,-32.80114823095088,54.82,-0.113
SI,1.73,5.98,"Little, Brendon",663893,ball,L,1,0,1.21,-0.07,-1.25,3.13,-10.499413576383018,-139.3210796156664,-1.7289018873361957,18.190678425892752,32.23072129817765,-32.88766847159195,54.72,0.112
SI,1.66,5.94,"Little, Brendon",663893,ball,L,0,0,1.3,0.11,-1.41,1.87,-10.819859104889272,-138.5455355708191,-5.23985402843064,19.12936385447972,30.57499888977761,-29.70737845633316,54.81,0.067
SI,1.6,5.95,"Little, Brendon",663893,ball,R,3,0,1.24,-0.06,-1.55,1.38,-10.894909141101182,-137.519552758307,-6.086097556118912,18.108333509425563,29.71705213308085,-31.737690553558203,54.53,0.182
SI,1.65,5.98,"Little, Brendon",663893,ball,R,2,0,1.11,0.11,-1.35,2.23,-10.29355665637692,-139.00642352572802,-4.490446577505898,16.67812498651839,30.2363049406766,-29.95931797205133,54.75,0.133
SI,1.73,6.11,"Little, Brendon",663893,ball,R,1,0,1.24,0.01,1.12,2.8,-4.277670162390884,-136.58729956375336,-2.810468936603722,16.469645353689646,31.721672293467027,-31.637903750056385,54.81,0.064
KC,1.44,6.26,"Little, Brendon",663893,ball,R,0,0,-0.13,-0.75,-0.5,0.82,-4.35831748339855,-127.4183132002545,-5.349090301406238,-0.3501540294974497,29.6797503919011,-39.2025611483404,54.74,0.032
SI,1.58,6.04,"Little, Brendon",663893,hit_into_play,L,1,1,1.44,0.1,0.09,2.45,-7.010831668110923,-137.88553191843337,-3.876458860928775,19.900562556390543,32.38557262066625,-30.167433223791907,54.8,-0.218
SI,1.49,5.92,"Little, Brendon",663893,ball,L,0,1,1.49,0.11,-1.51,2.43,-10.91704086415038,-136.9713133054161,-3.5632182268343224,21.18313974041445,30.346356412248937,-30.231162859798687,54.92,0.03
SI,1.63,5.99,"Little, Brendon",663893,swinging_strike,L,0,0,1.47,-0.27,-0.04,2.13,-7.520396893615415,-136.84601929483057,-3.64116285113678,20.175045336604192,32.04405405986175,-34.84337585016505,54.76,-0.042
SI,1.83,5.81,"Little, Brendon",663893,ball,R,3,2,1.43,-0.09,-0.64,1.6,-9.541889529788827,-138.49154148117705,-5.123832191477085,20.52276996321234,32.96457226793764,-32.30342375863003,54.91,0.1
SI,1.95,5.79,"Little, Brendon",663893,foul,R,3,2,1.24,-0.41,-0.15,2.3,-8.126526468548546,-137.36202739044705,-2.453262378104416,17.519770115988702,30.74498329408927,-37.04299814486791,54.78,0.0
SI,1.83,5.83,"Little, Brendon",663893,foul,R,3,2,1.19,-0.2,0.04,2.36,-7.218669381494277,-137.9249200312958,-2.90645761457576,16.804743811600243,31.21120616680645,-34.3251471354391,54.9,0.0
KC,1.62,6.24,"Little, Brendon",663893,ball,R,2,2,-0.2,-0.82,1.1,2.79,-0.807486977671286,-126.2176791082596,-0.3572582091604049,-1.9786203017449568,27.7097093116013,-41.02461812742246,54.66,0.043
SI,1.96,5.84,"Little, Brendon",663893,foul,R,2,1,1.13,-0.37,-0.53,2.07,-8.923138762509076,-138.25505268255094,-3.329706466326229,16.561373473993136,32.43226087409348,-36.37822010846834,54.93,-0.031
SI,1.92,5.85,"Little, Brendon",663893,foul_tip,R,2,0,1.48,-0.28,0.29,2.09,-7.459890257182626,-137.97477230938637,-3.446022166649154,20.59775935050992,33.41701881576823,-35.09906443315583,54.94,-0.022
SI,1.92,5.79,"Little, Brendon",663893,ball,R,1,0,1.5,-0.32,0.69,0.89,-6.561774368313222,-139.3430498012993,-6.493224536413021,20.979703067358944,34.58538713146568,-34.92814628531381,54.75,0.026
KC,1.64,6.19,"Little, Brendon",663893,ball,R,0,0,-0.32,-0.49,-1.55,0.66,-7.058843453967163,-128.75129638893137,-6.329125191205179,-1.9852735939161013,27.801133577451488,-36.48437255928584,54.56,0.016
FC,1.75,6.12,"Little, Brendon",663893,hit_into_play,R,2,2,0.0,0.2,-0.75,2.32,-6.301945611759888,-134.80152971138313,-4.343868413216645,1.3381489696313775,27.889517974563216,-28.9978520899455,54.76,-0.142
KC,1.54,6.19,"Little, Brendon",663893,foul,R,2,2,-0.2,-0.64,-0.42,1.07,-4.236299530035802,-126.12913188434575,-4.689142624587091,-1.2085789064631134,26.912180670903226,-38.15848289869339,54.58,0.0
SI,2.12,5.85,"Little, Brendon",663893,foul,R,2,2,1.3,-0.3,0.75,2.71,-6.40162252279896,-137.84550519807942,-1.7786589304640843,17.963828709516527,34.56325267938489,-35.76210257535539,54.82,0.0
KC,1.52,6.19,"Little, Brendon",663893,foul,R,2,2,-0.36,-0.51,0.22,1.2,-2.386163596758018,-127.36069450157402,-4.761985166739015,-3.3485012096748967,28.39036721368133,-36.82638381222849,54.72,0.0
KC,1.51,6.17,"Little, Brendon",663893,foul,R,2,2,-0.37,-0.86,-0.18,0.95,-3.295646890135178,-127.28778994369202,-4.60652640996487,-3.292952585050008,28.19521582565192,-40.65479512962046,54.59,0.0
SI,1.9,5.74,"Little, Brendon",663893,called_strike,R,2,1,1.4,-0.11,-0.61,2.06,-9.633192722200905,-138.69478894832343,-3.745957215384224,20.34005480326189,33.0286605546811,-32.852650011584224,54.76,-0.051
SI,1.84,5.84,"Little, Brendon",663893,ball,R,1,1,1.33,-0.31,-1.55,1.62,-11.723328121794191,-138.47299330678933,-4.640657510188953,19.84511333780121,33.02657189255385,-35.18836660962596,54.86,0.037
SI,2.01,5.84,"Little, Brendon",663893,foul,R,1,0,1.51,-0.08,0.11,2.12,-8.21459689090823,-137.6664411145771,-3.795188986856067,21.077545861289742,30.93925181745436,-32.586617452021045,54.8,-0.031
SI,1.92,5.82,"Little, Brendon",663893,ball,R,0,0,1.53,0.01,0.71,3.37,-6.570280480003387,-139.88312376125984,-0.8988868930041074,21.52035687539773,33.12412810039365,-31.991366310981007,54.89,0.024
SI,1.96,5.85,"Little, Brendon",663893,hit_into_play,R,2,1,1.41,-0.08,-0.29,2.45,-8.944653080403297,-138.4919582023221,-3.034102473724343,20.240122644562803,33.21027080659777,-32.71492490671193,54.86,-0.267
SI,1.86,5.9,"Little, Brendon",663893,swinging_strike,R,2,0,1.41,0.1,-0.44,1.99,-9.063578066396431,-138.43094994549946,-4.789902372234331,20.137923314739947,31.260315447864723,-30.03749938455794,54.86,-0.057
SI,1.91,5.81,"Little, Brendon",663893,ball,R,1,0,1.58,0.02,-0.35,1.24,-9.334078156974712,-138.24236527288093,-6.262489649622548,22.38967686369258,31.84194658304725,-30.69021235408017,54.85,0.064
SI,1.93,5.85,"Little, Brendon",663893,ball,R,0,0,1.49,-0.09,-0.35,0.8,-9.04994475183227,-136.68615924020202,-7.04602137645032,20.71507668959129,32.121910003577234,-31.760894358531143,54.96,0.032
SI,1.83,5.82,"Little, Brendon",663893,hit_into_play,L,0,0,1.53,-0.06,1.02,2.77,-5.443176556893114,-138.3069086507499,-2.154788878037776,20.829034714567,32.91588443608511,-32.6629167205706,55.05,-0.1
FC,1.58,6.19,"Little, Brendon",663893,hit_into_play,R,1,1,-0.04,0.46,-0.52,2.31,-5.332673699762832,-137.00276293941533,-5.350532905830405,0.7744801938900748,31.673178722665966,-25.33482002970529,54.68,-0.433
FC,1.71,6.17,"Little, Brendon",663893,swinging_strike,R,1,0,-0.03,0.67,-0.48,3.23,-5.53808750454856,-136.7003259410606,-3.3385198658821724,0.9495723628066692,31.38821222463279,-23.234156808595376,54.85,-0.058
KC,1.62,6.15,"Little, Brendon",663893,blocked_ball,R,0,0,-0.15,-0.75,-0.03,-0.38,-3.582969054435503,-125.89762756640212,-7.644137849749888,-0.6648787425775191,31.93438602860028,-38.27088808765763,54.68,0.042
FC,1.66,6.09,"Little, Brendon",663893,hit_into_play,R,3,0,-0.01,0.73,-0.44,2.05,-5.335687354799545,-136.1495652548113,-6.239067197716833,1.0818809330295989,30.298041861518897,-21.907948139617403,54.68,0.668
FC,1.73,6.19,"Little, Brendon",663893,ball,R,2,0,-0.15,0.52,-0.28,3.51,-4.770770725538737,-135.17243252546606,-2.175662558162857,-0.6785847108840032,30.96587419125224,-25.53586975586584,54.77,0.124
KC,1.6,6.15,"Little, Brendon",663893,blocked_ball,R,1,0,-0.09,-1.04,-0.28,0.08,-4.253127550403957,-126.4447143969661,-6.015223633158586,0.1369379003647419,32.121802995272894,-41.85938431064528,54.78,0.075
SI,1.89,5.91,"Little, Brendon",663893,ball,R,0,0,1.65,0.09,1.11,1.74,-5.666771516504408,-138.51940282540656,-5.364439228715425,22.454491745588008,34.271834887445365,-29.96235193385036,54.95,0.042
SI,1.91,6.02,"Little, Brendon",663893,ball,L,3,0,1.18,0.61,-0.03,3.57,-7.514922038980091,-136.32156735735552,-1.8356339734241256,16.489453520893747,33.67776907142465,-24.44754133907245,54.99,0.025
SI,1.81,5.97,"Little, Brendon",663893,ball,L,2,0,1.36,-0.03,-1.13,1.84,-10.51715744482115,-137.1622969178972,-4.864651807129972,19.665277059513283,34.10959465072325,-31.470784677710743,54.9,0.053
KC,1.53,6.18,"Little, Brendon",663893,ball,L,1,0,-0.34,-0.65,1.06,1.25,-0.3989569012186991,-125.56885031306336,-4.062982066681063,-3.4755366925371383,29.76537078271832,-38.21208791297397,54.81,0.024
SI,1.9,5.96,"Little, Brendon",663893,ball,L,0,0,1.4,-0.11,0.27,1.28,-7.1683200050621085,-135.5721747023575,-5.837559960541684,18.929696976816004,35.37274311024456,-32.24474730005784,54.96,0.027
SI,1.71,5.91,"Little, Brendon",663893,hit_into_play,L,0,0,1.35,-0.11,-0.08,2.34,-7.547874569346228,-137.36096157876588,-3.370149364954543,18.743775871196483,28.47731693787353,-33.08949074606835,54.93,-0.163
SI,1.97,5.83,"Little, Brendon",663893,swinging_strike,R,2,2,1.23,-0.31,0.56,1.56,-6.320999055203608,-137.75280675399048,-4.7790930353063015,17.10354407681627,28.643027386106517,-35.26807674622916,54.96,-0.204
KC,1.55,6.14,"Little, Brendon",663893,ball,R,1,2,-0.11,-0.48,1.45,3.77,-0.0084426548893334,-126.57893846462828,1.4015398491212778,-1.2188271939635595,23.259937820165653,-37.84972102955476,54.83,0.036
KC,1.47,6.16,"Little, Brendon",663893,ball,R,0,2,-0.24,-0.36,1.44,1.87,0.3922489720386209,-127.01759172341971,-3.4798294848850717,-2.657702595719816,22.828606801898516,-35.63183149241812,54.81,0.019
SI,1.74,5.81,"Little, Brendon",663893,swinging_strike,R,0,1,1.37,-0.07,0.94,1.54,-5.0634579344965776,-137.9662817473858,-5.317067965613158,18.594811042241627,28.21025704000327,-32.17228797367687,54.93,-0.047
SI,1.73,5.87,"Little, Brendon",663893,swinging_strike,R,0,0,1.27,0.01,0.07,2.71,-7.099268107947181,-138.77088355634402,-2.722794880832905,17.95742567939062,29.104893542905508,-31.69501295970187,54.95,-0.032
KC,1.51,6.21,"Little, Brendon",663893,swinging_strike_blocked,L,0,2,-0.17,-0.69,-0.96,0.26,-5.5536799871633145,-127.1451251811523,-6.637415812111279,-0.552516397848104,28.26218172676065,-38.35531407312913,54.83,-0.061
KC,1.42,6.19,"Little, Brendon",663893,foul,L,0,2,-0.1,-0.74,-0.6,1.28,-4.601235509583729,-127.36993753491988,-4.11304084857645,-0.1052394713834831,27.70983632723177,-39.55466611453572,54.77,0.0
KC,1.42,6.18,"Little, Brendon",663893,swinging_strike,L,0,1,-0.19,-0.58,-0.04,0.73,-3.089886696376138,-127.01370974772796,-5.667885575386074,-1.3815710885062056,28.479171908267027,-37.32688668603185,54.83,-0.024
SI,1.79,5.87,"Little, Brendon",663893,swinging_strike,L,0,0,1.52,0.07,0.69,1.42,-6.117368525977439,-137.17041784162654,-5.924146890391472,20.54593566092486,31.426904693435432,-30.16519653279888,55.05,-0.015
KC,1.42,6.11,"Little, Brendon",663893,hit_into_play,R,2,2,-0.14,-0.27,0.24,1.56,-2.564103027283132,-129.473753818418,-4.547737853000501,-1.0764772820419743,25.8969089689671,-34.55201699060155,54.6,-0.443
KC,1.6,6.14,"Little, Brendon",663893,ball,R,1,2,-0.04,-0.66,-0.75,-0.36,-5.603588645978275,-128.20144365029842,-8.271353701739839,0.7430709123999811,26.19585130559686,-37.94548377107898,54.6,0.142
KC,1.55,6.14,"Little, Brendon",663893,swinging_strike,R,1,1,-0.34,-0.56,-0.34,1.4,-3.867985785841164,-128.30332368794083,-4.256864961540573,-2.940574176870937,25.76324353963717,-37.69802674662926,54.76,-0.145
SI,1.94,5.85,"Little, Brendon",663893,called_strike,R,1,0,1.14,0.09,0.36,2.71,-6.614712387327676,-138.8672140040674,-2.811621431714719,16.20726075972102,31.88077423171788,-30.53621446775586,54.89,-0.132
SI,2.08,5.79,"Little, Brendon",663893,ball,R,0,0,1.23,-0.09,1.48,1.95,-4.306385767041636,-138.82646436551568,-4.248927533085591,16.947565598139093,29.369751415360305,-32.69200823844199,54.9,0.086
SI,1.94,5.9,"Little, Brendon",663893,hit_into_play,R,1,1,1.46,0.06,0.46,1.32,-7.004180995808027,-137.94952151434896,-6.344477062583645,20.161811490253665,31.30257346562004,-30.180512520261487,55.05,-0.681
KC,1.65,6.2,"Little, Brendon",663893,blocked_ball,R,0,1,-0.1,-0.59,0.12,0.66,-3.4107758817738207,-126.1970542356199,-5.817532809658033,-0.3850009550038903,25.015398017203715,-37.5026672301061,54.86,0.047
SI,1.93,5.94,"Little, Brendon",663893,called_strike,R,0,0,1.2,0.24,0.65,2.26,-5.956138884333243,-137.75494857157238,-4.441067006084014,16.63445334506086,29.349151713052,-28.40008454672393,54.83,-0.121
FC,1.69,6.2,"Little, Brendon",663893,hit_into_play,R,0,0,0.05,0.58,-0.56,2.96,-5.949197605389513,-137.93209261867503,-4.107014882019813,1.828833435162981,27.97228901102069,-24.11257637908586,54.7,0.171
SI,1.86,5.89,"Little, Brendon",663893,hit_into_play,R,1,1,1.3,-0.03,-0.22,2.58,-8.224677433403071,-138.21864130166642,-2.9578752851429497,18.446158413594755,29.65561042991672,-32.11892918371084,54.96,-0.008
SI,1.82,5.86,"Little, Brendon",663893,missed_bunt,R,1,0,1.26,0.02,-0.8,2.22,-9.570141864814016,-138.53726680490644,-4.019340807003989,18.197487034509237,25.52040359264501,-31.3241751028467,54.88,-0.075
SI,1.87,5.92,"Little, Brendon",663893,ball,R,0,0,1.39,-0.39,1.12,2.56,-4.975634445772188,-137.36783667279764,-2.1078215544515038,18.681278880082125,33.60520920457806,-36.84002331772145,54.91,0.067
SI,1.86,5.92,"Little, Brendon",663893,hit_into_play,R,2,2,1.39,0.02,-0.02,2.61,-7.8124128184082355,-136.90004769596686,-2.9097576750876355,19.14896115921199,29.599172149310508,-31.465567715598723,55.0,0.434
KC,1.55,6.25,"Little, Brendon",663893,ball,R,1,2,-0.17,-0.6,-0.31,0.86,-4.080033304034363,-127.13217962428766,-5.542781187226849,-1.0118309490618915,26.721258051251592,-37.73355719597281,54.68,0.036
FC,1.65,6.24,"Little, Brendon",663893,foul,R,1,1,-0.06,0.37,-0.32,2.32,-4.886806732270292,-136.09374564774703,-5.1879610171972965,0.1634873164735515,26.50229877880405,-26.665415374702647,54.84,-0.049
KC,1.6,6.19,"Little, Brendon",663893,ball,R,0,1,-0.37,-0.6,-0.74,-0.12,-4.839909589180159,-127.40217153589316,-7.752885101385825,-2.9055060687449976,28.258610697737463,-37.16011559211558,54.74,0.021
KC,1.55,6.28,"Little, Brendon",663893,called_strike,R,0,0,-0.41,-0.57,-0.5,1.38,-4.054094178870195,-126.92228111739628,-4.3940975670127935,-3.549945984150726,25.98958554926332,-37.68925606646558,54.94,-0.032
KC,1.39,6.27,"Little, Brendon",663893,swinging_strike,L,0,2,-0.23,-0.79,-0.72,1.32,-4.623126405349952,-128.66059661927855,-4.273648249441036,-1.4593579976103257,28.723739397848885,-40.144612776651776,54.9,-0.142
SI,1.8,5.86,"Little, Brendon",663893,called_strike,L,0,1,1.46,0.18,-0.22,1.69,-8.423634877332047,-138.18938950545706,-5.575614467368916,20.57910879232813,32.14751259998567,-28.784500222317973,55.03,-0.045
SI,1.66,5.96,"Little, Brendon",663893,called_strike,L,0,0,1.35,0.14,-0.41,3.08,-8.362004307877816,-138.8109505092225,-2.1886744546384325,19.41040257399311,32.452953672425295,-30.116042320406198,55.01,-0.042
KC,1.62,6.24,"Little, Brendon",663893,hit_into_play,R,1,0,-0.26,-0.27,0.45,2.19,-2.2537800920910573,-126.89887798159424,-3.034875286180815,-2.3310018022472647,24.82307237591648,-34.75834496265727,54.88,-0.116
KC,1.56,6.21,"Little, Brendon",663893,ball,R,0,0,-0.28,-0.24,0.05,0.65,-2.991962134269627,-125.62301753474534,-6.51268156032738,-2.398985651901113,23.759883609948723,-33.73044144514232,54.6,0.016
SI,1.81,5.85,"Little, Brendon",663893,hit_into_play,R,1,1,1.24,0.01,-0.46,2.0,-8.500820249994852,-137.49903261322712,-4.342877487916823,17.508383708472017,28.432897945704745,-31.329610421544835,55.0,-0.156
KC,1.57,6.22,"Little, Brendon",663893,ball,R,0,1,-0.4,-0.6,1.31,2.26,0.2141009686420482,-126.0417006309526,-2.0464742910237943,-4.375308286156519,24.094788573015904,-38.40472218540352,54.75,0.017
SI,1.82,5.77,"Little, Brendon",663893,called_strike,R,0,0,1.36,0.03,0.2,3.09,-7.219052796052424,-138.6503437219152,-1.4742051666206266,19.18288747515059,29.91429562018829,-31.662857764157085,54.89,-0.024
SI,1.85,5.82,"Little, Brendon",663893,hit_into_play,L,3,2,1.37,0.21,0.73,2.56,-5.949253936314329,-139.3766627361051,-3.4558463057365696,19.159703909952057,30.27573919363822,-28.821064103551087,54.9,-0.297
SI,1.89,5.83,"Little, Brendon",663893,swinging_strike,L,3,1,1.38,0.16,-0.1,1.41,-8.233123533765761,-139.0744445695725,-6.298325644005016,19.807591064953247,31.605810982726968,-28.789643106236657,54.93,-0.078
SI,1.93,5.83,"Little, Brendon",663893,ball,L,2,1,1.26,-0.2,1.3,2.65,-4.419603408040469,-138.80181281788072,-2.2503573606147005,17.250910929400845,31.340953429901923,-34.50281491665606,54.88,0.108
SI,1.89,5.79,"Little, Brendon",663893,ball,L,1,1,1.38,-0.16,1.27,1.52,-4.642019034144164,-138.82824001508715,-5.155231537407678,18.84076117261599,32.603715302825094,-33.24158242271692,54.96,0.05
SI,1.82,5.83,"Little, Brendon",663893,called_strike,L,1,0,1.44,0.16,0.6,3.39,-6.347203286060184,-139.1663742212349,-1.1651266389687716,20.10059748828265,31.03569385870247,-30.06938704593585,55.02,-0.044
SI,1.8,5.83,"Little, Brendon",663893,ball,L,0,0,1.29,0.17,-0.56,1.14,-8.924780337196173,-137.44941066748902,-6.825630069333404,18.35901358091495,30.552493778192016,-28.70857104980934,54.78,0.032
SI,1.88,6.03,"Little, Brendon",663893,ball,R,3,2,1.31,-0.11,-0.43,1.19,-8.815751572954998,-137.0995442262316,-6.559835621182158,18.48544231919765,31.29963604264173,-32.16395530931318,54.83,0.344
KC,1.53,6.36,"Little, Brendon",663893,ball,R,2,2,-0.4,-0.54,0.16,1.04,-2.4189312839457915,-126.2174976438575,-5.351042145047851,-3.780973774753861,27.277206785706493,-36.99971582347527,54.63,0.115
KC,1.56,6.45,"Little, Brendon",663893,blocked_ball,R,1,2,-0.42,-0.91,0.03,0.22,-2.794810277208952,-127.00401973109392,-6.909059661024659,-3.9680771226090505,26.331601765742697,-40.75431824910495,54.69,0.012
SI,1.92,6.04,"Little, Brendon",663893,foul,R,1,1,1.1,-0.29,-0.52,1.15,-8.833002783445739,-139.44494308025537,-6.526439679698955,16.462882096080307,35.34780846451271,-34.467317046152075,54.72,-0.116
FC,1.7,6.3,"Little, Brendon",663893,ball,R,0,1,0.03,0.48,-1.2,1.74,-7.55231022719194,-137.06620047578343,-7.17446735831515,1.9896354103654943,28.382025419394257,-24.78680935997911,54.58,0.057
SI,1.95,5.97,"Little, Brendon",663893,called_strike,R,0,0,1.32,-0.32,-0.67,1.72,-9.845773920363245,-140.50277510439696,-4.943577338992284,19.77164919541292,34.47638026666833,-35.32637102201742,54.79,-0.073
SI,1.79,5.99,"Little, Brendon",663893,hit_into_play,R,1,1,1.37,0.07,-0.22,2.17,-8.224486459926194,-138.17843958604868,-4.481447569486233,19.308697574683784,29.162306754252768,-30.460856018904884,54.86,1.055
FC,1.79,6.22,"Little, Brendon",663893,ball,R,0,1,0.2,0.56,-1.15,1.31,-8.088318086067018,-138.39911852326577,-8.487419101564855,4.244293239623992,29.399180906181407,-23.282606648782483,54.46,0.056
SI,1.9,5.96,"Little, Brendon",663893,swinging_strike,R,0,0,1.37,-0.31,0.15,1.08,-7.610493845242244,-138.96403679422335,-6.492078586799106,19.463088909353782,31.037147961381287,-34.87204881979931,54.67,-0.081
SI,1.8,6.04,"Little, Brendon",663893,hit_into_play,L,0,1,1.13,-0.03,-0.33,2.45,-8.015955763191512,-138.90134478093844,-3.770046443044351,16.29597992130668,28.05884557917467,-31.96437480465983,54.93,0.345
SI,1.8,6.0,"Little, Brendon",663893,called_strike,L,0,0,1.02,-0.13,-0.49,2.81,-8.272406409069273,-140.18375562318826,-2.5798196800707567,15.2901453592475,31.65129644793001,-33.48037255710137,54.84,-0.042
FC,1.6,6.26,"Little, Brendon",663893,blocked_ball,R,3,2,0.09,0.59,-1.44,-0.01,-8.067452647297563,-137.3154328954003,-11.919039057491544,2.7726556899542256,26.93513820904961,-22.43261591475833,54.5,0.1
SI,1.84,5.93,"Little, Brendon",663893,ball,R,2,2,1.15,-0.19,1.06,3.39,-4.573275443781679,-139.35912226964928,-0.6104774407262684,15.962619303974597,34.76304736222072,-34.70847294494288,54.96,0.043
KC,1.54,6.52,"Little, Brendon",663893,ball,R,1,2,-0.27,-0.53,2.64,3.37,3.130600497182088,-126.04224946290827,-0.275121963557271,-3.4509527240122755,24.1875522233334,-37.990168713107884,54.86,0.018
FC,1.7,6.27,"Little, Brendon",663893,foul,R,1,2,-0.02,0.45,-0.46,2.83,-5.587894013860221,-138.6093433474122,-4.450509272476328,0.7869364280572129,26.00977795541569,-25.60555391450513,54.77,0.0
KC,1.48,6.36,"Little, Brendon",663893,called_strike,R,1,1,-0.66,-0.68,0.58,2.32,-0.8035674390114764,-126.38751905467366,-2.0531732699988097,-6.831442229341399,27.07600033181344,-39.22825615099924,54.82,-0.026
SI,1.84,6.03,"Little, Brendon",663893,called_strike,R,1,0,1.03,-0.32,0.72,3.06,-5.1665954678697545,-137.89879130861692,-1.3574119529267277,14.329948639898657,31.45966430730398,-36.16089720935548,54.8,-0.019
SI,1.88,6.0,"Little, Brendon",663893,ball,R,0,0,1.24,-0.24,1.04,3.03,-4.933640612944824,-138.64622882514612,-1.6039408885989328,17.08561144512701,31.80022624051719,-35.063285282042905,54.82,0.016
SI,1.88,6.01,"Little, Brendon",663893,hit_into_play,L,0,0,1.12,0.1,0.59,2.58,-5.845414476669177,-138.25159577584964,-3.602902376078676,15.684849905314774,26.684898689128715,-30.296332394686456,54.73,-0.163
FC,1.7,6.28,"Little, Brendon",663893,hit_into_play,R,2,1,0.03,0.56,-0.41,2.35,-5.563764729146471,-138.5830443061213,-5.898634004288337,1.5886310264537291,30.560105986681684,-23.903268899914224,54.64,-0.267
SI,1.82,6.09,"Little, Brendon",663893,called_strike,R,2,0,0.98,0.11,-0.29,3.41,-7.61124714235703,-137.50820886602006,-1.5084969646963144,14.11204125186854,31.23589488618563,-30.666908384786133,54.72,-0.057
SI,1.95,6.08,"Little, Brendon",663893,ball,R,1,0,1.25,0.19,1.4,3.39,-4.208099093469452,-138.31889215982903,-1.824423544613238,17.024704868883262,29.933734303111653,-29.567149321112627,54.86,0.064
SI,1.85,5.85,"Little, Brendon",663893,hit_into_play,L,3,2,1.25,-0.06,-0.8,2.23,-9.75870663610246,-140.04444453574104,-3.8981761575599663,18.62338677488122,29.33286665176597,-32.368699455592235,54.81,-1.007
SI,1.91,5.76,"Little, Brendon",663893,foul,L,3,2,1.25,0.06,-0.14,1.98,-8.118185559006765,-138.94742484287335,-4.414583218465561,18.01521924451412,32.33180488244163,-30.52808802567512,54.83,0.0
SI,1.8,5.81,"Little, Brendon",663893,ball,L,2,2,1.17,-0.18,-1.16,1.93,-10.341744571562447,-139.5412248395514,-4.208880316293084,17.630531722566925,31.850746856856265,-33.78448909698185,54.79,0.279
SI,1.91,5.81,"Little, Brendon",663893,foul,L,2,1,1.22,-0.27,0.22,2.58,-7.101114730674382,-138.74701053626396,-2.263012369587103,17.36860613824933,28.87112222344217,-35.44040899755427,54.86,-0.122
SI,2.03,5.85,"Little, Brendon",663893,ball,L,1,1,1.28,-0.24,1.17,2.26,-5.050778136158584,-138.0429901986612,-3.184245042815304,17.5420828014479,29.064938150402824,-34.816636748662724,54.81,0.119
SI,1.84,5.91,"Little, Brendon",663893,called_strike,L,1,0,1.24,-0.18,0.78,2.65,-5.464343786102449,-138.16087560743352,-2.507249581661302,17.04431204424043,27.96249111144115,-34.188958335581034,54.94,-0.132
SI,1.8,5.86,"Little, Brendon",663893,ball,L,0,0,1.22,-0.35,0.6,3.42,-5.750268571485457,-137.38043672878658,0.0917068412836901,16.73983602383553,30.03244613769091,-36.80971008793064,54.81,0.086
KC,1.65,6.12,"Little, Brendon",663893,swinging_strike,R,3,2,-0.59,-0.7,0.8,1.13,-0.8302494927868502,-128.8981178641632,-4.641607741655933,-6.439331450528966,26.13593499886858,-39.27579716971968,54.62,-0.392
KC,1.69,6.13,"Little, Brendon",663893,blocked_ball,R,2,2,-0.64,-0.78,0.19,-0.36,-2.2986712530657907,-127.83354171787852,-7.920054407219887,-6.470649311728142,27.10278998171378,-39.22415345929928,54.5,0.115
FC,1.78,6.02,"Little, Brendon",663893,swinging_strike,R,2,1,0.07,0.65,-1.29,1.41,-8.149284853824202,-138.73873739624344,-8.008440926391668,2.3301802637206968,25.0229897941261,-22.25686720425686,54.55,-0.105
FC,1.73,6.08,"Little, Brendon",663893,ball,R,1,1,0.18,0.43,-2.0,1.65,-10.252277553449776,-140.4543587427076,-7.253901758384623,4.415506853569899,27.075824567003632,-25.08922983004172,54.63,0.064
FC,1.66,6.1,"Little, Brendon",663893,ball,R,0,1,0.31,0.8,-2.03,1.76,-10.47125571850415,-140.64387503964852,-7.898506742646584,6.120001539274844,25.56619123578557,-20.08842242979689,54.56,0.021
SI,1.98,5.75,"Little, Brendon",663893,foul,R,0,0,1.19,0.19,-0.96,2.55,-10.471024922593497,-141.0241602915052,-3.4685051708598857,18.17617881091244,30.25591835294725,-29.02274223529365,54.72,-0.047
KC,1.57,6.16,"Little, Brendon",663893,hit_into_play,L,2,2,-0.5,-0.86,0.27,2.4,-2.12217019856004,-129.39355446560714,-1.3948830664689709,-5.198082255386031,25.56784901125201,-41.77582896401853,54.77,-0.341
KC,1.5,6.19,"Little, Brendon",663893,called_strike,L,2,1,-0.43,-0.83,-0.78,2.19,-4.641655349275814,-129.34029541725803,-2.042586125595903,-3.893066208301792,25.693869124567804,-41.37364971744147,54.75,-0.074
KC,1.48,6.18,"Little, Brendon",663893,ball,L,1,1,-0.17,-0.6,-0.03,0.89,-3.2834076694681023,-127.94435821323128,-5.488368837216508,-1.2156009121050368,23.928631463127854,-38.02167711388395,54.73,0.05
SI,1.72,5.74,"Little, Brendon",663893,ball,L,0,1,1.06,-0.28,-2.81,0.21,-14.31657618050694,-140.56141830559014,-8.517871304978542,17.071046834011028,29.24811874799017,-34.11767538045104,54.73,0.057
SI,1.87,5.82,"Little, Brendon",663893,swinging_strike,L,0,0,1.15,-0.18,0.31,2.12,-6.705290855907065,-140.48133777048864,-3.87606732897714,16.77834844676797,30.09580480812927,-33.922008119671,54.73,-0.064
KC,1.8,6.23,"Little, Brendon",663893,hit_into_play,R,0,1,-0.47,-0.89,0.06,1.79,-3.246511999496175,-128.22674342862027,-2.817552838208933,-4.456201770585197,27.379479128161424,-41.54927713539746,54.69,0.442
SI,1.84,5.81,"Little, Brendon",663893,called_strike,R,0,0,1.31,-0.03,-0.15,2.37,-8.104416798829188,-138.76427954411994,-3.3197098197427226,18.74994822736114,30.968317069235763,-31.980477754916016,54.79,-0.032
KC,1.7,6.15,"Little, Brendon",663893,hit_into_play,R,2,2,-0.27,-0.53,-0.26,2.1,-4.191733864223831,-128.3602598119879,-2.5935800429221314,-2.007619149663122,28.347629956015734,-37.70518610369928,54.65,-0.728
SI,2.02,5.72,"Little, Brendon",663893,ball,R,1,2,1.36,-0.19,1.33,3.64,-4.775050678494164,-138.16503539059175,0.6918113017979595,18.415429146659385,34.318898209234135,-35.02905666867566,54.82,0.142
KC,1.66,6.14,"Little, Brendon",663893,foul,R,1,2,-0.15,-0.45,-0.23,1.08,-4.25991900013602,-128.91646428999897,-5.311100307019853,-0.7625013068453161,27.342950096745696,-36.27529602527519,54.65,0.0
KC,1.63,6.18,"Little, Brendon",663893,foul,R,1,2,-0.22,-0.47,0.55,1.43,-2.171993845136126,-129.81124010336185,-4.618057949182244,-2.019113367415672,27.90964019514321,-36.71186106372161,54.68,0.0
KC,1.76,6.21,"Little, Brendon",663893,foul,R,1,2,-0.14,-0.73,-0.29,1.22,-4.634648227889831,-127.35972341437792,-4.340521726866683,-0.5063254915850812,27.029399958854658,-39.42048474786708,54.72,0.0
KC,1.61,6.2,"Little, Brendon",663893,foul,R,1,1,-0.2,-0.54,0.16,2.44,-3.071101462791598,-127.88576700975612,-1.8666277562081717,-1.5063646857985948,27.555720042819463,-37.872180726504645,54.76,-0.145
SI,2.03,5.75,"Little, Brendon",663893,called_strike,R,1,0,1.34,-0.11,0.37,2.44,-7.314794093890413,-139.16527612465052,-2.8343391236316084,19.127024536794973,32.02067059113913,-33.12769490598754,54.75,-0.132
SI,1.99,5.8,"Little, Brendon",663893,ball,R,0,0,1.33,-0.01,-0.66,3.97,-9.97620604813067,-140.8501330552267,0.6751207167629505,19.920943788466804,31.685958769459106,-32.72249188937015,54.79,0.086
KC,1.71,6.2,"Little, Brendon",663893,hit_into_play,R,1,2,-0.11,-0.44,-0.35,1.23,-4.715113674980536,-128.0838194959139,-4.980601477202898,-0.2472805653293701,27.28144965522448,-36.110921128937896,54.78,-0.473
KC,1.64,6.18,"Little, Brendon",663893,foul,R,1,1,-0.1,-0.54,0.58,1.53,-2.310815427856107,-127.07487049995204,-3.849774267535072,-0.6249854839309279,27.09326693657821,-37.46011730778951,54.79,-0.209
KC,1.65,6.21,"Little, Brendon",663893,ball,R,0,1,-0.04,-0.49,0.94,1.14,-1.6211741129579773,-128.00734487540487,-5.136236242849165,-0.0910534042364782,26.329360781146324,-36.71433197724097,54.75,0.047
FC,1.79,6.16,"Little, Brendon",663893,foul,R,0,0,0.01,0.48,-0.48,2.44,-5.905529430517078,-138.13353938488282,-5.159902489984237,1.3943066082548343,28.623685153445663,-25.071995651350477,54.67,-0.121
KC,1.51,6.12,"Little, Brendon",663893,hit_into_play,L,1,2,-0.32,-0.58,0.28,1.48,-2.278123768577841,-126.70859567904375,-3.743139570361473,-2.903754023529724,26.919933416662623,-37.788079686303696,54.71,-0.168
KC,1.39,6.14,"Little, Brendon",663893,ball,L,0,2,-0.36,-0.52,-1.9,1.25,-7.179945553865248,-128.70289083901204,-4.701995377433244,-2.359967507566358,28.145026571619034,-37.053173526954815,54.86,0.019
KC,1.43,6.17,"Little, Brendon",663893,swinging_strike,L,0,1,-0.27,-0.46,-0.52,1.09,-4.076284045500213,-126.73405376635912,-5.032888224730562,-2.09718519718478,26.156905291186355,-36.31360472294043,54.87,-0.047
SI,1.73,5.67,"Little, Brendon",663893,called_strike,L,0,0,1.47,-0.19,0.14,1.72,-7.262636140438451,-137.0567098968689,-4.033655420166065,20.152288118999607,32.623977876848976,-33.842063079141504,55.1,-0.032
KC,1.58,6.16,"Little, Brendon",663893,hit_into_play,R,0,0,-0.19,-0.41,0.38,1.79,-2.512594476442178,-128.22606006119346,-3.676678786838262,-1.589464449454541,25.208760696703983,-36.161473214069424,54.81,-0.1
KC,1.39,6.21,"Little, Brendon",663893,swinging_strike_blocked,L,1,2,-0.36,-0.53,-1.16,0.42,-5.373455945895751,-127.63893724238588,-6.665522092194386,-2.7039735381894845,28.589549135182857,-36.59688711849038,54.76,-0.116
KC,1.36,6.21,"Little, Brendon",663893,ball,L,0,2,-0.15,-0.73,-0.44,1.42,-4.0444320220960925,-128.92469581002803,-4.029636459169429,-0.7650371468833679,28.933203641382924,-39.59132601651535,54.76,0.013
FC,1.56,6.14,"Little, Brendon",663893,called_strike,L,0,1,0.08,0.54,-0.21,3.12,-4.769168631276241,-138.3961070366016,-3.458799104510466,2.100363188485664,30.226348226929968,-24.610346620731427,54.82,-0.035
SI,1.83,5.69,"Little, Brendon",663893,called_strike,L,0,0,1.25,0.03,0.07,3.48,-7.350043707958563,-138.8691325948454,-0.2122547674163434,17.871866651396264,33.39865987307036,-31.93935444406018,54.81,-0.024
KC,1.5,6.18,"Little, Brendon",663893,swinging_strike_blocked,R,1,2,-0.3,-0.75,-1.06,0.8,-5.559316858498619,-128.63455066583617,-5.354095811669514,-1.990910362219116,29.45675271320561,-39.47131376814208,54.86,-0.168
KC,1.68,6.25,"Little, Brendon",663893,foul,R,1,1,-0.09,-0.77,0.18,2.32,-3.3719639945148714,-126.92916862811232,-1.677848301847733,-0.2340708905067287,27.85684656632561,-40.288793070267744,54.85,-0.049
SI,1.78,5.85,"Little, Brendon",663893,called_strike,R,1,0,1.51,0.15,1.0,2.9,-5.326342833070741,-137.71255500370685,-2.300563832506103,20.417133556933603,32.51525316895559,-29.94597157638175,54.96,-0.044
FC,1.69,6.05,"Little, Brendon",663893,ball,R,0,0,0.16,0.69,-0.89,2.39,-6.986811602477236,-137.2952455660689,-5.311564159764316,3.5593399851061225,29.339293202816805,-22.51112330965774,54.85,0.032
SI,1.72,5.71,"Little, Brendon",663893,swinging_strike,L,3,2,1.35,-0.15,-0.17,1.91,-7.892729964188115,-138.28178408193224,-3.932165439909354,19.118758135865164,31.760584086458326,-33.40874088857883,54.7,-0.443
SI,1.71,5.75,"Little, Brendon",663893,ball,L,2,2,1.3,-0.26,-1.38,1.54,-11.022787914443729,-139.71654220477717,-4.9516017227837645,19.44586676769933,31.085785714104745,-34.59540062902126,54.62,0.115
KC,1.35,6.16,"Little, Brendon",663893,blocked_ball,L,1,2,-0.14,-0.67,-1.69,0.73,-7.023563340470841,-128.15456465902545,-5.704053287307212,-0.2300790096733117,24.916019107966424,-38.60085966492858,54.74,0.012
SI,1.76,5.79,"Little, Brendon",663893,called_strike,L,1,1,1.49,-0.2,-0.52,2.27,-9.161154349019116,-137.45086513829736,-3.0026045825241177,20.921772866958577,30.7756903982608,-34.22923521122152,54.65,-0.116
SI,1.66,5.73,"Little, Brendon",663893,ball,L,0,1,1.06,-0.3,-1.88,1.29,-11.47377979035793,-137.58251288125788,-5.207816567163432,16.02639186983453,30.507814819462435,-34.91295683321067,54.66,0.057
SI,1.7,5.73,"Little, Brendon",663893,called_strike,L,0,0,1.33,0.09,-0.51,1.55,-8.71411576520351,-139.12689368810155,-5.59208688873458,19.144839396014763,27.96692952046408,-30.05958346496966,54.76,-0.073
SI,1.76,5.83,"Little, Brendon",663893,ball,R,3,2,1.23,0.11,1.56,3.49,-3.2142584781034227,-138.06286485376037,-0.7222793189608576,16.428922190248883,29.382390992095385,-30.75892779151764,54.78,0.184
SI,1.73,5.81,"Little, Brendon",663893,foul,R,3,2,1.18,-0.3,0.67,2.81,-5.349606794487776,-138.15241611337646,-1.4909483961228054,16.346566232595126,32.17889660766101,-35.887895508739746,54.82,0.0
SI,1.78,5.77,"Little, Brendon",663893,foul,R,3,2,1.07,0.27,-0.83,2.19,-9.075923230861674,-137.69764661137242,-4.269059719890431,15.630262620431308,29.0844947767214,-27.936770330456035,54.87,0.0
KC,1.48,6.08,"Little, Brendon",663893,blocked_ball,R,2,2,-0.31,-0.59,-0.96,-0.12,-5.240155875499477,-128.02897835589573,-7.686578462614738,-2.37357794690302,25.083754023146565,-37.33998363163721,54.65,0.071
SI,1.7,5.81,"Little, Brendon",663893,called_strike,R,2,1,1.28,0.12,-0.79,2.18,-9.401722057815714,-139.74657176919965,-4.300808081875678,18.836685751701665,28.29276405399819,-29.903660396745376,54.69,-0.067
KC,1.47,6.14,"Little, Brendon",663893,blocked_ball,R,1,1,-0.25,-0.98,-0.74,-0.07,-4.810870037992052,-128.13621631721813,-6.927207479468926,-1.786117738751864,25.35217649648885,-41.81032284193932,54.63,0.049
KC,1.5,6.18,"Little, Brendon",663893,swinging_strike,R,1,0,-0.36,-0.8,-0.09,1.18,-3.070616143356108,-127.49206729633704,-4.289643440592833,-3.32104101339348,25.218741228278542,-40.328521124298696,54.58,-0.039
KC,1.54,6.15,"Little, Brendon",663893,ball,R,0,0,-0.4,-0.64,1.02,2.08,-0.4267044319927814,-127.42194711954508,-2.359741456052172,-4.235538025652032,25.699916573448217,-38.939926826681,54.69,0.027
SI,1.82,5.7,"Little, Brendon",663893,ball,L,3,2,1.3,-0.07,0.43,1.53,-6.441549736195305,-137.91109893031984,-5.068367588770675,18.0280849616179,28.719654992835324,-32.18764475236483,54.86,0.1
SI,1.74,5.8,"Little, Brendon",663893,swinging_strike,L,3,1,1.23,-0.13,-0.05,2.32,-7.363457188243522,-138.6631034543838,-3.2179383074324788,17.497577492648716,30.1148004177518,-33.28672804472363,54.84,-0.035
SI,1.78,5.75,"Little, Brendon",663893,ball,L,2,1,1.32,0.06,1.02,3.24,-4.914318344916585,-138.93165833824915,-1.1346038483522882,18.20482862245929,29.59247066477504,-31.33877410694669,54.82,0.046
SI,1.66,5.77,"Little, Brendon",663893,called_strike,L,2,0,1.24,-0.05,-0.53,2.16,-8.406076573764672,-138.31396857252005,-3.676240920846871,17.75673341449071,29.95848476410474,-32.2153892930742,54.86,-0.022
SI,1.65,5.81,"Little, Brendon",663893,ball,L,1,0,1.23,-0.13,-1.15,1.64,-10.026794121865374,-138.69486541619997,-5.015675784160008,18.12313637572412,29.870489568178165,-32.90995526348411,54.7,0.026
KC,1.44,6.19,"Little, Brendon",663893,ball,L,0,0,-0.6,-0.8,-0.9,0.78,-4.373877818505597,-127.13062979164488,-5.191875131720078,-5.608261781793599,26.306306547282585,-39.96482270619234,54.67,0.016
KC,1.45,6.08,"Little, Brendon",663893,swinging_strike_blocked,L,1,2,-0.41,-0.55,-1.03,0.59,-5.176470958513429,-129.10286808665168,-6.213750288017751,-3.5944886670992244,25.794556570930485,-37.29408658229483,54.65,-0.116
KC,1.41,6.2,"Little, Brendon",663893,foul,L,1,1,-0.27,-0.77,-0.58,1.87,-4.208175181566504,-127.49044386683602,-2.7151609626662205,-2.0991466676042667,26.756323406870063,-40.17527581713493,54.7,-0.04
SI,1.83,5.83,"Little, Brendon",663893,called_strike,L,1,0,1.37,0.04,0.36,2.26,-6.874874497120619,-139.18662906393652,-3.858614054027498,19.34319526868712,32.33631520401549,-30.90362470898805,54.75,-0.031
KC,1.42,6.15,"Little, Brendon",663893,ball,L,0,0,-0.34,-0.7,-0.55,0.89,-4.024003800494585,-127.82606093633264,-5.139215821723721,-2.878238395471043,26.533538710200705,-38.9618055408627,54.74,0.024
KC,1.45,6.19,"Little, Brendon",663893,hit_into_play,R,0,1,-0.21,-0.73,0.29,1.02,-2.36749574806486,-127.66325878153047,-4.827032150528704,-1.7697574029779533,27.2243354327274,-39.37527280229102,54.63,-0.196
KC,1.56,6.2,"Little, Brendon",663893,swinging_strike,R,0,0,-0.59,-0.79,-1.12,1.67,-5.198987144911197,-127.5224655506125,-3.143748082104178,-5.321883741099392,27.187311255538003,-40.32201385959112,54.77,-0.032
SI,1.84,5.89,"Little, Brendon",663893,hit_into_play,L,1,0,1.18,0.09,-0.3,2.62,-8.179743346887374,-138.62058925222135,-3.2141125972952955,16.905697911090353,26.245871797891404,-30.491854527312068,54.71,-0.116
SI,1.85,5.87,"Little, Brendon",663893,ball,L,0,0,1.03,-0.29,-1.3,1.77,-10.448298855454086,-138.24592252372136,-4.434727739648979,15.373270138403107,28.180036883272507,-35.18486552655242,54.67,0.016
SI,1.93,5.88,"Little, Brendon",663893,hit_into_play,L,3,2,1.19,0.17,0.48,2.82,-6.349819019893681,-137.59002641313296,-2.7195356575821314,16.50150441939329,27.70094931381756,-29.601856174148278,54.69,0.969
KC,1.6,6.16,"Little, Brendon",663893,ball,L,2,2,-0.57,-0.87,-1.66,-0.34,-6.570340805225919,-125.63965418173292,-7.462931549490778,-4.770084494748297,24.623950412556944,-40.11785925834681,54.56,0.043
KC,1.43,6.2,"Little, Brendon",663893,ball,L,1,2,-0.54,-0.78,-1.51,0.6,-5.857976608580652,-126.1500238070704,-5.6097957366990565,-4.753350061575739,23.40262461765685,-39.66829366567472,54.77,0.018
SI,2.02,5.83,"Little, Brendon",663893,foul,L,1,1,0.94,-0.28,0.47,2.38,-6.085405430899604,-137.33073601235657,-2.7142440925538738,13.24289670240544,27.208479270497147,-35.33709170535887,54.74,-0.026
SI,1.99,5.82,"Little, Brendon",663893,ball,L,0,1,1.05,-0.27,-0.49,1.46,-8.705066921248186,-137.59135987247518,-5.10669741731024,15.21943728030312,27.274385505304384,-34.74717043100103,54.77,0.011
SI,1.91,5.86,"Little, Brendon",663893,foul,L,0,0,1.2,-0.1,-0.31,2.39,-8.45462259067919,-138.74944531928537,-3.252606162031934,17.338372783936535,29.162312520472423,-33.02207313502184,54.66,-0.015
SI,1.94,5.98,"Little, Brendon",663893,hit_into_play,R,2,0,0.83,-0.03,-0.05,2.84,-6.943009742615147,-137.08713166252718,-2.4829667448054877,11.8912731570419,24.8437012122708,-32.217877607715,54.67,-0.232
SI,1.92,5.91,"Little, Brendon",663893,ball,R,1,0,0.75,-0.16,-0.99,2.15,-9.158638282486264,-137.42587273787228,-3.7730902787249194,11.372280688018837,27.73472827677051,-33.5580530369925,54.69,0.045
SI,1.93,5.9,"Little, Brendon",663893,ball,R,0,0,0.98,-0.22,2.21,3.69,-1.4194736211529266,-136.18896172424593,0.4404400388765832,12.611315494662175,27.746939965118056,-35.16200666108028,54.85,0.024
SI,1.56,5.88,"Little, Brendon",663893,hit_into_play,L,1,0,1.22,-0.24,-0.78,1.79,-8.763474542391416,-137.85263976915215,-4.459853516383683,17.548739176012344,29.954594717562387,-34.46050769436373,54.76,-0.116
SI,1.51,5.86,"Little, Brendon",663893,ball,L,0,0,1.01,-0.08,-1.15,2.52,-9.071228025871497,-137.03368584072135,-2.813915136924825,14.600541012047444,27.79323436597068,-32.79774397117983,54.63,0.016
KC,1.48,6.23,"Little, Brendon",663893,swinging_strike_blocked,R,1,2,-0.5,-0.63,0.73,0.6,-0.7412508193820246,-123.92434054211846,-5.661524872822352,-4.996714434773073,22.928135993596367,-37.81706763167189,54.73,-0.116
KC,1.28,6.3,"Little, Brendon",663893,foul,R,1,2,-0.67,-0.79,-0.91,1.7,-3.81868928740258,-124.93646954235057,-3.055090981885336,-6.299862882217719,23.558101485095527,-40.09770157705507,54.75,0.0
FC,1.47,6.16,"Little, Brendon",663893,foul,R,1,1,-0.07,0.54,-1.15,2.76,-6.446643867012874,-133.50164297357856,-3.9292548372248697,0.5520199559809129,27.63206798998329,-25.05094264598051,54.45,-0.04
KC,1.39,6.18,"Little, Brendon",663893,ball,R,0,1,-0.57,-0.78,-1.3,-0.01,-5.237339937017342,-126.84699106225564,-7.057943493050686,-5.061658353621254,25.51969449006104,-39.410762647302434,54.76,0.017
KC,1.37,6.19,"Little, Brendon",663893,swinging_strike,R,0,0,-0.68,-0.63,-1.6,-0.25,-5.63686985035215,-125.38765738153027,-7.699373012723715,-5.919746120933307,26.437392543739524,-37.41796270941297,54.72,-0.024
KC,1.29,6.27,"Little, Brendon",663893,hit_into_play,L,0,2,-0.52,-0.51,0.76,2.55,-0.2139199093498728,-123.66707328349534,-1.408226370682614,-5.278880412460809,22.65643063046577,-37.39146704128562,54.85,-0.149
SI,1.53,5.94,"Little, Brendon",663893,foul,L,0,1,1.22,0.25,0.81,1.39,-4.54587075313201,-138.02033895265808,-6.780547327073331,16.63908354404899,27.84713756709128,-27.715674045119336,54.76,-0.047
SI,1.61,6.0,"Little, Brendon",663893,missed_bunt,L,0,0,1.16,0.05,0.76,2.43,-4.7508130783106,-137.58393801289645,-3.70727573193969,15.825469233679282,30.8024117746084,-30.88121135758513,54.85,-0.032
SI,1.61,5.77,"Little, Brendon",663893,hit_into_play,L,2,2,1.07,-0.1,-0.64,2.48,-8.171348748510157,-137.70816452674708,-2.6702753373258936,15.49547227150988,31.382631489111183,-33.00179146871636,54.77,0.141
KC,1.46,6.2,"Little, Brendon",663893,foul,L,2,2,-0.36,-0.87,0.89,2.99,-0.5970891346294728,-124.06163124466134,0.5463209063729535,-3.604745030447977,27.253295741202884,-41.49149212362236,54.82,0.0
KC,1.44,6.17,"Little, Brendon",663893,foul,L,2,2,-0.62,-0.52,-0.9,2.14,-4.216949232402454,-124.51011770804266,-2.1588550065196084,-5.606139165986908,25.83581705308753,-37.350083332590735,54.77,0.0
SI,1.78,5.75,"Little, Brendon",663893,called_strike,L,2,1,1.31,-0.24,-0.19,2.96,-7.907252751710189,-137.2962040687852,-0.9332102891140538,18.351485249868954,35.28869531041116,-35.12010868851484,54.88,-0.031
SI,1.7,5.82,"Little, Brendon",663893,ball,L,1,1,1.53,-0.15,-0.61,0.9,-9.295547577988732,-137.1915907082964,-6.61074178039841,21.475218470074545,34.752257986380826,-32.583439380338966,54.88,0.023
KC,1.36,6.15,"Little, Brendon",663893,ball,L,0,1,-0.65,-0.7,-1.0,0.68,-4.14167349861294,-122.74819727342164,-4.967107321083914,-5.821311504734379,23.70595979992863,-38.467559170692034,54.7,0.011
KC,1.42,6.17,"Little, Brendon",663893,called_strike,L,0,0,-0.81,-0.51,-0.16,3.09,-2.048298642576968,-123.22216960968714,0.1185615216023168,-7.861208771730755,23.62269730205694,-37.592992114849,54.69,-0.015
SI,1.64,5.89,"Little, Brendon",663893,hit_into_play,L,2,1,1.4,-0.2,1.06,3.08,-4.596335873365053,-137.55113065411365,-1.1321236936966534,18.82104095487245,33.50179029016722,-34.663131424723865,54.94,-0.193
KC,1.42,6.21,"Little, Brendon",663893,ball,L,1,1,-0.58,-0.63,0.55,3.73,-0.8691793377346965,-124.0665166543892,1.6924033838318313,-5.8741754892861335,24.319113391541,-39.197539735214406,54.84,0.037
SI,1.56,5.73,"Little, Brendon",663893,ball,L,0,1,1.36,-0.26,-1.87,1.5,-11.77859377810767,-136.6700717368294,-4.588137359239809,19.730915928954,31.69906890739737,-34.53217765217288,54.78,0.017
SI,1.77,5.8,"Little, Brendon",663893,called_strike,L,0,0,1.46,0.09,-0.22,2.7,-8.369437715032365,-138.42243801538137,-2.6757718319534947,20.64775745067477,30.296127835233516,-30.596567749172976,54.9,-0.024
SI,1.74,5.85,"Little, Brendon",663893,hit_into_play,L,3,2,1.53,-0.16,-0.14,2.59,-8.207531744115933,-138.06626858250334,-2.438774333538108,21.38648486069213,32.99115909261693,-33.83756050883595,54.97,-0.297
SI,1.66,5.76,"Little, Brendon",663893,ball,L,2,2,1.54,-0.11,-0.58,1.59,-9.169191029447974,-137.86102590580307,-4.889768887037371,21.687904447659275,33.02857800865231,-32.64066414131036,54.81,0.093
SI,1.78,5.87,"Little, Brendon",663893,foul,L,2,1,1.45,0.25,0.52,3.2,-6.440966744058048,-138.01385101554231,-1.8298364840532293,19.954527709455217,32.90120194592905,-28.729522620287117,54.87,-0.063
SI,1.71,5.86,"Little, Brendon",663893,ball,L,1,1,1.37,-0.12,-1.02,1.86,-10.121475432934847,-138.81551183924378,-4.57015500124994,19.97343988374591,30.365379905028483,-32.935907103083295,54.86,0.05
KC,1.49,6.19,"Little, Brendon",663893,called_strike,L,1,0,-0.64,-0.96,-0.23,2.39,-2.7823674223305552,-126.37493426920126,-0.9401400656354184,-6.234934035171625,26.30976665125641,-42.45260564582114,54.76,-0.044
SI,1.68,5.84,"Little, Brendon",663893,ball,L,0,0,1.4,0.11,-0.8,0.18,-9.452662562684326,-137.42549036402582,-9.233569711590455,19.771544244860056,30.271672400579703,-28.825992286922578,54.82,0.032
SI,1.79,5.73,"Little, Brendon",663893,hit_into_play,R,1,0,1.47,0.1,0.12,2.27,-7.473015809143457,-136.86658834363712,-3.462255785092287,20.17091145013344,29.99292962772427,-30.3238007050513,54.92,0.968
SI,1.85,5.83,"Little, Brendon",663893,ball,R,0,0,1.5,0.3,1.3,1.77,-4.630586912083886,-135.7586420629988,-5.26888461880845,19.54114071140852,29.438953930091397,-27.562947064744403,54.96,0.032
KC,1.54,6.2,"Little, Brendon",663893,swinging_strike,L,1,2,-0.45,-0.68,-1.15,2.23,-5.434982317431836,-125.79541708165809,-1.847989494654794,-3.6802742038466896,25.92178196504129,-39.267746863571865,54.77,-0.326
KC,1.31,6.2,"Little, Brendon",663893,blocked_ball,L,0,2,-0.51,-0.63,-2.5,-0.07,-8.089182110205835,-127.6400252784294,-7.718279903842349,-3.958744256854536,25.32213323537485,-37.66705714767526,54.72,0.061
SI,1.66,5.87,"Little, Brendon",663893,called_strike,L,0,1,1.44,0.07,-0.18,2.79,-7.937115990709291,-138.18688741797817,-2.549283865225493,20.15579392365849,29.40363373077595,-30.940002808449854,54.81,-0.131
SI,1.79,5.89,"Little, Brendon",663893,foul,L,0,0,1.51,-0.02,1.46,3.12,-4.151238899782132,-137.4412530237917,-1.439178750320202,20.041684453201963,31.878234709546952,-32.36352520108511,54.9,-0.081
SI,1.55,5.88,"Little, Brendon",663893,hit_into_play,R,1,1,1.64,-0.14,0.67,2.13,-5.830467786158228,-136.96830772656293,-3.5624259390905118,21.82543502133739,36.01033663052161,-33.22437340685281,54.92,-0.097
KC,1.3,6.13,"Little, Brendon",663893,ball,R,0,1,-0.83,-0.8,0.54,1.41,-0.1193347914881983,-126.09786450178888,-3.342928356279023,-8.67531479363165,29.53468585063673,-40.09118147742031,54.66,0.011
KC,1.33,6.06,"Little, Brendon",663893,swinging_strike,R,0,0,-0.67,-0.71,-1.58,-0.12,-5.5216005263639225,-125.28399506309307,-6.84504058283232,-5.648968250512696,30.13617634689787,-38.10122690178847,54.52,-0.015
SI,1.71,5.88,"Little, Brendon",663893,swinging_strike,L,2,2,1.59,0.06,0.16,1.66,-7.4688451124772435,-136.8061646271023,-5.287296433837307,21.64617454939906,30.558903553074117,-30.471209220247037,54.69,-0.142
KC,1.25,6.14,"Little, Brendon",663893,ball,L,1,2,-0.38,-0.78,-1.05,0.24,-4.62207831395509,-124.90980263774516,-6.0656700721363785,-3.0171143043360926,25.84335397286548,-39.24963389364136,54.57,0.026
KC,1.18,6.24,"Little, Brendon",663893,ball,L,0,2,-0.47,-0.73,-2.37,-0.4,-7.439068179344022,-125.58029064306308,-7.960130409632222,-3.2064030356847844,28.82377834121457,-38.18414760629702,54.6,0.013
KC,1.17,6.21,"Little, Brendon",663893,swinging_strike,L,0,1,-0.81,-0.75,-1.63,0.93,-4.937995537740365,-124.76813318707946,-4.574178195929545,-7.185244782393876,28.83572806785332,-39.0759819025247,54.62,-0.035
SI,1.65,5.9,"Little, Brendon",663893,called_strike,L,0,0,1.68,-0.12,-1.03,1.69,-10.606670595002916,-137.05672097408174,-4.8883815914843165,23.61028748483196,33.87016725348248,-32.673514848011095,54.67,-0.024
SI,1.59,5.97,"Little, Brendon",663893,hit_into_play,L,1,1,1.67,0.12,0.71,2.58,-5.880959511745605,-136.47074148820673,-3.267926571999319,22.127240302806268,30.959724622485872,-30.09727855053422,54.78,-0.216
SI,1.45,5.94,"Little, Brendon",663893,called_strike,L,1,0,1.59,0.19,-0.06,3.02,-7.313676745101167,-135.60763822497998,-2.0617642148723583,21.28356994656933,32.95902017746911,-29.636151977097438,54.7,-0.044
SI,1.56,5.97,"Little, Brendon",663893,ball,L,0,0,1.84,0.47,1.35,2.75,-4.531273613196195,-135.2699673561058,-3.3803301401684758,23.44443301902431,35.63368276035879,-25.832673104672576,54.75,0.032
SI,1.7,5.88,"Little, Brendon",663893,hit_into_play,L,0,0,1.46,0.63,0.81,3.05,-5.405846534972511,-136.00998687973913,-2.85336891349662,19.23662643473453,32.290992329881334,-23.961850244408534,55.02,-0.228
SI,1.72,5.82,"Little, Brendon",663893,hit_into_play,R,0,1,1.39,-0.13,0.03,2.8,-7.385394491302168,-137.50316739977274,-1.845476768952292,19.284179618890413,33.3797606275842,-33.5511242501246,55.0,-0.328
SI,1.7,5.87,"Little, Brendon",663893,called_strike,R,0,0,1.48,-0.07,-0.02,2.45,-7.536112739757961,-135.34213117415257,-2.753665357319244,19.89133328978682,33.39789384072325,-32.52708856749719,55.03,-0.042
KC,1.39,6.21,"Little, Brendon",663893,hit_into_play,L,1,2,-0.75,-0.95,-1.15,1.58,-4.393176841551987,-123.85746112017286,-2.5250345794416,-6.619608573690113,28.495180616921896,-41.51544801282732,54.95,0.313
SI,1.71,5.93,"Little, Brendon",663893,swinging_strike,L,1,1,1.56,0.02,0.23,2.83,-7.146551003626306,-136.1707940465507,-2.2175965999464697,21.017838332906614,34.12422865283638,-31.59230894930331,55.01,-0.04
SI,1.62,5.9,"Little, Brendon",663893,called_strike,L,1,0,1.48,-0.2,-0.64,1.46,-8.950307200840783,-136.01973102692693,-5.14814271606197,20.38561688627257,33.3859236514477,-33.50446266976597,54.93,-0.031
SI,1.76,5.88,"Little, Brendon",663893,ball,L,0,0,1.42,-0.17,1.67,2.62,-3.2922428846278238,-135.4457049265943,-2.161087241603573,18.09575583312183,32.77846384758448,-33.96000660754384,54.92,0.024
SI,1.6,5.96,"Little, Brendon",663893,hit_into_play,L,3,2,1.49,-0.11,-0.04,2.35,-7.400992382819363,-135.83682831167482,-3.221143835308115,20.15667741761396,33.083912822402844,-32.89916784636654,54.99,-0.297
SI,1.59,5.95,"Little, Brendon",663893,called_strike,L,3,1,1.58,0.21,-0.23,2.99,-8.068061414337736,-136.4393926896664,-2.311423203305879,21.5277770441415,32.15881585205304,-29.237707617382338,54.97,-0.078
SI,1.59,5.97,"Little, Brendon",663893,ball,L,2,1,1.75,0.08,0.93,2.57,-5.449711165223599,-135.3949183117269,-3.052842876648281,22.633099890826266,32.453281626251766,-30.63267259596032,54.98,0.108
SI,1.71,5.97,"Little, Brendon",663893,foul,L,2,0,1.61,0.18,0.78,1.65,-5.873894080033933,-135.6342259745257,-5.567661959258647,21.13589830206304,35.32657240539489,-28.799510043830583,54.92,-0.057
SI,1.72,5.96,"Little, Brendon",663893,ball,L,1,0,1.54,-0.21,0.68,3.75,-5.993567063935868,-136.26330555907757,0.6054975792980801,20.427106302238464,37.96657420003594,-35.15541065544641,54.92,0.064
SI,1.69,5.98,"Little, Brendon",663893,ball,L,0,0,1.62,0.3,1.0,2.79,-5.263562846861202,-135.4937406328466,-2.94145872697508,21.10263043203629,34.6836999669528,-27.958493009713926,54.95,0.032
FC,1.63,6.15,"Little, Brendon",663893,hit_into_play,R,1,1,-0.02,0.55,-0.61,2.79,-5.644727294943855,-135.3627447840116,-4.018002055421569,1.0417172212031218,30.24799485061328,-24.71937904551702,54.78,-0.217
SI,1.84,5.91,"Little, Brendon",663893,foul,R,1,0,1.54,0.07,0.16,2.06,-7.723880564749759,-137.6986941615766,-4.436576060747504,21.3303086672504,33.56416442790528,-30.390475422917294,54.81,-0.039
SI,1.88,5.78,"Little, Brendon",663893,ball,R,0,0,1.3,0.0,-0.82,1.46,-9.868835397047896,-137.87847273106595,-5.54002596342545,18.89670091500787,33.000540702914925,-31.02640138557597,54.66,0.027
SI,1.5,5.86,"Little, Brendon",663893,hit_into_play,L,0,0,1.38,0.05,-0.04,2.71,-7.000597113561239,-137.85820189971827,-2.666154708842078,19.144719977451544,30.40316019382588,-31.197729044769183,54.9,0.129
KC,1.51,6.08,"Little, Brendon",663893,hit_into_play,R,0,1,-0.29,-0.63,0.14,2.16,-2.60632118807966,-123.60812338554604,-1.5915880923269414,-2.5061893587556576,24.240069675701225,-38.53004498317156,54.82,-0.139
KC,1.48,6.1,"Little, Brendon",663893,swinging_strike,R,0,0,-0.54,-0.44,0.03,2.11,-2.302115929868453,-124.65694673521068,-2.3095652518220757,-5.268056583984196,23.073318677196337,-36.53511417115758,54.76,-0.024
SI,1.74,5.93,"Little, Brendon",663893,hit_into_play,L,1,0,1.11,0.35,0.1,3.33,-6.582311757569381,-135.75845880341214,-1.7294580931640304,15.128005383013935,27.919320770840603,-27.68906735380849,54.84,-0.26
SI,1.61,5.94,"Little, Brendon",663893,ball,L,0,0,1.07,0.06,1.91,3.92,-1.5568996892205516,-135.53196938034685,0.3982367367974461,13.560040811001851,27.37874245624115,-31.70386812493335,54.83,0.032
SI,1.77,5.81,"Little, Brendon",663893,hit_into_play,R,0,0,1.19,0.14,0.25,2.68,-6.584835283258713,-138.22091066482588,-2.8238688570725063,16.736521883428193,32.348063585304494,-29.942157453887944,54.73,-0.1
KC,1.43,6.19,"Little, Brendon",663893,swinging_strike,L,2,2,-0.45,-0.83,-0.23,1.69,-2.9861216609626644,-124.65697510091962,-2.638685615326538,-4.03606886932322,25.85860062249517,-40.44218948259941,54.91,-0.142
KC,1.47,6.2,"Little, Brendon",663893,ball,L,1,2,-0.62,-0.71,-0.06,1.27,-2.34653102155144,-124.92440906442384,-3.947809406471638,-6.009257173933071,25.06584087845596,-38.98125324694333,54.8,0.026
KC,1.46,6.09,"Little, Brendon",663893,swinging_strike,L,1,1,-0.49,-0.65,-1.18,1.34,-5.134901227210309,-123.58074021663808,-3.461105049799751,-3.985570867841417,25.127663716681,-38.29716747888664,54.91,-0.04
KC,1.57,6.09,"Little, Brendon",663893,called_strike,L,1,0,-0.58,-0.58,0.68,1.66,-0.9360059127548194,-125.18752371021571,-3.0722464549047235,-5.877065947381832,24.81617080534575,-37.9142905092537,54.95,-0.031
SI,1.77,5.8,"Little, Brendon",663893,ball,L,0,0,1.37,-0.37,1.4,2.04,-3.924384190061376,-136.1656741650931,-3.0397478157890108,17.858727619428986,33.316582451338874,-36.28071723809859,54.79,0.024
KC,1.56,6.17,"Little, Brendon",663893,hit_into_play,R,3,2,-0.4,-0.53,0.35,2.04,-2.035070733462262,-123.86005098024256,-2.317420981002156,-3.716575094360545,24.02182073538576,-37.37902427461227,54.88,-0.297
SI,1.87,5.86,"Little, Brendon",663893,foul,R,3,1,1.07,0.09,-0.32,2.7,-7.974563839603927,-137.1876935348573,-2.709644974218879,15.284635210039667,29.120149027178183,-30.693070271815152,54.8,-0.078
KC,1.52,6.14,"Little, Brendon",663893,ball,R,2,1,-0.56,-0.58,0.79,2.62,-0.5865737204499943,-124.7572285023022,-0.8872589572573597,-5.742591713505847,24.7304332147352,-38.24463372475514,55.02,0.108
KC,1.5,6.16,"Little, Brendon",663893,foul,R,2,0,-0.52,-0.59,-0.36,2.57,-3.2663936081341003,-123.44885674260202,-0.8877838519095544,-4.597663868641903,25.410207808782868,-38.18494941907612,54.99,-0.057
SI,1.78,5.72,"Little, Brendon",663893,ball,R,1,0,1.28,-0.31,1.3,1.83,-3.9834205365471353,-135.89581672999293,-3.48403246276614,16.648161151416357,32.88854920583925,-35.3721267456282,54.91,0.064
SI,1.84,5.8,"Little, Brendon",663893,ball,R,0,0,1.37,0.02,1.83,2.29,-2.9757639220281296,-135.44923815817998,-3.2210947920890485,17.50174804070718,30.6591222554626,-31.47243843410097,54.87,0.032
SI,1.63,5.92,"Little, Brendon",663893,hit_into_play,L,0,1,1.32,0.09,-0.39,2.19,-8.091565363106067,-137.3803729378195,-4.206964730057068,18.442751809608733,28.31890196714217,-30.39195434733638,54.83,-0.376
SI,1.81,5.87,"Little, Brendon",663893,foul,L,0,0,1.29,0.14,-0.24,2.15,-8.131698577710203,-137.48029254337854,-4.304664910290944,18.160253070244384,29.02290774104024,-29.703623328218853,54.76,-0.073
KC,1.45,6.14,"Little, Brendon",663893,swinging_strike,L,1,2,-0.57,-0.96,-0.59,1.31,-3.648208536702179,-124.85307497387107,-3.212952822275624,-5.193897198351222,24.878716598550817,-41.80048157418168,54.86,-0.244
KC,1.53,6.15,"Little, Brendon",663893,foul,L,1,1,-0.9,-0.8,-0.11,3.27,-2.021649773229351,-124.1390803483972,1.0816770182067534,-8.857221582911695,24.78400017605997,-40.84932303799282,54.91,-0.075
SI,1.81,5.84,"Little, Brendon",663893,called_strike,L,1,0,1.33,0.35,-0.56,1.97,-8.959833100926028,-136.49389614790493,-5.053138507267379,18.551654028208937,28.62912580539005,-26.838888233078364,54.71,-0.055
SI,1.61,5.92,"Little, Brendon",663893,ball,L,0,0,1.51,0.15,-1.42,1.54,-11.12387061024758,-137.67349920118514,-6.07543761187515,21.606675921716683,29.480890679648148,-29.075962177458333,54.84,0.044
SI,1.73,5.89,"Little, Brendon",663893,hit_into_play,R,2,0,1.37,0.13,-0.41,1.17,-8.475973068904016,-137.19519262071583,-6.835458483745056,19.105055178453423,28.681830090632783,-29.221213288381342,54.81,0.197
SI,1.78,5.87,"Little, Brendon",663893,ball,R,1,0,1.46,0.18,-0.37,0.59,-8.675204706548822,-136.28640289231456,-8.24946040046376,20.079352595416903,28.836065640192665,-28.315539248162104,54.72,0.045
KC,1.45,6.12,"Little, Brendon",663893,ball,R,0,0,-0.52,-0.86,-1.67,2.0,-6.261395688083502,-124.69072963113676,-1.7480440749761237,-4.210645960638333,23.92096254222064,-41.07110889230441,54.79,0.024
KC,1.37,6.16,"Little, Brendon",663893,foul_tip,R,2,2,-0.49,-0.86,-0.22,2.26,-2.742231309724409,-124.64559274029088,-1.2267206567764206,-4.59481677063993,24.210618858570456,-41.12476720329372,54.88,-0.204
FC,1.63,6.1,"Little, Brendon",663893,called_strike,R,2,1,-0.09,0.66,-0.09,2.43,-4.163477221695185,-134.81840189824717,-5.062453562281958,-0.3157594399164822,25.746230980489976,-23.2374203905342,54.58,-0.063
SI,1.81,5.91,"Little, Brendon",663893,called_strike,R,2,0,1.3,0.49,0.62,2.37,-5.844935862579877,-135.75860505154404,-4.384272746503572,17.302268403348542,29.25454976360064,-25.36796926238926,54.78,-0.057
SI,1.72,5.92,"Little, Brendon",663893,ball,R,1,0,1.37,0.5,0.83,1.6,-5.292102363076729,-137.29232825712108,-6.587963706736623,18.502166804207363,30.14652335992801,-24.575357224247245,54.77,0.064
SI,1.74,5.92,"Little, Brendon",663893,ball,R,0,0,1.3,0.53,0.7,3.54,-5.503786220574553,-137.04561513893745,-1.6747425716231377,17.547408374680355,28.800930943857587,-25.253879938376382,54.68,0.032
KC,1.56,6.2,"Little, Brendon",663893,foul_tip,R,0,2,-0.02,-0.81,-0.14,0.8,-3.908991465506742,-123.87265299358992,-4.653505009526736,0.6281380846903488,27.043244062051187,-39.69330840301906,54.71,-0.23
FC,1.59,6.12,"Little, Brendon",663893,swinging_strike,R,0,1,-0.03,0.49,-1.59,1.65,-7.937407436145342,-134.42153380589434,-6.570149187934151,1.348139000232896,29.271743102080663,-24.995648696513296,54.79,-0.075
SI,1.66,5.93,"Little, Brendon",663893,called_strike,R,0,0,1.41,0.34,0.18,2.84,-6.895968987633915,-137.4074193117752,-3.031698906218129,19.41754714979609,33.058579647885864,-27.43065578882948,54.94,-0.064
SI,1.59,5.97,"Little, Brendon",663893,hit_into_play,L,0,1,1.19,0.15,-0.05,3.25,-6.735824295106438,-136.0144053535335,-1.5654968800974385,16.20676606469444,31.01094079211836,-30.1668879929236,54.99,0.442
SI,1.62,5.95,"Little, Brendon",663893,called_strike,L,0,0,1.36,0.33,-0.76,1.96,-9.021296641595486,-136.03834925572397,-5.2072250917368805,18.874047107224342,30.26702094586492,-27.070599484930234,54.86,-0.032
SI,1.57,5.86,"Little, Brendon",663893,hit_into_play,R,0,0,1.55,0.14,-0.06,1.98,-7.572531576448011,-137.74561787927516,-4.629445090235862,21.470272651944235,34.58146152360388,-29.48537017355502,55.17,-0.23
SI,1.67,5.87,"Little, Brendon",663893,hit_into_play,R,3,2,1.37,-0.24,0.74,2.11,-5.386670505244286,-137.03100841813065,-3.4674144322141736,18.504716861397867,32.53524740966484,-34.55306910468507,54.92,0.098
KC,1.36,6.04,"Little, Brendon",663893,ball,R,2,2,-0.27,-0.5,-1.65,-1.87,-6.348587935778888,-121.83804702051567,-10.678426045817584,-1.1866820843045054,28.041574951807,-34.81993536756714,54.59,0.043
KC,1.31,6.17,"Little, Brendon",663893,ball,R,1,2,-0.18,-0.62,-1.97,-0.33,-7.285316970640872,-123.7683396257024,-7.561542698887295,-0.1324375144201481,28.238888054975483,-36.9487969768506,54.57,0.018
SI,1.58,5.91,"Little, Brendon",663893,foul,R,1,1,1.45,0.14,0.71,2.82,-5.384094489421123,-137.3026730057516,-2.618844640632987,19.492788488410365,32.31670705220602,-29.95151844234586,55.0,-0.026
SI,1.63,5.87,"Little, Brendon",663893,called_strike,R,1,0,1.37,-0.04,-0.16,2.98,-7.542004771915112,-136.67126539488572,-1.6322701122878729,18.85367685230897,32.928489421494305,-32.52180406321442,54.97,-0.019
SI,1.49,5.85,"Little, Brendon",663893,ball,R,0,0,1.2,0.14,0.14,3.58,-6.117716038236944,-137.6607568324839,-0.5409055474287472,16.660434911527044,30.9139457284524,-30.460078687629963,54.86,0.016
SI,1.58,5.93,"Little, Brendon",663893,hit_into_play,L,3,2,1.58,0.08,-0.71,2.25,-9.33212242950745,-137.38950161492534,-4.0106607350202985,22.063215887376543,32.59071336786353,-30.35706811200014,54.97,-0.211
SI,1.61,5.8,"Little, Brendon",663893,ball,L,2,2,1.52,-0.03,-1.43,2.4,-11.17684803128753,-137.681492200102,-3.0407285872343413,21.87865879018541,33.27635194900727,-32.05454621106445,54.8,0.069
KC,1.3,6.21,"Little, Brendon",663893,ball,L,1,2,-0.15,-0.53,-1.51,0.36,-6.265440927992405,-124.59223738478347,-6.393468202345229,-0.2675844350977099,26.416861132085216,-36.51132691061122,54.68,0.026
SI,1.42,5.95,"Little, Brendon",663893,ball,L,0,2,1.57,0.02,-1.29,2.57,-10.30617010497307,-136.7981014910101,-3.046471714348826,22.028800813332623,31.238095750065455,-31.456225984488,55.07,0.013
SI,1.61,5.89,"Little, Brendon",663893,swinging_strike,L,0,1,1.63,0.0,0.16,1.37,-7.294306419026863,-137.44810747374703,-6.0025145620499885,22.24368344848536,31.337517425486556,-30.94546813310743,54.95,-0.035
SI,1.62,5.96,"Little, Brendon",663893,called_strike,L,0,0,1.5,0.17,-0.26,1.63,-8.112534358140104,-137.47947502492028,-5.916011694844015,20.818903632117696,30.871797496539443,-28.806069938938183,54.95,-0.024
SI,2.01,5.87,"Little, Brendon",663893,hit_into_play,R,0,0,1.39,0.13,-0.27,1.81,-8.933151789931456,-137.75483816968693,-5.191950529968229,19.598370340734288,28.78840048907069,-29.591407952868405,54.75,-0.1
FC,1.91,6.09,"Little, Brendon",663893,hit_into_play,R,1,1,0.1,0.66,-0.52,2.52,-6.388409480136421,-135.1827666155972,-4.838446410902991,2.5165864920253225,26.16268090499113,-23.294045227191347,54.65,1.882
KC,1.55,6.21,"Little, Brendon",663893,ball,R,0,1,-0.25,-0.33,-2.13,0.91,-8.220969103155149,-126.0597433129934,-5.78084919405598,-1.1384163835595638,24.18530992144319,-34.742043636075685,54.59,0.03
KC,1.63,6.23,"Little, Brendon",663893,swinging_strike,R,0,0,-0.24,-0.53,-0.21,1.83,-3.870623471100716,-126.2768083192786,-3.319688023174147,-1.916606122376567,22.509095621797723,-37.53872123364388,54.69,-0.042
KC,1.56,6.22,"Little, Brendon",663893,hit_into_play,R,0,1,-0.32,-0.44,0.82,1.82,-1.1209237674009431,-125.8959521308495,-3.388949353662591,-3.1697296724311834,24.19747450722227,-36.427341886284566,54.82,-0.328
SI,1.76,5.92,"Little, Brendon",663893,called_strike,R,0,0,1.35,0.08,0.13,2.51,-7.209642693814077,-138.55091609299492,-3.4755507357922006,19.03224717414424,29.96165397872355,-30.631601022605523,54.87,-0.042
FC,1.77,6.17,"Little, Brendon",663893,hit_into_play,R,0,0,0.07,0.47,-0.53,1.77,-5.992273018576482,-135.20044572786657,-6.485023392100879,2.108456204489342,27.763952932780096,-25.204270346094034,54.76,-0.376
SI,1.89,5.93,"Little, Brendon",663893,hit_into_play,R,0,0,1.49,0.36,0.06,2.38,-7.969367941256539,-137.1752356371763,-4.305657557942365,20.59317761602392,28.22263256346112,-26.888253006592365,54.81,0.41
SI,1.61,6.14,"Little, Brendon",663893,ball,L,3,0,1.24,0.03,1.73,3.37,-2.386141031468938,-135.41964517055402,-1.3889947977642385,15.789226942997503,30.050744794750138,-31.68479573501024,54.92,0.113
SI,1.71,6.19,"Little, Brendon",663893,ball,L,2,0,1.19,-0.09,0.69,3.97,-5.166125221197544,-135.08427733029305,0.3058153649314676,15.720960745784202,30.844693441684782,-33.54297870413503,54.92,0.086
SI,1.57,6.2,"Little, Brendon",663893,ball,L,1,0,1.04,0.21,0.75,3.69,-4.311414989987446,-135.8528466906808,-1.1579510902825096,13.819006471895046,30.28380925157663,-29.55519192113487,55.05,0.045
SI,1.52,6.16,"Little, Brendon",663893,ball,L,0,0,1.09,0.02,-0.51,3.74,-7.533657371765133,-135.86237978376644,-0.507890159582484,15.12953346629975,30.921306415887187,-31.983376588675974,54.82,0.024
SI,1.56,6.11,"Little, Brendon",663893,hit_into_play,R,1,1,1.4,0.02,-0.04,1.65,-7.052450747613866,-135.67368676526564,-5.710923643916729,18.767789022243598,28.764177870509343,-30.8388440560498,55.01,-0.216
SI,1.55,6.2,"Little, Brendon",663893,foul,R,1,0,1.37,0.04,-0.98,1.51,-9.412012097508253,-135.86201735991233,-6.381103970729293,19.01654512787541,28.51868635213427,-30.414465900223156,54.85,-0.044
SI,1.53,6.06,"Little, Brendon",663893,ball,R,0,0,1.43,0.09,-0.37,1.47,-7.878323893343465,-135.06818465178262,-6.123368683922711,19.22098705838893,28.64486130855862,-29.873390411764003,54.91,0.032
KC,1.23,6.37,"Little, Brendon",663893,called_strike,L,1,2,-0.22,-0.45,0.07,2.03,-2.285809543714084,-125.99676352983992,-3.1594078794837563,-1.80628460704149,27.333944670731817,-36.49712376331723,54.89,-0.169
SI,1.5,6.13,"Little, Brendon",663893,foul,L,1,1,1.32,0.06,0.3,2.89,-5.965421495080891,-136.7799921770968,-2.78822387436784,17.940162869840673,30.137146757153165,-30.969495930070156,54.78,-0.048
SI,1.59,6.15,"Little, Brendon",663893,called_strike,L,1,0,1.57,-0.09,-0.13,2.67,-7.763988515602187,-135.7007403640178,-2.9440598821972173,21.13611167669452,30.427403290234647,-32.81954486545123,54.87,-0.039
SI,1.56,6.21,"Little, Brendon",663893,ball,L,0,0,1.4,0.07,0.71,4.27,-5.250887955168409,-137.36579822254208,0.486379766510253,18.89881238831649,30.056854997626747,-31.658527050755524,54.94,0.027
KC,1.39,6.4,"Little, Brendon",663893,swinging_strike,R,1,2,-0.18,-0.66,0.99,2.47,-0.5617926628043183,-123.83293508507543,-1.5589288601617275,-1.7839269749719475,24.87174737923096,-38.9123031418594,54.94,-0.214
FC,1.64,6.26,"Little, Brendon",663893,called_strike,R,1,1,0.13,0.73,0.58,2.11,-2.89102110251035,-133.06437057477123,-6.127445844558889,2.102867009833332,27.356687321104168,-22.426552546953964,54.86,-0.07
SI,1.7,6.14,"Little, Brendon",663893,called_strike,R,1,0,1.47,-0.1,0.28,1.78,-6.776361685131372,-136.26721734081937,-5.258836413621975,19.756594990596778,29.725776244775872,-32.47563501941345,54.96,-0.055
SI,1.7,6.2,"Little, Brendon",663893,ball,R,0,0,1.36,-0.03,0.98,3.27,-4.79914648637505,-137.61671976250503,-1.9028938500821693,18.30946364974768,29.9329240344611,-32.28738963743558,55.1,0.044
KC,1.17,6.2,"Little, Brendon",663893,hit_into_play,L,1,2,-0.17,-0.5,0.64,2.8,-0.8854778665804569,-125.77338911834134,-0.855947217246783,-1.6234105597665698,26.383565425104447,-37.50883158264321,54.75,-0.071
SI,1.67,6.06,"Little, Brendon",663893,ball,L,0,2,1.19,-0.24,1.03,4.28,-4.181763669901858,-136.41409671943842,1.6251194030741951,15.73868653729464,30.922053525979347,-35.766451913379306,55.09,0.009
SI,1.59,5.99,"Little, Brendon",663893,called_strike,L,0,1,1.33,-0.18,-0.06,3.08,-7.140913380560362,-136.96655697251327,-1.3974469041879385,18.340872771871982,31.418037567811965,-34.35969995679888,54.94,-0.024
SI,1.49,5.93,"Little, Brendon",663893,called_strike,L,0,0,1.38,-0.17,-0.28,2.18,-7.476405224012723,-136.18434556367325,-3.480610747599701,18.79195060488285,31.428365637297745,-33.73618977054914,55.02,-0.015
KC,1.16,6.17,"Little, Brendon",663893,swinging_strike_blocked,R,1,2,0.07,-0.47,-1.19,0.28,-5.706891544675655,-125.99776407910672,-6.824895107785311,1.9469069611017331,26.694900529629425,-35.94719314942416,54.61,-0.116
KC,1.36,6.12,"Little, Brendon",663893,ball,R,0,2,0.09,-0.61,-1.4,-1.28,-6.678408416567138,-125.41742483363323,-9.96089783708292,2.508763826747796,29.173751278057185,-36.414817731322536,54.66,0.013
FC,1.5,6.13,"Little, Brendon",663893,swinging_strike,R,0,1,0.04,0.61,-1.48,1.64,-7.682603970080096,-136.19284698637014,-7.1162750833864585,2.186844288145284,30.806567116585803,-23.21739465879339,54.72,-0.035
SI,1.49,5.92,"Little, Brendon",663893,called_strike,R,0,0,1.49,0.2,-0.6,2.28,-8.612800036079914,-136.95008292814288,-4.057149691669491,20.721740238197462,34.78380273099728,-28.9117728870457,54.89,-0.024
SI,1.58,5.91,"Little, Brendon",663893,hit_into_play,R,1,0,1.15,0.06,-0.77,2.77,-8.540124385575732,-136.95314788934738,-2.4788182739191766,16.46567516785524,33.413359487197084,-31.08265909576128,54.89,-0.26
SI,1.53,6.0,"Little, Brendon",663893,ball,R,0,0,1.34,-0.04,0.67,3.6,-5.104175449560147,-136.1350503806955,-0.2981945542648947,17.72959349678368,34.19218764939629,-32.8257738244842,54.89,0.032
KC,1.44,6.08,"Little, Brendon",663893,hit_into_play,L,1,2,-0.2,-0.94,-0.72,2.25,-4.660815955749103,-125.78941607419974,-0.98802473796339,-1.206908745084685,25.93882350124086,-42.16110561900376,54.94,0.784
FC,1.59,5.99,"Little, Brendon",663893,swinging_strike,L,1,1,-0.13,0.47,-1.69,2.42,-7.865147229733741,-132.57812709678183,-4.07050686412947,0.0826107503147278,26.57166883720584,-25.9413574700885,54.78,-0.075
KC,1.31,6.1,"Little, Brendon",663893,ball,L,0,1,-0.61,-0.51,-1.71,1.47,-5.947074815703573,-126.67273779455392,-3.9017742395377466,-5.45514266375417,24.58713005881954,-37.16540740301196,54.77,0.021
SI,1.69,5.82,"Little, Brendon",663893,called_strike,L,0,0,0.87,0.23,-0.35,3.05,-7.033092635375233,-135.68795102239733,-1.866375300567984,12.208954932492352,28.673839251472756,-29.10886024548912,54.96,-0.047
FC,1.62,6.02,"Little, Brendon",663893,swinging_strike,R,2,2,-0.08,0.53,0.12,3.7,-3.568171714371012,-132.94969320053008,-1.1373152383965788,-0.2048374382439382,27.395439247077405,-25.825125788960797,54.87,-0.399
KC,1.41,6.05,"Little, Brendon",663893,blocked_ball,R,1,2,-0.44,-0.79,-0.27,-0.23,-3.0518026233887574,-125.309354964635,-6.95526384230477,-3.961067397100329,26.767599366851154,-39.19822416440879,54.76,0.082
SI,1.67,5.95,"Little, Brendon",663893,called_strike,R,1,1,1.33,-0.08,0.11,3.1,-6.78364219683426,-134.34692054636915,-1.1972411525000626,17.65921684586378,32.63191019009784,-33.091416378026075,55.0,-0.105
KC,1.46,6.08,"Little, Brendon",663893,ball,R,0,1,-0.33,-1.0,0.7,1.5,-1.1333876793545627,-125.80676225315996,-2.618774253477937,-3.2167789394339503,26.5956428873634,-42.4075687776154,54.82,0.053
FC,1.59,6.01,"Little, Brendon",663893,swinging_strike,R,0,0,-0.18,0.73,-1.21,2.1,-6.688085084800189,-134.6264485846877,-5.714214954338654,-0.751583354165005,28.97275550809545,-22.236970908457945,54.76,-0.051
KC,1.39,6.11,"Little, Brendon",663893,hit_into_play,L,1,1,-0.14,-1.02,-0.26,2.65,-3.581416427335995,-124.9309796279688,0.1897620921302909,-0.6830423570621453,28.260770354002275,-43.04242968697056,54.85,0.701
SI,1.64,5.87,"Little, Brendon",663893,ball,L,0,1,1.27,-0.09,-1.35,2.29,-10.39281791871598,-136.83109983123637,-3.2944405981966263,18.268167860588743,31.76167790295813,-32.78313945130872,55.01,0.053
FC,1.67,6.05,"Little, Brendon",663893,called_strike,L,0,0,-0.05,0.61,-0.27,2.86,-4.770595609977833,-134.2036634512556,-3.5832980313856457,0.407220563858145,27.967879955712537,-24.27151255953532,54.88,-0.051
SI,1.56,5.91,"Little, Brendon",663893,hit_into_play,R,0,1,1.06,0.57,-0.19,2.04,-6.783618642340067,-136.82283678930867,-5.516405385336117,14.79232192104492,31.100260835236604,-23.951167636008574,55.02,0.66
SI,1.7,6.0,"Little, Brendon",663893,foul,R,0,0,1.26,0.1,0.32,2.67,-6.223735463799255,-135.93264575214633,-2.968629443342277,17.067029072250897,32.73615036157277,-30.39432547008404,55.02,-0.032
SI,1.64,5.89,"Little, Brendon",663893,hit_into_play,L,1,1,1.34,-0.08,-0.68,2.52,-8.815613972070002,-136.40035501258427,-2.773421853364993,18.75436884022528,31.074221460366385,-32.723510119081524,54.97,-0.316
SI,1.67,5.91,"Little, Brendon",663893,swinging_strike,L,1,0,1.3,-0.06,-0.18,2.15,-7.5727400411767745,-136.73521818395707,-3.79505704554296,18.004541750024217,32.84211347422943,-32.22023214422999,54.8,-0.054
SI,1.8,5.87,"Little, Brendon",663893,ball,L,0,0,1.32,0.1,-0.06,4.32,-7.644515302718423,-136.87066315002204,1.441545584567508,18.356244931809755,31.105121392428707,-31.50213028981277,54.96,0.035
KC,1.33,6.09,"Little, Brendon",663893,hit_into_play,L,2,2,-0.4,-0.65,-0.63,0.89,-3.850719122443543,-126.69648951710852,-4.946852934594128,-3.527370948920155,25.33577396145236,-38.38292137897195,54.86,-0.261
KC,1.37,6.1,"Little, Brendon",663893,foul,L,2,1,-0.61,-0.83,-0.41,1.64,-2.945928499058678,-125.65338147270484,-2.702996176109377,-5.882005655894389,25.63665051386716,-40.59649580874626,54.94,-0.105
SI,1.61,5.9,"Little, Brendon",663893,ball,L,1,1,1.6,0.2,-1.76,1.88,-12.175968964274432,-137.78151934592918,-5.235109490010096,23.12886431456197,30.09386327389103,-28.543320196089237,55.01,0.064
SI,1.74,5.96,"Little, Brendon",663893,called_strike,L,1,0,1.61,0.08,0.02,3.3,-7.969685857346377,-137.63091331242967,-1.4286456252614508,22.276734816968112,31.08615419080002,-31.094442720403084,54.91,-0.062
SI,1.6,5.9,"Little, Brendon",663893,ball,L,0,0,1.59,0.35,-0.91,2.57,-9.973183536342615,-138.39642342115172,-3.832420358272356,22.68190909434926,31.13190838047488,-26.95027308514916,55.0,0.036
FC,1.67,6.0,"Little, Brendon",663893,hit_into_play,R,1,1,0.04,0.7,-0.95,2.36,-6.8256500563165,-136.82512145798856,-5.283502796813762,1.8555570766741944,25.89882115814176,-22.49217886681216,54.77,1.015
SI,1.7,5.94,"Little, Brendon",663893,called_strike,R,1,0,1.45,-0.01,0.05,2.4,-7.452299766995309,-138.39079702238746,-3.53098646939568,20.292633797119954,31.72963316550064,-31.754516168488543,55.01,-0.062
SI,1.64,5.9,"Little, Brendon",663893,ball,R,0,0,1.58,-0.04,-0.78,1.22,-9.745391966604885,-138.41846765415465,-6.473955562299423,22.480432943149815,31.56995507915533,-31.38252605728605,54.9,0.036
KC,1.43,6.09,"Little, Brendon",663893,hit_into_play,L,2,2,-0.55,-0.58,-0.21,1.92,-2.780235284514916,-127.31014378486014,-2.720842897562586,-5.434027836838568,25.42766481635486,-38.18591227812911,54.8,-0.528
KC,1.38,6.12,"Little, Brendon",663893,ball,L,1,2,-0.17,-0.49,-1.58,1.13,-6.707472257038553,-127.1527792984614,-4.843697600054604,-0.5100799673620638,25.403126029597303,-36.70387699571391,54.81,0.077
SI,1.68,5.89,"Little, Brendon",663893,foul,L,1,1,1.4,0.12,0.25,3.05,-6.742037248179528,-137.67728895796094,-2.0112316225585785,19.27705745701549,28.96135081015008,-30.449415436386914,54.98,-0.078
SI,1.67,5.87,"Little, Brendon",663893,foul,L,1,0,1.46,0.12,0.37,2.08,-6.606571037880976,-138.50593731387931,-4.469493862801286,20.25771659252183,34.032742644157075,-29.73598467231101,54.86,-0.075
SI,1.75,5.86,"Little, Brendon",663893,ball,L,0,0,1.36,-0.03,-1.06,2.02,-10.204626367265064,-137.59836111264698,-4.196896355109672,19.588769699211568,32.20390851708048,-31.74001262742277,54.93,0.067
SI,1.65,5.99,"Little, Brendon",663893,hit_into_play,R,3,1,1.4,0.15,0.52,2.93,-6.011193641990947,-138.1204313453436,-2.602145174937424,19.32225920793452,33.01324727624653,-29.913788243659152,54.94,0.263
SI,1.75,5.97,"Little, Brendon",663893,ball,R,2,1,1.41,0.11,1.23,3.48,-4.449987718231288,-137.96960689815575,-1.037079271499136,19.01930703831525,33.14489371174537,-30.799083600654093,55.01,0.108
FC,1.7,5.99,"Little, Brendon",663893,ball,R,1,1,-0.08,0.52,0.81,3.42,-2.0683802327398357,-134.47715721661012,-1.8419987118191,-0.4830268782546802,28.454077229611794,-25.71465173033635,54.99,0.05
FC,1.66,6.13,"Little, Brendon",663893,ball,R,0,1,-0.12,0.54,-1.26,3.21,-7.193580686978856,-136.4223306905768,-3.0449981955123047,0.0330523291554025,28.76946501373786,-24.89550507050862,54.78,0.021
SI,1.68,5.95,"Little, Brendon",663893,called_strike,R,0,0,1.49,0.12,0.53,3.25,-6.1765531299951135,-136.93568594376617,-1.4980422423675734,20.06795831172464,34.00434976131956,-30.53587678719918,55.0,-0.032
