pitch_type,release_pos_x,release_pos_z,player_name,pitcher,description,stand,balls,strikes,pfx_x,pfx_z,plate_x,plate_z,vx0,vy0,vz0,ax,ay,az,release_pos_y,delta_run_exp
SI,-2.25,5.99,"Manoah, Alek",666201,ball,L,0,0,-0.65,1.32,1.29,2.02,10.437334198622542,-132.52882031430408,-7.01165371965988,-9.923510764472931,29.53471539235532,-15.19850023278929,53.37,0.035
SL,-2.5,5.93,"Manoah, Alek",666201,swinging_strike,R,3,2,1.19,-0.03,1.11,2.32,5.822878851001372,-117.06115697129916,-1.1464967895715923,9.520699285765792,26.11081855176436,-32.44751446896004,53.49,-0.549
FF,-2.19,6.13,"Manoah, Alek",666201,ball,R,2,2,-0.39,1.29,-0.69,5.08,4.616857286397645,-130.69815013743167,0.7042597714577272,-5.460217344747194,28.551134814227566,-17.79303141673032,53.32,0.101
CH,-2.21,6.02,"Manoah, Alek",666201,swinging_strike,R,2,1,-1.17,0.96,0.08,2.59,8.28378757227939,-130.43903785585886,-4.626137188934569,-15.021632348439196,26.077737210708296,-20.361297926814963,53.29,-0.157
SL,-2.57,5.87,"Manoah, Alek",666201,foul,R,2,0,1.09,0.2,0.49,2.51,4.722400050301059,-115.8538017004748,-1.007804567745837,8.921610371898211,21.418828282250253,-30.4052949462016,53.58,-0.073
SL,-2.42,5.88,"Manoah, Alek",666201,ball,R,1,0,1.3,-0.09,1.72,1.52,6.528154567165707,-112.47187378500682,-2.1804799694438413,9.810730556950304,20.92602575287248,-32.730624561901735,53.51,0.032
SL,-2.4,5.86,"Manoah, Alek",666201,ball,R,0,0,1.12,0.08,1.93,0.95,7.603516454463058,-117.34183266569394,-4.483820831082497,8.91736298073688,21.689233800638696,-30.80346901667366,53.54,0.063
CH,-2.14,6.08,"Manoah, Alek",666201,hit_into_play,R,1,0,-1.1,0.8,0.02,2.61,7.76362075952937,-130.51422249170736,-4.343996746758847,-14.158663784662838,27.75392951053632,-22.30783070761009,53.44,-0.363
SL,-2.67,6.03,"Manoah, Alek",666201,ball,R,0,0,1.21,0.11,-2.86,6.02,-2.5773363987311244,-110.00768008941704,6.95133817551939,10.298057164855091,19.77862132710274,-32.7659683226674,53.85,0.06
SL,-2.45,5.99,"Manoah, Alek",666201,hit_into_play,R,0,1,1.16,-0.08,0.17,2.46,3.5408229399775726,-113.75766894362016,-0.5652852913703107,9.416116641748252,21.534944964256,-32.95590239728602,53.6,0.66
CH,-2.24,6.12,"Manoah, Alek",666201,called_strike,R,0,0,-1.11,0.78,-0.66,1.65,6.337946676188386,-130.7027147055112,-6.8268794687104695,-14.023052012531297,27.06857385246047,-21.94128996419372,53.5,-0.032
SL,-2.47,5.94,"Manoah, Alek",666201,swinging_strike,L,2,2,0.81,0.03,0.96,1.96,6.256137878244794,-119.38390096725468,-2.4029620302011887,6.165061616365952,27.935853237409773,-31.566974337454383,53.57,-0.088
CH,-2.18,6.08,"Manoah, Alek",666201,ball,L,1,2,-1.29,1.21,-1.93,2.03,3.350310624037788,-127.944696387716,-6.167140793916298,-14.843671749323589,30.765369233148665,-17.814029058105884,53.67,0.018
CH,-2.27,5.99,"Manoah, Alek",666201,swinging_strike,L,1,1,-1.21,0.93,-0.82,1.4,6.099697463633195,-127.81377353065407,-6.959310377165842,-14.561123150584702,27.780047944124668,-20.726230131628,53.64,-0.026
FF,-2.24,6.17,"Manoah, Alek",666201,ball,L,0,1,-0.51,1.2,-0.6,5.24,5.319884203659635,-133.92510670428337,0.9137442027920158,-7.249496036831006,29.7034974028697,-18.236709683727334,53.62,0.011
SI,-2.23,6.14,"Manoah, Alek",666201,called_strike,L,0,0,-0.87,0.85,-0.51,1.97,6.371865984354119,-134.81700765677974,-6.789058073510012,-11.956417715612526,28.872490243806208,-20.471896512034466,53.51,-0.015
SL,-2.39,5.87,"Manoah, Alek",666201,swinging_strike,L,0,2,0.87,-0.13,0.94,1.16,5.895148933803764,-119.46300552995388,-3.8456951837543354,7.094731352188676,24.849134103457278,-32.841831011615355,53.68,-0.104
FF,-2.25,6.09,"Manoah, Alek",666201,foul,L,0,1,-0.44,1.45,0.17,2.19,7.241786358318686,-134.9545311624063,-7.456087356302127,-6.964360450475928,30.57466053142276,-13.013464091674178,53.36,-0.035
FF,-2.21,6.16,"Manoah, Alek",666201,swinging_strike,L,0,0,-0.4,1.5,-0.18,2.49,6.129236958201902,-134.8482938650768,-6.94741951288221,-6.247940272709219,29.788543875991174,-12.59198206004109,53.51,-0.024
SI,-2.35,6.15,"Manoah, Alek",666201,hit_into_play,R,2,2,-1.41,0.92,-1.3,3.16,5.824853784527594,-134.99995590873823,-3.90865298949392,-18.47998666614141,29.8162302118386,-20.23716897910619,53.69,-0.204
SI,-2.26,6.08,"Manoah, Alek",666201,foul,R,2,1,-1.08,0.9,-0.26,3.05,7.473043160915905,-132.5408939546437,-3.65087172332828,-14.380759980325031,29.365943072046232,-21.030686823351505,53.43,-0.063
SI,-2.36,6.13,"Manoah, Alek",666201,swinging_strike,R,2,0,-1.19,0.96,-1.7,1.95,4.303924958552678,-133.84092287611074,-6.947634179172741,-15.199883603510756,27.272234445367136,-19.39846349188893,53.52,-0.057
FF,-2.26,6.21,"Manoah, Alek",666201,ball,R,1,0,-0.53,1.4,-0.9,1.8,4.713435066316703,-134.87313515037098,-8.655382462180032,-7.4558536855950015,28.829590045872717,-13.418202026014349,53.43,0.064
FF,-2.34,6.21,"Manoah, Alek",666201,ball,R,0,0,-0.46,1.37,-1.06,2.55,4.264971029900276,-133.01266825838314,-6.380518543619881,-6.328891720200856,28.01918476397756,-14.793812823740195,53.52,0.032
CH,-2.27,5.66,"Manoah, Alek",666201,hit_into_play,L,0,0,-0.94,1.06,-0.19,2.82,6.958573824538871,-125.6672847358056,-2.6678096261420974,-11.425381660058305,28.45092514870254,-20.64387458231265,53.51,1.87
SL,-2.37,5.52,"Manoah, Alek",666201,ball,R,3,2,1.34,-0.23,1.69,1.04,6.408239329784449,-114.34359782443984,-2.389387846236412,10.341080469866784,23.53934716744069,-33.91903434619941,53.29,0.1
CH,-2.17,5.65,"Manoah, Alek",666201,called_strike,R,3,1,-0.94,0.78,0.78,2.7,9.420612197592122,-130.89765458311345,-3.0690051136723464,-12.66957850500096,25.761195336415337,-22.73175032677302,53.52,-0.035
SL,-2.33,5.54,"Manoah, Alek",666201,ball,R,2,1,1.45,-0.46,0.78,0.01,4.080081309533341,-113.25210256582336,-4.044613273174645,11.486789556970333,23.837397811619837,-35.50759012096709,53.25,0.046
SL,-2.39,5.62,"Manoah, Alek",666201,called_strike,R,2,0,1.23,-0.21,0.97,1.84,5.030353703432449,-113.25589401424814,-0.7846962388177574,9.56910579736126,21.594729157526636,-34.081287127758664,53.52,-0.022
SL,-2.41,5.54,"Manoah, Alek",666201,ball,R,1,0,1.29,-0.29,0.49,1.17,3.9005592091184895,-113.42675166667362,-1.9027675103485664,10.267320462390662,22.717019244759488,-34.53677525415321,53.45,0.026
SI,-2.1,5.65,"Manoah, Alek",666201,ball,R,0,0,-0.9,1.02,1.1,1.03,10.115771328699823,-132.5594076462469,-8.041070322692928,-12.768787337155318,28.395664725088764,-18.492221545370395,53.38,0.016
SL,-2.54,5.49,"Manoah, Alek",666201,hit_into_play,L,2,2,1.82,-0.32,0.3,1.98,2.87243229348922,-117.3234770175669,-0.463379768955469,16.17092790597386,23.909550316008534,-35.27870967505053,53.48,-0.142
CH,-2.2,5.67,"Manoah, Alek",666201,foul,L,2,2,-0.79,1.01,-0.36,2.6,6.066146876722927,-125.1202965305797,-3.039902481018244,-9.61083024750839,28.168647372257112,-21.22997305585029,53.36,0.0
SI,-2.14,5.84,"Manoah, Alek",666201,foul,L,2,1,-0.88,1.03,-0.2,1.78,6.911547843789201,-133.75980067520365,-6.688785005098154,-12.196580296367909,32.41049260051592,-18.512386658773853,53.53,-0.051
CH,-2.2,5.72,"Manoah, Alek",666201,ball,L,1,1,-0.85,1.29,-1.09,3.45,4.47824702544763,-126.2750971088103,-1.7834604097866884,-10.030914891675163,31.1302831264385,-18.440676983962163,53.42,0.037
CH,-2.27,5.7,"Manoah, Alek",666201,ball,L,0,1,-0.91,1.09,-1.34,3.05,4.1366635180536,-125.578722519587,-2.223483262995833,-10.497232582268245,29.97827759254762,-20.49944577739318,53.44,0.017
CH,-2.27,5.68,"Manoah, Alek",666201,foul,L,0,0,-0.94,0.79,-0.17,2.03,7.010214400391412,-125.60659633072954,-4.1289030855548985,-11.338583186722738,25.690883596720333,-23.172445823488744,53.32,-0.024
SL,-2.5,5.53,"Manoah, Alek",666201,hit_into_play,L,1,2,1.07,-0.14,-0.04,1.64,3.420923146644464,-115.53580163724573,-1.548656984619276,9.04500654110473,20.24101561583196,-33.34870813010479,53.58,-0.168
FF,-2.33,5.73,"Manoah, Alek",666201,foul,L,1,2,-0.07,1.19,-0.23,1.84,5.470532399875847,-131.08409187940134,-6.370153161853923,-1.9029763928098884,24.813517545090257,-17.271620419671024,53.44,0.0
FF,-2.13,5.79,"Manoah, Alek",666201,ball,L,0,2,-0.23,1.2,1.56,0.84,9.77721345489256,-131.10435577150463,-9.031566279184853,-4.553552822338273,25.78999658617246,-16.580202061410102,53.54,0.019
CH,-2.33,5.76,"Manoah, Alek",666201,swinging_strike,L,0,1,-1.12,1.12,-0.53,3.21,6.632633447840572,-125.33334608162212,-2.142462777364712,-13.164070584956717,24.82514920575588,-20.11293662202443,53.45,-0.047
FF,-2.24,5.83,"Manoah, Alek",666201,called_strike,L,0,0,-0.19,1.08,0.37,1.62,7.061466654765021,-132.2198783579423,-7.094768308740759,-3.6450023686349113,26.21563500813897,-18.13660239569259,53.46,-0.032
SL,-2.52,5.52,"Manoah, Alek",666201,hit_into_play,R,0,1,1.11,-0.05,0.03,2.32,3.608256246695871,-117.43245684007104,-0.3303976035157002,9.55739057147964,23.298819328994924,-32.76944704764761,53.48,-0.474
SL,-2.62,5.53,"Manoah, Alek",666201,called_strike,R,0,0,1.14,-0.33,0.12,1.71,3.929178290849868,-116.06131749784372,-1.0033377192061663,9.435332384330463,23.380419439085586,-35.14098937440555,53.47,-0.102
FF,-2.2,5.7,"Manoah, Alek",666201,hit_into_play,L,1,1,-0.08,1.27,0.85,2.35,8.105734353633585,-135.0351890316452,-5.67357194901758,-2.7285161105820017,29.104745698760844,-15.54243932622853,53.37,-0.681
SL,-2.58,5.49,"Manoah, Alek",666201,swinging_strike,L,1,0,0.81,0.01,-0.04,1.58,4.102434213086536,-116.1344404958929,-1.8489552722223297,6.491927304997334,22.95428807332458,-31.971741077546124,53.47,-0.186
CH,-2.4,5.53,"Manoah, Alek",666201,blocked_ball,L,0,0,-1.19,0.96,-0.27,0.3,7.703147945241481,-126.76855044591888,-8.403410037007019,-14.48743918725243,30.161867251559656,-20.15166438057852,53.33,0.113
CH,-2.22,5.59,"Manoah, Alek",666201,swinging_strike,R,3,2,-0.63,1.2,-0.45,2.68,5.630570476621906,-126.51028814859946,-3.240237679005297,-7.923641144049197,27.476756816485388,-18.90805164300181,53.43,-0.978
SL,-2.58,5.5,"Manoah, Alek",666201,foul,R,3,2,1.54,-0.34,0.52,2.07,3.975344460747935,-116.22949915498862,-0.1065057926762578,13.044291729043731,24.09504293995349,-35.44500224811959,53.52,0.0
SI,-2.31,5.61,"Manoah, Alek",666201,foul,R,3,2,-1.14,0.88,0.05,2.5,8.729224356613981,-135.9134577907534,-4.2564683130477405,-16.04574876170796,30.19073088864765,-20.49614601656621,53.35,0.0
SI,-2.43,5.64,"Manoah, Alek",666201,foul,R,3,2,-1.21,0.93,-0.86,2.53,6.777058692605129,-134.4743892547554,-4.126025939940096,-16.246888767473557,32.27415867877233,-20.261021017490457,53.4,0.0
SI,-2.31,5.58,"Manoah, Alek",666201,swinging_strike,R,3,1,-0.95,0.7,0.77,1.56,9.991176374740366,-133.29395016707346,-5.864955211139807,-13.466826146639074,29.4741051111264,-22.662293311609098,53.42,-0.16
FF,-2.32,5.68,"Manoah, Alek",666201,foul_tip,R,3,0,-0.14,1.44,-0.03,3.01,6.137844415539999,-132.8767789260439,-3.961472092478136,-3.0383523492113,29.09572963007868,-14.515212683804863,53.52,-0.199
SI,-2.3,5.63,"Manoah, Alek",666201,ball,R,2,0,-0.88,0.76,0.98,1.63,10.312125117028234,-132.90142595061494,-5.861694275532001,-12.697370537742364,30.217906825427907,-22.04311610350961,53.48,0.305
SI,-2.33,5.64,"Manoah, Alek",666201,ball,R,1,0,-1.17,0.91,-1.14,3.06,5.695069493258377,-135.2986767321131,-2.8329454938770056,-15.66038948133971,30.99413116484669,-20.64783489392874,53.51,0.219
SI,-2.34,5.66,"Manoah, Alek",666201,ball,R,0,0,-0.76,0.76,1.98,0.75,12.880427804253957,-134.579568706668,-8.584516360673737,-11.855271867876638,27.452309834809878,-21.11088561787666,53.31,0.036
SL,-2.38,5.49,"Manoah, Alek",666201,hit_by_pitch,L,0,2,1.09,-0.06,2.17,0.45,8.304498072449151,-119.46136979984864,-4.762891105164167,8.659704654889172,24.735194032549387,-31.926812301842222,53.45,1.216
SL,-2.49,5.56,"Manoah, Alek",666201,foul,L,0,2,0.68,-0.2,-0.02,2.34,4.121670824429515,-113.50421450677383,0.3872463065296043,5.055175696756212,21.767083609370445,-34.201093966228754,53.45,0.0
SI,-2.23,5.78,"Manoah, Alek",666201,swinging_strike,L,0,1,-0.98,0.77,-0.45,3.01,6.771312649942752,-134.97892666492598,-3.02221799526129,-13.505147614462288,29.65847627419436,-22.310431623806256,53.57,-0.121
SL,-2.47,5.61,"Manoah, Alek",666201,called_strike,L,0,0,1.1,-0.03,-0.86,2.82,1.4962552548056791,-116.60566787225868,0.5991260545873762,9.754074032846484,21.73604713991465,-32.72813401362177,53.52,-0.098
SL,-2.47,5.53,"Manoah, Alek",666201,hit_into_play,R,0,2,1.23,0.04,0.66,2.41,4.674148548205721,-117.42309234532608,-0.3020577293840156,10.425444910965432,23.348822813275092,-31.9581583521711,53.47,1.416
SL,-2.49,5.55,"Manoah, Alek",666201,foul,R,0,1,0.99,0.07,0.76,2.5,5.454311302941837,-117.89938932483628,-0.2527902246350576,8.0444520527678,24.116734581713192,-31.743951185731756,53.44,-0.121
SI,-2.26,5.71,"Manoah, Alek",666201,called_strike,R,0,0,-0.92,0.71,0.4,2.43,8.770971900086618,-132.8542256345137,-3.969291365318772,-12.667248342646886,27.02644414320784,-23.062093602778106,53.5,-0.098
SI,-2.25,5.55,"Manoah, Alek",666201,ball,L,3,2,-1.06,0.75,0.47,1.16,9.37043801782151,-134.22676739127027,-7.137556330536689,-14.746707527591097,27.80913328670076,-21.67852338394795,53.31,0.629
FF,-2.1,5.75,"Manoah, Alek",666201,ball,L,2,2,-0.1,1.25,-0.61,4.01,4.089907617633944,-135.3340750359942,-1.4635167680416004,-2.111377860039791,28.6930910924261,-16.644131959598415,53.65,0.064
CH,-2.15,5.75,"Manoah, Alek",666201,ball,L,1,2,-0.89,0.97,-1.52,3.43,3.387636172766708,-127.02782256124932,-1.438808571345079,-10.3445341931323,24.90118294749522,-21.59828757884703,53.61,0.071
SL,-2.47,5.46,"Manoah, Alek",666201,foul,L,1,2,1.22,-0.13,0.7,1.69,4.739393683297499,-116.95594434685412,-1.413358357535106,10.271017481677458,22.56276643769805,-33.335630368222304,53.77,0.0
CH,-2.08,5.74,"Manoah, Alek",666201,swinging_strike,L,1,1,-0.77,1.08,0.34,3.42,7.375389994236524,-124.91665156659327,-1.3980836524816032,-9.540463985317835,26.33600623898347,-20.78254917110666,53.5,-0.178
FF,-2.2,5.8,"Manoah, Alek",666201,ball,L,0,1,-0.13,1.29,-0.65,4.4,4.248158112717366,-133.93538517159217,-0.532375937897135,-2.3661099466327133,26.73637176033704,-16.704422466050517,53.75,0.053
SL,-2.53,5.52,"Manoah, Alek",666201,called_strike,L,0,0,0.92,0.02,-0.59,1.84,2.549155121429796,-116.33935353020804,-1.3676234488851546,7.746852794970246,24.22920359332195,-31.98161158188307,53.66,-0.097
SL,-2.6,5.55,"Manoah, Alek",666201,hit_into_play,R,1,1,1.17,-0.3,0.28,1.71,4.103265445049817,-113.98201348265584,-0.8956360114544923,9.496141140603712,20.7932879826265,-34.85599625696516,53.6,0.701
SI,-2.4,5.65,"Manoah, Alek",666201,ball,R,0,1,-1.03,0.9,-2.08,2.38,3.086609621994068,-132.90123257020184,-4.372649090793854,-12.92695713307047,26.153998766440555,-20.75001699764953,53.56,0.053
SL,-2.63,5.61,"Manoah, Alek",666201,foul,R,0,0,1.0,0.04,0.09,1.77,4.205507527864836,-117.51880385934874,-1.983953164391352,8.428223351476333,22.305414252175968,-31.622859694852824,53.58,-0.051
FF,-2.25,5.78,"Manoah, Alek",666201,hit_into_play,L,2,0,-0.43,1.28,0.2,2.76,7.258984057407464,-134.10951778356232,-4.669423523280245,-6.800321785859332,30.00632726361818,-15.855847589529688,53.46,0.532
FF,-2.22,5.92,"Manoah, Alek",666201,ball,L,1,0,-0.29,1.27,-0.81,3.63,4.30147060570124,-135.41742507043776,-2.9106722417217927,-4.521436941819869,29.56598969311529,-16.092149812904076,53.7,0.064
CH,-2.28,5.69,"Manoah, Alek",666201,ball,L,0,0,-0.92,1.16,-0.97,1.99,5.081341010244436,-126.22835760605037,-5.053710388518748,-10.903308171162324,26.88296881127739,-18.892800806727053,53.56,0.032
FF,-2.37,5.75,"Manoah, Alek",666201,ball,L,0,1,-0.47,1.35,0.37,0.73,8.161028601121783,-135.21803266827712,-10.191613574677216,-7.517492237693391,28.199759902082103,-13.53081811672634,53.49,-0.188
FF,-2.16,5.89,"Manoah, Alek",666201,called_strike,L,0,0,-0.17,1.46,-0.58,1.93,4.449075037695727,-134.89553128188294,-7.570673956451292,-2.9767165101598123,28.85515053864196,-12.942197243342257,53.7,-0.042
FF,-2.32,5.82,"Manoah, Alek",666201,hit_into_play,L,1,0,-0.36,1.45,-0.43,2.19,5.742254313285482,-136.3065033378723,-6.944080204134841,-5.694594127174853,27.632258160887943,-12.800920330260968,53.62,-0.414
SL,-2.62,5.58,"Manoah, Alek",666201,ball,L,0,0,1.25,-0.43,0.87,0.93,5.481194377412442,-118.91658159521826,-2.999015795004444,10.56598469492344,25.47735412262355,-35.767731819613985,53.8,0.044
SI,-2.36,5.71,"Manoah, Alek",666201,hit_into_play,R,0,0,-1.35,1.29,-0.9,2.37,6.896064145321516,-137.36301493388052,-5.902948292618275,-18.68717617162559,32.33445217216383,-14.757117684196416,53.58,0.266
FF,-2.26,5.86,"Manoah, Alek",666201,swinging_strike,L,1,2,-0.34,1.32,-0.61,3.39,4.980803271635302,-134.28660161194068,-3.378475540029495,-5.143831825856525,28.43285031714084,-15.604514724182888,53.61,-0.168
SL,-2.49,5.59,"Manoah, Alek",666201,foul,L,1,2,0.94,-0.04,0.46,1.51,4.895447996279537,-119.78055502502184,-2.6403170443575927,8.054222511602932,24.31654160769732,-32.251120300504454,53.78,0.0
SI,-2.15,5.72,"Manoah, Alek",666201,ball,L,0,2,-1.13,0.92,2.23,1.31,13.883862146954485,-135.32375943717958,-7.669991289829489,-16.905867712451258,30.27622064976622,-19.219940833528977,53.54,0.019
SL,-2.45,5.63,"Manoah, Alek",666201,foul,L,0,2,0.97,-0.14,0.69,1.23,5.282978817863767,-119.46606290569927,-3.117972564627785,8.12094285023011,24.84848394343695,-33.08523640504709,53.69,0.0
FF,-2.27,5.85,"Manoah, Alek",666201,foul,L,0,1,-0.06,1.46,0.75,2.3,8.005255523853537,-135.5021416375091,-6.635240984031815,-2.5796759119873,30.19622564282593,-12.94942079370814,53.46,-0.047
FF,-2.29,5.84,"Manoah, Alek",666201,called_strike,L,0,0,0.06,1.49,0.52,3.07,7.09290961976054,-133.9652098614146,-4.473907346927124,-0.8155132722709284,29.78119896063157,-13.466943470424296,53.57,-0.032
FF,-2.2,5.85,"Manoah, Alek",666201,hit_into_play,R,1,1,-0.29,1.41,-0.07,3.09,6.1700884757728325,-135.6741048414857,-4.4889316936146,-4.87450062788798,29.38646694022833,-13.908249945250931,53.63,-0.097
SI,-2.46,5.7,"Manoah, Alek",666201,ball,R,0,1,-0.9,0.74,-1.34,2.82,4.878312360465844,-135.0442857199875,-3.237445945331143,-12.038451529781623,29.40782208803945,-22.6357736246595,53.59,0.011
FF,-2.26,5.84,"Manoah, Alek",666201,called_strike,R,0,0,-0.65,1.38,-0.08,3.0,7.172588390867581,-136.48530820831886,-4.7061617718422175,-9.754082059644036,30.57539748521318,-14.090238866184992,53.62,-0.015
CH,-2.29,5.69,"Manoah, Alek",666201,hit_into_play,L,3,2,-0.83,1.16,-0.08,2.17,7.196232360471713,-127.7806492627333,-4.831167817694267,-10.663000545877235,28.112336059908618,-18.638983312436487,53.45,0.969
SI,-2.29,5.71,"Manoah, Alek",666201,foul,L,3,2,-1.04,1.07,0.12,3.87,8.632468258210887,-136.2053747694461,-1.3539987187358458,-14.890442972881983,30.21056886725968,-18.82573835993785,53.6,0.0
SI,-2.36,5.62,"Manoah, Alek",666201,foul,L,3,2,-1.33,0.8,-0.87,3.22,6.87570583617203,-136.10919363432316,-2.196345294732003,-18.07567986435313,32.90729048066801,-21.94342898085497,53.5,0.0
FF,-2.27,5.74,"Manoah, Alek",666201,swinging_strike,L,3,1,-0.36,1.4,0.03,2.91,6.808463166819912,-135.8242518994626,-4.6631030900643,-5.956475320179821,29.934985879653727,-14.070005119924476,53.47,-0.035
FF,-2.46,5.83,"Manoah, Alek",666201,ball,L,2,1,-0.39,1.48,-1.09,4.33,4.452479436289268,-136.0274094977609,-1.3742472380128912,-5.8869939034163705,30.88227073103808,-13.71571288607751,53.63,0.046
CH,-2.24,5.71,"Manoah, Alek",666201,ball,L,1,1,-0.77,1.33,0.52,0.57,8.468874994548452,-128.6239876383259,-9.350249379149552,-10.372872225862446,27.53204745570517,-15.586033443397303,53.44,0.023
CH,-2.39,5.69,"Manoah, Alek",666201,foul,L,1,0,-1.11,0.9,-0.25,1.95,7.566971018230413,-127.40314986278896,-4.773750149136339,-13.739931331915772,28.36408710444811,-21.572136252918817,53.52,-0.019
SI,-2.47,5.77,"Manoah, Alek",666201,ball,L,0,0,-1.19,0.78,-1.34,2.56,5.612196591633747,-136.24394410934065,-4.267571719211875,-16.049916156494096,32.055611843332976,-21.77196533721269,53.62,0.016
SI,-2.24,5.64,"Manoah, Alek",666201,hit_into_play,R,3,2,-1.2,0.72,0.16,2.05,8.801015910059148,-134.19440426874343,-4.889641411786122,-16.414467093732583,30.423325150303576,-22.620490473253245,53.6,-0.211
SI,-2.23,5.78,"Manoah, Alek",666201,ball,R,2,2,-1.34,0.84,1.33,0.92,12.180722638728025,-134.51065006927294,-8.522265949436186,-18.98816021021594,30.64272634665372,-20.151654083425512,53.45,0.069
SL,-2.5,5.63,"Manoah, Alek",666201,ball,R,1,2,1.23,-0.45,1.19,1.16,5.965621981489915,-118.76518380846407,-2.5053963928426857,10.211335237786416,26.427832041624477,-36.03618071562277,53.83,0.026
SL,-2.54,5.63,"Manoah, Alek",666201,foul,R,1,1,1.28,-0.25,0.26,2.64,3.8315604214589674,-117.99908568775606,0.4743671404767309,11.125217063401266,23.799474676104413,-34.800339635948184,53.88,-0.04
SI,-2.37,5.71,"Manoah, Alek",666201,ball,R,0,1,-1.13,0.82,0.2,0.09,9.190565059471814,-135.15924251797605,-10.577111482076896,-15.86615640076458,28.73816267164529,-19.97472114190973,53.48,0.017
FF,-2.33,5.82,"Manoah, Alek",666201,called_strike,R,0,0,-0.34,1.35,-0.47,2.37,5.584580676096718,-135.21474630436109,-6.094126183303316,-5.345649023496219,27.509299790017245,-14.519904446543103,53.53,-0.024
SL,-2.48,5.67,"Manoah, Alek",666201,swinging_strike,L,1,2,1.38,-0.01,1.06,1.6,5.361282272664687,-118.69288236211445,-2.532406150084825,11.884653869857877,24.04576144685823,-32.00411336789539,53.81,-0.168
SL,-2.54,5.71,"Manoah, Alek",666201,ball,L,0,2,1.45,-0.37,1.85,2.05,7.2137369272370355,-120.25106889050028,-1.0299424608843375,12.425653386536627,26.081874902044085,-35.751681549312984,53.79,0.019
CH,-2.44,5.76,"Manoah, Alek",666201,swinging_strike,L,0,1,-0.97,1.02,-0.29,1.94,7.318556060724456,-128.66693472011488,-5.411009348320926,-12.275285910085564,26.53575116374421,-19.92254858998942,53.65,-0.047
SL,-2.62,5.76,"Manoah, Alek",666201,swinging_strike,L,0,0,1.43,-0.34,1.02,1.45,5.394866105496402,-117.56330249762956,-2.2703700336349097,12.134241869445288,23.5042128989028,-35.093836154855985,53.88,-0.032
SL,-2.6,5.64,"Manoah, Alek",666201,called_strike,R,3,2,0.93,-0.3,-0.61,2.81,2.6421821263679366,-115.7862323335314,1.1410967733394568,7.832871673691633,22.23706696652774,-35.292682914630426,53.77,-0.131
SI,-2.36,5.82,"Manoah, Alek",666201,ball,R,2,2,-0.98,1.0,1.07,3.18,11.060495143219171,-135.42004279393424,-3.239066925923317,-14.490592400738135,28.743131681343726,-19.37295293946108,53.69,0.043
SL,-2.51,5.55,"Manoah, Alek",666201,ball,R,1,2,0.82,-0.07,0.71,1.34,5.6444079363802455,-116.811819367837,-2.463793920051036,6.297064483707382,23.432842992163472,-32.53624679152567,53.63,0.018
SL,-2.49,5.7,"Manoah, Alek",666201,ball,R,0,2,0.93,-0.37,1.34,1.91,6.885883929733287,-118.73621143929762,-1.1766915385393353,7.258254139383809,24.764591340262267,-35.634279474427885,53.79,0.009
SL,-2.68,5.71,"Manoah, Alek",666201,called_strike,R,0,1,0.79,-0.39,-0.52,2.26,3.2882068777470703,-116.5868113363261,-0.0756022193196188,6.406140773395423,24.89944310022636,-35.92564365670926,53.83,-0.024
FF,-2.27,5.89,"Manoah, Alek",666201,called_strike,R,0,0,-0.32,1.38,0.83,1.85,8.754557055059486,-135.17743711236614,-7.718962037241387,-5.738149588428581,28.09257452424361,-13.690369330194873,53.53,-0.015
SL,-2.66,5.67,"Manoah, Alek",666201,hit_into_play,L,2,1,1.3,-0.41,0.21,2.28,3.8927804005087534,-116.38491411504296,0.1539386255064843,10.852444599693293,25.500891561489865,-36.13526095766443,53.83,-0.193
FF,-2.51,5.94,"Manoah, Alek",666201,ball,L,1,1,-0.36,1.27,-1.03,4.14,4.598276677380094,-134.8401060508969,-1.5683532180860107,-5.366628589685508,30.81420812332569,-16.573952755298325,53.76,0.037
FF,-2.49,5.94,"Manoah, Alek",666201,ball,L,0,1,-0.29,1.34,-1.07,4.34,4.31642346808068,-134.59788215539152,-1.189725780445281,-4.514936036949816,29.663653968330312,-15.839601729771408,53.75,0.017
SI,-2.52,5.88,"Manoah, Alek",666201,foul,L,0,0,-0.9,1.01,-0.36,2.03,7.593265587058862,-135.2135089018179,-6.3993805456654425,-12.704517124196578,27.96001374479692,-18.612575777926697,53.65,-0.024
FF,-2.58,5.85,"Manoah, Alek",666201,hit_into_play,L,2,0,-0.31,1.34,-0.23,3.46,6.781003917502665,-135.0411668581255,-3.3078768342860214,-5.252679090630573,27.97953178469092,-15.233526552756732,53.72,-0.324
FF,-2.58,5.98,"Manoah, Alek",666201,ball,L,1,0,-0.15,1.07,-0.94,3.71,4.539071093753217,-134.2405343151926,-2.342761347269789,-2.743344125340098,25.679905724838974,-18.813113914573428,53.84,0.064
FF,-2.49,5.92,"Manoah, Alek",666201,ball,L,0,0,-0.52,1.03,-0.95,1.69,5.126402625508314,-135.06306731838427,-7.385544251960275,-7.4264220286636755,26.731192228416067,-18.243586712254597,53.7,0.032
SI,-2.33,5.86,"Manoah, Alek",666201,foul_tip,R,2,2,-1.13,1.18,-0.49,3.63,7.343737307211015,-135.70860077284289,-2.633659099243784,-15.572607127899644,27.226936467113585,-17.211705658097053,53.46,-0.088
SI,-2.23,5.87,"Manoah, Alek",666201,foul,R,2,2,-0.99,0.93,-0.57,2.98,6.421101059832986,-133.5479505277411,-3.527004045667744,-13.180161973144184,27.50477224857567,-20.43338451821841,53.58,0.0
SL,-2.64,5.62,"Manoah, Alek",666201,ball,R,1,2,1.03,-0.26,-1.36,1.98,0.8705854788868564,-114.90946211767024,-0.6068852030930824,8.89054977260731,22.70455514547974,-34.53523152927133,53.53,0.018
SL,-2.47,5.61,"Manoah, Alek",666201,ball,R,0,2,0.83,-0.39,2.46,0.82,9.178821027911376,-113.21766851854224,-2.6370560061330783,5.328044697604311,21.767726725398685,-35.175852880218464,53.49,0.009
SL,-2.47,5.71,"Manoah, Alek",666201,called_strike,R,0,1,0.77,-0.28,0.83,1.82,6.012469660825456,-118.2086516774709,-1.546910167277452,5.97812798243042,23.32018870514801,-34.68925228082056,53.55,-0.024
SL,-2.64,5.7,"Manoah, Alek",666201,called_strike,R,0,0,1.1,0.11,0.21,2.65,4.320184627211371,-118.31133921335358,-0.3809330102759672,9.429580944000696,24.16584265754216,-31.333831189407853,53.7,-0.015
SI,-2.27,5.77,"Manoah, Alek",666201,hit_into_play,L,0,0,-1.09,0.98,0.18,2.2,8.668675262970071,-133.8022126184823,-5.442690555545216,-14.851931265985018,26.675333133514783,-19.44971427345403,53.6,-0.163
SL,-2.47,5.68,"Manoah, Alek",666201,swinging_strike,R,2,2,1.43,-0.4,0.3,1.59,3.457872513864755,-117.0449075123166,-1.6166837022842735,12.45052705391447,22.52169298279532,-35.762637132594705,53.81,-0.204
SL,-2.5,5.6,"Manoah, Alek",666201,ball,R,1,2,0.69,0.14,1.09,0.81,6.719282377562182,-116.68793484752004,-4.212633575436541,5.067842115132368,21.42989540962225,-30.286245061137414,53.53,0.036
FF,-2.22,5.94,"Manoah, Alek",666201,foul,R,1,2,-0.57,1.21,-0.04,3.75,6.867451161952122,-134.3050575484439,-2.497206024406016,-8.173964745029625,24.37010620495392,-17.080897631528426,53.54,0.0
SL,-2.54,5.68,"Manoah, Alek",666201,swinging_strike,R,1,1,1.37,-0.53,-0.39,1.53,2.150587269177516,-114.8842708283787,-1.271928952152035,11.811241821095866,20.57054886516689,-36.85512102503098,53.76,-0.049
SL,-2.56,5.76,"Manoah, Alek",666201,swinging_strike,R,1,0,1.72,-0.3,0.8,1.61,4.113580217212136,-114.3292925474277,-1.4943029660305092,14.013869825142914,24.45151536671388,-34.711166075479845,53.69,-0.044
SI,-2.33,5.81,"Manoah, Alek",666201,ball,R,0,0,-0.92,1.08,1.24,1.18,11.153204347814697,-132.8666577664858,-8.266465470813092,-13.2632570132009,27.322420477030043,-17.745987381017702,53.35,0.032
SI,-2.3,5.85,"Manoah, Alek",666201,called_strike,L,1,2,-1.06,0.8,0.46,3.51,9.559777488197744,-135.78742609471738,-2.0492413206048328,-15.241667915478349,29.47452009141633,-22.0659287855512,53.44,-0.169
SI,-2.39,5.87,"Manoah, Alek",666201,called_strike,L,1,1,-1.12,0.8,0.22,2.7,9.21906961606509,-134.77699619064347,-4.07284083831156,-15.650443299861386,28.79432802754371,-21.762354365659387,53.57,-0.048
SI,-2.35,5.84,"Manoah, Alek",666201,swinging_strike,L,1,0,-0.97,0.83,-0.8,3.11,6.157849808654512,-134.70845515229323,-3.038190289479581,-13.106170128787484,27.569381769274457,-21.57440019415954,53.47,-0.039
SL,-2.6,5.59,"Manoah, Alek",666201,blocked_ball,L,0,0,0.92,-0.48,0.5,-0.76,5.290048517819542,-119.13371095862831,-6.91781418022261,7.784097986078985,22.63330461785999,-35.646199984214604,53.59,0.027
SL,-2.55,5.71,"Manoah, Alek",666201,hit_into_play,R,1,1,1.23,-0.17,0.27,2.12,3.9899812636301135,-117.42005873578158,-1.00948849608396,10.653679150021874,22.100139020251447,-33.77851277363207,53.45,-0.287
SI,-2.25,5.84,"Manoah, Alek",666201,ball,R,0,1,-1.27,0.65,1.25,0.74,12.014796160234136,-136.23274459267827,-9.005624646249295,-18.38779660130448,28.06262852961519,-22.263950212228664,53.53,0.031
SI,-2.25,5.85,"Manoah, Alek",666201,called_strike,R,0,0,-0.99,0.88,-0.17,1.67,7.663433110436356,-135.77356603045428,-7.038396176270807,-13.930481509647436,28.11423804100249,-19.93333184072201,53.48,-0.042
FF,-2.19,5.92,"Manoah, Alek",666201,hit_into_play,L,0,2,-0.04,1.18,0.75,3.54,7.650551174457997,-134.20190277223185,-2.8668918811536592,-2.0632778815123385,27.065160119466302,-17.444702615306664,53.62,-0.237
FF,-2.47,5.92,"Manoah, Alek",666201,called_strike,L,0,1,-0.18,1.27,-0.72,3.72,4.999957950957387,-136.79340015218406,-2.8127729878214875,-3.40647206041586,30.49441550231562,-15.80116306252425,53.53,-0.075
SL,-2.7,5.76,"Manoah, Alek",666201,called_strike,L,0,0,1.08,-0.04,-0.47,3.02,2.942224533052084,-117.26600631116123,0.6516163205969367,9.427235209718871,21.5513169882406,-32.853946677098946,53.76,-0.064
SL,-2.56,5.73,"Manoah, Alek",666201,ball,R,3,1,1.19,-0.08,1.32,2.87,6.388610452507711,-116.54508331621132,0.6017699818950135,9.456418974843771,23.646573263121933,-33.264779177514754,53.69,0.265
FF,-2.35,5.89,"Manoah, Alek",666201,called_strike,R,3,0,-0.24,1.27,-0.24,3.59,5.918720727507326,-133.3406981408261,-2.711075757740236,-4.140736931855358,28.25854567448432,-16.631025535262236,53.6,-0.083
SI,-2.56,5.78,"Manoah, Alek",666201,ball,R,2,0,-1.14,0.69,-1.24,2.81,5.880068308514174,-134.21663441532922,-3.262025222166373,-15.042304845091978,28.448824313470983,-23.31031714852309,53.73,0.133
SL,-2.59,5.72,"Manoah, Alek",666201,ball,R,1,0,1.09,-0.15,0.54,1.36,4.969854096699973,-118.88667570176015,-2.975224654334204,9.321739102120755,23.35319262056032,-33.19406736346973,53.88,0.064
CH,-2.21,5.91,"Manoah, Alek",666201,ball,R,0,0,-1.2,0.73,1.7,0.97,12.437903905615514,-131.03480747968536,-8.027677560136292,-16.266662702241852,25.2695786924788,-22.17588974995105,53.42,0.032
SL,-2.71,5.73,"Manoah, Alek",666201,hit_into_play,R,0,0,1.45,-0.02,0.5,1.96,4.435542763163226,-117.84770545035468,-1.7811105192401269,12.80215139459056,20.828596609186857,-32.264428479760696,53.8,-0.337
CH,-2.38,5.74,"Manoah, Alek",666201,swinging_strike,L,2,2,-1.02,0.65,-0.16,1.28,7.6046611106741775,-127.84505002823671,-6.122328082199366,-12.7060437727648,25.965139078440355,-23.92811822273457,53.46,-0.278
CH,-2.34,5.81,"Manoah, Alek",666201,ball,L,1,2,-0.89,0.72,-0.33,1.57,6.774841985579682,-127.94777602265764,-5.728423422076515,-11.192456454120952,26.492063783310726,-23.25155759568802,53.69,0.034
SL,-2.69,5.67,"Manoah, Alek",666201,ball,L,0,2,1.05,-0.05,0.01,1.03,4.017862871609029,-117.3920756790125,-3.6029567064592767,8.959615946677548,21.857713741282797,-32.193202229390806,53.85,0.02
SL,-2.55,5.72,"Manoah, Alek",666201,foul,L,0,2,1.43,0.05,0.97,2.79,5.226619260555957,-119.32645186789716,-0.2170808100322906,12.759795023943816,21.72133792962888,-31.828769300359664,53.85,0.0
FF,-2.47,5.98,"Manoah, Alek",666201,foul,L,0,1,-0.65,1.26,-0.94,3.12,5.456018961324939,-136.01911049085766,-4.519206023750095,-9.229328782241655,27.13134545369256,-15.636691413154356,53.54,-0.059
CH,-2.47,5.97,"Manoah, Alek",666201,foul_bunt,L,0,0,-0.55,1.21,-0.39,4.02,5.911975891224042,-121.72044459442256,-0.4381838378530983,-6.594804086122141,24.21424350925539,-20.27855942291511,53.78,-0.042
FF,-2.61,5.92,"Manoah, Alek",666201,hit_by_pitch,R,0,2,-0.22,1.33,-2.26,3.68,1.357453146740933,-133.15645418128923,-2.6599805606169338,-2.9392021540780786,28.94005563682291,-16.01526846833412,53.63,0.327
SI,-2.41,5.88,"Manoah, Alek",666201,foul,R,0,1,-0.76,0.95,-0.18,2.39,7.417063993397889,-133.77001538962048,-5.151492596558101,-10.686601939472837,26.305365487693532,-19.85624163870908,53.43,-0.035
SI,-2.29,5.87,"Manoah, Alek",666201,called_strike,R,0,0,-0.81,0.79,0.42,1.85,8.704415863620977,-133.9905842672238,-6.208211340905513,-11.52005005679443,26.528810175154888,-21.47321544341878,53.75,-0.024
FF,-2.41,5.91,"Manoah, Alek",666201,hit_into_play,L,2,1,-0.37,1.41,0.32,2.13,7.861461937369738,-135.33863274571488,-7.109062871874332,-6.098362309500068,27.155743294517308,-13.459488081980693,53.76,-0.267
FF,-2.46,6.04,"Manoah, Alek",666201,ball,L,1,1,-0.44,1.51,-1.25,3.71,4.137267650034518,-135.41693678486894,-3.5447228404742024,-6.35847574352003,29.543752540050004,-13.012148094216876,53.49,0.05
CH,-2.49,5.86,"Manoah, Alek",666201,foul,L,1,0,-0.84,1.08,0.32,1.67,8.42401420200246,-124.76529112415714,-5.910664858740609,-10.391661096993642,24.02303697946539,-19.8714842530536,53.66,-0.044
FF,-2.45,5.9,"Manoah, Alek",666201,ball,L,0,0,-0.46,1.26,0.66,0.99,8.944485792516945,-133.54704434362756,-9.456862790282951,-7.2711014399267295,26.610078272418384,-15.174961766906996,53.63,0.032
SL,-2.53,5.72,"Manoah, Alek",666201,swinging_strike,R,0,2,1.31,-0.33,1.04,1.61,5.554145616726959,-118.64515833906847,-1.9953988421458504,11.229381333482914,24.07996961984516,-35.06639964672435,53.62,-0.061
SL,-2.59,5.75,"Manoah, Alek",666201,called_strike,R,0,1,1.16,-0.51,-0.53,2.0,2.3648521725948624,-116.3025166022911,-0.5441382148700213,10.077801143478544,22.251251179333643,-36.93365366428882,53.83,-0.024
SL,-2.61,5.71,"Manoah, Alek",666201,called_strike,R,0,0,1.31,-0.4,0.33,1.48,4.0913506235495705,-117.48705200388392,-1.950199520617769,11.181540999409457,24.21127325441758,-35.6895987017299,53.69,-0.015
SL,-2.42,5.79,"Manoah, Alek",666201,hit_into_play,L,2,2,1.46,-0.1,0.85,2.3,4.580033525953687,-119.13254050736715,-1.0664199993751031,12.894067581841416,24.7159404768706,-33.1320322640777,53.79,-0.142
SI,-2.38,5.9,"Manoah, Alek",666201,foul,L,2,2,-1.04,0.65,-0.48,3.24,7.268049794086513,-136.3727202162326,-2.574460003276362,-14.629534874292265,31.99434913560772,-23.702503756477945,53.66,0.0
CH,-2.45,5.78,"Manoah, Alek",666201,called_strike,L,2,1,-0.95,0.76,-0.62,3.32,6.332143690131872,-124.86283081044978,-1.0732318350013266,-11.230663995298034,25.9381747514124,-24.250225893813912,53.53,-0.051
FF,-2.39,5.99,"Manoah, Alek",666201,ball,L,1,1,-0.63,1.34,-1.39,3.6,4.038327216442984,-137.19683919875175,-3.5051433164586765,-8.883744602722027,32.72968276408703,-14.678568498118176,53.7,0.037
SL,-2.68,5.74,"Manoah, Alek",666201,ball,L,0,1,1.4,-0.42,0.4,1.01,4.2634352435865095,-117.86134626979684,-3.0554140741321207,11.936634929732772,25.658037827384632,-35.64788566946846,53.64,0.017
FF,-2.42,5.91,"Manoah, Alek",666201,called_strike,L,0,0,-0.73,1.42,-0.12,1.91,7.579618946803968,-135.68193905822324,-7.742169060382658,-10.623357843734658,29.08755080479286,-13.07578317637366,53.66,-0.024
SL,-2.55,5.79,"Manoah, Alek",666201,hit_into_play,R,1,1,0.84,-0.07,-0.47,2.93,3.062898431207957,-117.90913460921054,0.3152594803572524,7.355395294274408,20.731001577995663,-33.07214353310231,53.9,-0.216
SI,-2.29,5.94,"Manoah, Alek",666201,ball,R,0,1,-0.6,0.99,1.54,2.93,11.289090202917931,-135.87456289084233,-4.25293416811936,-9.820677825379878,27.45726263878097,-19.102803257907457,53.7,0.021
SI,-2.34,5.93,"Manoah, Alek",666201,foul,R,0,0,-1.36,1.14,-0.67,2.31,7.364134467243645,-135.94469442910406,-6.137928757865444,-18.516337664156893,30.339645165992277,-16.878782338595435,53.7,-0.032
SI,-2.32,5.89,"Manoah, Alek",666201,hit_into_play,L,3,0,-1.12,0.63,0.42,2.52,9.500405748325054,-133.93011975492328,-4.1239288435581605,-15.51681421710841,28.79056817192787,-23.875953702919496,53.58,-0.371
CH,-2.44,5.8,"Manoah, Alek",666201,ball,L,2,0,-0.96,0.54,-0.56,0.89,6.558390794956975,-126.62858883083368,-6.810909164543707,-11.628992187238646,25.45127678350164,-25.12121224059091,53.67,0.071
CH,-2.46,5.87,"Manoah, Alek",666201,ball,L,1,0,-0.92,0.72,-0.63,3.8,6.295348552261041,-125.88794054461115,-0.1774785046618542,-11.04871431884907,25.35877356895732,-24.733379426664754,53.63,0.044
SL,-2.69,5.72,"Manoah, Alek",666201,ball,L,0,0,1.18,-0.24,-0.34,1.61,3.0256014572862835,-118.15992085665106,-2.113079519946118,10.458428148033883,23.22031505992715,-34.205446799931856,53.63,0.027
SL,-2.52,5.76,"Manoah, Alek",666201,hit_into_play,R,1,0,1.57,-0.3,0.31,2.06,3.354686613981189,-118.256155132705,-1.0154752749700755,13.912515373271477,24.99291450889676,-34.97970777051743,53.81,-0.342
SI,-2.4,5.87,"Manoah, Alek",666201,ball,R,0,0,-1.0,0.83,-0.72,3.54,6.594373607520865,-136.14834877972785,-2.1484285538551813,-13.842096170799644,28.79599899777135,-21.527068734134875,53.74,0.044
FF,-2.14,5.98,"Manoah, Alek",666201,swinging_strike,R,2,2,-0.35,1.57,0.53,3.75,7.770051188834266,-136.63832453231095,-3.540835751161403,-6.154665939802336,31.3221596618408,-12.002152111469204,53.69,-0.36
SI,-2.41,5.9,"Manoah, Alek",666201,foul,R,2,2,-1.11,0.87,-0.86,3.41,6.400902252240962,-133.7455459588405,-2.383698646902971,-14.67013486853441,29.04793520394447,-21.36575121193023,53.59,0.0
CH,-2.47,5.82,"Manoah, Alek",666201,foul,R,2,2,-1.09,1.22,-0.75,3.31,6.415819949461735,-126.29469969302228,-2.27206536321628,-13.037497915264003,27.68943797291985,-18.95201673675137,53.81,0.0
SL,-2.4,5.76,"Manoah, Alek",666201,ball,R,1,2,1.07,0.04,1.7,0.85,7.198305509180193,-118.20387768053304,-4.450661078061192,8.462218048723216,24.322857332523583,-31.0717314480702,53.8,0.077
SL,-2.67,5.7,"Manoah, Alek",666201,called_strike,R,1,1,0.99,-0.29,-0.51,2.13,2.917006914198259,-116.1342731550206,-0.5265868453309553,8.28972142929937,23.319267584761075,-34.9082488183877,53.82,-0.078
SI,-2.35,5.95,"Manoah, Alek",666201,called_strike,R,1,0,-1.03,1.18,0.66,3.2,10.128167898864294,-135.3199685098544,-3.907316848972556,-14.947924640087155,30.65989270800247,-17.00146269233313,53.54,-0.075
SI,-2.29,5.98,"Manoah, Alek",666201,ball,R,0,0,-1.38,1.01,0.1,0.95,9.197288942131884,-134.95945899132207,-9.353683011551114,-18.859987751056085,29.948717440461333,-17.906376077747918,53.85,0.067
CH,-2.37,5.92,"Manoah, Alek",666201,hit_into_play,L,0,1,-1.08,0.5,-0.18,3.02,7.437428185015828,-125.26858283644704,-1.6353944447689506,-12.899589104615233,26.553521206653805,-26.78245184159368,53.87,0.442
SL,-2.73,5.8,"Manoah, Alek",666201,called_strike,L,0,0,0.94,-0.33,0.16,2.22,4.58087901458209,-115.30295257086952,-0.353933309225801,7.399665944382565,23.753433105107785,-35.26880090510147,53.85,-0.032
SI,-2.32,5.94,"Manoah, Alek",666201,hit_into_play,R,0,0,-0.95,0.96,-0.57,2.38,6.685324917380036,-137.07847292198505,-5.743645442941093,-13.385136044153754,28.472365582576963,-19.022321695483413,53.9,-0.229
SL,-2.58,5.7,"Manoah, Alek",666201,swinging_strike,L,2,2,1.27,-0.51,0.58,0.94,4.72491525025047,-119.40898714586434,-3.156784852747907,11.003557370532512,25.761888025190967,-36.57997274927617,53.81,-0.268
SL,-2.67,5.76,"Manoah, Alek",666201,foul,L,2,2,1.18,0.19,-0.34,3.27,3.065920400610345,-121.24299406118924,0.390220134255232,10.97883079712143,24.086456095576924,-30.597669248872094,53.7,0.0
SI,-2.41,5.85,"Manoah, Alek",666201,foul,L,2,2,-1.41,0.88,0.09,2.3,9.778978966911444,-137.79808676574388,-5.6154510029332005,-20.095356602880678,30.037949901656404,-19.91898359939235,53.62,0.0
FF,-2.46,5.96,"Manoah, Alek",666201,foul,L,2,2,-0.63,1.35,-0.17,2.01,7.46535483159465,-138.10833895871275,-7.754029044573704,-9.74645881565338,30.132085805522895,-13.393094500195511,53.78,0.0
FF,-2.37,5.98,"Manoah, Alek",666201,foul,L,2,2,-0.56,1.43,-0.08,3.9,7.2539273156986415,-137.0094663640159,-2.884511937022211,-8.645661508570779,31.06655426244262,-13.679661242782668,53.71,0.0
SI,-2.37,5.93,"Manoah, Alek",666201,ball,L,1,2,-1.24,0.77,-0.72,3.89,7.069620573754082,-136.84327960394498,-1.235895479885563,-17.110681347487734,32.21452924026824,-22.524830628347686,53.84,0.054
CH,-2.4,5.82,"Manoah, Alek",666201,foul,L,1,1,-1.0,1.07,-0.17,2.65,7.5126693769410675,-126.8769402123604,-3.672793191221375,-12.425408941349229,27.991637119214936,-20.025111620876515,53.59,-0.07
CH,-2.41,5.91,"Manoah, Alek",666201,ball,L,0,1,-1.21,0.81,-1.63,3.87,4.446686351743515,-128.1006184231451,-0.5134055117631311,-14.234472180958896,27.127096836059117,-23.417236645728813,53.85,0.031
FF,-2.48,5.95,"Manoah, Alek",666201,called_strike,L,0,0,-0.53,1.34,-0.3,3.46,6.880783604165518,-136.37668507415415,-3.706608454157868,-8.030844879732816,28.444943462669876,-14.839498528491522,53.51,-0.042
SI,-2.25,6.05,"Manoah, Alek",666201,hit_by_pitch,R,2,2,-1.21,0.77,-1.59,3.48,4.472869507724507,-139.1625583375517,-2.907206648045096,-16.66269012711239,32.2450606406018,-21.679398803538643,53.91,0.288
SI,-2.45,5.97,"Manoah, Alek",666201,ball,R,1,2,-1.28,0.77,1.28,1.86,12.56894068088392,-136.19088629636843,-6.708648932352267,-18.47059388122019,26.40279920346009,-21.21039420492449,53.68,0.026
CH,-2.32,5.86,"Manoah, Alek",666201,foul,R,1,2,-0.66,0.91,0.04,2.38,7.170421867147169,-128.25053259618298,-4.333965575052429,-8.693881078316346,23.82248528603347,-21.4616602635377,53.79,0.0
SI,-2.36,5.91,"Manoah, Alek",666201,foul,R,1,2,-1.02,0.95,-0.64,2.73,6.780339715655083,-136.80675825467424,-4.661712599236935,-14.290398389167496,30.94529570214873,-19.362442722117542,53.75,0.0
SL,-2.5,5.78,"Manoah, Alek",666201,ball,R,0,2,0.7,0.17,1.84,1.42,8.583371742388316,-120.10447277533636,-3.756454950344346,5.044518631547532,23.881609143617396,-29.94332450365333,53.73,0.013
FF,-2.32,5.93,"Manoah, Alek",666201,called_strike,R,0,1,-0.21,1.4,0.65,1.6,8.397922374166315,-138.07406938109065,-8.960267615720625,-4.537286320223751,30.16199219231308,-12.44400444280742,53.28,-0.035
FF,-2.39,6.02,"Manoah, Alek",666201,called_strike,R,0,0,-0.18,1.43,0.49,1.79,7.870905296327472,-136.15586608523594,-8.38606703071666,-3.993156584910091,29.460364452921745,-12.672452775431823,53.94,-0.024
CH,-2.3,5.97,"Manoah, Alek",666201,hit_into_play,L,1,1,-0.97,0.77,-0.25,1.95,6.917078082072636,-125.804042923241,-4.960514990705741,-11.685532577553548,26.640033898154982,-23.185648818840438,53.74,-0.216
FF,-2.33,6.06,"Manoah, Alek",666201,ball,L,0,1,-0.4,1.38,0.9,3.27,9.193031283153998,-135.1457075715731,-4.428759634365645,-6.784955719150577,28.226132121950396,-14.494020922207058,53.82,0.021
FF,-2.34,6.11,"Manoah, Alek",666201,swinging_strike,L,0,0,-0.16,1.19,0.44,2.35,7.50542392435737,-134.97043162570935,-6.468686142929883,-3.4859101143143465,27.963712506173582,-16.42315148068678,53.82,-0.032
FF,-2.37,6.03,"Manoah, Alek",666201,hit_into_play,R,0,2,-0.64,1.3,-0.53,2.52,6.254051646304394,-137.21817577308417,-6.379087852357355,-9.41740288683303,28.44387204061255,-14.560615493527605,53.75,-0.061
SI,-2.46,5.9,"Manoah, Alek",666201,foul,R,0,1,-1.02,0.84,-0.78,2.78,6.609913766868607,-135.65204205326128,-4.1686358344025285,-13.949774471955378,26.959914938188152,-21.104384579897395,53.74,-0.024
FF,-2.36,6.05,"Manoah, Alek",666201,called_strike,R,0,0,-0.24,1.4,-0.46,2.53,5.542560906559171,-137.3265856838241,-6.696880208881722,-4.248436619040334,28.67249290249973,-13.10082948794384,53.68,-0.015
CH,-2.45,5.86,"Manoah, Alek",666201,hit_into_play,L,3,2,-0.9,0.77,0.08,1.39,8.163305259207132,-129.00519045280618,-6.606872116278925,-11.651582214484591,23.854070649118498,-22.4364518312755,53.63,-0.211
CH,-2.29,5.9,"Manoah, Alek",666201,foul,L,3,2,-0.63,1.21,-0.96,1.74,4.601539209353607,-128.18980166558285,-6.544989509377324,-7.934816397353569,28.244655624757797,-17.67792047720983,53.71,0.0
FF,-2.52,6.09,"Manoah, Alek",666201,ball,L,2,2,-0.06,1.34,-1.68,4.44,2.3361989282489146,-137.29676146165383,-1.581519989884549,-1.223356834851655,30.104535605983973,-15.021480023397633,53.82,0.069
SL,-2.65,5.76,"Manoah, Alek",666201,ball,L,1,2,1.07,-0.24,1.8,0.12,8.282967465745916,-122.7696854273832,-6.25341609684431,9.004439319039115,26.55362141522588,-33.38147990831229,53.81,0.026
CH,-2.46,6.01,"Manoah, Alek",666201,foul,L,1,1,-0.72,1.26,-0.64,2.73,5.947678016508834,-127.94252704874712,-4.460372969435971,-9.146538494642655,26.813964050357,-17.57464368397423,53.9,-0.04
FF,-2.48,6.04,"Manoah, Alek",666201,ball,L,0,1,-0.47,1.2,2.15,2.62,12.914747610202337,-134.8033561846251,-5.639228393483654,-8.354947867610331,26.5323458371996,-16.452473334436785,53.95,0.017
FF,-2.54,6.09,"Manoah, Alek",666201,swinging_strike,L,0,0,-0.39,1.27,-0.29,3.69,6.726237772734691,-135.68410498320964,-3.264681482102346,-6.228542748939264,28.220024618203794,-15.904462966454355,53.55,-0.024
SL,-2.62,5.93,"Manoah, Alek",666201,hit_into_play,R,1,2,1.35,-0.14,0.24,2.34,3.833410944955992,-118.5829132232059,-1.1590470385883564,11.937878935467614,23.93757804935302,-33.48826673527556,53.99,-0.168
SI,-2.64,6.03,"Manoah, Alek",666201,foul,R,1,1,-0.99,0.79,-0.51,3.52,7.750388673980801,-135.82337086551237,-2.5255055698724296,-13.870693001437427,26.556729084268515,-21.95800746972925,53.66,-0.049
FF,-2.53,6.13,"Manoah, Alek",666201,foul,R,1,0,-0.32,1.37,0.76,2.04,9.221520081702195,-135.6148707195887,-7.790206864081578,-5.953737098935304,30.23194396907744,-13.685798658907135,53.9,-0.044
FF,-2.43,6.1,"Manoah, Alek",666201,ball,R,0,0,-0.09,1.56,1.01,2.65,8.979360142096091,-133.84419528512407,-6.291105596814195,-3.1102720309486998,30.0777012917489,-12.248435731628785,53.85,0.032
SI,-2.13,5.73,"Manoah, Alek",666201,swinging_strike,R,1,2,-1.32,1.02,-1.4,2.32,4.825236121063332,-134.9744751675391,-5.2488638952853055,-17.2192998249306,28.225560960269235,-18.796999433645865,53.46,-0.071
SL,-2.24,5.61,"Manoah, Alek",666201,foul,R,1,1,0.31,0.35,-0.35,1.72,3.666945206352299,-117.58248374751275,-2.7809173912543588,2.228382195437298,20.64221210629604,-28.579533339341488,53.46,-0.026
SL,-2.63,5.57,"Manoah, Alek",666201,ball,R,0,1,1.0,-0.11,0.03,0.54,4.108622727965513,-119.31012203413265,-4.655709790046113,8.75332563435007,22.91286295453957,-32.54868387012964,53.6,0.011
SI,-2.14,5.81,"Manoah, Alek",666201,foul,R,0,0,-1.14,1.08,-0.07,3.23,7.962057337718003,-136.1416823568521,-3.299932492231214,-15.974664999059913,30.588870486446897,-18.27892815041356,53.51,-0.015
CH,-2.19,5.78,"Manoah, Alek",666201,hit_into_play,L,2,0,-1.21,1.12,-1.14,3.05,5.070811257855847,-126.46786891653016,-2.6559452587019723,-14.056668478897253,26.71899033629615,-19.854231087522848,53.47,2.434
CH,-2.14,5.75,"Manoah, Alek",666201,ball,L,1,0,-1.39,1.09,-1.0,2.1,5.775510419789958,-128.8815265862094,-5.147086108919688,-16.709910185846073,28.04289820251385,-19.19995625109125,53.41,0.087
SL,-2.61,5.61,"Manoah, Alek",666201,ball,L,0,0,1.05,0.33,-0.86,3.35,1.929208681550096,-119.14181055866786,0.9367022802777524,9.519895949729433,25.65637376912233,-29.516291302208348,53.62,0.056
CH,-2.22,5.79,"Manoah, Alek",666201,hit_into_play,L,2,0,-1.46,0.8,-1.37,3.08,5.168457648082831,-127.8954198709455,-2.186771918558703,-17.14627037601528,24.16461825975569,-23.058831325140687,53.39,-0.758
CH,-2.27,5.79,"Manoah, Alek",666201,ball,L,1,0,-1.15,0.87,-1.04,3.51,5.414392273978835,-126.99297850771804,-1.1047755157186487,-13.574099869397983,26.840155196580227,-22.802798288018263,53.46,0.096
SL,-2.51,5.56,"Manoah, Alek",666201,ball,L,0,0,0.79,-0.19,-1.17,2.35,1.4820535042846694,-116.73883460857934,-0.0148076635040486,6.947508026539508,22.58383128122816,-34.16472102854585,53.83,0.051
SL,-2.49,5.6,"Manoah, Alek",666201,hit_into_play,L,1,2,0.71,0.22,-0.81,3.18,2.457099487702377,-119.54607680201136,0.6409881912692088,6.350958416824437,22.12479481423077,-30.380121969755905,53.35,0.576
FF,-2.26,5.96,"Manoah, Alek",666201,ball,L,0,2,-0.59,1.48,-1.53,5.31,3.247355385064981,-136.57364423325427,0.7654697625293833,-8.139239818705095,28.883340976116425,-14.010429961386624,53.73,0.02
SI,-2.32,5.74,"Manoah, Alek",666201,foul,L,0,2,-1.32,0.87,-0.43,2.48,7.948282965506208,-137.4031909003066,-4.7878823558774615,-18.51465184343565,29.90199463508653,-20.256384299253007,53.65,0.0
FF,-2.26,5.9,"Manoah, Alek",666201,foul,L,0,1,-0.51,1.21,-0.12,3.56,6.722769367665111,-136.31072965182608,-3.067946371759681,-7.701082317057818,26.731985933701225,-16.572580889060394,53.61,-0.059
FF,-2.09,5.93,"Manoah, Alek",666201,called_strike,L,0,0,-0.52,1.47,-0.58,2.22,5.071250783926735,-136.3105498134144,-7.167303954922408,-7.623053026575692,28.918184367809623,-12.408528487756538,53.84,-0.042
FF,-2.29,5.8,"Manoah, Alek",666201,hit_into_play,L,1,1,-0.62,1.4,-0.47,2.47,6.255875143506228,-138.44224707429032,-6.3467983650229,-9.35424365813576,28.346850630207975,-12.864695807552032,53.62,0.299
CH,-2.16,5.8,"Manoah, Alek",666201,ball,L,0,1,-0.99,1.29,0.82,1.3,9.417563036560074,-128.24633541244577,-7.666635849087418,-12.795681801927564,23.856235276619685,-16.54459926661044,53.56,0.017
CH,-2.29,5.82,"Manoah, Alek",666201,foul,L,0,0,-0.86,1.12,-0.23,3.04,6.827139504783842,-127.21879544116572,-2.889853677670387,-10.730942435319722,26.86330778224749,-19.61216012069876,53.52,-0.024
SL,-2.38,5.71,"Manoah, Alek",666201,hit_into_play,R,1,1,0.72,0.02,0.77,2.73,5.79877964501172,-119.61823279564652,-0.217819058485808,5.76531896587302,23.88331251361792,-32.13459929946892,53.52,-0.216
SI,-2.23,5.81,"Manoah, Alek",666201,called_strike,R,1,0,-0.96,1.0,0.72,2.62,9.785602767684304,-134.4533599014934,-4.589898429813906,-13.676362619527092,27.451856390839268,-19.236660245724437,53.31,-0.044
SI,-2.23,5.81,"Manoah, Alek",666201,ball,R,0,0,-1.09,0.84,1.16,1.81,11.205907448187643,-134.7500453998646,-6.3482442972042525,-15.708062843605036,28.526714888541527,-20.64730764561705,53.43,0.032
CH,-2.18,5.84,"Manoah, Alek",666201,hit_into_play,L,0,0,-1.3,0.87,-0.6,2.5,6.548414702355117,-127.18291040443572,-3.695196129206458,-15.482545053718878,26.721868381088704,-22.177987225069497,53.82,-0.1
FF,-2.16,5.83,"Manoah, Alek",666201,hit_into_play,L,0,1,-0.52,1.36,-0.08,3.09,6.649345148502947,-136.97244348829898,-4.484028542011552,-7.98662115727326,29.480626654332827,-14.284872796781828,53.54,-0.139
FF,-2.21,5.88,"Manoah, Alek",666201,foul,L,0,0,-0.54,1.5,0.11,2.42,7.22853457827209,-135.59261656250217,-6.446949639794284,-8.32386924783264,31.45317222204266,-12.498002440159604,53.57,-0.024
SI,-2.22,5.79,"Manoah, Alek",666201,hit_into_play,R,0,0,-1.2,1.21,-0.37,2.54,7.319521054221972,-132.9530793558276,-4.916750700593874,-15.872045976627216,30.38352188225985,-16.975506199442616,53.63,-0.228
SI,-2.17,5.88,"Manoah, Alek",666201,hit_into_play,R,0,1,-1.22,1.17,-0.08,2.09,8.293152606997602,-137.96840663967265,-6.913736608708993,-17.52173003924374,32.543231423393415,-15.8652045690384,53.56,-0.188
SL,-2.39,5.7,"Manoah, Alek",666201,called_strike,R,0,0,1.15,0.03,-0.53,2.79,1.949348235433257,-117.35420705448747,0.3170996731793063,9.95597566288353,27.427416351749734,-32.285336773361955,53.74,-0.042
FF,-2.16,5.92,"Manoah, Alek",666201,hit_into_play,L,0,2,-0.59,1.41,-0.24,2.89,6.428908043984908,-138.01050802832225,-5.465258204390285,-8.964369790273075,31.64187655487199,-13.069308640096716,53.53,0.168
CH,-2.29,5.85,"Manoah, Alek",666201,swinging_strike,L,0,1,-0.99,0.93,-1.03,3.32,5.184943959767031,-128.61176425854666,-2.0337863925220963,-12.106451972181494,27.167628616051186,-21.616987044340267,53.79,-0.024
SL,-2.37,5.71,"Manoah, Alek",666201,swinging_strike,L,0,0,1.35,-0.17,1.44,0.65,6.028893649592997,-118.84512689986502,-4.484587829599565,11.497187163773976,24.11663717114327,-33.07862820809818,53.79,-0.015
FF,-2.1,5.89,"Manoah, Alek",666201,swinging_strike,L,1,2,-0.44,1.49,-0.44,3.29,5.3177748670976985,-137.45144870324393,-4.45665853410006,-6.7106789852641535,29.68545435420624,-12.447795089695235,53.76,-0.116
FF,-2.31,5.84,"Manoah, Alek",666201,swinging_strike,L,1,1,-0.05,1.17,-0.28,3.57,5.347627452719747,-134.370779582809,-2.547861160385359,-1.789962504162746,28.33984909365607,-17.598749364084288,53.74,-0.04
FF,-2.21,5.87,"Manoah, Alek",666201,swinging_strike,L,1,0,-0.35,1.17,-0.41,3.55,5.453705953489862,-136.0108075648195,-2.8586643493721318,-5.521106850043898,27.711260722980743,-17.18483039423741,53.99,-0.031
SI,-2.05,5.84,"Manoah, Alek",666201,ball,L,0,0,-1.16,1.15,-0.01,0.54,7.910028150909119,-136.29833276917824,-10.583237680049011,-16.17104170480544,29.02441166044358,-15.653326038184693,53.77,0.024
FF,-2.25,5.83,"Manoah, Alek",666201,hit_into_play,L,0,0,-0.58,1.32,0.31,1.98,7.830691730511098,-133.96707002962813,-6.856602867927189,-8.700721389483787,28.461112742774464,-14.943065397836966,53.83,-0.228
SL,-2.49,5.62,"Manoah, Alek",666201,swinging_strike,L,2,2,1.12,-0.16,0.8,1.34,5.274850135847227,-117.82210835258616,-2.5959764680081148,9.367955672168218,23.747273344012378,-33.326603278458904,53.48,-0.088
SI,-2.22,5.81,"Manoah, Alek",666201,ball,L,1,2,-1.33,0.79,0.55,0.74,10.402024993204169,-138.53458915011967,-9.57173623451212,-19.419564503559776,31.782761647656056,-19.887939063760182,53.37,0.018
CH,-2.11,5.77,"Manoah, Alek",666201,foul,L,1,1,-1.25,1.12,-0.5,1.92,6.5935346348,-127.98349758828296,-5.589748224264614,-15.135692217128168,28.03218160894054,-18.907452767942576,53.49,-0.026
FF,-2.21,5.83,"Manoah, Alek",666201,swinging_strike,L,1,0,-0.33,1.27,-0.12,3.39,6.22250275093807,-136.53144566749214,-3.3939499213974567,-5.566492404609939,32.15191697875617,-15.791961806848343,53.51,-0.019
FF,-2.28,5.76,"Manoah, Alek",666201,ball,L,0,0,-0.75,1.41,0.3,0.98,8.540611441885376,-137.8699720511195,-10.12065308869364,-11.541201345887748,32.71508782029863,-11.955654614591042,53.38,0.016
SL,-2.45,5.73,"Manoah, Alek",666201,hit_into_play,R,0,1,1.25,-0.37,-0.15,1.62,2.8152762192615777,-119.19345489030532,-1.924266050123268,11.10458098199737,26.718813744896668,-35.44004214241332,53.67,-0.139
SL,-2.51,5.66,"Manoah, Alek",666201,swinging_strike,R,0,0,1.31,-0.49,0.12,1.56,3.442987237221842,-119.8291900036366,-1.751812781959692,11.73984231903726,26.211059727497226,-36.728033044172925,53.74,-0.024
FF,-2.34,5.88,"Manoah, Alek",666201,hit_into_play,L,1,1,-0.64,1.43,-0.24,2.67,6.970761022088412,-137.60780947668394,-5.954638627756825,-9.657594816348643,30.16392538168696,-12.858476900705664,53.57,-0.216
CH,-2.1,5.95,"Manoah, Alek",666201,foul,L,1,0,-0.77,1.44,-0.28,3.62,6.081208180599751,-127.60419711780516,-2.463018395937518,-9.756185562454496,27.95233303327108,-16.19353640688491,53.6,-0.044
SL,-2.41,5.75,"Manoah, Alek",666201,ball,L,0,0,1.02,-0.23,-0.91,2.44,1.3832558813507263,-117.25770579207868,-0.2003480442893657,9.080360240264636,24.219276080435915,-34.445782055835245,53.89,0.032
CH,-2.1,5.81,"Manoah, Alek",666201,swinging_strike,L,0,2,-1.23,1.13,-0.42,2.64,6.786811473318959,-129.34098062858635,-4.086662623574061,-15.202177992318289,28.869102786950688,-18.893103145971875,53.55,-0.061
CH,-2.14,5.86,"Manoah, Alek",666201,foul,L,0,1,-1.14,1.28,-0.75,2.75,5.827181970837195,-128.25094647048482,-4.094160950736344,-13.877848536783778,30.69295584490432,-17.41317312906959,53.6,-0.024
FF,-2.22,5.95,"Manoah, Alek",666201,foul_tip,L,0,0,-0.84,1.46,-0.44,2.53,6.640332563806337,-138.44911643152963,-6.639244995292615,-12.326468587429424,33.793118129768985,-12.148938793685764,53.59,-0.015
SL,-2.35,5.8,"Manoah, Alek",666201,hit_into_play,R,0,1,0.92,-0.08,0.2,1.92,3.980469175205113,-118.0953750960114,-1.8686264170235165,7.775328450726922,23.88310768557328,-32.80231714348096,53.71,-0.472
SI,-2.08,5.96,"Manoah, Alek",666201,called_strike,R,0,0,-1.15,1.17,0.06,1.92,8.20314969319724,-136.59876232320033,-7.394567831373501,-16.254163960257145,30.80737346782921,-16.0280889414378,53.6,-0.064
FF,-2.12,5.99,"Manoah, Alek",666201,hit_into_play,R,0,0,-0.52,1.46,0.15,2.03,7.093766251668581,-136.59948595236042,-7.845965910388016,-8.121136618255893,31.375123510782363,-12.293824897793286,53.54,0.442
FF,-2.36,5.9,"Manoah, Alek",666201,swinging_strike,L,2,2,-0.16,1.28,-0.57,4.39,5.036520373367392,-136.66221935151566,-1.0259962260972708,-3.066422342508268,29.76926440550577,-16.040802312051394,53.73,-0.088
FF,-2.23,6.04,"Manoah, Alek",666201,ball,L,1,2,-0.51,1.36,-1.4,2.63,3.3490795272415257,-138.67154293425156,-6.428391378432476,-7.313986350152957,31.273118315691548,-13.33920222604615,53.61,0.018
SL,-2.39,5.67,"Manoah, Alek",666201,ball,L,0,2,1.09,0.26,2.43,-0.67,9.082962679445435,-122.81660211720214,-8.897726319919295,8.999761296817152,26.48557770186937,-27.83136582483893,53.94,0.009
CH,-2.12,5.89,"Manoah, Alek",666201,called_strike,L,0,1,-0.64,1.34,0.56,2.21,7.9424275523928,-128.36409820886843,-5.663345945045239,-8.817905751374575,28.991440551252666,-16.39496167079833,53.52,-0.024
FF,-2.23,5.91,"Manoah, Alek",666201,called_strike,L,0,0,-0.55,1.43,-0.75,1.71,5.142378320329107,-137.41233049113788,-8.541633554097169,-8.049816475700892,30.4242865480331,-12.335236038425766,53.52,-0.015
CH,-2.21,5.89,"Manoah, Alek",666201,hit_into_play,L,1,1,-1.08,0.68,-0.68,1.53,5.907115375520601,-126.40454703785868,-5.651810825397516,-12.82482373795451,25.65271711396346,-23.961858312151705,54.05,-0.529
SI,-2.32,5.94,"Manoah, Alek",666201,swinging_strike,L,1,0,-0.94,1.04,-0.96,2.53,5.664713600320464,-136.1321140157875,-5.42201147689301,-12.994893962219903,29.834983753999992,-18.26195051971327,53.52,-0.075
FF,-2.36,5.96,"Manoah, Alek",666201,ball,L,0,0,-0.65,1.19,-1.22,4.06,4.354834745624103,-134.7906120921161,-1.6964050790290606,-8.849624274801823,27.953485726582752,-17.445417889699957,53.7,0.067
FF,-2.28,5.97,"Manoah, Alek",666201,ball,L,3,0,-0.45,1.32,-1.32,3.93,3.5039800460849952,-135.71653731295956,-2.458056452964299,-6.2576369689247935,28.15949842143991,-15.478151399360309,53.44,0.182
FF,-2.15,5.94,"Manoah, Alek",666201,ball,L,2,0,-0.45,1.4,-1.27,2.14,3.284164112105836,-135.89655913275945,-7.205067153058765,-6.221051309235482,28.15871136147891,-13.486032601482917,53.52,0.133
FF,-2.29,6.06,"Manoah, Alek",666201,ball,L,1,0,-0.48,1.32,-0.97,3.81,4.456173206784335,-135.17952606985264,-2.924871994969579,-6.768846301312347,27.07463433098493,-15.468624737966826,53.75,0.064
FF,-2.25,6.04,"Manoah, Alek",666201,ball,L,0,0,-0.42,1.33,0.67,0.58,8.489218733319566,-135.3521015860698,-11.321526847302993,-6.9002179248914,27.305978261938847,-13.52369276870466,53.65,0.032
CH,-2.13,5.93,"Manoah, Alek",666201,swinging_strike,L,1,2,-0.93,1.05,0.2,1.33,7.625180610018553,-126.7533028864275,-7.113347227717577,-11.676947138709526,27.333291847275763,-19.519445995157497,53.48,-0.169
CH,-2.18,5.97,"Manoah, Alek",666201,foul,L,1,1,-1.06,1.04,-0.71,1.74,5.721652008774959,-125.79060177717066,-6.079293314836414,-12.455118455913096,24.618042898297197,-20.09073871004924,53.59,-0.048
FF,-2.13,6.0,"Manoah, Alek",666201,foul,L,1,0,-0.48,1.45,0.09,2.67,6.927174100588866,-136.85011361134906,-6.226396966109592,-7.539526566952937,29.8214879800446,-12.787247690448869,53.43,-0.039
FF,-2.24,6.09,"Manoah, Alek",666201,ball,L,0,0,-0.45,1.52,-1.02,3.05,4.210277470636731,-136.61053485236872,-5.553998525545175,-6.556109700659279,30.85634636062877,-12.11058843299218,53.66,0.027
SI,-2.22,6.0,"Manoah, Alek",666201,hit_into_play,R,1,1,-1.01,1.17,-0.64,2.79,6.377315206816765,-136.28269199375492,-5.225393505755953,-13.902049578469692,27.73532560303854,-16.615784470079102,53.54,-0.287
SI,-2.15,5.98,"Manoah, Alek",666201,ball,R,0,1,-0.88,0.96,-1.57,3.14,3.459225201286572,-134.8752343477345,-3.59950966133856,-11.531173241551738,28.95807228420688,-19.9155154331495,53.59,0.031
SI,-2.27,6.0,"Manoah, Alek",666201,called_strike,R,0,0,-0.96,1.0,-0.5,1.98,6.727445539371514,-136.32414348102978,-6.951932452206433,-13.39377480850155,27.38906174078877,-18.4222086305256,53.81,-0.042
CH,-2.29,5.92,"Manoah, Alek",666201,hit_into_play,L,1,2,-1.28,1.0,-1.03,1.88,5.7224847194211135,-126.85042888807844,-5.709260192863586,-15.00611633143474,24.126191594816994,-20.355280213091014,53.67,-0.29
FF,-2.38,5.99,"Manoah, Alek",666201,foul,L,1,1,-0.62,1.55,-0.84,2.41,5.419739790794137,-136.94905823988242,-7.067034919658294,-8.991030763854617,30.324179657755185,-11.323643644121072,53.61,-0.078
CH,-2.41,6.03,"Manoah, Alek",666201,ball,L,0,1,-0.86,1.17,-1.78,3.8,3.278781188370292,-126.14878273934474,-1.5547428437129491,-9.808909207781062,24.73747153662453,-19.58861900675537,53.78,0.057
FF,-2.41,6.12,"Manoah, Alek",666201,called_strike,L,0,0,-0.6,1.46,-0.95,2.85,5.164730159894708,-136.87431807385298,-6.052177855453111,-8.679162363451683,30.39016946761892,-12.65073259308821,53.85,-0.064
SI,-2.24,5.96,"Manoah, Alek",666201,hit_into_play,L,1,2,-1.4,1.0,-0.21,2.18,8.485559035317166,-137.31268858494298,-6.42406880074199,-19.584384525699708,30.5866217155128,-18.232539773484564,53.65,0.47
CH,-2.24,5.96,"Manoah, Alek",666201,swinging_strike,L,1,1,-1.03,1.29,0.13,2.15,7.901503829495478,-126.70679519089676,-5.69484337177123,-12.73095403144703,25.479338824827664,-17.23031417300156,53.57,-0.049
FF,-2.27,6.06,"Manoah, Alek",666201,ball,L,0,1,-0.55,1.53,0.94,2.72,9.564400118626338,-135.76963891073237,-6.308552767645177,-8.794346629908084,28.4127870681542,-12.018316837716355,53.63,0.021
FF,-2.33,6.05,"Manoah, Alek",666201,called_strike,L,0,0,-0.62,1.48,-0.13,1.55,7.024566727119289,-134.41687245819077,-8.949244511043895,-9.044698110517338,30.060055285472675,-12.45057124374665,53.55,-0.032
SI,-2.28,5.83,"Manoah, Alek",666201,hit_into_play,R,1,0,-1.04,0.9,0.0,2.6,8.25013250381067,-134.57864250933312,-4.49152866824728,-14.382614968581915,28.32903496615724,-20.391117520048645,53.12,-0.116
FF,-2.35,5.86,"Manoah, Alek",666201,ball,R,0,0,-0.45,1.34,-0.57,4.06,5.621374202636253,-135.08560888180517,-1.7925555732068603,-6.697686083360694,28.12880014720874,-15.59395332850835,53.47,0.016
SL,-2.59,5.58,"Manoah, Alek",666201,hit_into_play,L,3,2,1.23,-0.28,-0.2,2.39,3.056178589299788,-118.07376690402847,0.0508363314909035,10.898599920188545,22.472630130933467,-35.03656778229329,53.45,2.522
SL,-2.43,5.62,"Manoah, Alek",666201,blocked_ball,L,2,2,1.11,-0.12,1.35,0.58,6.582260169446808,-120.8960415580282,-4.90174419230623,9.595282748073323,23.95320200368716,-32.53833473023609,53.31,0.114
SI,-2.39,5.7,"Manoah, Alek",666201,foul,L,2,1,-1.24,0.51,-0.58,2.67,7.461721411810514,-135.04031747361833,-3.122599306861284,-16.7862967283485,29.92992626571951,-25.44796058574703,53.39,-0.14
SI,-2.11,5.86,"Manoah, Alek",666201,called_strike,L,2,0,-1.27,0.84,-0.85,2.19,6.128847236649024,-136.12732739978065,-5.647001926326481,-17.101903248821493,29.06082885293065,-20.72708814253728,53.46,-0.017
CH,-2.26,5.84,"Manoah, Alek",666201,ball,L,1,0,-1.12,1.11,-1.19,2.48,4.889516113910109,-125.14364098000036,-4.0362296037985015,-12.721429475893984,25.48886486271971,-19.92332249517603,53.25,-0.017
SI,-2.38,5.8,"Manoah, Alek",666201,ball,L,0,0,-1.07,0.75,-1.4,2.05,4.99202168051671,-137.012281849895,-5.796436049004798,-14.584446243569031,29.413601125746133,-21.642076119828985,53.35,0.047
SL,-2.54,5.58,"Manoah, Alek",666201,hit_into_play,R,0,2,1.0,0.37,-0.45,1.87,2.826793396227323,-119.60581838848698,-2.6594650907802406,9.133885738997554,21.112421136109877,-28.307883552184297,53.35,0.39
SL,-2.49,5.74,"Manoah, Alek",666201,called_strike,R,0,1,1.13,0.16,-0.38,1.44,2.595261893309538,-118.53342701924942,-3.445329374462542,10.298897892272894,20.86655639639505,-30.24088416372568,53.36,-0.045
SI,-2.22,5.82,"Manoah, Alek",666201,foul,R,0,0,-1.23,0.75,-0.96,1.71,6.039764536011488,-135.87615728186864,-6.616248897460586,-16.500816931919026,28.639916563713925,-21.663810060322508,53.33,-0.042
SI,-2.48,5.79,"Manoah, Alek",666201,hit_into_play,L,0,0,-1.11,1.04,0.19,1.65,9.48981290549658,-135.6873467153408,-7.333858499955174,-15.783381225905842,28.386599202660516,-17.81545900210719,53.24,1.443
FF,-2.4,5.88,"Manoah, Alek",666201,hit_into_play,L,0,1,-0.3,1.46,0.1,3.27,7.258838384980455,-137.27035093580722,-4.362984822920291,-5.40353176946309,31.575028621887625,-13.012644648072737,53.42,-0.527
SL,-2.52,5.72,"Manoah, Alek",666201,swinging_strike,L,0,0,0.87,0.11,-0.49,3.04,2.9331028806487645,-119.50367519275788,0.3057070331319802,7.715245626913099,23.7832311497119,-31.391909034333395,53.54,-0.083
SI,-2.31,5.79,"Manoah, Alek",666201,ball,R,3,1,-1.05,1.01,0.29,1.34,9.155822091131542,-135.618474263386,-8.074335548977052,-14.915961099840995,29.46446331554492,-18.082283798109888,53.11,0.209
SI,-2.24,5.85,"Manoah, Alek",666201,ball,R,2,1,-1.0,1.08,0.56,1.49,9.619154632130646,-136.1591054897275,-8.061144701909857,-14.553716019983948,28.859714559441223,-17.08842754224681,53.21,0.127
SL,-2.52,5.81,"Manoah, Alek",666201,ball,R,1,1,1.17,-0.04,-1.26,2.92,0.5636009733983722,-116.07148557505458,0.4815861279155347,10.483807659026402,22.04566711407975,-32.83984004441198,53.63,0.058
SL,-2.45,5.71,"Manoah, Alek",666201,blocked_ball,R,0,1,0.8,-0.28,1.54,0.75,7.641450058854749,-119.82417984969464,-4.187648343782375,6.047791751039989,25.48505028078909,-34.20559261568446,53.2,0.031
SI,-2.4,5.88,"Manoah, Alek",666201,called_strike,R,0,0,-1.22,0.98,-0.17,1.97,8.534338202201566,-135.9431149126781,-6.574999151614476,-16.939850184383822,29.53941345838082,-18.72523511910068,53.51,-0.042
SL,-2.6,5.82,"Manoah, Alek",666201,hit_into_play,R,0,0,0.79,0.28,0.4,2.03,5.254156552558339,-117.56124721212754,-2.3217830344447963,6.325186934172567,22.629128467262117,-29.36671363568348,53.4,-0.376
FF,-2.26,5.91,"Manoah, Alek",666201,hit_into_play,L,1,0,-0.46,1.29,-0.66,2.79,5.164393960864369,-134.62163324292555,-5.056620451906376,-6.650056687726686,27.708174732831377,-15.624966911617296,53.26,0.378
FF,-2.21,5.95,"Manoah, Alek",666201,ball,L,0,0,-0.55,1.22,0.83,1.03,9.132007370912277,-134.9752474093426,-9.669945792492292,-8.646610755080106,27.380468735383747,-15.304250512375855,53.31,0.032
SI,-2.36,5.77,"Manoah, Alek",666201,hit_into_play,L,0,1,-0.99,0.93,-0.04,2.73,8.40999062327947,-137.93879916758596,-4.406013490443603,-14.519880057240458,32.619603889915375,-19.4691332995566,53.3,-0.374
SI,-2.36,5.77,"Manoah, Alek",666201,called_strike,L,0,0,-1.15,1.0,0.54,1.47,10.302934056344892,-137.278235102233,-7.858285403468704,-16.862244705195156,31.203152742860706,-17.84819610047131,53.15,-0.073
SI,-2.29,5.74,"Manoah, Alek",666201,ball,R,3,0,-0.97,0.94,-0.35,0.93,7.318286635806317,-136.7534805304806,-8.961355056871303,-13.858094115977268,31.37679693945968,-18.562825413628783,53.27,0.084
SL,-2.49,5.68,"Manoah, Alek",666201,ball,R,2,0,1.1,-0.32,1.19,0.98,6.279426361574985,-119.72688251462516,-3.461050383459423,9.123245938470069,25.7184947038555,-34.752415334200286,53.49,0.071
SL,-2.46,5.76,"Manoah, Alek",666201,ball,R,1,0,1.14,-0.17,1.61,0.93,6.986733339121741,-117.7633464253075,-3.7992356894007617,9.154823451314703,23.75886756514495,-33.14637673859823,53.52,0.044
SI,-2.38,5.77,"Manoah, Alek",666201,ball,R,0,0,-0.92,0.96,0.04,1.27,8.322640818639233,-134.87946006676046,-7.946184863141688,-12.94167802188105,27.98484977126531,-18.94346032129357,53.33,0.027
SL,-2.54,5.57,"Manoah, Alek",666201,hit_by_pitch,L,3,2,1.12,-0.24,1.89,0.15,7.895941056210312,-118.40602966435382,-5.195343360965617,9.106236662125925,22.311872324539667,-33.61255560957344,53.37,0.1
SI,-2.45,5.75,"Manoah, Alek",666201,ball,L,2,2,-1.3,1.06,-0.79,3.49,7.380793659031763,-137.82553886062897,-2.635055597453137,-18.16808828869068,29.639713398255267,-18.308773556087083,53.27,0.043
FF,-2.32,5.93,"Manoah, Alek",666201,ball,L,1,2,-0.72,1.4,-1.15,3.37,4.739052569433146,-138.5547950524781,-4.30415698551611,-10.339924002930095,29.17525412953712,-13.385937263846175,53.54,0.018
SL,-2.62,5.58,"Manoah, Alek",666201,ball,L,0,2,1.28,-0.07,-0.3,0.47,2.8065620238576416,-120.01047762599192,-5.058034081594669,11.91701127945306,22.230321947185057,-32.14390783784125,53.39,0.009
SI,-2.24,5.89,"Manoah, Alek",666201,foul,L,0,2,-1.05,0.95,0.14,2.45,8.735213645109862,-138.84571853160978,-5.677545711107944,-15.493876812011402,29.159421506116477,-18.727007008149634,53.45,0.0
SI,-2.39,5.87,"Manoah, Alek",666201,called_strike,L,0,1,-0.9,0.92,0.03,2.88,8.335023985357962,-136.01125523840858,-4.052651694725302,-12.95588695715825,28.903567519023284,-20.03922093961113,53.51,-0.024
FF,-2.28,5.85,"Manoah, Alek",666201,called_strike,L,0,0,-0.54,1.4,-0.28,2.06,6.55217131209518,-137.5885919268838,-7.455214714078675,-8.332539449948982,29.28368672572279,-12.916420187258238,53.3,-0.015
SI,-2.42,5.8,"Manoah, Alek",666201,hit_into_play,R,1,2,-0.77,0.66,0.23,2.84,8.786600873267401,-137.8123490353473,-3.645352591653978,-11.701584621376748,28.00267074860009,-23.1556394009737,53.32,-0.116
SL,-2.56,5.7,"Manoah, Alek",666201,foul,R,1,1,0.94,-0.04,0.2,2.21,4.453883751341233,-118.44334798175647,-1.1926179805626829,8.098558876563116,21.096369890052603,-32.55345753188357,53.37,-0.04
SI,-2.38,5.75,"Manoah, Alek",666201,called_strike,R,1,0,-1.19,0.84,-0.12,2.27,8.537484527390005,-135.0772560551963,-5.064947141590626,-16.386315941853013,28.18815776220361,-20.94622599044126,53.28,-0.031
SI,-2.43,5.85,"Manoah, Alek",666201,ball,R,0,0,-1.09,0.64,-0.52,4.23,7.410603913262312,-135.1330630559862,0.2616297186295513,-14.910034928041377,29.03343848430915,-24.58210418268848,53.3,0.024
SL,-2.56,5.68,"Manoah, Alek",666201,hit_into_play,L,3,1,1.1,-0.3,0.06,2.58,3.785704643044311,-117.27705478830076,0.3484571023025591,9.402217151549795,22.204865914559623,-35.185007603018555,53.49,0.892
FF,-2.4,5.82,"Manoah, Alek",666201,called_strike,L,3,0,-0.3,1.25,-0.24,2.71,6.253467767357247,-134.35269835457495,-4.934611356817388,-4.940911899603399,26.53648546420502,-16.083806757062593,53.45,-0.048
FF,-2.47,5.9,"Manoah, Alek",666201,ball,L,2,0,-0.46,1.39,-0.98,4.1,4.966467900784124,-137.09057273923662,-2.147016663102254,-6.897496358055068,27.304429224519637,-14.32126193166245,53.39,0.086
SL,-2.55,5.72,"Manoah, Alek",666201,ball,L,1,0,1.35,-0.27,-1.14,3.06,0.5766206822060818,-117.29621436571264,1.2628657207166578,12.429546490673664,21.02468973595767,-35.08467357912245,53.68,0.045
SI,-2.33,5.88,"Manoah, Alek",666201,ball,L,0,0,-1.35,0.82,0.74,0.66,11.351884814109512,-139.0027439351293,-10.135996267295448,-20.153523347833527,32.49475398071225,-19.319178851672337,53.3,0.024
SI,-2.39,5.86,"Manoah, Alek",666201,called_strike,L,0,2,-1.1,0.83,0.91,1.92,11.28798926502784,-138.25180532335412,-6.680873613005903,-16.495123645834024,29.073573123102747,-20.20733227122463,53.34,-0.149
SL,-2.55,5.69,"Manoah, Alek",666201,foul,L,0,2,1.38,0.05,0.71,1.81,4.779857769967889,-120.0355581048862,-2.39942243370289,12.33405890181854,24.130483357312148,-31.475008215702672,53.55,0.0
SL,-2.56,5.83,"Manoah, Alek",666201,swinging_strike,L,0,1,1.35,-0.34,1.3,1.16,6.168598489453557,-119.12072892087464,-3.3385172820818267,11.614545457637828,23.68378976456862,-34.93582960329705,53.61,-0.047
SL,-2.53,5.88,"Manoah, Alek",666201,called_strike,L,0,0,1.37,-0.25,-0.04,2.58,2.948817703282441,-117.07496413646238,-0.1397230816575017,11.990368556237716,22.827413730015675,-34.67919068005532,53.69,-0.032
SI,-2.32,5.87,"Manoah, Alek",666201,called_strike,R,1,2,-1.1,0.72,0.44,1.95,9.822588381838772,-138.03890827445562,-6.325338684564686,-16.216027378998202,29.00835316930955,-21.675401501556056,53.45,-0.071
SI,-2.44,5.92,"Manoah, Alek",666201,foul,R,1,2,-1.02,1.06,-1.28,2.9,5.471710402587034,-140.41917890049316,-4.981866659762846,-14.691310173495191,29.63974808546388,-17.170510934590684,53.51,0.0
SL,-2.52,5.75,"Manoah, Alek",666201,ball,R,0,2,1.25,-0.27,1.17,0.28,6.062229344384936,-120.42538088512266,-5.490049592103812,10.854402444869812,24.56680400208197,-33.83364921148876,53.56,0.009
SL,-2.53,5.82,"Manoah, Alek",666201,foul_bunt,R,0,1,1.09,0.21,-0.3,2.57,2.9311724844650624,-118.33182573445218,-1.0583250709660943,9.678973935821938,23.399887393294613,-30.224272703984838,53.65,-0.024
FF,-2.35,5.92,"Manoah, Alek",666201,called_strike,R,0,0,-0.55,1.39,0.51,1.83,8.865570315585783,-138.36882595979694,-8.323043818973156,-9.030586166998429,29.91744340339704,-12.54273283530375,53.44,-0.015
SI,-2.45,5.87,"Manoah, Alek",666201,called_strike,R,2,2,-1.19,0.9,0.65,1.96,10.946694430139202,-138.25271521899504,-6.698705366609931,-17.731056395886984,31.17985725598544,-19.219512766443927,53.42,-0.142
SL,-2.47,5.73,"Manoah, Alek",666201,ball,R,1,2,1.17,-0.04,1.24,1.66,6.237458231072822,-120.124098798721,-2.69060101830946,10.054779333386069,23.92882539192338,-32.24811133455014,53.48,0.026
SL,-2.73,5.74,"Manoah, Alek",666201,swinging_strike,R,1,1,1.2,-0.03,-0.52,2.32,2.6973374202095823,-119.1457203752134,-1.0878871992380543,10.95893261367093,22.799310327578667,-32.49464429946172,53.44,-0.04
SI,-2.37,5.86,"Manoah, Alek",666201,called_strike,R,1,0,-1.12,1.06,-0.79,2.73,6.697858748703601,-137.320119630224,-4.887796276962146,-15.594963693165266,30.247128097029883,-17.835906676690797,53.4,-0.031
SI,-2.39,5.85,"Manoah, Alek",666201,ball,R,0,0,-1.18,0.94,1.27,0.95,12.303043211396211,-136.9796182281209,-9.32560189828008,-17.438666198693863,28.4406097344073,-18.321726608508747,53.35,0.024
SL,-2.63,5.72,"Manoah, Alek",666201,hit_into_play,L,2,2,1.43,-0.53,-0.64,3.19,1.7146223331581063,-116.46627018407328,2.2437331629626245,12.539703639148035,23.947730343726736,-37.69451772108872,53.62,-0.204
SI,-2.42,5.8,"Manoah, Alek",666201,ball,L,1,2,-1.5,0.82,0.94,1.44,12.288324612437696,-137.24920264847833,-7.559954923699099,-21.81430203913407,32.757423893823606,-20.136060397998406,53.4,0.036
SL,-2.54,5.84,"Manoah, Alek",666201,called_strike,L,1,1,1.1,-0.29,-0.41,2.3,2.702132902011876,-118.8056913956056,-0.7897528221317129,9.78929061898378,24.112109716930277,-34.95126182578701,53.68,-0.049
FF,-2.31,5.96,"Manoah, Alek",666201,called_strike,L,1,0,-0.41,1.43,0.1,1.39,7.193856570129914,-135.51385956073747,-9.26628072027676,-6.665540012789445,29.470761244407026,-12.620957832969856,53.37,-0.044
FF,-2.28,6.02,"Manoah, Alek",666201,ball,L,0,0,-0.38,1.44,0.92,1.57,9.155612707830752,-135.2252666430435,-8.924038797709677,-6.5819533961647645,28.832426414857466,-12.699478259824684,53.46,0.032
SI,-2.51,5.85,"Manoah, Alek",666201,swinging_strike,L,1,2,-1.35,0.7,-1.02,3.29,7.078815965210325,-138.6275959022754,-2.6931269624956733,-18.967060999766176,30.2208168154614,-22.793988198950014,53.07,-0.579
SL,-2.57,5.73,"Manoah, Alek",666201,foul,L,1,2,1.44,0.13,1.26,1.71,5.990099093249363,-120.23545410504704,-2.922150368265401,12.729499084704166,24.506128662562407,-30.495877771039865,53.39,0.0
SL,-2.57,5.79,"Manoah, Alek",666201,foul,L,1,1,0.77,0.15,0.24,2.61,5.014527296688742,-121.27321196761336,-1.1376356677501855,6.511103020075344,24.90705339509035,-30.67582308139492,53.51,-0.145
SL,-2.59,5.77,"Manoah, Alek",666201,called_strike,L,1,0,0.88,0.26,0.1,2.66,4.41315254048277,-119.49005633162018,-0.9733038258122564,7.556627702327736,24.08799656144692,-29.720884196475517,53.69,-0.132
SI,-2.52,5.9,"Manoah, Alek",666201,ball,L,0,0,-0.81,1.02,-1.13,3.21,5.529492614687422,-137.894448560763,-3.681624753048138,-11.60340773351996,30.594882416972226,-18.56287051309658,53.39,0.086
SI,-2.46,5.83,"Manoah, Alek",666201,ball,R,3,1,-1.3,0.88,1.29,1.96,12.795878900515923,-136.49598688485207,-6.335942092796722,-19.10038277907492,30.342601194912827,-19.83747100458745,53.34,0.564
FF,-2.33,5.87,"Manoah, Alek",666201,ball,R,2,1,-0.47,1.2,0.27,1.2,8.03702788490022,-139.03112886679006,-9.572296956703342,-7.872603931748749,30.37284022882387,-14.593683748030235,53.23,0.36
SL,-2.63,5.7,"Manoah, Alek",666201,ball,R,1,1,0.7,0.16,1.82,1.84,8.88330164432259,-119.53062559921815,-2.499062869975357,4.855188417345407,24.14296487340797,-30.32148562388442,53.27,0.119
SI,-2.34,5.92,"Manoah, Alek",666201,swinging_strike,R,1,0,-1.15,0.76,0.05,3.42,8.834047791217735,-135.67110057673037,-2.351758468755377,-16.134705877421748,29.756790164310694,-22.433268861580707,53.19,-0.132
SI,-2.39,6.0,"Manoah, Alek",666201,ball,R,0,0,-0.86,1.13,-0.06,4.62,8.05392851223859,-136.51299643487536,-0.3384881043705802,-12.539817086266618,30.493728795946105,-18.23672319959192,53.44,0.086
FF,-2.41,5.97,"Manoah, Alek",666201,ball,L,3,0,-0.55,1.34,-0.14,1.55,7.32426864678825,-138.5976964473102,-9.115838573431704,-8.758385356253244,30.64970193096091,-13.07147909184665,53.35,0.043
FF,-2.48,6.04,"Manoah, Alek",666201,ball,L,2,0,-0.46,1.29,-1.34,3.66,4.090607223715108,-137.9036861775209,-3.488354078411113,-6.797123088276681,30.12444069253761,-15.082551196237487,53.48,0.155
FF,-2.48,6.1,"Manoah, Alek",666201,ball,L,1,0,-0.45,1.29,-1.34,4.05,3.9914327213730254,-137.47060929157098,-2.564475025735629,-6.543240016504742,29.158405727928244,-15.426842541904753,53.66,-0.017
SL,-2.73,5.87,"Manoah, Alek",666201,ball,L,0,0,1.23,-0.27,-1.45,3.33,0.5218911804762326,-119.02437313566492,1.386018216595445,11.570653018857326,22.523063863442456,-35.23393686713125,53.8,0.047
SI,-2.29,5.98,"Manoah, Alek",666201,called_strike,R,3,2,-1.19,0.74,0.2,3.16,9.322249704208978,-138.00128698295532,-3.4322945208047257,-17.20614048511225,29.82799453422214,-22.12461847235348,53.31,-0.59
SI,-2.4,5.89,"Manoah, Alek",666201,foul,R,3,1,-1.36,0.67,-0.09,1.75,9.27698380820982,-138.70803397736867,-6.8507377215272,-19.63554962653517,31.698560256620063,-22.0914526980356,53.39,-0.159
SI,-2.27,5.98,"Manoah, Alek",666201,ball,R,2,1,-1.29,0.93,0.36,1.19,9.886402403576325,-137.40748422388543,-8.984816141328235,-18.58428183525933,31.197460661006865,-18.534913467104897,53.32,0.141
SL,-2.67,5.84,"Manoah, Alek",666201,foul,R,2,0,0.97,-0.3,-0.16,2.06,3.828557876179777,-118.90105935982189,-1.3223987095093774,8.319998115823731,24.60438328372625,-34.949404510772915,53.49,-0.115
SL,-2.69,5.88,"Manoah, Alek",666201,ball,R,1,0,1.19,-0.23,-0.9,1.45,1.738345007301002,-118.15602014743364,-2.8351146197673955,10.744097443885716,23.84399957797585,-33.93059698026711,53.53,0.035
SI,-2.55,5.98,"Manoah, Alek",666201,ball,R,0,0,-1.3,0.88,-1.88,3.18,4.664993890971652,-135.52612206533695,-3.3857137464355347,-17.057367258436184,30.207393009871936,-20.81158743665302,53.47,0.028
SL,-2.57,5.88,"Manoah, Alek",666201,hit_into_play,L,0,2,1.32,-0.4,0.38,1.52,4.212403499028548,-121.37906562443632,-2.765358628133052,12.034839095683456,25.68067180019204,-35.74980716190352,53.74,0.596
SL,-2.65,5.94,"Manoah, Alek",666201,foul,L,0,1,1.19,-0.17,-0.15,2.63,3.3723661669195253,-119.26716542830928,-0.583590432404205,10.748425085225184,22.910675013216554,-33.90972032960454,53.81,-0.059
SI,-2.42,6.06,"Manoah, Alek",666201,foul,L,0,0,-1.48,0.77,-0.96,1.74,7.219372843218984,-137.5811751959443,-7.298646603120701,-20.45280468909295,35.00125440157898,-20.83649406164785,53.57,-0.042
SL,-2.64,5.86,"Manoah, Alek",666201,swinging_strike,L,1,2,1.05,-0.2,1.06,1.63,6.5095798287111215,-120.79266089022808,-2.75389480805365,8.746515029458434,26.644770779655328,-33.76438433735406,53.47,-0.283
FF,-2.45,6.17,"Manoah, Alek",666201,ball,L,0,2,-0.52,1.4,-1.02,4.29,4.936884552852816,-137.7807014910392,-2.347606455688254,-7.713904710332489,32.39506714025114,-14.116905552082653,53.69,0.053
FF,-2.47,6.16,"Manoah, Alek",666201,foul_tip,L,0,1,-0.41,1.4,-0.47,2.64,6.232275867797938,-138.07791245151512,-6.779198421531418,-6.643465450581443,31.12973868391204,-12.921324403691605,53.56,-0.075
FF,-2.49,6.25,"Manoah, Alek",666201,swinging_strike,L,0,0,-0.34,1.38,-0.91,3.71,4.851553668506193,-136.24728225442814,-3.885660711886291,-5.289898974535755,29.658687195185397,-14.386074025971828,53.74,-0.064
FF,-2.58,6.08,"Manoah, Alek",666201,hit_into_play,R,1,0,-0.42,1.23,0.34,2.68,8.579734159607543,-135.80148553108785,-5.827607278142209,-6.970135802240203,26.40114259125491,-15.77770126852722,53.5,0.41
FF,-2.47,6.11,"Manoah, Alek",666201,ball,R,0,0,-0.65,1.4,0.15,1.31,8.408896767448553,-138.0531718787388,-10.193644280487735,-10.068894974808298,29.16662206314237,-12.136597007253943,53.53,0.032
