pitch_type,release_pos_x,release_pos_z,player_name,pitcher,description,stand,balls,strikes,pfx_x,pfx_z,plate_x,plate_z,vx0,vy0,vz0,ax,ay,az,release_pos_y,delta_run_exp
SL,1.88,6.17,"Mayza, Tim",641835,hit_into_play,R,2,1,0.11,0.36,-0.64,1.64,-6.4210160929887925,-128.7431171604198,-5.68791874628087,2.6564615459715224,29.523361028689266,-27.10941526597903,53.79,1.156
SI,1.57,6.32,"Mayza, Tim",641835,foul,R,2,0,1.4,0.79,1.04,2.53,-4.41049724539998,-134.15328294704193,-5.498141414116362,17.815001730056082,32.0348747531169,-21.56320066603945,53.81,-0.117
SI,1.88,6.2,"Mayza, Tim",641835,ball,R,1,0,1.34,0.81,1.29,3.25,-4.362281662804072,-132.16776324411592,-3.1879304238726007,16.571029517819213,30.35921375621204,-22.169078022353222,53.88,0.092
SL,2.0,6.18,"Mayza, Tim",641835,ball,R,0,0,-0.25,0.37,1.4,3.54,-0.8989797213771683,-126.02100291221348,-0.7500643447969424,-2.4628179618108565,29.921053893070816,-28.37311346836735,54.01,0.055
SI,1.78,6.14,"Mayza, Tim",641835,hit_into_play,R,2,2,1.39,0.65,0.43,2.04,-6.54695857590974,-135.37556000661718,-6.181380261689131,18.5655930950564,31.33252417611905,-23.020461897362907,53.88,1.244
SI,1.77,6.26,"Mayza, Tim",641835,swinging_strike,R,2,1,1.44,0.96,0.44,2.3,-6.593840823870664,-134.87075589458587,-6.437464266959118,19.07685581614189,30.43706091181076,-19.19464041129687,53.88,-0.181
SL,1.83,6.2,"Mayza, Tim",641835,ball,R,1,1,-0.13,0.43,-0.71,3.72,-5.964214905727812,-128.90982763095926,-0.8524051628525056,-0.0756368300319189,29.149977945089667,-27.407399906265372,53.92,0.134
SI,1.58,6.32,"Mayza, Tim",641835,called_strike,R,1,0,1.48,0.85,0.19,2.56,-6.8430823891347305,-134.61414913801423,-5.654088463404821,19.438784493796422,30.242541328507976,-20.823624641211605,53.8,-0.134
SI,1.72,6.2,"Mayza, Tim",641835,ball,R,0,0,1.43,0.65,0.72,1.44,-5.662361332744763,-133.49896253319514,-7.619195879296097,18.290045186725475,29.638400725659807,-22.901381785645626,53.86,0.036
SI,1.74,6.16,"Mayza, Tim",641835,hit_into_play,L,2,1,1.53,0.6,0.72,3.41,-5.973969225414844,-134.16187105999734,-2.4284581307576687,19.814073170416183,31.678363903845067,-24.612457367532727,53.94,0.872
SI,1.85,6.05,"Mayza, Tim",641835,ball,L,1,1,1.48,0.73,0.77,0.76,-6.065901354103361,-135.628267342329,-9.487384207952818,19.592964260188392,30.328114461486777,-21.24197504128138,53.87,0.129
SI,1.78,6.16,"Mayza, Tim",641835,called_strike,L,1,0,1.54,0.6,-0.55,2.2,-9.34715351202692,-134.11239412900832,-5.555021310084536,20.581409601748504,30.400773970401715,-23.82900370504024,53.77,-0.125
SI,1.66,6.15,"Mayza, Tim",641835,ball,L,0,0,1.5,0.64,-0.47,1.19,-8.788556784242923,-134.82875506647818,-8.312203968967893,20.208742473000225,29.334730813977504,-22.69844293557285,53.91,0.087
SL,1.93,6.24,"Mayza, Tim",641835,hit_into_play,R,1,2,-0.17,0.01,-0.67,1.65,-5.955833526456993,-126.9089872520938,-4.932006641529525,-0.5895112167274944,26.388206486695875,-31.19338975014185,53.73,0.777
SI,1.75,6.26,"Mayza, Tim",641835,called_strike,R,1,1,1.27,0.87,-0.35,2.92,-8.078781597003884,-132.9048920344534,-4.433799039244616,16.756205921553217,27.645881655249624,-21.14059055289879,53.82,-0.078
SL,1.86,6.28,"Mayza, Tim",641835,foul,R,1,0,-0.07,0.61,0.42,2.91,-3.294713029333924,-126.04530579071452,-3.0478230233014285,-0.051800229626854,27.400396753303852,-25.24729324738955,53.92,-0.075
SL,1.8,6.22,"Mayza, Tim",641835,ball,R,0,0,0.03,0.45,-1.47,2.28,-7.931980191395838,-126.20265849505432,-4.21001356664161,1.8881747681130456,24.96728343927031,-26.65197482561078,53.88,0.067
SI,1.58,6.37,"Mayza, Tim",641835,hit_into_play,R,1,0,1.32,0.88,0.71,1.98,-4.993451269171038,-130.49736086340974,-6.747538293402087,16.160277462119133,27.89715770117662,-20.880723820145477,53.82,0.378
SL,1.94,6.16,"Mayza, Tim",641835,ball,R,0,0,-0.26,0.7,-1.85,2.55,-8.562560910453579,-125.80360222372283,-3.824619118755244,-0.9432552712086072,26.538668396565395,-24.185385024113604,53.88,0.032
SI,1.68,6.24,"Mayza, Tim",641835,hit_into_play,R,0,0,1.16,0.82,0.54,1.97,-5.572307634111795,-136.37082760853954,-7.214706395256815,15.709165929368831,27.79940524419232,-20.55763828761228,53.71,0.743
SI,1.58,6.2,"Mayza, Tim",641835,hit_into_play,L,2,2,1.13,0.62,0.91,2.64,-4.326014401331875,-138.3261186848194,-5.116722277525756,15.530954983717432,30.065791791867188,-23.28305845816977,53.74,0.141
SL,1.47,6.19,"Mayza, Tim",641835,ball,L,1,2,-0.23,0.03,-0.79,-0.24,-5.122424114602987,-129.6789342194133,-10.001105927499175,-1.6825962366374465,24.133920961138603,-30.145559847091885,53.59,0.018
SL,1.48,6.21,"Mayza, Tim",641835,ball,L,0,2,-0.14,0.18,-1.86,1.27,-8.001025458474992,-129.30476065625186,-6.551159612143059,-0.0134186116217648,24.5891203884628,-29.0295713742488,53.49,0.009
SI,1.67,6.17,"Mayza, Tim",641835,foul,L,0,1,1.21,0.44,-0.17,2.05,-7.514737961817094,-137.0404633388401,-6.073359440041592,16.805385815407227,27.492251250130312,-25.509129033548103,53.8,-0.024
SI,1.75,6.24,"Mayza, Tim",641835,called_strike,L,0,0,1.13,0.59,-0.87,2.19,-9.310517920671096,-135.6805025104653,-6.0578601440189495,15.861511916648862,26.85664969844249,-23.73859568321312,53.68,-0.015
SI,1.73,6.26,"Mayza, Tim",641835,hit_into_play,L,1,0,1.21,0.63,0.44,2.78,-5.925861756481073,-133.11184504537212,-4.297237494530348,15.61830445335134,26.85357058455837,-24.00926127190579,53.76,-0.116
SI,1.7,6.25,"Mayza, Tim",641835,ball,L,0,0,1.19,0.5,0.27,1.34,-6.239123523925222,-133.3292699367615,-7.726910703498111,15.518330000999478,27.09760840425452,-24.772015971610188,53.7,0.016
SL,1.56,6.32,"Mayza, Tim",641835,hit_into_play,R,1,2,-0.08,0.04,0.03,2.21,-3.5064594166422567,-125.22613912617646,-3.5552238096550246,-0.0605078254542549,28.13749911082025,-31.157936909429026,53.66,-0.116
SI,1.67,6.36,"Mayza, Tim",641835,foul,R,1,1,1.28,0.65,1.41,2.39,-3.403750324076378,-130.8633998902988,-5.287082677057428,15.47851424145014,28.11414728832894,-23.78101822422464,53.75,-0.04
SL,1.89,6.22,"Mayza, Tim",641835,ball,R,0,1,0.34,0.25,-0.96,2.94,-7.792766288854951,-129.7056832662893,-2.5784167454572366,5.43952361662128,26.53725703375931,-29.06631111298879,53.77,0.017
SI,1.7,6.35,"Mayza, Tim",641835,called_strike,R,0,0,1.25,0.39,0.85,2.86,-4.732438921636172,-128.82012672012547,-3.283097257746612,14.917392325953788,26.88380036195785,-27.334696594090616,53.86,-0.024
SI,1.78,6.24,"Mayza, Tim",641835,hit_into_play,L,2,1,1.47,0.53,-0.6,1.76,-8.845587652225719,-127.06513868226568,-5.770076623029151,17.770563044922202,26.264642039045214,-25.36464693860213,53.7,-0.267
SL,1.87,6.18,"Mayza, Tim",641835,ball,L,1,1,0.09,0.67,-1.74,1.52,-8.755270159871236,-124.68145982570417,-6.137257845436616,2.6529159677116287,24.47909382645055,-24.12660205831356,53.83,0.05
SI,1.71,6.21,"Mayza, Tim",641835,ball,L,0,1,1.37,0.89,1.2,1.85,-4.092559429534761,-128.23934943785147,-6.383391063323307,15.915382109641644,26.934820390097684,-21.26306482101936,53.93,0.021
SI,1.76,6.33,"Mayza, Tim",641835,swinging_strike,L,0,0,1.37,0.97,0.45,2.86,-6.17558142508542,-130.31338297733444,-4.670978262717321,16.90507443047141,26.450107563796987,-20.29304776351529,53.95,-0.032
SI,1.52,6.2,"Mayza, Tim",641835,hit_into_play,L,0,2,1.11,0.68,-0.68,2.56,-7.997109810432737,-133.15244377912242,-4.8356552570586,14.862504560012315,25.9418865392275,-23.29785783879213,53.87,-0.061
SI,1.7,6.19,"Mayza, Tim",641835,foul,L,0,1,1.21,0.81,-0.09,3.25,-7.1903665948597695,-132.99079763429836,-3.310633311734442,15.863262696346776,28.28965218069244,-22.06660040672442,53.71,-0.024
SI,1.55,6.17,"Mayza, Tim",641835,called_strike,L,0,0,1.22,0.71,-0.34,2.0,-7.325869920168244,-130.6568520355575,-5.87793488289589,15.492422453056232,27.85858073089178,-23.013589425525534,53.72,-0.015
SI,1.53,6.29,"Mayza, Tim",641835,hit_into_play,R,2,2,1.23,0.98,0.09,2.17,-6.391316227235577,-133.685261993019,-6.816218789303322,16.141683537311394,27.58022060462441,-19.19965912786619,53.61,-0.142
SL,1.7,6.21,"Mayza, Tim",641835,foul,R,2,2,-0.19,0.62,-0.18,3.18,-4.230882819662252,-128.58589103732876,-2.63206457468584,-1.234854257887426,25.299087151836947,-24.93985243087348,53.78,0.0
SI,1.68,6.13,"Mayza, Tim",641835,ball,R,1,2,1.37,0.69,-0.82,0.29,-9.098797626796683,-129.25961157088022,-9.86677172405487,17.241905720168642,24.50505578453308,-22.602873631884076,53.66,0.026
SL,1.43,6.29,"Mayza, Tim",641835,ball,R,0,2,-0.15,0.06,-1.49,1.1,-6.648701310812203,-124.1190447499016,-6.066145397584704,-0.0848840005594993,26.460685178209964,-30.41738427082738,53.6,0.013
SL,1.8,6.21,"Mayza, Tim",641835,swinging_strike,R,0,1,-0.11,0.55,-0.33,3.44,-5.1007152111484135,-130.78316667251667,-2.0809672307749,-0.1510044223856411,27.08112158193698,-25.642781148700667,53.81,-0.035
FF,1.69,6.21,"Mayza, Tim",641835,foul_tip,R,0,0,0.37,0.52,-0.03,1.46,-5.227449142814976,-133.55657832827464,-7.453023362746904,5.519869596034355,26.008852391147197,-24.605395225478027,53.49,-0.024
SL,1.78,6.22,"Mayza, Tim",641835,hit_into_play,R,2,2,0.06,0.46,-1.02,2.56,-7.140013215198724,-131.29617193460368,-4.203745623402144,2.077749562706447,25.762337608453723,-26.14661308113855,53.74,-0.204
SL,1.82,6.3,"Mayza, Tim",641835,foul,R,2,2,0.06,0.38,-0.3,2.37,-5.395447998164038,-130.20408432199332,-4.561500883586263,1.7450518653858842,25.22670913904814,-27.070662572725,53.84,0.0
SI,1.39,6.32,"Mayza, Tim",641835,foul,R,2,2,1.38,0.73,0.51,1.26,-5.14827967699833,-130.10551978599216,-8.140190730080189,16.757123313086076,25.096266986219423,-22.398482485406287,53.62,0.0
SL,1.49,6.3,"Mayza, Tim",641835,foul,R,2,2,-0.03,0.02,-1.27,1.63,-6.564950797259229,-124.8031765601218,-4.8611722447623045,1.0416282237166885,25.667759192426768,-31.19369107223176,53.43,0.0
SL,1.62,6.31,"Mayza, Tim",641835,foul_tip,R,2,1,0.3,0.44,-0.69,2.01,-6.367746361735836,-129.83747192797105,-5.579069146301583,4.601161171388699,25.141170000918827,-26.249097941198432,53.77,-0.063
SI,1.54,6.28,"Mayza, Tim",641835,swinging_strike,R,2,0,1.08,0.53,-0.3,1.51,-6.821785716215784,-129.08324757394988,-6.850225386469637,13.408782956002993,23.95854064494984,-25.028047487384203,53.73,-0.057
SI,1.6,6.27,"Mayza, Tim",641835,ball,R,1,0,1.18,0.49,-0.69,0.79,-8.174815809421524,-129.62313668678368,-8.627460489985719,14.968650935936544,23.218175251824483,-25.118681366154647,53.74,0.064
SI,1.63,6.32,"Mayza, Tim",641835,ball,R,0,0,1.14,0.56,-0.52,0.31,-7.697025091908509,-128.32301502796548,-9.88943936407076,14.09676152987748,22.280514872600097,-24.2916309003158,53.58,0.032
SI,1.82,6.16,"Mayza, Tim",641835,hit_into_play,L,0,2,1.48,0.76,1.27,2.47,-4.774324524525284,-137.2996356063393,-5.57429736590699,19.77942410557929,33.92401280096485,-21.46517973300416,53.99,-0.336
SI,1.77,6.21,"Mayza, Tim",641835,foul,L,0,2,1.41,0.67,-0.09,1.88,-7.983675808603148,-136.7031949060178,-6.983353794842737,19.443262226315422,33.110834454246366,-22.30777052323225,53.8,0.0
SI,1.54,6.31,"Mayza, Tim",641835,called_strike,L,0,1,1.33,0.98,-0.25,2.44,-7.6218019308550415,-136.68495617033716,-6.458299263787927,18.407974674937662,33.38321300975653,-18.59815613876659,53.87,-0.068
SI,1.58,6.28,"Mayza, Tim",641835,swinging_strike,L,0,0,1.46,0.59,0.84,1.77,-5.1276564452549644,-135.06569979586422,-7.011873277522852,18.995144450859552,31.8159998822276,-23.56932241723389,53.94,-0.073
SL,1.56,6.28,"Mayza, Tim",641835,hit_into_play,L,2,2,-0.22,0.2,-0.41,2.61,-4.3382874970052345,-127.54976224764118,-3.13972714157202,-1.415210308414545,27.560768812056644,-29.50953434585828,53.8,1.029
SI,1.59,6.32,"Mayza, Tim",641835,called_strike,L,2,1,1.28,0.77,-0.68,2.8,-8.629211267677965,-133.84129344972013,-4.743009031898482,17.297783335407168,31.05505263980541,-22.10008071866468,53.74,-0.162
SI,1.53,6.38,"Mayza, Tim",641835,ball,L,1,1,1.35,0.99,0.92,1.24,-4.52904999870406,-134.44606936084097,-9.478884756059012,17.311309379620234,29.96144045039677,-18.287240960409605,53.91,0.058
SI,1.71,6.24,"Mayza, Tim",641835,ball,L,0,1,1.44,0.71,0.66,1.01,-5.95801542961719,-136.36906137639312,-9.395873459765648,19.31718611298466,31.587789323620783,-21.336820203976604,53.83,0.057
SI,1.52,6.38,"Mayza, Tim",641835,called_strike,L,0,0,1.38,0.83,0.61,2.31,-5.277986024779146,-132.18537747094916,-6.08079675317121,17.31125884496128,28.76047339493567,-21.343031229678928,53.86,-0.073
SI,1.84,6.15,"Mayza, Tim",641835,called_strike,R,2,2,1.45,0.61,-0.94,2.66,-10.300968492138033,-133.96193822007848,-4.36866906000863,19.745472724570064,30.586042914056428,-24.03366898756395,53.73,-0.328
SL,1.77,6.29,"Mayza, Tim",641835,blocked_ball,R,1,2,-0.21,0.07,-0.81,-0.19,-5.750379769860677,-125.0449590441991,-9.299528681824196,-0.9272875684489772,27.552250763483748,-29.54058860353548,53.66,0.012
SL,1.88,6.19,"Mayza, Tim",641835,ball,R,0,2,-0.3,-0.16,-0.2,0.93,-4.3414479227826615,-124.76295828339994,-5.817114631655615,-2.175521155138301,27.07368816034228,-32.79948264832241,53.79,0.009
SL,1.86,6.23,"Mayza, Tim",641835,foul,R,0,1,-0.21,0.38,-0.59,2.97,-5.582906438070713,-129.06345152552774,-2.6199977630619475,-0.9909253277474552,31.001200005380724,-27.6278446527628,53.86,-0.068
SL,1.96,6.19,"Mayza, Tim",641835,called_strike,R,0,0,-0.17,0.44,-0.12,3.51,-4.723008863798809,-128.40203241905158,-1.297097132326968,-0.7603121516995943,29.975052238539977,-27.25445844944784,53.97,-0.073
SI,1.88,6.22,"Mayza, Tim",641835,hit_into_play,L,0,1,1.18,0.79,1.16,2.18,-4.425408690929222,-134.56080102632583,-6.243948227819999,15.24977370561164,30.488603347868985,-21.36439917158596,53.88,-0.268
SI,1.92,6.25,"Mayza, Tim",641835,foul,L,0,0,1.33,0.68,1.33,2.68,-4.396040978338273,-133.56306835403498,-4.609891000389538,16.831764357060916,32.24321579193095,-23.171582653961742,53.93,-0.121
SI,1.91,6.16,"Mayza, Tim",641835,hit_into_play,R,2,1,1.4,0.9,0.59,2.43,-6.388858466795601,-132.73879979908668,-5.385746412115978,17.892299880557854,31.09984294317653,-20.607025484660788,53.88,1.538
SI,1.82,6.27,"Mayza, Tim",641835,ball,R,1,1,1.34,0.98,0.67,3.58,-5.824918996358701,-133.42352246895334,-3.048001946623537,17.23140690928749,30.43846996213785,-20.06194834660399,53.83,0.081
SL,1.84,6.24,"Mayza, Tim",641835,ball,R,0,1,0.26,0.14,-0.45,3.91,-6.17548191000473,-128.7188117149186,0.1045040569908467,4.102319028268157,26.050226843963788,-30.895556829285017,53.82,0.028
SL,2.02,6.14,"Mayza, Tim",641835,called_strike,R,0,0,0.1,0.25,-0.07,3.44,-5.372099561022482,-129.13244608345636,-1.0756070430183282,2.212648291541474,26.38379007641287,-29.414001659609625,53.75,-0.083
SI,1.72,6.31,"Mayza, Tim",641835,hit_into_play,L,1,0,1.26,0.76,0.53,2.5,-5.783959742896258,-133.6215553905722,-5.475766851645202,16.36498790579708,28.639971881105563,-22.126079417065192,53.8,0.45
SI,1.67,6.25,"Mayza, Tim",641835,ball,L,0,0,1.25,1.03,-1.06,1.29,-9.699653054531195,-133.88948844083478,-9.039292313811758,17.14960533046524,29.959195040483262,-17.842795396224563,53.91,0.044
SI,1.87,6.25,"Mayza, Tim",641835,hit_into_play,R,1,2,1.31,0.64,0.73,1.41,-5.926321182687429,-136.98561716843423,-8.310236241025464,17.859720225241915,31.04382056807903,-22.41311119121644,53.86,0.313
SL,1.74,6.33,"Mayza, Tim",641835,foul,R,1,2,-0.24,-0.18,-0.91,2.39,-5.8006064171949365,-124.5510465534758,-2.668125897159835,-1.3209318763207574,25.848934656561404,-33.71744492592803,53.76,0.0
FF,1.88,6.25,"Mayza, Tim",641835,foul,R,1,1,0.36,0.37,0.06,2.42,-5.395395537215611,-132.79004137913668,-4.554893298576106,5.502113826093059,29.527139810109848,-26.950773676777548,53.93,-0.04
SI,1.93,6.38,"Mayza, Tim",641835,swinging_strike,R,1,0,1.52,0.66,0.99,2.67,-5.6662778151549205,-132.50567843155287,-4.823025927331553,19.135389127339216,29.97728068061465,-23.511072566598536,53.89,-0.031
FF,1.83,6.33,"Mayza, Tim",641835,ball,R,0,0,0.23,0.69,-0.69,1.39,-6.889419436943761,-132.86281966165637,-8.097674411611811,4.212447740364321,27.78105545488745,-22.51000605346327,53.81,0.024
SI,1.77,6.39,"Mayza, Tim",641835,hit_into_play,L,1,0,1.13,1.0,0.63,2.01,-5.367800468637936,-132.71891012481083,-7.290048740319511,14.550525409845193,30.26552081393654,-18.98723502640108,53.82,-0.26
SI,1.71,6.34,"Mayza, Tim",641835,ball,L,0,0,1.36,1.01,0.2,1.49,-6.770875762332577,-132.4228437281105,-8.483855671304962,17.43313521123338,28.99350775918585,-18.56608118052053,53.8,0.032
SI,1.6,6.21,"Mayza, Tim",641835,hit_into_play,L,1,2,1.05,0.74,0.87,2.93,-4.225673029045172,-136.86570991359324,-4.4840338530001285,14.098503118849962,28.17290072982295,-22.135047895488963,53.86,0.364
SL,1.92,5.98,"Mayza, Tim",641835,ball,L,0,2,-0.07,0.11,-2.32,0.74,-10.182811233988303,-127.33691424416392,-6.8621369298004105,1.0813983827148403,23.039960443842865,-29.80968393001328,53.72,0.026
SI,1.51,6.29,"Mayza, Tim",641835,foul,L,0,1,1.29,0.57,-0.04,1.74,-6.883354642626079,-135.5775928222465,-7.152227545483501,17.52367316588841,34.3929879295976,-23.560194257579948,53.87,-0.045
SI,1.76,6.17,"Mayza, Tim",641835,called_strike,L,0,0,1.37,0.59,-0.71,2.37,-9.245088245617683,-133.07146245956145,-4.963996795062194,18.287834098663943,31.21140294649685,-24.250038270838207,53.77,-0.042
SI,1.85,6.11,"Mayza, Tim",641835,hit_into_play,L,0,2,1.27,0.43,0.77,1.48,-5.593009558958306,-135.49603096945586,-7.079904989052515,16.821976004631725,30.63808991329894,-25.459387903736378,53.9,0.168
SI,1.8,6.22,"Mayza, Tim",641835,called_strike,L,0,1,1.25,0.64,0.32,1.99,-6.550045125056763,-135.04090410318355,-6.481838557174372,16.682264510705245,28.50817755058408,-23.18082583230006,53.93,-0.024
SI,1.93,6.19,"Mayza, Tim",641835,called_strike,L,0,0,1.01,1.01,0.38,3.04,-6.071329767462168,-132.47498731858502,-4.233521487778607,13.123257924307502,26.33092445374784,-19.561210918706617,53.96,-0.015
SI,1.79,6.16,"Mayza, Tim",641835,hit_into_play,L,3,2,1.2,0.78,-0.01,2.48,-7.090318489848892,-131.51747068236304,-4.963955077655021,15.42644625827552,26.64329740354208,-22.19861697563924,53.82,-0.211
SI,1.62,6.29,"Mayza, Tim",641835,foul,L,3,2,1.26,0.76,0.54,1.29,-5.507761774369581,-133.80525502505418,-8.524884517425054,16.339887120159776,27.887470805823067,-21.406786486187823,53.95,0.0
SI,1.65,6.35,"Mayza, Tim",641835,foul,L,3,2,0.88,0.94,0.75,3.25,-4.211909307901738,-133.61128059569432,-4.035436235057107,11.471821577806992,28.920816557281917,-20.25407593951229,53.95,0.0
SI,1.78,6.26,"Mayza, Tim",641835,ball,L,2,2,1.33,0.44,0.52,1.01,-6.117794888644763,-133.95913612138062,-8.461499251692224,17.317752834468042,31.628693926734908,-25.0539878690654,53.96,0.069
SI,1.76,6.26,"Mayza, Tim",641835,called_strike,L,2,1,1.33,0.55,0.25,1.56,-6.764969069940427,-133.51230380647323,-7.237840797274242,17.371978797257135,31.04477944084643,-24.166987644218715,53.82,-0.051
SI,1.79,6.28,"Mayza, Tim",641835,ball,L,1,1,1.34,0.5,-0.08,1.36,-7.653011274767448,-133.19778305126587,-7.585021737778236,17.68996947155768,31.9603345534656,-24.64015478776919,54.0,0.037
SI,1.79,6.33,"Mayza, Tim",641835,ball,L,0,1,1.25,0.89,1.09,1.65,-4.524609882182778,-134.3492253477474,-8.06404929737662,16.122070508497924,30.06865006927962,-19.763344354445817,53.97,0.017
SI,1.68,6.32,"Mayza, Tim",641835,called_strike,L,0,0,1.09,0.82,0.44,2.28,-5.503525515447604,-132.66391201263292,-6.03009026644547,14.040649766783108,29.925600784096765,-21.36898065968029,53.93,-0.024
SI,1.76,5.92,"Mayza, Tim",641835,hit_into_play,L,3,2,1.26,0.68,-0.47,2.0,-8.43834924263534,-133.4762999126018,-5.595726782619676,16.81963028927383,28.47144001770249,-22.984528093717795,53.75,-0.271
SI,1.83,6.0,"Mayza, Tim",641835,foul,L,3,2,1.45,0.39,0.23,3.03,-7.258584648579002,-133.88535170151908,-2.5545421021862227,19.01709948646441,29.738100600347877,-27.105931193012363,53.82,0.0
SI,1.79,6.03,"Mayza, Tim",641835,called_strike,L,3,1,1.51,0.6,-0.53,2.1,-9.23234589383273,-133.59591572355774,-5.404644343428198,20.15267189532544,30.96437817444395,-23.956926960571387,53.77,-0.054
SI,1.73,6.01,"Mayza, Tim",641835,ball,L,2,1,1.37,0.66,-1.52,1.82,-11.432703313879584,-135.30064938307405,-6.439389168035519,19.42360783888026,30.92121214390691,-22.71334020296621,53.74,0.058
SL,1.76,6.08,"Mayza, Tim",641835,ball,L,1,1,-0.17,0.04,-1.28,2.76,-6.921047952676386,-125.43800514667277,-1.6476690203476183,-0.1840669370286888,28.7520679349028,-31.632537855203257,53.91,0.049
SL,1.84,6.12,"Mayza, Tim",641835,ball,L,0,1,-0.08,0.11,-0.65,0.93,-5.7788288955433815,-124.80407364459523,-6.217002709593472,0.4714817122044339,28.00337063517024,-29.8488802212476,53.83,0.03
SI,1.72,6.11,"Mayza, Tim",641835,called_strike,L,0,0,1.4,0.85,-0.47,3.15,-8.65154007786597,-133.81495688199325,-3.51539979838124,18.707589340592165,29.08186865145079,-21.44074497355557,53.86,-0.042
SI,1.74,6.08,"Mayza, Tim",641835,hit_into_play,L,0,0,1.24,0.74,0.39,2.34,-6.1588277707394,-133.70103430518898,-5.280163122025607,16.25406273104604,27.64245840484604,-22.37895252504212,53.86,0.015
SL,1.7,6.19,"Mayza, Tim",641835,hit_into_play,R,2,1,-0.18,0.03,-0.06,2.98,-3.8041454952712455,-124.1186710660556,-1.338877099668251,-1.1720311831004944,23.765755778693908,-31.84237454505404,53.77,1.833
SI,1.6,6.17,"Mayza, Tim",641835,ball,R,1,1,1.14,0.97,-0.88,3.86,-8.769191354128285,-132.78030856419898,-2.0302236688362068,15.35788678975574,29.54882428301621,-20.434735469629157,53.75,0.049
SI,1.71,6.21,"Mayza, Tim",641835,foul,R,1,0,1.22,1.01,-0.16,3.21,-7.340982086902783,-132.0973244576993,-3.8019079646666714,15.793696120733395,27.617233773081573,-19.67787522497084,53.85,-0.039
SI,1.7,6.14,"Mayza, Tim",641835,ball,R,0,0,1.41,0.75,0.17,4.56,-6.926709292904465,-133.2505880883991,0.2515500049683508,18.321106233213538,28.573257880693475,-23.49705964378732,53.94,0.027
SL,1.67,6.21,"Mayza, Tim",641835,hit_into_play,L,2,2,-0.05,0.03,-0.69,2.7,-5.613519833802132,-126.96337795617688,-2.3351005059621484,0.6169852548269333,27.20352151101552,-31.518593740176488,53.74,0.815
SI,1.62,6.04,"Mayza, Tim",641835,called_strike,L,2,1,1.33,0.71,-0.61,2.4,-8.626965010930627,-134.01721612071827,-4.901518374566425,17.942906017734728,32.3138368182359,-22.724991758071933,53.84,-0.067
SL,1.42,6.17,"Mayza, Tim",641835,ball,L,1,1,-0.25,-0.13,-0.85,1.05,-4.942314430974342,-125.3491009945698,-5.64707168593714,-1.4283372265190384,28.661145500293163,-32.43924960965428,53.61,0.049
SI,1.5,6.13,"Mayza, Tim",641835,called_strike,L,1,0,1.37,0.77,-1.02,2.71,-9.406336319936171,-133.3835917234934,-4.442884566208497,18.44855129784324,32.12750704231884,-22.133482709263145,53.78,-0.039
SI,1.48,6.18,"Mayza, Tim",641835,ball,L,0,0,1.43,0.64,-1.17,3.1,-9.722343343122256,-131.2883333531799,-2.992077938747523,18.77619351275017,33.07922888648149,-24.30190624823944,53.82,0.027
SI,1.73,5.91,"Mayza, Tim",641835,called_strike,L,3,2,1.32,0.72,-0.5,1.88,-8.613664041568635,-133.9170871052266,-5.996591966276636,17.80289192388636,29.81950253748609,-22.395557023183997,53.69,-0.365
SI,1.72,6.03,"Mayza, Tim",641835,ball,L,2,2,1.37,0.54,-0.95,3.13,-9.987580966297855,-135.85589091992333,-2.9443086256643967,19.165415822684743,28.583978065214342,-24.995445618391088,53.8,0.097
SI,1.41,6.1,"Mayza, Tim",641835,foul,L,2,1,1.46,0.67,0.19,2.26,-6.308313341043188,-133.47345253484437,-5.3267909567039,18.859861518304555,30.652685584617885,-23.13416370722651,53.8,-0.074
SI,1.37,6.12,"Mayza, Tim",641835,ball,L,1,1,1.27,0.89,-0.34,1.55,-7.114364526328479,-133.028852213527,-7.638450351466174,16.629076683417562,28.73093365904646,-20.094573121015035,53.7,0.058
SL,1.68,6.14,"Mayza, Tim",641835,blocked_ball,L,0,1,0.0,-0.08,-0.87,0.75,-6.057292991768212,-124.53327471287471,-6.340516202761804,1.2270348447544348,25.52493348678757,-31.85915003772948,53.72,0.031
SI,1.6,6.21,"Mayza, Tim",641835,called_strike,L,0,0,1.54,0.45,0.68,1.85,-5.6264225060606,-131.68008726141233,-5.90186638441882,19.146485665363,29.01813449090181,-25.9039993371282,53.87,-0.042
SI,1.59,6.11,"Mayza, Tim",641835,ball,R,3,2,1.28,0.38,-1.03,2.99,-9.533347460241387,-134.07375696198824,-2.946752612552076,17.50804274363543,28.891723708413934,-27.18364719778021,53.67,0.219
SI,1.64,6.17,"Mayza, Tim",641835,ball,R,2,2,1.1,0.55,0.23,4.14,-6.032689508897103,-134.508977533365,-0.5604373720225859,14.68244604376108,29.536677010749827,-25.536924776826407,53.88,0.069
SL,1.66,6.12,"Mayza, Tim",641835,ball,R,1,2,-0.17,-0.37,-0.64,1.12,-5.140026288511086,-124.59663875452608,-4.821085978851842,-0.7563251284186684,25.197599515929213,-35.23559001232424,53.72,0.026
SL,1.65,6.17,"Mayza, Tim",641835,foul,R,1,2,-0.09,-0.25,-0.04,1.75,-3.870512724404195,-124.83709803671265,-3.6785408564738606,-0.0698441642450585,26.50282503186541,-34.17573751809509,53.77,0.0
SI,1.63,6.18,"Mayza, Tim",641835,called_strike,R,1,1,1.26,0.72,-0.39,3.11,-7.971821036129337,-134.68472176598232,-3.578089304160163,17.16098891695059,32.02273940631699,-22.87136086510836,53.82,-0.04
SI,1.85,6.22,"Mayza, Tim",641835,swinging_strike,R,1,0,1.28,0.83,0.57,2.91,-6.009345777659173,-132.11737284801416,-4.128368727155872,16.325056599560583,30.521812753618526,-21.72543636874641,53.78,-0.031
SL,1.84,6.23,"Mayza, Tim",641835,ball,R,0,0,-0.06,-0.19,0.15,-0.17,-3.809356976187976,-122.28309660689412,-8.07015628193246,0.1558865132259082,25.29420630305177,-32.61793693933192,53.82,0.024
SI,1.81,6.13,"Mayza, Tim",641835,hit_into_play,L,3,1,1.31,0.52,0.14,2.19,-7.035895713992595,-132.23360446374957,-5.049546442597373,16.85479030814403,31.25707099192789,-25.130141242434444,53.74,-0.375
SI,1.5,6.21,"Mayza, Tim",641835,ball,L,2,1,1.31,0.63,-0.21,1.5,-7.182262663177232,-132.58890616833258,-7.323471877006673,17.05066002686033,30.32179275212906,-23.259950106832388,53.74,0.108
SI,1.61,6.25,"Mayza, Tim",641835,called_strike,L,2,0,1.28,0.74,0.12,2.46,-6.490844019819143,-131.43748084632136,-5.090233043507819,16.28976857730398,30.033413166256373,-22.64360129691328,53.73,-0.057
SI,1.71,6.3,"Mayza, Tim",641835,ball,L,1,0,1.32,0.71,0.57,4.08,-5.72133522069515,-132.22049999944377,-1.1217279475035848,16.754308112655508,30.227681184563775,-23.82967514354133,53.84,0.064
SI,1.68,6.27,"Mayza, Tim",641835,ball,L,0,0,1.4,0.37,-0.45,3.84,-8.425301392751383,-132.25273871116093,-0.9365377186359146,18.263511149054324,30.10395002579853,-27.890249511051653,53.8,0.032
SI,1.65,6.21,"Mayza, Tim",641835,hit_into_play,R,2,0,1.37,0.72,-0.04,1.74,-7.332692769151468,-134.28221205221092,-7.1270499269747045,18.15076176174583,30.868279841394347,-22.0664853262701,53.79,-0.142
SI,1.74,6.31,"Mayza, Tim",641835,ball,R,1,0,1.46,0.73,2.0,2.32,-2.498349536580491,-131.75730362755192,-5.559572915708633,17.52532835685843,30.351494612086604,-22.61479500281113,53.93,0.026
SI,1.64,6.22,"Mayza, Tim",641835,ball,R,0,0,1.51,0.78,0.14,1.0,-7.172622872584686,-134.54332094837434,-9.301300376411817,19.935976758311835,27.017448612598507,-20.94127473972237,53.77,0.016
SI,1.41,6.28,"Mayza, Tim",641835,hit_into_play,L,2,0,1.23,0.7,0.38,3.21,-5.353553706325847,-134.4743643832639,-3.561042046487896,16.120849024124503,30.31461492862104,-23.07521643611877,53.83,-0.232
SI,1.66,6.19,"Mayza, Tim",641835,ball,L,1,0,1.37,0.51,1.38,3.49,-3.7089257931527566,-133.9026476149413,-2.097022067871832,17.240360924686627,30.70901777055073,-25.75387385534107,53.9,0.045
SI,1.69,6.24,"Mayza, Tim",641835,ball,L,0,0,1.42,0.87,0.25,4.06,-6.77626230848931,-133.9714597922443,-1.6053892930225266,18.582141443065645,26.68461802797673,-21.54885806220388,53.94,0.024
SL,1.59,6.28,"Mayza, Tim",641835,hit_into_play,R,1,2,-0.2,-0.08,-0.46,1.49,-4.454898499341202,-123.56541911786287,-4.718912368951259,-1.121548583225516,25.23531120230321,-32.281338863453335,53.79,-0.168
SI,1.59,6.32,"Mayza, Tim",641835,swinging_strike,R,1,1,1.41,0.7,1.39,2.8,-3.589777251083019,-134.09277256952566,-4.6341418192647135,17.75407486204826,28.83986750183618,-22.989142258956413,53.9,-0.049
SI,1.5,6.35,"Mayza, Tim",641835,ball,R,0,1,1.17,0.72,1.19,2.82,-3.3615801861219103,-133.8082022202263,-4.675099196800857,14.80572526526506,28.7338102249145,-22.71028618615474,54.01,0.021
SI,1.66,6.29,"Mayza, Tim",641835,called_strike,R,0,0,1.49,0.46,0.9,2.14,-5.113289756396646,-131.84938940215707,-5.467887844222378,18.43442007250276,27.24321115591085,-25.80689327954432,53.95,-0.032
SI,1.71,6.26,"Mayza, Tim",641835,hit_into_play,R,1,1,1.43,0.49,0.51,2.28,-6.255400375523676,-135.02943246289027,-5.466128428372799,18.809839268368187,30.95506810997006,-25.196283259915404,53.84,-0.275
SI,1.8,6.24,"Mayza, Tim",641835,foul,R,1,0,1.47,0.74,1.25,2.43,-4.610456716550441,-133.75232111950825,-5.403123013294586,18.55498696983173,32.125564355667926,-22.24164722951627,53.87,-0.058
SI,1.89,6.16,"Mayza, Tim",641835,ball,R,0,0,1.34,0.69,2.26,3.64,-1.9796911387393596,-133.91176093631034,-1.985397907431809,16.43107254596668,33.34934449330856,-23.74881417575492,54.05,0.06
SL,1.83,6.06,"Mayza, Tim",641835,swinging_strike,R,1,2,-0.32,-0.29,-0.87,0.86,-5.724454660268627,-123.68734546650474,-5.357742291321492,-2.242615491684163,23.762562920897167,-34.320810315207886,53.69,-0.071
SI,1.86,6.12,"Mayza, Tim",641835,foul,R,1,1,1.25,0.38,-0.29,2.64,-8.310491720465542,-135.20666971081295,-3.9361894271948814,17.20912041322161,32.24860174124882,-26.792938519613426,53.87,-0.026
SI,1.8,6.14,"Mayza, Tim",641835,foul,R,1,0,1.15,0.49,1.11,2.29,-4.250230948492384,-132.99717647670107,-4.828245364793241,14.48894475851529,32.82698365444718,-25.469964427987883,53.84,-0.019
SI,1.91,6.18,"Mayza, Tim",641835,ball,R,0,0,1.15,0.58,1.12,3.44,-4.539285361453653,-134.59743404588284,-2.413237912321582,14.936018610501009,31.702843893329145,-24.81169758171201,53.99,0.016
SL,1.89,6.21,"Mayza, Tim",641835,hit_into_play,R,0,0,-0.08,-0.38,-0.04,1.32,-4.397216966359895,-123.63836380667225,-4.395710691152777,0.0514787294717861,24.856197689531797,-35.363209086041536,53.86,-0.148
SI,1.78,6.1,"Mayza, Tim",641835,hit_into_play,L,2,2,1.51,0.99,0.57,2.58,-6.627766081901054,-137.84940307027725,-5.687640354265336,20.792749521534,35.10967584516866,-18.49634180901028,53.76,-0.252
SL,1.64,6.12,"Mayza, Tim",641835,blocked_ball,L,1,2,-0.1,0.14,-2.52,0.67,-10.080425057205144,-129.18712857982095,-7.619583845930708,1.2076372158830535,29.498743674909612,-28.98255873298553,53.69,0.082
SI,1.74,6.17,"Mayza, Tim",641835,foul,L,1,1,1.47,0.6,1.12,2.46,-4.8548115503513625,-135.18826869551447,-4.976665677718484,19.047632892789515,33.71304751511613,-23.870736337189506,53.89,-0.105
SI,1.84,6.2,"Mayza, Tim",641835,ball,L,0,1,1.66,0.32,0.98,2.24,-5.887507199107572,-135.5442139659666,-5.02218096952928,21.669029828226144,35.01685993178116,-27.256245638935617,53.99,0.053
SI,1.68,6.25,"Mayza, Tim",641835,called_strike,L,0,0,1.35,0.75,0.4,3.19,-6.230816489898944,-134.06696966574845,-3.534430440583256,17.68666588650607,32.84085298865863,-22.5537189945725,53.9,-0.051
SI,1.65,6.34,"Mayza, Tim",641835,hit_into_play,R,0,0,1.23,0.77,0.32,2.13,-6.086667795464409,-132.7906820048451,-6.409224608877603,15.909286856639111,29.89045576630599,-21.89042718710123,53.4,-0.229
SI,1.65,6.31,"Mayza, Tim",641835,ball,L,3,1,1.24,0.57,-1.46,1.36,-10.764076144455965,-134.55864340930435,-8.134764868579547,17.502163070833863,31.13018975352981,-23.469258801890824,53.62,0.065
SL,1.6,6.4,"Mayza, Tim",641835,ball,L,2,1,-0.22,-0.22,-0.7,0.69,-5.046720419827392,-125.154037299779,-6.937995313249422,-1.3845509848553388,24.00870952475068,-33.35807366958948,53.7,0.046
SI,1.68,6.33,"Mayza, Tim",641835,ball,L,1,1,1.12,0.56,-1.2,1.83,-9.917439318325828,-134.9802103264026,-6.9684436553118125,15.926910429490354,31.707036104503576,-23.86225264234246,53.66,0.023
SI,1.87,6.24,"Mayza, Tim",641835,ball,L,0,1,1.29,0.47,-1.4,1.54,-11.366100917543983,-135.83616107080937,-7.406505296270378,18.57191035922333,32.24570429989044,-24.80409445188403,53.7,0.011
SL,1.59,6.44,"Mayza, Tim",641835,called_strike,L,0,0,-0.27,-0.26,-0.18,1.78,-3.687839026357993,-125.68412105479388,-4.435127043070853,-2.1917115456402927,23.554759838319605,-34.28050610004342,53.68,-0.015
SI,1.5,6.4,"Mayza, Tim",641835,hit_into_play,L,2,2,1.24,0.36,0.43,2.44,-5.4602429893457085,-133.62076606990928,-4.956711673297684,16.076330224714443,30.294459734848832,-26.96530635449837,53.68,-0.142
SI,1.64,6.37,"Mayza, Tim",641835,ball,L,1,2,1.37,0.44,-0.54,1.47,-8.666958729551746,-135.24727037625544,-7.794376291701695,18.72153218519432,31.0073454534514,-25.138313835274708,53.67,0.026
SL,1.67,6.36,"Mayza, Tim",641835,swinging_strike,L,1,1,-0.3,-0.29,-0.44,0.65,-4.41565763957536,-124.71124641219768,-6.696340615776231,-2.215340127959144,24.994831501265587,-34.09838955218046,53.73,-0.04
SI,1.74,6.47,"Mayza, Tim",641835,called_strike,L,1,0,1.02,1.04,-0.38,2.24,-7.671764250019889,-134.00826392793397,-7.210117562064452,13.947552263505951,30.601849284920377,-18.165710873620466,53.7,-0.031
SI,1.75,6.25,"Mayza, Tim",641835,ball,L,0,0,1.25,0.86,-1.61,0.99,-11.465409251758008,-135.0731587289863,-9.712136874201226,17.821506772115292,29.14671531486213,-19.529153021612792,53.64,0.024
SI,1.73,6.38,"Mayza, Tim",641835,hit_into_play,R,1,2,1.29,0.75,-0.21,3.04,-7.851577386767435,-135.7200304543763,-4.5277196290534905,17.71151478879719,29.01060692975921,-22.054032769432748,53.99,-0.168
SL,1.59,6.47,"Mayza, Tim",641835,ball,R,0,2,-0.11,-0.16,-1.8,1.54,-7.826351437049453,-124.1624817787741,-5.076337878409713,0.3377150967570498,23.34234544664274,-33.007599062518885,53.66,0.019
SL,1.82,6.43,"Mayza, Tim",641835,foul,R,0,1,-0.21,-0.1,-0.36,1.23,-4.783406694700461,-125.14202285804072,-5.979472530844422,-1.363266665681439,23.441760053266133,-32.29151115342763,53.65,-0.047
SI,1.93,6.44,"Mayza, Tim",641835,called_strike,R,0,0,1.22,0.65,0.06,2.45,-7.414968449356443,-133.8929642165044,-5.759798542333517,16.22822669436315,27.26069068712298,-23.249980623932487,54.01,-0.032
SI,1.83,6.36,"Mayza, Tim",641835,hit_into_play,R,0,1,1.18,0.5,0.23,1.95,-6.712971999649707,-135.02607806977446,-6.629609794405748,15.920805313055366,27.98809657195252,-24.796030606855485,53.99,-0.085
SL,1.71,6.5,"Mayza, Tim",641835,called_strike,R,0,0,-0.17,-0.19,0.08,2.01,-3.5003342505102784,-123.41884201763818,-3.851232838914533,-1.1157747240046885,23.012777078570178,-33.56654116806718,53.83,-0.015
SI,1.86,6.34,"Mayza, Tim",641835,hit_into_play,R,1,1,1.09,0.56,0.5,1.92,-5.780835360082043,-132.3593494743816,-6.438925961378607,14.045461443357084,26.232364427444267,-24.46212135591906,53.97,-0.156
SI,1.76,6.5,"Mayza, Tim",641835,swinging_strike,R,1,0,1.09,0.9,-0.13,2.56,-7.056121881279278,-130.9780378674413,-5.794502524421073,14.007552609937878,26.45744615703704,-20.719168624557504,53.87,-0.031
SI,1.89,6.42,"Mayza, Tim",641835,ball,R,0,0,1.08,0.47,1.05,2.84,-4.530009409522308,-134.16867193628164,-4.33238668098428,14.084207073575522,27.70299323200117,-25.75849455020786,53.97,0.024
SI,1.82,6.42,"Mayza, Tim",641835,hit_into_play,R,0,1,1.26,0.65,0.01,2.4,-7.327575620547205,-133.61273809384355,-5.702907883564018,16.66439126027873,31.47306257704298,-23.35121258996302,53.96,-0.196
SI,1.77,6.49,"Mayza, Tim",641835,called_strike,R,0,0,1.41,0.49,-0.08,2.06,-7.522054514240602,-128.97165575499196,-5.810733991196154,17.268483544490795,28.12537139227046,-25.602367141839665,53.88,-0.032
SI,1.85,6.05,"Mayza, Tim",641835,hit_into_play,L,0,1,1.3,0.5,0.98,1.81,-5.103254004868052,-135.75330084229242,-6.28080844944527,17.24814670861491,29.63412072535824,-24.789010526811136,54.04,-0.29
SI,1.71,6.07,"Mayza, Tim",641835,called_strike,L,0,0,1.19,0.36,-0.59,2.53,-8.560455710041985,-135.707208212583,-4.159737874003014,16.52955722422176,28.82935303579408,-26.99483843657996,54.05,-0.048
SI,1.84,6.08,"Mayza, Tim",641835,hit_into_play,R,0,0,1.21,0.66,-0.24,1.72,-7.887326502013009,-133.44400016551862,-6.671578102015817,16.03531423892027,25.58551754090119,-23.116848130324364,53.96,-0.655
SI,1.76,6.21,"Mayza, Tim",641835,hit_into_play,R,3,1,1.23,1.18,0.08,2.16,-6.915982371760878,-133.00329356037815,-6.921784197424648,16.02511143853101,26.940386156758706,-16.899535262022795,53.98,0.467
SI,1.53,6.24,"Mayza, Tim",641835,ball,R,2,1,1.19,0.71,-0.08,1.0,-6.660252577125869,-133.02808424559709,-8.94279726172566,15.495089309019203,27.000826936904502,-22.09109974106662,53.97,0.158
SI,1.56,6.11,"Mayza, Tim",641835,ball,R,1,1,1.16,0.74,-1.0,3.2,-9.240911401725471,-136.54094688078507,-3.447995197812527,16.52949428326981,29.59420315570331,-22.306324598147956,53.94,0.074
SI,1.53,6.29,"Mayza, Tim",641835,foul,R,1,0,1.24,0.86,0.51,1.82,-5.294177619257398,-133.76250809601862,-7.3892529005087155,16.04193379031356,27.073288276432937,-20.41792139087915,54.06,-0.075
SI,1.57,6.13,"Mayza, Tim",641835,ball,R,0,0,1.27,0.84,0.68,1.66,-5.098085141548382,-135.7645443673281,-7.645188125895486,16.804455391107716,29.3061116084652,-20.304936536252967,53.97,0.067
SI,1.49,6.14,"Mayza, Tim",641835,hit_into_play,R,1,2,1.24,0.74,-0.46,2.0,-7.726268885325398,-135.055056175148,-6.510214525963685,16.779918608858925,26.05204462711752,-21.919434964602345,54.03,0.47
SI,1.67,6.36,"Mayza, Tim",641835,swinging_strike,R,1,1,1.18,0.72,0.1,3.36,-6.487568114205068,-132.61582700757828,-3.228617703409241,15.26876054044651,26.741987667001496,-23.227375164261133,54.13,-0.049
SL,1.94,6.17,"Mayza, Tim",641835,ball,R,0,1,-0.16,-0.32,0.44,0.43,-3.230756068339674,-125.06843948498457,-6.7170882700015015,-1.0223737047289398,24.601966897573213,-34.42079410043592,54.04,0.021
SI,1.83,6.25,"Mayza, Tim",641835,called_strike,R,0,0,1.34,0.37,-0.18,2.1,-7.87494390415622,-131.27416200451916,-5.17781287045371,17.15089021843021,28.04050374833793,-26.90972801777921,54.12,-0.032
SI,1.52,6.32,"Mayza, Tim",641835,hit_into_play,L,0,0,1.28,0.72,0.45,2.62,-5.64230183835135,-136.08371486885642,-5.399064692169958,17.202205552584978,29.70973422238629,-22.274927416732268,53.78,-0.337
SI,1.63,6.29,"Mayza, Tim",641835,hit_into_play,R,0,0,1.18,0.92,0.03,3.25,-6.6966815839335645,-134.96464172588352,-3.982279398474621,15.861577942108598,31.17218032027317,-20.229337600255636,53.83,1.527
SI,1.49,6.29,"Mayza, Tim",641835,ball,L,3,2,1.23,0.84,-0.72,0.96,-8.481756793947785,-135.7418349527923,-9.847648670286311,17.149795976754763,30.90934564428568,-19.69560234002847,53.78,0.184
SI,1.38,6.2,"Mayza, Tim",641835,ball,L,2,2,1.21,1.07,-1.04,1.64,-9.003596505105392,-136.53382361954735,-8.476921976202176,17.14154064125783,32.076199933441224,-16.96661520509717,53.85,0.071
SL,1.37,6.16,"Mayza, Tim",641835,ball,L,1,2,-0.14,0.11,-1.75,0.97,-7.47743548759242,-129.7959140465553,-6.97269827518397,0.2345873758663283,30.422302406650708,-29.51035364591719,53.61,0.03
SI,1.38,6.21,"Mayza, Tim",641835,called_strike,L,1,1,1.3,0.93,-0.38,2.23,-7.2779759508813555,-132.43316910921718,-6.071723747654438,16.937683454545144,31.61182342243224,-20.045725777739943,53.72,-0.048
SI,1.39,6.35,"Mayza, Tim",641835,ball,L,0,1,1.31,0.96,-1.25,3.08,-9.82985591070453,-137.0849335804961,-4.9283529680365,18.78875929396976,33.35955810301728,-19.08604152504516,53.81,0.03
SI,1.47,6.28,"Mayza, Tim",641835,swinging_strike,L,0,0,1.23,0.91,0.33,3.04,-5.60847850528318,-134.28761065411737,-4.393632165345363,16.074492518796365,30.84268850851421,-20.407145612597525,53.91,-0.042
SL,1.64,6.18,"Mayza, Tim",641835,swinging_strike_blocked,R,1,2,-0.15,0.16,-1.47,0.84,-7.245999702028607,-126.73621808225954,-6.999761053277205,-0.0015046738006041,28.415574347221547,-29.10154732034351,53.67,-0.21
SI,1.87,6.12,"Mayza, Tim",641835,foul,R,1,1,1.37,0.56,0.39,2.22,-6.87828599886354,-136.1414949217798,-5.627271091100729,18.54561795023965,27.79336508177421,-24.223631792184445,53.85,-0.087
SI,1.63,6.18,"Mayza, Tim",641835,called_strike,R,1,0,1.33,0.87,-0.37,3.38,-8.077035418186428,-135.14220799794836,-3.3057735916870565,18.0667736690458,29.083929342437468,-20.975379447989805,53.88,-0.039
SI,1.7,6.19,"Mayza, Tim",641835,ball,R,0,0,1.5,0.73,-0.16,0.71,-8.229690930787857,-137.08746113787507,-10.24699957327283,20.74797149711573,30.98150930034032,-20.75111526773453,53.74,0.027
SL,1.68,6.35,"Mayza, Tim",641835,hit_into_play,R,0,2,-0.05,0.1,0.29,2.14,-3.231526134331394,-126.08390271538264,-4.088561815440874,0.1114922467761532,25.38797183796719,-30.54274302662862,53.83,-0.197
SI,1.52,6.34,"Mayza, Tim",641835,foul,R,0,1,1.39,0.78,0.92,2.35,-4.640158610789214,-135.92826501566884,-6.332328119544496,18.23782733699532,27.6823329935237,-21.326529008272537,53.83,-0.059
SI,1.49,6.31,"Mayza, Tim",641835,called_strike,R,0,0,1.37,0.68,0.08,2.06,-6.672307969527852,-135.2650738705438,-6.648861053047438,18.33977120826375,29.76936334622256,-22.54621391240136,53.78,-0.042
SI,1.42,6.37,"Mayza, Tim",641835,hit_into_play,L,3,2,1.28,0.7,-0.24,1.95,-7.08389603165637,-134.2784993685664,-7.029354890704658,17.051315270449052,27.01597969233892,-22.41878649305381,53.84,0.218
SI,1.55,6.36,"Mayza, Tim",641835,called_strike,L,3,1,1.15,0.9,-0.73,2.07,-8.333264494411107,-133.53920447265736,-7.06617229985441,15.52891698652436,26.650943133273707,-20.01512927986992,53.78,-0.059
SI,1.53,6.33,"Mayza, Tim",641835,ball,L,2,1,1.21,0.85,-1.33,1.93,-9.939678718031177,-134.0044083189054,-7.312760973542089,16.601898316926604,25.760520068714275,-20.484755769145305,53.9,0.077
SI,1.71,6.24,"Mayza, Tim",641835,ball,L,1,1,1.56,0.52,1.4,1.4,-4.20598486966166,-134.61163978817075,-7.7485856429183855,19.88900248160767,27.440176815483053,-24.399971702329943,53.99,0.037
SI,1.73,6.24,"Mayza, Tim",641835,called_strike,L,1,0,1.35,0.61,0.28,1.4,-6.601283670035787,-132.9349156873096,-7.726465979895131,17.404812887928795,25.660237492696115,-23.51121211804645,53.92,-0.031
SI,1.65,6.25,"Mayza, Tim",641835,ball,L,0,0,1.33,0.58,-1.34,2.59,-10.502145256619038,-133.82494618116,-4.770973797505874,18.109040132944006,26.605656878877788,-24.35062279523365,53.96,0.024
SI,1.79,6.31,"Mayza, Tim",641835,hit_into_play,L,0,0,1.3,0.73,0.16,2.62,-6.960364092524392,-133.02275594459672,-5.047868077387676,16.93025002042541,27.76294221976269,-22.64527625494795,53.86,-0.228
SI,1.79,6.29,"Mayza, Tim",641835,swinging_strike,R,0,2,1.43,0.73,0.24,3.37,-7.330886782054202,-138.35976233844718,-3.615689139854831,20.06119468689877,33.31568749962388,-22.165856316376207,53.98,-0.307
SL,1.89,6.36,"Mayza, Tim",641835,swinging_strike,R,0,1,-0.15,-0.12,-0.01,3.62,-4.225035784687289,-125.34191902834642,0.0040529974493572,-0.710254613260205,26.798830523484675,-33.611267281557986,53.94,-0.068
SI,2.01,6.32,"Mayza, Tim",641835,foul,R,0,0,1.31,0.84,0.25,3.21,-7.375965081497615,-134.97465272840577,-4.006822875742154,17.576807144804576,30.547817906635192,-21.21215971701165,53.97,-0.073
SI,1.98,6.3,"Mayza, Tim",641835,hit_into_play,L,3,2,1.38,0.49,0.46,2.39,-6.945629864635431,-134.9038783480832,-5.270605419684637,18.36005104214269,30.835056455621466,-25.233757852992635,53.86,-0.347
SI,1.8,6.39,"Mayza, Tim",641835,called_strike,L,3,1,1.26,0.32,0.52,3.07,-5.917524357090103,-132.21982641233524,-3.061169359290956,16.015701056865105,29.66047633442968,-27.97421837751282,54.1,-0.053
SI,1.74,6.27,"Mayza, Tim",641835,called_strike,L,3,0,1.39,0.18,-0.32,2.01,-8.170436987751176,-132.23214268627868,-5.154450730642125,18.05814887881431,30.15434430019477,-29.06256789830709,54.02,-0.035
SI,1.77,6.27,"Mayza, Tim",641835,ball,L,2,0,1.08,0.59,-1.2,0.94,-9.941937662457375,-133.99582092413348,-9.03285329785276,15.182805492419297,28.68829755968863,-23.236082563079403,54.0,0.053
SI,1.81,6.35,"Mayza, Tim",641835,ball,L,1,0,1.16,0.4,0.32,3.83,-6.403744007642135,-135.80773886918527,-1.5582503943651005,15.776681032099608,31.743249792138197,-27.125759019121624,54.1,0.024
SI,1.74,6.4,"Mayza, Tim",641835,ball,L,0,0,1.11,0.59,-1.13,2.62,-9.793221062131549,-134.42511450859143,-5.114346785816717,15.678671097575576,30.926541891680035,-23.99318970307991,53.9,0.021
SI,1.9,6.45,"Mayza, Tim",641835,hit_into_play,R,0,0,1.27,0.3,0.55,2.15,-6.183867553562402,-133.2639632221628,-5.663279403589639,16.497775815460994,28.65199681774151,-27.580063177754734,54.0,0.239
SL,1.67,6.43,"Mayza, Tim",641835,hit_into_play,L,1,2,-0.14,-0.08,0.15,3.15,-3.3408426967808555,-125.78424331290933,-1.5194531379789424,-0.924654156424772,22.58567609469899,-32.90275000441306,53.97,-0.116
SI,1.53,6.58,"Mayza, Tim",641835,called_strike,L,1,1,1.18,0.5,-0.16,3.29,-6.843989013646671,-133.29102603522165,-3.5406417711767126,15.573949250561965,29.435522711087124,-25.59589396602084,54.08,-0.04
SI,1.85,6.36,"Mayza, Tim",641835,called_strike,L,1,0,0.93,0.09,-0.41,1.82,-7.648529253332238,-131.71739748765464,-5.573299151321492,12.426627109370774,28.8750757642182,-30.14670655704331,54.04,-0.031
SI,1.73,6.48,"Mayza, Tim",641835,ball,L,0,0,1.08,0.64,-1.12,2.02,-9.506280758188431,-132.3644201464286,-6.714214775819135,14.617462065849598,26.792517102137108,-23.361372838509407,54.0,0.024
SI,1.68,6.33,"Mayza, Tim",641835,hit_into_play,L,3,1,1.06,0.36,0.1,2.79,-6.2960765334355004,-133.62125190556316,-3.960594155291592,13.988814371274325,25.1705844502484,-27.22486689469906,54.03,0.173
SL,1.5,6.31,"Mayza, Tim",641835,ball,L,2,1,-0.16,-0.06,-1.27,0.05,-6.3478702685240975,-126.28805626120722,-8.773230529384017,-0.5211778011356514,24.78783957598861,-31.262978039599727,53.75,0.046
SI,1.69,6.33,"Mayza, Tim",641835,ball,L,1,1,1.22,0.51,1.14,2.3,-4.064563263660866,-134.25905364969287,-5.548054755031715,15.674569565528326,29.83029619517737,-24.969644340050323,54.06,0.023
SL,1.53,6.33,"Mayza, Tim",641835,ball,L,0,1,-0.13,0.09,-1.8,0.72,-7.90901419943502,-128.67089941166003,-7.828116382070357,0.2515623955321415,26.905325123152576,-29.73395803906931,53.75,0.011
SI,1.68,6.3,"Mayza, Tim",641835,called_strike,L,0,0,1.37,0.31,-0.82,1.48,-9.426112530457496,-134.75101634647345,-7.186121951504182,18.736859386151984,31.062658572412072,-26.8726110874471,53.95,-0.015
SI,1.5,6.4,"Mayza, Tim",641835,called_strike,L,3,2,1.36,0.3,-1.01,1.8,-9.325544962358912,-133.5844990971251,-6.468925803843867,18.28259869401102,29.85135089540938,-27.317764332893542,53.93,-0.211
SI,1.46,6.39,"Mayza, Tim",641835,foul,L,3,2,1.2,0.77,0.15,2.84,-5.944825699504392,-133.95676074194506,-4.871860168731096,15.718047358858236,29.17847716661025,-21.99276449079073,54.05,0.0
SI,1.49,6.34,"Mayza, Tim",641835,ball,L,2,2,1.38,0.39,0.46,0.65,-5.627503177458852,-133.7357996668644,-9.42864029612358,17.715848898574745,30.353630013187168,-25.533822116136832,53.92,0.069
SL,1.45,6.35,"Mayza, Tim",641835,ball,L,1,2,-0.11,-0.25,-1.07,0.0,-5.883379529898054,-127.0027680885793,-8.738938047887016,-0.1204893628283718,23.20005662274116,-33.41535743528748,53.9,0.026
SL,1.62,6.24,"Mayza, Tim",641835,ball,L,0,2,-0.14,-0.28,-1.51,0.37,-7.308036918233061,-127.34967931594232,-7.502624105774512,-0.1168312616277468,25.362351793243537,-33.91264586128603,53.83,0.013
SL,1.79,6.33,"Mayza, Tim",641835,foul,L,0,1,-0.22,-0.41,-0.42,1.61,-4.823622063105212,-125.72907988696564,-4.216572633761679,-1.3750985922067414,25.95017028478669,-35.83317219939708,53.99,-0.035
SI,1.56,6.41,"Mayza, Tim",641835,swinging_strike,L,0,0,1.32,0.76,0.62,1.39,-5.272253528624962,-133.02155832824408,-8.434839166834992,16.79860362066679,30.99368389260549,-21.486452443076946,53.73,-0.024
SI,1.52,6.46,"Mayza, Tim",641835,hit_into_play,L,1,2,1.43,0.74,0.89,2.85,-4.736556302771171,-134.99016770351923,-5.017800128520986,18.449961318797502,32.04654048069078,-22.27251235936734,53.99,-0.151
SL,1.64,6.33,"Mayza, Tim",641835,foul,L,1,1,-0.3,-0.16,-0.61,1.13,-4.807867230960282,-126.66855434523688,-5.99666312552796,-2.2416969702831886,26.51086235244924,-32.80167015754991,53.82,-0.139
SI,1.58,6.37,"Mayza, Tim",641835,called_strike,L,1,0,1.2,0.64,-0.35,1.73,-7.467854474660034,-132.99052320580628,-7.227146200391007,15.811938751598635,28.40582534161824,-23.249335566020864,54.05,-0.131
SL,1.66,6.34,"Mayza, Tim",641835,ball,L,0,0,-0.25,-0.21,-0.45,1.12,-4.544833811443678,-125.59661070208402,-5.8432668794477545,-1.7564301602460193,24.02613148544636,-33.42858317875903,53.82,0.093
SI,1.46,6.47,"Mayza, Tim",641835,hit_into_play,R,3,1,1.3,0.93,1.08,2.89,-3.798945081784762,-133.10772342994187,-5.170921825251308,16.311507642983525,29.565255690160583,-20.237510321947727,53.92,1.279
SL,1.59,6.32,"Mayza, Tim",641835,ball,R,2,1,-0.12,-0.16,-1.3,0.37,-6.651894703832222,-124.98094643275718,-7.56686707358789,0.1203523343684364,25.46460791517812,-32.49954050017432,53.82,0.158
SI,1.59,6.46,"Mayza, Tim",641835,ball,R,1,1,1.34,0.63,0.08,3.93,-6.745385645256514,-133.32144165003797,-1.862126765006677,17.456305078457643,30.045066438841523,-24.51029145069098,53.92,0.074
SI,1.64,6.44,"Mayza, Tim",641835,swinging_strike,R,1,0,1.31,0.81,1.76,2.75,-2.52319371732088,-133.39983936497472,-5.220599197912782,16.128897277991843,29.00700725316012,-21.580609621138464,54.01,-0.075
SI,1.66,6.43,"Mayza, Tim",641835,ball,R,0,0,1.52,0.69,1.99,3.96,-2.464258481162154,-134.2902404216864,-1.9773880677569275,18.87126763400128,29.632982747209724,-23.573609945827894,54.09,0.067
SI,1.45,6.59,"Mayza, Tim",641835,hit_into_play,L,0,0,1.36,0.63,0.53,2.64,-5.281598839091072,-133.5516144275905,-5.54843702385751,17.418259013741675,27.088733615612643,-23.6687206553376,54.06,0.41
SI,1.68,6.51,"Mayza, Tim",641835,called_strike,L,2,2,1.63,0.66,-0.12,2.23,-8.1020136139681,-132.7125549836907,-6.32654740318792,21.007867372411678,28.687060949480934,-23.21098191670998,53.77,-0.328
SL,1.72,6.52,"Mayza, Tim",641835,ball,L,1,2,-0.04,0.28,-1.17,2.04,-6.743338455705655,-123.94337167385842,-4.860228752811129,0.8503564922170159,22.828250807657,-28.521179465866133,53.86,0.012
SI,1.58,6.55,"Mayza, Tim",641835,ball,L,0,2,1.39,0.66,0.93,1.2,-4.582558751725283,-130.55322132233755,-8.723628531644959,16.889964338244734,26.868309739354675,-22.991971713520662,53.83,0.009
SI,1.57,6.62,"Mayza, Tim",641835,foul,L,0,1,1.27,0.78,0.5,3.11,-5.489683236430993,-133.70613173986078,-4.708647638588268,16.414597804189444,30.37155472111129,-21.954167850315866,54.06,-0.068
SI,1.6,6.61,"Mayza, Tim",641835,called_strike,L,0,0,1.39,0.93,0.65,2.95,-5.332811260711849,-130.79433064411063,-5.050407169010363,17.048382099527338,29.24417050728244,-20.63607107671901,53.94,-0.073
SL,1.73,6.44,"Mayza, Tim",641835,hit_into_play,R,2,2,-0.14,-0.31,0.3,2.29,-3.113881024328447,-123.67554550365112,-2.7802150887644785,-0.7763979897076659,24.64454868472925,-34.99258878950389,53.85,1.056
SI,1.84,6.29,"Mayza, Tim",641835,ball,R,1,2,1.36,0.86,-1.27,2.49,-11.011916304882671,-135.03163621677763,-5.872542155681048,19.06270854310312,28.56589280978359,-20.53941450850256,53.78,0.034
SI,1.74,6.39,"Mayza, Tim",641835,foul,R,1,1,1.5,0.81,0.61,2.47,-6.05504516380195,-132.43871905592997,-5.733974264941964,18.91620225550936,26.33366478939511,-21.603007064228283,53.95,-0.075
SI,2.15,6.2,"Mayza, Tim",641835,ball,R,0,1,1.34,0.93,-0.31,1.34,-9.291314724613695,-134.53592429125558,-8.741820845395521,18.26971867661813,26.578723782601894,-19.206217639688425,53.78,0.021
SL,2.05,6.26,"Mayza, Tim",641835,called_strike,R,0,0,-0.05,-0.1,0.48,2.43,-3.5795275105298963,-122.54420246738052,-2.316610595696271,0.1889972264730241,24.095965945627004,-32.9406598205174,53.81,-0.047
SL,1.96,6.23,"Mayza, Tim",641835,hit_into_play,L,3,2,-0.13,-0.08,-1.32,1.58,-7.342548734805742,-120.66204799763013,-4.038564869969368,0.129164309554751,22.9070526408952,-32.40110684618821,53.54,-0.424
SI,1.76,6.4,"Mayza, Tim",641835,foul,L,3,2,1.45,0.79,-0.76,2.21,-9.569925370305189,-133.1442082324644,-6.496020865628708,19.322891306975347,27.200354693944725,-21.509401092847245,53.81,0.0
SI,1.65,6.46,"Mayza, Tim",641835,foul,L,3,1,1.35,0.65,0.44,2.13,-5.883054233620888,-130.81995027692102,-6.178815776432447,16.73942137832082,27.28824709551996,-23.64077176730514,53.89,-0.126
SI,1.92,6.38,"Mayza, Tim",641835,called_strike,L,3,0,1.24,0.77,0.15,3.38,-7.075335284046208,-131.40767788343314,-3.2227013249748997,15.815440708839354,26.0553449575234,-22.7634769354252,53.96,-0.065
SI,1.81,6.33,"Mayza, Tim",641835,ball,L,2,0,1.52,0.55,-0.65,1.21,-9.366492209348108,-130.9585363852287,-7.986333344198289,19.43120420420412,26.1822027556922,-24.359728991445863,53.9,0.131
SI,1.61,6.44,"Mayza, Tim",641835,blocked_ball,L,1,0,1.7,0.71,0.22,0.52,-7.1245161082356985,-131.36598691991802,-10.383482654368114,21.20065742148715,27.174502772157968,-21.91486836189712,53.81,0.06
SI,1.47,6.46,"Mayza, Tim",641835,ball,L,0,0,1.37,0.87,-0.7,0.14,-8.451547305722787,-132.46363342708852,-11.993781274028292,17.853606971454166,25.86095543001076,-19.602690417575115,53.8,0.067
SI,1.94,6.38,"Mayza, Tim",641835,hit_into_play,L,0,1,1.38,0.59,0.55,2.58,-6.467166620115112,-132.2143759286863,-4.878502881781107,17.627075275231437,28.85377825778425,-24.391914032955366,54.03,0.442
SI,1.74,6.39,"Mayza, Tim",641835,called_strike,L,0,0,1.41,0.78,-0.54,2.17,-8.69800458502039,-130.64734682224906,-6.177787371682149,17.916548510157266,26.352030955760675,-22.15781376661553,53.74,-0.032
SI,1.83,6.22,"Mayza, Tim",641835,hit_into_play,L,0,0,1.16,0.51,0.44,2.21,-6.1189172077572165,-134.67699782440883,-5.500936091477026,15.523764627785695,32.17288245479712,-24.940525607186924,53.96,-0.1
SL,1.8,6.26,"Mayza, Tim",641835,called_strike,R,2,2,-0.22,-0.15,0.84,3.15,-1.847411383121328,-127.08273500584885,-1.04597933014097,-2.0567559013519245,25.714370247337204,-33.81155560084343,54.01,-0.142
SL,1.71,6.25,"Mayza, Tim",641835,foul,R,2,1,-0.25,-0.12,0.09,1.66,-3.3769590685103195,-125.91867828031894,-4.518601979812409,-1.9626647333019227,26.20318586793765,-32.68787580153997,53.88,-0.051
SI,1.78,6.36,"Mayza, Tim",641835,ball,R,1,1,1.36,0.7,1.88,4.42,-2.713774813110043,-132.99107941535914,-0.501207344663269,16.722050471005666,30.11514669087317,-24.00258804372333,54.04,0.037
SI,1.71,6.37,"Mayza, Tim",641835,foul,R,1,0,1.04,0.77,-0.12,3.29,-6.8989976977916285,-133.20735166434193,-3.5792401460237384,13.858623254582133,29.120985831641672,-22.38734542385444,53.97,-0.031
SI,1.75,6.47,"Mayza, Tim",641835,ball,R,0,0,1.08,0.86,0.61,3.88,-5.28077905603937,-134.25545108940946,-2.6352090562814103,14.243104113526991,29.644016767467303,-21.432914981910656,53.88,0.024
SI,1.8,6.29,"Mayza, Tim",641835,hit_into_play,L,1,1,1.28,0.71,0.91,3.03,-5.030154222220872,-133.2911336575543,-3.896765394104704,16.384465637341894,30.129861940513912,-23.03119617801859,54.05,-0.216
SI,1.62,6.37,"Mayza, Tim",641835,ball,L,0,1,1.34,0.7,1.58,3.97,-3.0477781657852048,-134.88716747907569,-1.8589691848862664,17.033222133212075,30.621323795500903,-23.402029984510733,54.04,0.021
SI,1.6,6.46,"Mayza, Tim",641835,foul,L,0,0,1.3,0.6,0.94,2.3,-4.491728489445802,-133.28356722272125,-5.89331203257554,16.42693268327517,30.91899443408668,-23.964282922460526,54.02,-0.032
SL,2.03,6.05,"Mayza, Tim",641835,hit_into_play,L,3,2,-0.21,-0.18,0.19,2.01,-3.9486981667116967,-124.3182252519818,-2.837304152810418,-1.3692072496217051,26.672969200262557,-33.62640874723503,53.72,-0.994
SL,1.69,6.16,"Mayza, Tim",641835,foul,L,3,2,-0.21,0.06,-0.19,2.5,-4.064437809077644,-125.67630067034764,-2.634286636205653,-1.4363499366859858,24.57254535801559,-31.238473472113707,53.88,0.0
SL,1.78,6.11,"Mayza, Tim",641835,blocked_ball,L,2,2,-0.06,0.05,-0.73,-0.25,-5.95353433417413,-127.07907699989912,-9.292932201136315,0.6237065609555509,26.631565473708704,-29.891379610875216,53.93,0.279
SI,1.84,6.2,"Mayza, Tim",641835,ball,L,1,2,1.41,0.65,2.04,2.46,-2.6301071596524137,-137.11395199026825,-5.445126305196093,18.320903706023287,32.74558403128107,-22.89172079282965,54.0,0.142
SL,1.82,6.15,"Mayza, Tim",641835,foul,L,1,2,-0.09,0.03,0.17,1.95,-3.834096723176173,-128.13818018297286,-4.188410281655829,-0.2366396521354509,26.35849284413995,-31.1661432884972,53.96,0.0
SL,1.42,6.22,"Mayza, Tim",641835,ball,L,0,2,-0.28,0.13,-1.37,2.22,-6.305122240321378,-129.27262002796888,-4.027938071762653,-1.8240674203046616,27.154000210547466,-30.0965812708102,53.88,0.023
SI,1.75,6.21,"Mayza, Tim",641835,foul,L,0,1,1.26,0.7,0.01,2.93,-7.334002812483286,-137.08029560402974,-4.335533610104028,17.527484398950886,33.45233223931257,-22.575830211673807,54.08,-0.116
SI,1.52,6.31,"Mayza, Tim",641835,called_strike,L,0,0,1.42,0.51,-0.35,3.0,-7.999233459915122,-135.64924048173836,-3.7311861418241303,19.374148331917823,36.9777066097389,-25.223951036919303,53.93,-0.099
SL,1.45,6.27,"Mayza, Tim",641835,hit_into_play,L,1,1,-0.27,-0.05,-0.58,1.96,-4.384018771921938,-127.14481194161094,-4.099676070141403,-1.8885455340956967,28.27599868858461,-32.07767358200214,53.9,-0.218
SI,1.55,6.29,"Mayza, Tim",641835,called_strike,L,1,0,1.36,0.84,0.68,1.7,-5.190060287046804,-134.07810726690812,-7.649471654113902,17.48126897043776,30.8335172784426,-20.526385570575144,53.9,-0.039
SI,1.37,6.19,"Mayza, Tim",641835,ball,L,0,0,1.33,0.7,-1.14,1.92,-9.37026385330997,-134.34645235633113,-6.62350183973818,18.16289975043282,30.928469235882577,-22.367819169669776,53.68,0.027
SI,1.51,6.34,"Mayza, Tim",641835,hit_into_play,R,3,1,1.23,0.98,0.6,2.7,-4.996352973351318,-133.6131476468189,-5.485748620377697,15.86726366229004,30.70957255007371,-19.435558814617128,53.89,0.063
SI,1.55,6.33,"Mayza, Tim",641835,called_strike,R,3,0,1.26,0.78,0.38,2.68,-5.672492442347113,-132.79380076332592,-4.983170697155148,16.087025956174884,29.03527588318132,-22.05036185454324,53.93,-0.022
SI,1.61,6.37,"Mayza, Tim",641835,ball,R,2,0,1.29,0.74,1.01,3.16,-4.31561783514254,-133.22851962783508,-3.8235334185437417,16.28656289642124,29.102647763305345,-22.761399114459923,53.96,0.046
SI,1.51,6.45,"Mayza, Tim",641835,ball,R,1,0,1.24,0.87,1.35,2.98,-3.123212221106891,-134.128205371366,-4.904397725673416,15.637481624403303,29.52856797324246,-20.785007549317264,54.05,0.026
SL,1.77,6.27,"Mayza, Tim",641835,ball,R,0,0,-0.16,-0.1,1.99,1.76,0.8468696537028495,-123.393249729036,-3.9902192841521,-1.824423658308604,25.681979846520825,-32.62407463648145,53.96,0.016
SI,1.58,6.31,"Mayza, Tim",641835,hit_into_play,R,3,2,1.25,0.9,0.58,2.35,-5.27162764232238,-133.26792310358977,-6.097888353549115,16.080777718374293,28.899640926664887,-20.34689426588393,53.86,-0.211
SI,1.6,6.26,"Mayza, Tim",641835,ball,R,2,2,1.35,0.92,-0.73,0.57,-8.840223498935012,-133.23374339853518,-10.53436536447779,18.024271246770844,28.54862851009581,-19.08630667045197,53.93,0.069
SL,1.59,6.22,"Mayza, Tim",641835,ball,R,1,2,-0.13,0.02,-1.58,1.13,-7.381229450829366,-126.7175256088392,-6.118719622187999,0.1283580197540346,26.53814819125719,-30.857102492056978,53.92,0.026
SI,1.55,6.28,"Mayza, Tim",641835,foul,R,1,2,1.37,0.57,0.97,2.57,-4.559674291082335,-136.3637867597448,-5.111361078752851,18.105095242615462,31.61133276117004,-24.071475748457612,53.99,0.0
SI,1.63,6.28,"Mayza, Tim",641835,swinging_strike,R,1,1,1.36,0.61,1.19,2.0,-4.024579351311231,-131.56418644375697,-6.028710592913683,16.66852158392266,29.11488135265366,-24.007620703262017,54.03,-0.04
SI,1.61,6.38,"Mayza, Tim",641835,swinging_strike,R,1,0,1.23,0.97,0.86,2.16,-4.527754364350205,-131.53203682722838,-6.650314905538759,15.25876210505567,28.11459442880747,-19.6799348742244,53.98,-0.031
SI,1.66,6.47,"Mayza, Tim",641835,ball,R,0,0,1.39,0.98,1.19,2.93,-4.172810313135338,-131.7570090467938,-4.9965503878905215,17.104229683940698,29.1799764517241,-19.919233519620484,53.87,0.024
SI,1.4,6.42,"Mayza, Tim",641835,hit_into_play,L,2,0,1.23,0.76,-0.11,3.29,-6.482283756310396,-133.3868606535189,-3.720778487121524,16.076076810184496,28.138066337013743,-22.453126166087756,53.96,-0.324
SI,1.44,6.38,"Mayza, Tim",641835,ball,L,1,0,1.34,0.96,0.17,0.05,-6.13671680461828,-132.90382584971707,-12.191420795794924,17.170588120016852,30.680907471519408,-18.155563259971128,53.86,0.064
SI,1.49,6.4,"Mayza, Tim",641835,ball,L,0,0,1.49,0.73,-0.78,0.96,-8.933944983585612,-132.4859415675276,-9.318483911451336,19.52665601649468,30.87401666707828,-21.56866153456417,53.98,0.032
SI,1.59,6.24,"Mayza, Tim",641835,called_strike,R,2,2,1.32,0.8,-0.61,2.0,-8.540345633105186,-135.00971212944904,-6.885777257619551,17.916489181612416,27.172535330404493,-21.097866694767315,53.93,-0.088
SL,1.73,6.14,"Mayza, Tim",641835,ball,R,1,2,-0.01,-0.06,-1.72,-0.16,-8.265423871269572,-125.12325539565622,-8.587391921833147,1.8041198974559836,28.605575026767596,-30.98897596980231,53.61,0.018
SI,1.69,6.33,"Mayza, Tim",641835,foul,R,1,2,1.42,0.7,-0.12,2.82,-7.788720574583104,-134.86432274710802,-4.744903972235125,19.04606514380944,27.908062830911508,-22.76971030709712,53.88,0.0
SL,1.96,6.26,"Mayza, Tim",641835,foul,R,1,1,-0.13,0.14,-0.81,2.06,-6.429683548595419,-127.0663562254217,-4.324895932317733,-0.2382200050318063,23.49336973937254,-30.070752480571244,53.96,-0.026
SI,1.81,6.37,"Mayza, Tim",641835,foul,R,1,0,1.21,0.81,0.76,2.58,-5.25052644518593,-132.42103061961575,-5.43618487522203,15.327423723527026,24.905811062418916,-21.646375724882947,54.01,-0.019
SI,1.66,6.44,"Mayza, Tim",641835,ball,R,0,0,1.29,0.68,0.96,1.31,-4.546362312806466,-132.87290352937185,-8.61502720628615,16.23452003704605,24.43579223505626,-22.56790832559824,53.93,0.016
SI,1.62,6.34,"Mayza, Tim",641835,hit_into_play,L,1,2,1.32,0.9,0.65,2.1,-5.410792455572675,-134.74669140503215,-7.070901210297827,17.28240238103543,27.75878637115082,-19.82192757198382,53.78,-0.116
SI,1.67,6.22,"Mayza, Tim",641835,ball,L,0,2,1.31,0.75,-1.72,0.16,-11.802224562455557,-136.79545681889522,-11.839215123081836,18.88645960583542,26.75596504704589,-20.35867481876157,53.73,0.013
SL,1.82,6.23,"Mayza, Tim",641835,foul,L,0,1,0.06,0.28,-0.84,1.42,-6.672619776677353,-129.0036015067772,-6.311845379703691,2.0948688541943348,27.1090603085852,-27.89806816457994,53.89,-0.035
SI,1.61,6.43,"Mayza, Tim",641835,called_strike,L,0,0,1.26,0.7,-0.37,1.97,-7.7783780920681425,-133.88516782983115,-7.032755806825326,16.83916538392357,28.178291995132327,-22.350862563541565,54.05,-0.024
SI,1.54,6.47,"Mayza, Tim",641835,hit_into_play,R,0,1,1.18,0.78,-0.17,1.92,-6.892706988494195,-133.26537450718604,-7.367411078168436,15.568745412856844,26.813293988709137,-21.52438951049113,54.03,-0.196
SI,1.67,6.42,"Mayza, Tim",641835,called_strike,R,0,0,1.23,0.75,0.29,2.53,-6.130587963145515,-132.6368634243312,-5.560078697403098,15.866112999630326,26.721227372852088,-22.291204145638527,54.0,-0.032
SI,1.51,6.29,"Mayza, Tim",641835,hit_into_play,R,2,2,1.07,0.73,0.77,2.64,-4.232457933720182,-134.0369322981799,-5.037112230854341,13.838001346884814,29.137589366979544,-22.517244256884428,53.91,-0.2
SI,1.49,6.31,"Mayza, Tim",641835,ball,R,1,2,1.18,0.69,-1.4,2.34,-9.983837005716172,-134.20783245621433,-5.798398952650018,16.391460249615303,29.45218414973717,-22.77032239026248,53.85,0.03
SL,1.74,6.27,"Mayza, Tim",641835,blocked_ball,R,0,2,-0.18,0.21,-1.06,0.17,-6.263344383357723,-124.06704015190496,-8.505397097785584,-0.5240294427536051,26.146222289101534,-28.36018026116448,53.78,0.026
SI,1.48,6.33,"Mayza, Tim",641835,called_strike,R,0,1,1.18,0.94,-1.01,2.55,-9.011071878065248,-135.12289708085248,-5.973562913421427,16.386287878540184,29.714212056829105,-19.544243507860596,53.88,-0.045
SI,1.58,6.35,"Mayza, Tim",641835,foul,R,0,0,1.23,0.73,0.39,2.34,-5.7733045095664295,-134.96671550411128,-6.067073145938595,16.330773961663095,30.609776267573192,-22.094612901276918,53.84,-0.042
SI,1.46,6.43,"Mayza, Tim",641835,swinging_strike,R,3,2,1.35,0.67,0.48,2.36,-5.449819565835422,-134.3824757337374,-6.015258873285493,17.5505838563145,30.525193894338788,-22.8924103945604,54.12,-0.365
SI,1.61,6.39,"Mayza, Tim",641835,ball,R,2,2,1.22,0.77,0.95,0.78,-4.375207264135636,-134.5034920901886,-10.248275080359404,15.775085327834196,27.673127457767176,-20.90703334925244,53.87,0.097
SL,1.71,6.35,"Mayza, Tim",641835,blocked_ball,R,1,2,-0.17,0.36,-0.37,0.4,-4.710886064036381,-127.2209858677064,-9.009683857066673,-0.874315894376008,25.27748564155902,-26.62623732474393,53.87,0.054
SI,1.38,6.36,"Mayza, Tim",641835,ball,R,0,2,1.2,1.07,-1.33,2.48,-9.616326354867224,-134.8522967630343,-6.471975647978742,16.84347024735063,31.685976838516616,-17.784767714702728,53.88,0.02
SI,1.57,6.41,"Mayza, Tim",641835,foul,R,0,2,1.37,0.88,0.57,1.97,-5.680647614918481,-136.6196328873273,-7.671488931523412,18.45821866911992,34.40571495482433,-19.608289340925023,53.88,0.0
SL,1.74,6.3,"Mayza, Tim",641835,foul,R,0,2,-0.28,0.2,0.16,2.1,-3.2288055902460124,-126.53503473796655,-4.257962845274951,-2.2481040702830697,29.77605723580025,-29.261044783310968,53.8,0.0
SI,1.53,6.43,"Mayza, Tim",641835,foul,R,0,1,1.13,0.63,0.44,3.09,-5.2576412505585335,-134.06142027851013,-3.965130479728181,14.727895568225248,32.081694558055105,-23.896379551539937,53.98,-0.059
SI,1.65,6.35,"Mayza, Tim",641835,swinging_strike,R,0,0,1.32,0.77,1.01,2.18,-4.474077250434533,-132.64782211183015,-6.236147967594326,16.531054612196943,31.24186880593044,-21.86261418753251,53.93,-0.042
SI,1.38,6.46,"Mayza, Tim",641835,hit_into_play,L,1,0,1.27,0.67,0.5,2.25,-4.910439667959999,-131.33111049891622,-5.933400914197421,15.729769568765027,30.5381601072998,-23.28861964204341,53.93,-0.443
SI,1.61,6.35,"Mayza, Tim",641835,ball,L,0,0,1.43,0.67,-0.38,3.77,-8.092246575159407,-132.23050709538867,-1.93384480543541,18.529892541820843,32.13197172091991,-24.150239403893327,53.97,0.067
SI,1.64,6.01,"Mayza, Tim",641835,swinging_strike,L,2,2,1.29,0.5,-0.07,1.37,-7.27611599050496,-135.70025852418118,-7.355740387846181,17.46797557077735,28.60709632316492,-24.54196525519481,53.81,-0.396
SI,1.63,6.11,"Mayza, Tim",641835,foul,L,2,2,1.37,0.59,-0.05,3.53,-7.332938182181242,-134.7924104307845,-2.065514068537063,18.2836184651133,30.616183339641086,-24.730432854196067,53.83,0.0
SL,1.88,5.89,"Mayza, Tim",641835,foul,L,2,2,-0.14,-0.1,-0.29,2.02,-4.953224844613828,-126.73616340885546,-2.932002514791336,-0.5325823859752642,25.60588716832081,-32.84094493736961,53.93,0.0
SI,1.68,6.12,"Mayza, Tim",641835,foul,L,2,2,1.18,0.53,0.36,3.6,-5.938661592491439,-133.9514506726007,-1.696443783116176,15.458408496590296,29.532882728261296,-25.60552804780429,53.98,0.0
SL,1.78,5.91,"Mayza, Tim",641835,ball,L,1,2,-0.09,-0.1,-1.9,1.09,-8.678645922136429,-125.9152941655337,-5.0818575779916895,0.8931186611233267,27.016075917758208,-32.3558061277925,53.74,0.07
SL,2.03,6.04,"Mayza, Tim",641835,foul,L,1,1,0.04,-0.14,-0.15,1.79,-5.2883007214284685,-125.40091360616606,-3.5419839201444043,1.545851540758164,27.609345928411305,-33.1033364473188,53.88,-0.126
SL,1.76,5.99,"Mayza, Tim",641835,ball,L,0,1,-0.25,-0.08,-1.58,2.1,-7.520843238674492,-126.1099365028098,-2.921228801813025,-1.064106010358659,26.55983376682903,-32.63634518614615,53.86,0.056
SI,1.86,6.11,"Mayza, Tim",641835,called_strike,L,0,0,1.11,0.88,-1.07,2.53,-9.90652009719352,-133.88504906596242,-5.1505964548676255,15.500858151594477,30.444603282546304,-20.673518022668627,53.89,-0.081
SI,1.71,6.07,"Mayza, Tim",641835,hit_into_play,R,3,2,1.41,0.53,-0.57,2.07,-9.046528161804943,-135.8154541100472,-5.775836058571185,19.47440638040161,29.242305790108254,-24.45885894801279,53.83,1.297
SL,1.77,6.07,"Mayza, Tim",641835,ball,R,2,2,-0.19,-0.07,-0.97,1.2,-6.202331116246501,-126.05843671777562,-5.3415289793344805,-0.8287401313409071,24.548861536279794,-32.029112808557095,53.75,0.279
SL,1.77,6.11,"Mayza, Tim",641835,ball,R,1,2,0.04,-0.02,-1.89,1.45,-9.004699030005058,-127.25219521257424,-5.096917025695138,2.3372670222828464,26.732048846064643,-31.53700481082031,53.68,0.142
SI,1.67,6.25,"Mayza, Tim",641835,called_strike,R,1,1,1.3,0.64,-1.07,2.0,-9.981067456532326,-135.80818327214027,-6.652029557093741,18.3155760709372,29.130452223082308,-22.903412188539296,53.89,-0.145
SI,1.68,6.35,"Mayza, Tim",641835,called_strike,R,1,0,1.34,0.9,-0.26,2.88,-7.916150288464591,-134.71182446099937,-5.054379062856151,18.016501435995856,29.689274766546244,-20.298058936889987,53.93,-0.132
SI,1.73,6.16,"Mayza, Tim",641835,ball,R,0,0,1.4,0.7,-1.03,1.52,-10.25260143555219,-135.66382165832536,-7.754279925342565,19.53893541567931,29.14568836781029,-21.966225384684545,53.88,0.086
SL,1.75,6.01,"Mayza, Tim",641835,ball,L,3,2,-0.13,0.08,-0.6,1.18,-5.515905695902452,-129.34726977548667,-5.962849317174767,-0.297389088733687,28.423774163760157,-30.143497709864217,53.84,0.267
SL,1.72,6.04,"Mayza, Tim",641835,called_strike,L,3,1,-0.02,-0.21,0.02,1.28,-4.111151239509399,-127.83293513913024,-5.03894610820365,0.5704056516146602,25.77264420127982,-33.67361361457216,53.75,-0.109
SL,1.78,6.12,"Mayza, Tim",641835,ball,L,2,1,-0.06,0.1,-1.37,1.23,-7.564702743571111,-127.40123806057127,-5.866224327654982,1.0981378735426073,28.684029157731807,-30.01328598581364,53.8,0.157
SL,1.77,6.12,"Mayza, Tim",641835,ball,L,1,1,-0.09,0.21,-1.65,1.71,-8.156797240186757,-127.84548735728195,-5.061518723090976,0.598811082723638,25.20715065934381,-28.991116076530574,53.85,0.028
SI,1.7,6.25,"Mayza, Tim",641835,called_strike,L,1,0,1.45,0.71,-0.33,2.73,-8.354387070230072,-134.41640067214473,-4.74392482704791,19.34336782194099,28.89040044485853,-22.65691116671532,53.89,-0.081
SI,1.63,6.22,"Mayza, Tim",641835,ball,L,0,0,1.32,0.93,-1.11,3.14,-9.959449861063083,-135.45098477705457,-4.233655394524419,18.371517077051458,27.92438815471717,-19.98175052207757,54.03,0.056
SI,1.54,6.2,"Mayza, Tim",641835,hit_into_play,R,3,2,1.38,0.62,0.16,2.19,-6.509135451973918,-133.1262954534914,-5.622799641879824,17.838404690519205,28.969188840677557,-23.74464267321405,53.76,-0.185
SL,1.72,6.19,"Mayza, Tim",641835,ball,R,2,2,-0.15,0.25,-1.84,1.72,-8.3072386102918,-126.63441161435992,-5.061897787585841,0.2529552095065759,28.326022002639323,-28.52143112172482,53.81,0.116
SI,1.49,6.3,"Mayza, Tim",641835,ball,R,1,2,1.15,0.83,0.1,4.38,-6.094157813634117,-135.6011501875956,-0.981436979562842,15.56053048899762,29.692767167896825,-21.95882499577052,54.1,0.032
SI,1.6,6.22,"Mayza, Tim",641835,ball,R,0,2,1.53,0.68,-1.4,2.63,-11.114151363680266,-135.80409302794976,-4.9996322799522535,21.33586728212341,30.096360251673445,-22.830392845197597,54.01,-0.046
SI,1.55,6.38,"Mayza, Tim",641835,foul,R,0,1,1.34,0.71,-0.18,3.07,-7.377799448942457,-134.8535314985839,-4.208006891996374,18.01107589290323,30.313248400010803,-22.742451473756997,53.97,-0.09
SI,1.56,6.32,"Mayza, Tim",641835,called_strike,R,0,0,1.23,0.81,-0.37,3.31,-7.394920833298229,-129.86826152977156,-3.090294139949433,15.455617969109865,27.783266326507576,-22.58763474838472,53.93,-0.081
SI,1.57,6.37,"Mayza, Tim",641835,hit_into_play,R,1,0,1.19,0.79,0.73,2.95,-4.671943218908913,-132.19151992940834,-4.330969738637132,15.001012271776396,29.66495739401736,-22.212775915459936,53.98,0.935
SI,1.64,6.37,"Mayza, Tim",641835,ball,R,0,0,1.32,0.71,-0.86,3.2,-9.268243632649886,-133.8216835284702,-3.719160976171254,17.906593660842283,30.67435348725196,-23.022029736308934,53.89,0.03
SI,1.53,6.4,"Mayza, Tim",641835,hit_into_play,R,1,0,1.4,0.86,-0.09,2.24,-7.068251784442447,-131.55311849745846,-6.248228155298257,17.800535482620223,31.096109369816524,-20.99373715285377,53.81,-0.116
SI,1.57,6.34,"Mayza, Tim",641835,ball,R,0,0,1.39,0.73,-1.64,1.16,-11.336274697796531,-134.7189323397134,-9.053941265067047,19.51449599189391,32.33808865636364,-21.26251993816436,53.74,0.016
SL,1.91,6.25,"Mayza, Tim",641835,hit_into_play,L,1,2,-0.13,0.11,-0.07,2.47,-4.588236595367023,-128.30123499291233,-3.2708723935497948,-0.3115587393720062,29.78678613613567,-30.41590663551046,53.92,-0.116
SI,1.54,6.35,"Mayza, Tim",641835,ball,L,0,2,1.45,0.78,1.5,2.45,-3.321719965224593,-135.65573473664588,-5.946366688498166,18.606673389057445,33.766087999097124,-21.415127509849626,53.84,0.013
SI,1.37,6.46,"Mayza, Tim",641835,called_strike,L,0,1,1.33,0.71,-0.15,2.37,-6.810486277436748,-134.40142500543143,-6.0931103028229545,17.606017207324264,33.108134615128115,-22.32119642232186,53.86,-0.035
SI,1.49,6.48,"Mayza, Tim",641835,called_strike,L,0,0,1.25,0.79,-0.4,3.32,-7.452869970743961,-132.16807290352173,-3.663977628487667,16.298240184186234,30.94177831781877,-22.30245060192135,53.84,-0.024
SI,1.49,6.34,"Mayza, Tim",641835,hit_into_play,L,1,1,1.37,0.69,0.4,2.1,-5.767490943891074,-134.5533831251829,-6.500661703056224,17.839187662181217,30.151344456983345,-22.59087001597168,53.97,-0.097
SL,1.75,6.22,"Mayza, Tim",641835,ball,L,0,1,-0.22,0.11,-0.81,1.69,-5.7177238864779545,-126.75099095948907,-4.8980728393678366,-1.1410525741940625,27.958384754443028,-30.16845310535267,53.99,0.011
SI,1.72,6.4,"Mayza, Tim",641835,called_strike,L,0,0,1.3,0.76,0.81,2.21,-5.101097192307672,-132.31707650224558,-6.246160630937402,16.387838454595027,27.69341171731549,-22.16733168128153,53.97,-0.015
SI,1.57,6.31,"Mayza, Tim",641835,called_strike,R,1,2,1.31,1.04,-0.69,2.25,-8.708827276570954,-135.09282469686715,-6.947400652245025,17.90973824105028,28.93623506653298,-18.050688173671464,53.85,-0.116
SI,1.64,6.42,"Mayza, Tim",641835,foul,R,1,1,1.01,1.03,0.77,3.15,-4.376964788832964,-132.43658643633944,-4.495664457547054,12.823754823285082,30.369438482028887,-19.269896149369064,53.98,-0.04
SI,1.55,6.41,"Mayza, Tim",641835,foul,R,1,0,1.26,0.34,0.15,2.6,-6.17192939281624,-131.10288921667302,-4.264520910723858,15.805503666198684,27.420241522253427,-27.5356634018358,53.85,-0.031
SI,1.65,6.33,"Mayza, Tim",641835,ball,R,0,0,1.34,0.52,0.21,3.98,-6.551878319615258,-133.3732243820353,-1.215309342232763,17.38836248304244,28.186052126578403,-25.8854645718794,54.03,0.024
SI,1.6,6.39,"Mayza, Tim",641835,hit_into_play,L,0,1,1.35,0.48,0.82,3.37,-4.93780443538336,-133.822062246583,-2.8057856467811244,17.299653132918532,31.568674416254733,-26.05611757902632,53.97,-0.196
SI,1.61,6.29,"Mayza, Tim",641835,called_strike,L,0,0,1.27,0.84,-0.38,1.95,-7.732476770425491,-131.90424946491595,-6.758484480804025,16.451379254757985,28.33147697334716,-21.05238550329051,53.88,-0.032
SI,1.78,6.23,"Mayza, Tim",641835,ball,L,3,0,1.37,0.61,1.46,2.27,-3.767050983838374,-133.52914897904762,-5.460624620395106,17.121768110564194,30.86110678159676,-23.87195819396464,54.01,0.144
SI,1.6,6.08,"Mayza, Tim",641835,ball,L,2,0,1.24,0.67,-1.53,1.19,-10.58343298097289,-131.96915443060064,-7.729508542729038,16.850810106324886,31.123063064906678,-22.762847528673817,53.73,0.128
SL,1.71,6.17,"Mayza, Tim",641835,ball,L,1,0,-0.09,0.21,-1.47,0.86,-7.308643571792047,-123.5689190232864,-6.498731801044785,0.7214023629923672,27.077917104001067,-28.780564528581746,53.99,0.066
SI,1.77,6.06,"Mayza, Tim",641835,ball,L,0,0,1.17,0.84,-1.04,1.09,-9.637499507573192,-132.61553154901185,-8.480502391615106,15.851973768854922,28.92817644783584,-20.49945246197801,53.77,0.044
SL,1.79,6.07,"Mayza, Tim",641835,ball,L,3,2,-0.27,-0.03,-0.85,0.61,-5.741282655529298,-124.98696163043525,-6.666545046935962,-1.733572503745614,24.45760755181822,-31.356945702696983,53.76,0.219
SI,1.68,6.26,"Mayza, Tim",641835,foul,L,3,2,0.92,1.07,0.18,2.52,-5.737136913629521,-131.7603989752671,-5.713033376145805,11.923903226593842,29.194106221762915,-18.723795258386037,53.87,0.0
SL,1.82,6.18,"Mayza, Tim",641835,ball,L,2,2,-0.27,0.15,-0.38,1.18,-4.77345121180866,-127.48834156892646,-6.251253557797594,-1.8931389544009287,27.65088172081045,-29.345437539248653,53.99,0.069
SI,1.69,6.26,"Mayza, Tim",641835,called_strike,L,2,1,1.3,0.98,-0.42,1.34,-8.090913596589004,-131.7178122464462,-8.488331856604546,16.89740047581555,28.554600774478285,-19.131766310385117,53.81,-0.051
SI,1.55,6.29,"Mayza, Tim",641835,ball,L,1,1,0.95,1.21,-0.58,2.04,-7.455444762824746,-132.40351341461522,-7.381501571853417,12.797539151991902,29.43500042368433,-16.53175108737326,53.77,0.037
SI,1.72,6.15,"Mayza, Tim",641835,ball,L,0,1,1.4,0.71,-1.62,0.29,-11.598244249099066,-134.00159518313262,-10.6218984778652,19.563350043329823,32.07182346646864,-21.172344144751825,53.9,0.017
SI,1.66,6.21,"Mayza, Tim",641835,called_strike,L,0,0,1.15,0.86,-1.0,1.99,-9.319953201694569,-134.10804723944432,-6.75522564325359,16.02133503643536,32.94672053813817,-20.42665491406226,53.89,-0.024
SI,1.77,6.23,"Mayza, Tim",641835,hit_into_play,R,2,2,1.35,0.73,0.27,2.23,-6.725865369572884,-132.60645674339506,-5.696034757233389,17.37251269340304,31.655157507684795,-22.495890015690893,53.93,-0.204
SL,1.96,6.18,"Mayza, Tim",641835,ball,R,1,2,-0.12,0.29,-0.6,1.18,-5.916036540815599,-126.13867303249124,-6.374569578546304,-0.0333179960193019,26.188087326598467,-27.99191477790436,53.85,0.036
SI,1.83,6.18,"Mayza, Tim",641835,ball,R,0,2,1.29,0.69,0.32,3.71,-6.668090994787146,-134.04343725863572,-1.89125607498806,17.03488150132207,32.27247756698972,-23.714183250101065,54.03,0.019
SI,1.86,6.28,"Mayza, Tim",641835,swinging_strike,R,0,1,1.19,0.85,0.96,2.7,-4.843445898156134,-133.06244417294724,-4.938232227835954,15.121267768549332,31.44101719327023,-21.21662704419252,54.07,-0.047
SI,1.88,6.2,"Mayza, Tim",641835,called_strike,R,0,0,1.22,0.82,-0.26,1.74,-8.060807890741309,-132.63891702512726,-7.043919889614559,16.249189467316942,31.94680916513468,-21.08070453563237,53.9,-0.032
SI,1.89,6.23,"Mayza, Tim",641835,hit_into_play,R,0,0,1.14,0.92,1.06,2.24,-4.562946779573685,-133.3865070915646,-6.232563484205452,14.539070774301033,29.48330897445478,-20.02168254676096,54.06,1.377
SL,1.67,6.22,"Mayza, Tim",641835,hit_into_play,R,2,2,-0.43,-0.25,0.21,2.24,-2.632862424015603,-125.22346526833648,-2.768669334307411,-4.072886751941781,22.72508592526544,-34.46709636261993,53.81,-0.419
SL,1.79,6.24,"Mayza, Tim",641835,foul,R,2,1,-0.18,-0.25,-0.09,1.37,-4.049654143590274,-123.28408531497524,-4.542562669865725,-1.0512140806356027,24.975406026267503,-33.97134968245467,53.79,-0.086
SL,1.83,6.17,"Mayza, Tim",641835,foul,R,2,0,-0.53,-0.03,-0.25,1.62,-3.898063272922482,-125.69736838704026,-4.61674377082695,-4.85148113205046,24.150352456782528,-31.83801186413261,53.8,-0.122
SI,1.73,6.12,"Mayza, Tim",641835,ball,R,1,0,1.21,0.43,0.06,1.98,-6.933838982768559,-132.8216624499795,-5.3616248755680695,15.941234138336808,36.27448127093631,-25.998933804209656,53.49,0.096
SL,1.84,6.38,"Mayza, Tim",641835,ball,R,0,0,-0.52,-0.1,-1.58,2.97,-6.939288494350902,-122.47894527606336,-1.3264536638177598,-3.8059503429489774,25.07082214154851,-33.09340544123506,53.92,0.051
SI,1.71,6.05,"Mayza, Tim",641835,ball,L,3,2,1.31,0.58,-1.83,1.37,-12.051077924601431,-133.3790890339545,-7.340915537251805,18.40690138201005,32.18707808379488,-23.648045210096623,52.97,0.313
SI,1.76,6.24,"Mayza, Tim",641835,called_strike,L,3,1,1.29,0.58,0.37,3.38,-6.328198559459095,-133.04467993952406,-2.460274367312018,16.726536731971155,35.17844973196204,-24.997222931214218,53.97,-0.103
SI,1.64,6.25,"Mayza, Tim",641835,called_strike,L,3,0,1.39,0.66,-0.18,2.63,-7.542546543267695,-130.29064292097212,-4.304291244284896,17.434320103160648,31.998973405263584,-23.882069165882225,53.37,-0.065
SI,1.7,6.11,"Mayza, Tim",641835,blocked_ball,L,2,0,1.14,0.63,-1.38,0.01,-10.444123369394664,-133.35500110703387,-11.125168902392906,15.913320320871817,29.3054261586665,-22.303785733877447,53.2,0.128
SI,1.87,6.17,"Mayza, Tim",641835,ball,L,1,0,1.05,0.56,-1.05,2.29,-9.709671428689258,-132.23830528103355,-5.048686574825483,14.461141790117448,29.11856541221772,-24.714926909096523,53.48,0.066
SI,1.66,6.24,"Mayza, Tim",641835,ball,L,0,0,1.15,0.29,-1.95,0.87,-11.72850720347816,-133.78134214809725,-8.37805799626983,16.595307816854962,33.441258110852694,-26.779293761318105,53.89,0.044
SL,1.89,6.34,"Mayza, Tim",641835,hit_into_play,R,1,1,-0.31,-0.1,-0.56,1.86,-5.256963589770756,-125.34901064616749,-4.16046591319947,-2.07774088542264,28.06315086448788,-32.473614097320294,53.61,0.273
SI,1.69,6.27,"Mayza, Tim",641835,called_strike,R,1,0,1.17,0.8,-0.27,1.93,-7.500114119409401,-132.33469026913883,-6.720093653275633,15.458560978239582,31.00121027520436,-21.439272262975813,53.73,-0.031
SL,1.88,6.27,"Mayza, Tim",641835,ball,R,0,0,-0.2,-0.11,-1.25,0.82,-7.133703706214407,-126.1170140778128,-6.639252141922952,-0.6731993441130294,25.93218364281336,-32.19352585452819,53.65,0.024
SI,1.86,6.3,"Mayza, Tim",641835,hit_into_play,L,1,0,1.24,0.24,0.62,2.39,-5.805105979496591,-132.36501982014022,-4.414024678091822,15.826570671886245,30.64882168883741,-28.54298444814576,53.73,-0.26
SI,1.73,6.27,"Mayza, Tim",641835,ball,L,0,0,1.01,0.29,-1.04,1.32,-9.161734586827109,-131.56996208032908,-7.017994280246144,13.810108526954766,32.519451266094634,-27.24012317977405,53.59,0.032
SL,1.72,6.34,"Mayza, Tim",641835,hit_into_play,L,0,1,-0.12,0.18,-0.64,1.96,-5.35501247815091,-124.8212226107664,-4.37879268343798,-0.0545456120061251,28.849253320361424,-29.53299575297724,53.75,-0.374
SI,1.83,6.28,"Mayza, Tim",641835,called_strike,L,0,0,1.42,0.74,-0.68,2.41,-9.424652241813751,-132.58036484942872,-5.364347980333153,18.852107322651115,33.16255465205022,-22.45546523080751,53.83,-0.073
SL,1.91,6.33,"Mayza, Tim",641835,blocked_ball,R,3,2,-0.16,0.0,-0.7,0.41,-5.904244333059285,-125.40762211362812,-7.906429726378944,-0.5908744945541349,24.384905906360505,-30.854059392728416,53.78,0.184
SI,1.93,6.3,"Mayza, Tim",641835,foul,R,3,2,1.14,0.64,0.73,2.98,-5.654341956129732,-136.28485949233766,-4.311597653412035,15.5005164819019,28.56225630814467,-23.460740797977905,53.88,0.0
SL,1.95,6.44,"Mayza, Tim",641835,ball,R,2,2,-0.17,0.03,2.42,4.21,1.4611271015846536,-124.7085709982534,0.921864697186712,-2.101920341084777,24.38864331618756,-32.23054407810325,54.0,0.071
SI,1.91,6.38,"Mayza, Tim",641835,called_strike,R,2,1,1.33,0.73,0.5,2.53,-6.5261249328779565,-134.35834098826706,-5.584504022988124,17.47665346716264,30.1937598207671,-22.26029724464788,53.94,-0.067
SI,1.91,6.3,"Mayza, Tim",641835,called_strike,R,2,0,1.27,0.53,0.74,2.36,-5.7727602024500735,-133.95301559479591,-5.309209988238451,16.552076382284746,30.51356097247016,-24.82150948195339,53.91,-0.033
SI,1.99,6.34,"Mayza, Tim",641835,ball,R,1,0,1.36,0.64,1.2,2.91,-4.973595715232225,-132.9445628359264,-4.139541879663392,17.23229569142352,30.65516955105004,-23.847190268946363,53.9,0.044
SI,1.85,6.32,"Mayza, Tim",641835,ball,R,0,0,1.29,0.67,-0.18,3.75,-7.940308305632127,-133.0338483957146,-2.0384215502269285,17.034335429787927,29.39578354174326,-23.989493444564463,53.97,0.027
SL,1.8,6.37,"Mayza, Tim",641835,hit_into_play,L,1,1,-0.1,0.32,-0.3,2.15,-4.835615018219241,-125.91013238071112,-4.443084374405738,0.0983964142675781,29.429498519177887,-27.985439169251432,53.84,0.788
SL,1.78,6.28,"Mayza, Tim",641835,blocked_ball,L,0,1,-0.01,0.03,-1.44,-0.42,-7.732730814968385,-125.78513978286097,-9.894328197019336,1.553221236994264,26.63038041997365,-29.90190155845842,53.77,0.03
SL,1.87,6.34,"Mayza, Tim",641835,called_strike,L,0,0,-0.08,-0.27,-0.1,1.44,-4.442993707586714,-122.7802867163498,-4.504503171775242,0.1017124904945555,25.22357146875609,-34.16497107585158,53.78,-0.042
SI,1.78,6.29,"Mayza, Tim",641835,hit_into_play,R,1,2,1.52,0.62,-0.55,3.0,-9.22601523054758,-133.622838183064,-3.765389605884401,20.30544210646189,32.23237513194599,-24.12460192602317,54.11,0.466
SL,2.08,6.41,"Mayza, Tim",641835,foul,R,1,1,-0.23,-0.08,0.58,3.06,-3.0701288575944727,-124.55198486482932,-1.407006542935193,-1.6459113462623491,27.606730227469946,-32.88679984474296,54.21,-0.04
SI,1.84,6.43,"Mayza, Tim",641835,ball,R,0,1,1.37,0.74,0.32,4.61,-6.866433828433452,-133.6425337902124,-0.3026039558724197,17.96484321428323,32.08438422242522,-23.526236075683205,53.91,0.017
SI,1.86,6.45,"Mayza, Tim",641835,called_strike,R,0,0,1.33,0.64,0.1,2.28,-7.393963948801269,-133.21702245941492,-6.082026504711481,17.506798977108925,30.480483291809733,-23.340366930408177,53.78,-0.024
SI,1.8,6.38,"Mayza, Tim",641835,called_strike,L,0,2,1.33,0.68,-0.68,3.02,-9.292658693626048,-135.20012133050625,-4.248536051428746,18.424788297352897,33.56676597028399,-23.09176124801209,54.01,-0.149
SI,1.77,6.39,"Mayza, Tim",641835,called_strike,L,0,1,1.53,0.47,-0.55,3.01,-9.263053989462843,-133.73003459291024,-3.652408838200044,20.48588411324986,33.941137780994445,-25.864582724541613,53.94,-0.047
SI,2.01,6.41,"Mayza, Tim",641835,called_strike,L,0,0,1.48,0.55,0.14,2.96,-7.993414984615828,-134.20413591652084,-4.088850219541596,19.667553721312284,32.340191928718674,-24.751641223389317,54.04,-0.032
SI,1.69,6.44,"Mayza, Tim",641835,hit_into_play,L,2,2,1.37,0.9,-0.08,1.37,-7.568031127685452,-134.63860879407324,-9.162153262815076,18.347522540885816,30.839231136698466,-19.305141355844427,53.8,1.024
SL,1.86,6.19,"Mayza, Tim",641835,ball,L,1,2,-0.15,-0.01,-1.0,0.53,-6.500103928496798,-124.21429482937457,-6.893886757075231,0.124625771512018,31.798171943133248,-30.771391429094574,53.62,0.036
SL,1.89,6.26,"Mayza, Tim",641835,ball,L,0,2,-0.11,0.19,-1.39,1.31,-7.597594963205899,-125.00543131391754,-5.7934932323552175,0.6572856079696568,29.533340130597043,-29.02688311648293,53.91,0.019
SL,1.96,6.38,"Mayza, Tim",641835,swinging_strike,L,0,1,-0.07,0.05,-0.49,1.09,-5.724797797813701,-125.47845572535768,-6.416779265317172,0.5740068945990842,29.230748871476145,-30.355202987270392,53.8,-0.047
SI,1.69,6.52,"Mayza, Tim",641835,called_strike,L,0,0,1.48,0.74,-0.95,2.53,-9.829511674378814,-131.68891196117164,-5.59898909127607,19.47123123772632,31.760464737244337,-22.41662404345891,53.79,-0.032
SL,1.87,6.46,"Mayza, Tim",641835,hit_into_play,R,0,1,-0.12,-0.12,-0.19,2.15,-4.612395718162524,-123.40860607312035,-3.431037282182884,-0.1119531715073036,28.576997394362,-32.79523445309531,53.8,-0.173
SL,1.84,6.41,"Mayza, Tim",641835,called_strike,R,0,0,-0.12,-0.38,0.69,1.6,-2.429672999866329,-121.65328086575572,-3.907579637685392,-0.6672679071751931,24.795241895447727,-35.34493458147392,53.97,-0.081
SL,2.04,6.35,"Mayza, Tim",641835,ball,L,3,1,0.07,-0.23,0.6,1.16,-3.57978771929584,-125.1367627860444,-5.594065894189542,1.500011816027088,26.461771826420144,-33.613920045614435,53.84,0.148
SL,1.83,6.34,"Mayza, Tim",641835,blocked_ball,L,2,1,-0.04,-0.28,-1.06,0.33,-6.821399846292512,-125.06349827020212,-7.38009987914848,1.1675396221399823,28.56302326756605,-33.57488379377459,53.95,0.104
SL,1.76,6.39,"Mayza, Tim",641835,ball,L,1,1,-0.16,-0.33,-0.72,1.06,-5.5767421455379536,-124.61817055261528,-5.614853015246539,-0.4274141598924081,27.78366587862049,-34.59680246894863,53.75,0.043
SL,1.87,6.39,"Mayza, Tim",641835,ball,L,0,1,-0.19,-0.15,-1.27,1.6,-7.055271146452612,-123.98638491919742,-4.596600779059415,-0.3062691287877318,27.986419873065504,-32.839345017364266,53.85,0.05
SL,1.81,6.53,"Mayza, Tim",641835,hit_into_play,L,0,0,-0.09,-0.09,-0.15,2.04,-4.405915792443993,-122.57340229812128,-3.708016044880817,0.2020872903400316,30.31742896236091,-32.41110282077914,53.99,-0.363
SI,1.7,6.06,"Mayza, Tim",641835,called_strike,R,2,2,1.52,0.26,-0.78,2.12,-9.58360571642185,-133.47415323688247,-4.669827232727565,20.2470502993704,30.53026776491707,-28.16228976085325,54.01,-0.199
SL,1.74,6.14,"Mayza, Tim",641835,blocked_ball,R,1,2,-0.23,0.28,-1.94,-0.86,-8.239861913121766,-123.62990678808936,-10.76618710431793,-0.7230355502969339,24.76712818998485,-27.230347287150963,53.66,0.03
SI,1.91,6.2,"Mayza, Tim",641835,called_strike,R,1,1,1.33,0.56,-0.18,3.11,-8.163504482695053,-132.8621833705552,-3.0709373243685367,17.525878398125634,29.57326809849224,-25.052355549063552,54.04,-0.048
SL,1.93,6.17,"Mayza, Tim",641835,ball,R,0,1,-0.19,0.04,0.39,0.83,-3.2890156785045144,-124.75584315620404,-6.343843089318569,-1.1767116974708072,29.99224710672488,-30.464343121151,53.82,0.03
SI,1.77,6.14,"Mayza, Tim",641835,foul,R,0,0,1.48,0.88,-0.23,2.59,-8.34297640869057,-134.12809385164826,-5.050273029329116,19.711850970074007,33.289258094887245,-20.62413698957888,53.99,-0.042
SI,1.94,6.09,"Mayza, Tim",641835,hit_into_play,R,1,1,1.58,0.45,0.24,1.85,-7.7479775064558,-133.2609862246709,-5.736808342384698,20.544255343398675,33.82601632904964,-25.618243964170983,53.97,-0.174
SL,1.92,6.26,"Mayza, Tim",641835,ball,R,0,1,-0.12,0.26,-0.15,1.31,-4.706258435566109,-125.22040286216284,-5.986183201351048,-0.1654184531805752,29.29376453989355,-28.29539074447936,53.74,0.001
SI,1.94,6.16,"Mayza, Tim",641835,foul,R,0,0,1.31,0.59,0.69,2.94,-6.0235105739118575,-133.44713776354527,-3.5602799336088364,16.982623783017345,29.83328763553173,-24.559556946957866,53.9,-0.081
SI,1.69,6.05,"Mayza, Tim",641835,hit_into_play,R,3,2,1.45,0.57,0.0,1.39,-7.290911529610048,-129.9554935343843,-6.715103799307204,17.98326651895753,28.10364890630412,-24.4262888085874,53.78,0.425
SI,1.91,6.18,"Mayza, Tim",641835,swinging_strike,R,3,1,0.77,1.31,-0.27,2.68,-7.042714419508815,-129.91856314264555,-5.3762909592201,10.204009420981912,27.4611320337644,-16.42113079543893,53.8,-0.103
SI,1.79,6.19,"Mayza, Tim",641835,called_strike,R,3,0,1.37,0.51,0.24,1.91,-6.750928468220033,-130.06233795053458,-5.615866657563852,16.940355453591575,28.93325346512468,-25.355891441082267,53.87,-0.065
SL,1.74,6.21,"Mayza, Tim",641835,ball,R,2,0,-0.18,0.07,-1.02,1.52,-6.017320698157953,-120.7177747369978,-4.438958834644966,-0.5869817967898455,23.60559585035167,-30.804199319197387,53.68,0.128
SI,1.78,6.21,"Mayza, Tim",641835,ball,R,1,0,1.51,0.42,0.79,3.93,-5.711012117922532,-130.2431941713614,-0.4628747103286174,18.42907609001363,28.913638517594187,-27.56215688261485,53.6,0.066
SI,1.93,6.19,"Mayza, Tim",641835,ball,R,0,0,1.39,0.58,0.68,3.56,-6.08074391896787,-130.73417025785332,-1.766214026831776,17.241959955610415,27.601156670020664,-25.33455113703719,53.82,0.044
SI,1.97,6.21,"Mayza, Tim",641835,ball,R,3,2,1.47,0.38,1.63,2.21,-4.019868418341833,-132.47362404343036,-4.959890989946604,18.19475894100237,29.255822256206105,-26.805407664518874,54.04,0.219
SI,1.78,6.15,"Mayza, Tim",641835,ball,R,2,2,1.39,0.6,-1.19,3.45,-10.688340261447928,-134.65999951526945,-2.37417837262682,19.2970553560907,30.126561523447872,-24.598199946786107,53.87,0.069
SI,2.03,6.19,"Mayza, Tim",641835,ball,R,1,2,1.46,0.42,2.3,3.79,-2.510827568872756,-134.72266634584474,-1.210378007410043,18.27047102215673,30.58658914429721,-27.082722504656324,54.11,0.026
SI,1.74,6.08,"Mayza, Tim",641835,ball,R,0,2,1.46,0.49,-1.03,3.88,-10.293821847759425,-134.7794898907506,-0.8922323527096607,20.046791483663867,29.66497080390495,-26.183587293046106,54.13,0.013
SI,1.85,6.16,"Mayza, Tim",641835,foul,R,0,1,1.6,0.53,0.77,1.48,-6.404484075096637,-134.63008083345994,-7.2971642075762,20.88015962919259,35.347789303972576,-24.09724844587397,53.17,-0.035
SL,1.92,6.26,"Mayza, Tim",641835,called_strike,R,0,0,-0.13,-0.05,0.76,2.4,-2.4630223307722465,-122.09701353376752,-2.3477579291143487,-0.7150657536905866,28.34458787719131,-32.37973078229513,53.46,-0.024
SL,1.7,6.38,"Mayza, Tim",641835,hit_into_play,R,1,1,-0.11,0.09,0.12,1.3,-3.4478357512042943,-122.38076555908783,-5.478670285512632,-0.2964524378109293,28.82886459782452,-30.24134607168905,53.86,-0.216
SL,1.95,6.31,"Mayza, Tim",641835,ball,R,0,1,-0.1,0.18,0.99,0.94,-1.9924197723508583,-120.6418452951465,-6.017980947976282,-0.4704501891370178,29.695472473862843,-29.23339531742925,53.9,0.021
SI,1.83,6.32,"Mayza, Tim",641835,foul,R,0,0,1.44,0.83,0.72,2.32,-5.811264970219208,-130.33873975308413,-5.623824005536866,17.600774670520327,28.912663594263616,-21.738982638629317,54.03,-0.032
SL,1.97,6.21,"Mayza, Tim",641835,swinging_strike,R,1,2,-0.32,-0.13,-0.52,0.77,-5.166788120554436,-122.07526973986954,-5.871833633292761,-2.0484446624707338,27.345803768907142,-32.40703570455935,53.72,-0.21
SL,1.95,6.2,"Mayza, Tim",641835,swinging_strike,R,1,1,-0.38,-0.24,-0.77,0.97,-5.60607612697473,-123.09255105310903,-5.334429915671894,-2.6474757516596887,26.84861485237494,-33.66532639265072,53.75,-0.087
SL,1.83,6.3,"Mayza, Tim",641835,swinging_strike,R,1,0,-0.12,-0.01,-0.26,1.09,-4.693472925000131,-125.04453999670272,-5.9217692037703245,-0.0662607669495872,30.549760352162327,-31.067809997819072,54.45,-0.054
SI,1.91,6.13,"Mayza, Tim",641835,ball,R,0,0,1.44,0.58,-0.1,1.17,-8.27443795080676,-133.13656191903047,-7.942231208933219,18.98331725878278,30.30851850006684,-23.65447947318356,53.7,0.035
SI,1.75,6.16,"Mayza, Tim",641835,hit_into_play,R,2,2,1.25,0.93,-0.23,2.71,-7.82341345436252,-134.3085430631502,-5.004265255671251,16.8190630100711,30.10954033711205,-20.05775187568277,53.71,-0.261
SI,1.68,6.09,"Mayza, Tim",641835,ball,R,1,2,1.36,0.62,-2.44,2.1,-13.580907179721176,-134.3264508690189,-5.74576406412739,19.43888735877196,29.631899606771185,-23.499649460417704,53.71,0.034
SL,1.94,6.14,"Mayza, Tim",641835,blocked_ball,R,0,2,-0.2,0.11,-0.48,-0.22,-5.259733334383176,-121.8717622572862,-8.518520545036424,-0.8189345810459053,26.97017153875031,-29.376861093118357,53.51,0.021
SL,1.89,6.16,"Mayza, Tim",641835,swinging_strike_blocked,R,0,1,-0.21,-0.23,-0.56,0.48,-5.341444360942044,-123.0055934331946,-6.4109222772267325,-0.9914730160471904,26.367506455890933,-33.37919030758315,53.86,-0.075
SI,1.89,6.16,"Mayza, Tim",641835,foul,R,0,0,1.2,0.93,0.38,2.54,-6.447637104052413,-133.0928650436067,-5.3005897572135625,15.674582211715006,29.00176040217063,-20.1664946920292,53.76,-0.047
SL,1.85,6.23,"Mayza, Tim",641835,hit_into_play,R,1,1,0.04,-0.21,0.18,1.61,-3.960230269567575,-122.07093542172076,-3.860402013045918,1.1813139930137682,25.61534447864555,-33.65435927713556,53.7,0.426
SL,1.92,6.32,"Mayza, Tim",641835,foul,R,1,0,-0.25,-0.06,0.23,1.85,-3.414882077734633,-121.82900428280432,-3.776472336341644,-1.8155797032376308,24.793435200663403,-32.21432709029301,53.85,-0.031
SI,1.96,6.18,"Mayza, Tim",641835,ball,R,0,0,1.28,0.94,-1.11,2.17,-10.57762662385422,-133.37828373592754,-6.317556782169995,17.63201536894104,31.264977482553896,-19.63967555736469,53.91,0.024
SL,2.06,6.19,"Mayza, Tim",641835,swinging_strike,R,1,2,-0.22,-0.11,-0.21,0.11,-4.818532675090889,-120.8054002024939,-7.299531355168912,-1.2500430870687462,23.349200665984966,-32.07230956599883,53.57,-0.168
SL,2.01,6.18,"Mayza, Tim",641835,ball,R,0,2,0.0,0.18,-0.5,-1.17,-5.818316986151428,-120.68377882827056,-10.752695334172593,1.3307871556836994,26.94912513460733,-28.217476669749853,53.41,0.019
SL,1.96,6.29,"Mayza, Tim",641835,foul,R,0,1,-0.26,0.01,0.49,1.67,-2.9835121604025963,-124.27443520622876,-4.589782621038559,-2.003861415260022,26.806065438656397,-31.29959505419944,53.77,-0.047
SI,1.79,6.35,"Mayza, Tim",641835,called_strike,R,0,0,1.3,0.85,0.79,3.21,-5.299771681496462,-131.51573749216837,-3.7292727238967895,16.221873971313602,27.429892221237576,-21.67647115232088,53.84,-0.032
