pitch_type,release_pos_x,release_pos_z,player_name,pitcher,description,stand,balls,strikes,pfx_x,pfx_z,plate_x,plate_z,vx0,vy0,vz0,ax,ay,az,release_pos_y,delta_run_exp
CH,-1.47,5.76,"Parsons, Wes",641149,hit_into_play,L,0,0,-1.56,0.48,-0.88,1.93,4.914346911447641,-130.99837872551805,-4.553801384095851,-18.95464124733768,32.10060310163773,-25.876055874094423,52.9,-0.1
SI,-1.38,5.83,"Parsons, Wes",641149,hit_into_play,R,0,0,-1.45,0.86,-0.25,1.92,6.208981090050131,-137.340874136297,-6.386729703606509,-19.7628345941828,33.83992922989966,-20.01268403319409,53.77,-0.163
SI,-1.35,5.77,"Parsons, Wes",641149,foul_tip,R,3,2,-1.32,0.67,0.39,1.06,7.47167761921584,-135.0214965472425,-7.832043876826617,-17.860668338184283,31.30218535537362,-22.31680237375172,53.26,-0.297
CU,-1.41,5.8,"Parsons, Wes",641149,ball,R,2,2,0.65,-1.28,0.87,-0.53,4.029641894427594,-122.2025297094526,-5.663794713568797,5.508587343963128,27.74272482505793,-43.78326252815802,53.81,0.093
SL,-1.31,5.89,"Parsons, Wes",641149,foul,R,2,2,0.32,0.46,1.08,3.04,5.076818131433113,-125.5512443665492,-1.4567537398725467,2.2748570968482555,26.920505065157265,-27.26579917107425,53.82,0.0
CU,-1.15,5.89,"Parsons, Wes",641149,ball,R,1,2,0.81,-0.87,1.68,2.3,5.024809795445083,-121.48946313798967,-0.0298470222302333,6.874570281667584,25.631978801345884,-40.99793743931798,53.22,0.036
CU,-1.41,5.89,"Parsons, Wes",641149,foul,R,1,2,0.68,-1.06,0.37,2.9,2.7357107892141026,-119.97748999923438,1.8861639905406844,5.943636533206202,25.40915180183608,-43.02419278773765,53.69,0.0
SL,-1.5,5.78,"Parsons, Wes",641149,called_strike,R,1,1,0.09,0.33,0.14,2.2,3.750738468855213,-125.4298013845008,-2.979306438254972,0.2088757077024521,24.385753662508968,-28.307008422557697,53.74,-0.049
SL,-1.28,5.89,"Parsons, Wes",641149,called_strike,R,1,0,0.39,-0.01,-0.8,2.94,0.3491060067848426,-123.7064592263538,-0.5089223482603513,3.935013215944778,27.5538402744744,-32.3586565826078,54.01,-0.044
SI,-1.34,5.81,"Parsons, Wes",641149,ball,R,0,0,-1.39,1.0,-0.5,0.48,5.20519300718622,-133.42232222758847,-9.856836801905905,-17.738288302781953,31.4601239016724,-18.209732506616643,53.49,0.032
FF,-1.42,5.82,"Parsons, Wes",641149,hit_into_play,L,0,0,-0.9,1.36,0.29,2.13,6.57870029156249,-137.18354112501157,-6.931458005764005,-12.96385139603668,35.17049377696983,-13.690682077095,53.32,-0.1
CH,-1.43,5.84,"Parsons, Wes",641149,hit_into_play,L,2,0,-1.43,0.17,-0.53,2.55,5.340696053044458,-130.3526187045313,-2.4590478562292315,-17.41537139154951,30.752740572991293,-29.87241528807081,53.4,-0.232
CU,-1.47,5.89,"Parsons, Wes",641149,ball,L,1,0,0.76,-0.72,-2.04,5.13,-2.8063106300191967,-120.6317870480944,6.251884077921276,8.009743201210279,26.051932167368072,-40.7343393010744,54.05,0.045
SL,-1.55,5.87,"Parsons, Wes",641149,ball,L,0,0,0.29,0.19,-2.16,3.73,-2.060732168941161,-126.78215689142388,0.7443520106523986,3.5370252754998943,31.002890539584183,-30.56799508445156,54.03,0.024
FF,-1.5,5.81,"Parsons, Wes",641149,hit_into_play,R,3,2,-0.86,1.26,-0.28,2.91,5.223958482363876,-139.8808926101067,-4.91949775398839,-12.5466098038212,35.04016941760524,-14.718714645889996,53.88,0.952
FF,-1.62,5.79,"Parsons, Wes",641149,called_strike,R,3,1,-0.69,1.32,0.44,1.82,7.017785393068334,-138.74300861558513,-7.766920235490441,-10.560026939616856,33.41115161811519,-13.583446311529556,53.82,-0.059
SI,-1.48,5.83,"Parsons, Wes",641149,ball,R,2,1,-1.52,1.18,-0.78,2.99,5.381871623234197,-138.5560747251831,-4.440017567215157,-20.707078425030577,36.67652249200654,-16.23414802504339,53.0,0.077
SL,-1.34,5.76,"Parsons, Wes",641149,ball,R,1,1,0.22,0.02,1.79,0.29,7.218765074952264,-128.3432651290484,-7.296566695419315,0.838221416946034,28.946235552879617,-30.46908791557173,53.56,0.037
SI,-1.62,5.8,"Parsons, Wes",641149,called_strike,R,1,0,-1.15,1.27,-0.03,2.61,6.826404642234307,-138.0969959934116,-5.47137120847636,-16.354617288055934,36.38806829353634,-14.954513290334818,53.74,-0.031
CU,-1.26,5.88,"Parsons, Wes",641149,ball,R,0,0,0.59,-1.07,1.12,0.64,4.353540146972778,-120.1148926350604,-3.279437658731568,4.681954227937096,27.081790323427,-41.90033166828935,53.05,0.024
FF,-1.49,5.77,"Parsons, Wes",641149,hit_into_play,R,1,1,-0.67,1.54,-0.1,2.64,5.236435849669412,-138.10766281554382,-6.020000196610507,-9.758595619011944,35.374510558394,-11.424948617131776,53.05,-0.216
SI,-1.47,5.74,"Parsons, Wes",641149,ball,R,0,1,-1.38,0.97,0.57,1.06,8.520719802231275,-137.37321277039803,-8.70741368100766,-19.41768257087825,34.862961214781755,-17.96744688782765,53.35,0.021
FF,-1.45,5.75,"Parsons, Wes",641149,foul,R,0,0,-0.88,1.39,0.4,1.43,6.880504847827704,-138.29125833959193,-8.829930867200064,-12.851499165543848,32.674693420691035,-12.487111383303576,53.74,-0.032
SL,-1.67,5.84,"Parsons, Wes",641149,hit_into_play,R,1,0,0.22,0.07,-0.12,2.66,3.284445093542567,-126.4893314326461,-1.5430292594807298,1.5990348872829074,27.32131209900988,-31.364540079477603,53.94,1.503
SI,-1.7,5.86,"Parsons, Wes",641149,ball,R,0,0,-1.51,1.01,-1.61,2.66,3.592790263761155,-136.08827403131457,-4.701779657089364,-19.46567688103843,33.256412386886936,-18.79513960072301,53.92,0.067
FF,-1.52,5.81,"Parsons, Wes",641149,ball,R,3,0,-0.62,1.27,-0.39,3.58,4.363707750581156,-137.2727304320567,-2.92498065805352,-8.89754649770111,32.870415724295675,-15.725198121134497,53.73,0.182
SI,-1.56,5.87,"Parsons, Wes",641149,ball,R,2,0,-1.63,1.06,-1.14,3.32,4.754129207707353,-137.84478233302622,-3.3187930689096605,-21.74122068378697,33.38921868435801,-18.20725545671924,53.94,0.133
SI,-1.57,5.81,"Parsons, Wes",641149,ball,R,1,0,-1.56,1.01,-1.34,2.44,4.059331475718872,-136.07157932122712,-5.150928014454454,-20.160434608681783,33.143214561333714,-18.662675513950536,53.86,0.064
SI,-1.52,5.72,"Parsons, Wes",641149,ball,R,0,0,-1.6,0.9,-0.45,0.75,6.461322793593919,-136.13700680239927,-9.216875592280044,-21.265058607827957,33.081794289183776,-19.023994843270675,52.93,0.032
SL,-1.62,5.64,"Parsons, Wes",641149,hit_into_play,L,0,0,0.03,0.3,-0.02,2.76,3.8349230010267896,-126.94796363412442,-1.429538064160954,-0.452905363302518,24.938973766130587,-28.83240404505276,53.52,-0.338
SL,-1.61,5.62,"Parsons, Wes",641149,hit_into_play,R,1,2,0.42,0.37,0.23,1.84,3.5720897027457115,-126.8634603052744,-3.675126562661241,3.738189568952938,27.284880141253904,-27.57179513007093,53.88,1.626
SL,-1.52,5.61,"Parsons, Wes",641149,blocked_ball,R,0,2,0.27,0.06,1.22,0.68,6.077413390453066,-127.08500574751902,-5.77595666825338,1.4137187717960047,30.715552257851048,-30.345834087578744,53.95,0.057
SL,-1.63,5.53,"Parsons, Wes",641149,foul,R,0,1,0.14,0.28,0.57,1.2,5.023725151584323,-126.66544445275738,-4.833009700617744,0.4565343456789019,25.961442927840007,-28.4058746396805,53.8,-0.137
FF,-1.63,5.64,"Parsons, Wes",641149,called_strike,R,0,0,-0.57,1.59,0.59,2.41,7.041215790630682,-136.44539088896374,-6.097727174843628,-8.839040605481728,34.38083651056352,-11.235309041041267,53.89,-0.102
SI,-1.54,5.73,"Parsons, Wes",641149,hit_into_play,R,0,0,-1.5,0.93,-0.98,2.49,4.749283821469243,-135.35439487760624,-4.559587550446842,-19.38325877224861,32.572291007425044,-19.893528239997018,53.83,0.743
SL,-1.52,5.69,"Parsons, Wes",641149,hit_into_play,L,1,0,0.16,-0.09,-0.15,2.04,2.9684785516691288,-126.62763629742685,-2.4036893375061625,1.111915767405176,26.292184944801747,-32.80445260349794,53.87,0.113
FF,-1.42,5.65,"Parsons, Wes",641149,ball,L,0,0,-0.59,1.59,1.79,1.56,9.761287602138657,-137.3656204991438,-8.547779332000534,-9.701103577055669,32.363883538111146,-10.276086492018775,53.68,0.016
SI,-1.54,5.61,"Parsons, Wes",641149,hit_into_play,R,1,2,-1.44,0.88,-0.75,2.22,5.249821790665255,-136.3089262263374,-4.9180044095209245,-19.040774427492305,34.28113997379569,-20.352185845674704,53.75,-0.451
SL,-1.65,5.61,"Parsons, Wes",641149,called_strike,R,1,1,0.35,0.15,0.89,1.83,5.4140773985459205,-126.0928530079854,-3.09475959113743,2.4459462186806253,28.88528227365989,-30.082344851268356,53.76,-0.078
SL,-1.5,5.71,"Parsons, Wes",641149,ball,R,0,1,0.27,0.1,0.96,2.16,5.310209963793335,-125.3003521856201,-2.330199476576461,1.6627832653257242,28.280180017878862,-30.84714793218051,53.9,0.057
SL,-1.39,5.68,"Parsons, Wes",641149,called_strike,R,0,0,0.16,0.18,0.68,1.82,4.655620294770596,-125.23644292488798,-3.300669761898469,0.6635282734814195,26.214691067676014,-29.81857505220803,53.64,-0.064
SL,-1.42,5.61,"Parsons, Wes",641149,hit_into_play,R,2,2,0.36,0.24,0.14,2.24,3.034477797166552,-126.6309591719442,-2.435768114779993,3.249708116294699,25.364329750808317,-29.292031285292847,53.77,0.466
CU,-1.35,5.62,"Parsons, Wes",641149,ball,R,1,2,0.61,-1.35,1.5,0.07,5.389843803058428,-120.8643984293707,-3.4920108245223056,4.651078243013048,27.902070763324502,-44.69871651142727,53.65,0.036
SL,-1.37,5.69,"Parsons, Wes",641149,foul,R,1,1,0.52,-0.23,0.51,2.38,3.441817439965656,-125.44640750775471,-1.0235531113494516,4.540301952558771,30.96866082034608,-34.613398592025696,53.92,-0.049
SL,-1.41,5.7,"Parsons, Wes",641149,swinging_strike,R,1,0,0.27,-0.08,-0.04,2.06,2.7391419290843,-125.75325742637784,-2.263249823567808,2.242799010050569,27.846202337902056,-32.76172770695596,53.67,-0.044
SI,-1.52,5.6,"Parsons, Wes",641149,ball,R,0,0,-1.4,0.77,-2.07,2.22,1.66755534121116,-134.51003912347375,-4.429625110331564,-17.1915875304844,33.11911571891699,-22.087563273005404,53.79,0.032
FF,-1.6,5.59,"Parsons, Wes",641149,hit_into_play,L,2,2,-0.51,1.52,-0.19,1.97,4.88980087321368,-139.20747961576424,-7.326467844478132,-7.832948569767949,35.36851166646958,-10.93438733237875,53.97,-0.088
CH,-1.38,5.62,"Parsons, Wes",641149,ball,L,1,2,-1.58,0.68,1.25,-1.17,10.026469964851277,-131.32775338128738,-12.449163352790364,-20.480331243013797,31.219711137468103,-21.48473746384984,53.71,0.018
FF,-1.53,5.65,"Parsons, Wes",641149,ball,L,0,2,-0.7,1.66,-0.78,3.89,3.605282932452159,-139.47674518052088,-2.7566228048612853,-9.985455034592732,34.42820195093818,-10.242529232671934,53.73,0.009
FF,-1.61,5.61,"Parsons, Wes",641149,foul_tip,L,0,1,-0.68,1.56,-0.45,2.97,4.641220280665371,-139.43246047726615,-4.875507274715611,-9.948261451893291,33.14777081839762,-10.935605163115154,54.03,-0.024
FF,-1.48,5.63,"Parsons, Wes",641149,foul,L,0,0,-0.69,1.5,-0.12,2.49,5.167373692785417,-137.89415892790046,-5.891113617895739,-10.01375185591019,33.12003627712221,-12.001574639591064,53.57,-0.015
SL,-1.32,5.73,"Parsons, Wes",641149,hit_into_play,R,0,2,0.35,0.25,1.3,2.47,5.6506076419339,-127.18118753694412,-2.1966014864684777,2.580977787151466,26.820814360964405,-29.242795647441664,53.84,-0.104
SL,-1.43,5.69,"Parsons, Wes",641149,called_strike,R,0,1,0.29,0.25,0.6,2.81,4.319375489233555,-128.00457974464362,-1.3634489203628632,2.28289440357071,27.312373565413417,-29.396908830106845,53.97,-0.035
FF,-1.53,5.61,"Parsons, Wes",641149,foul,R,0,0,-0.76,1.46,0.79,2.52,7.844687359985938,-137.66684254067218,-5.665303407838617,-11.460182146857749,33.9565210281521,-12.561632891960448,53.49,-0.024
SL,-1.31,5.71,"Parsons, Wes",641149,hit_into_play,R,1,2,0.15,0.24,0.75,1.67,4.703475606337954,-126.9983396679436,-4.054212580490355,0.553580920098963,28.122561163979583,-28.914229547268828,53.59,-0.168
CU,-1.46,5.64,"Parsons, Wes",641149,ball,R,0,2,0.91,-1.49,1.75,-0.35,5.689451697216939,-122.49888932107008,-4.439957676326643,7.592458983156812,30.149332919784086,-46.09739536957253,53.69,0.019
SL,-1.41,5.67,"Parsons, Wes",641149,swinging_strike,R,0,1,0.33,0.15,0.44,1.12,3.758170709229898,-126.01417619318931,-4.859969411151924,2.56388394558299,30.092291382426524,-29.69660982056091,53.93,-0.047
SL,-1.43,5.74,"Parsons, Wes",641149,called_strike,R,0,0,0.07,0.42,-0.36,2.74,2.385754841851059,-124.4052238696528,-1.6205455976723386,0.2820863900475015,25.273034297391057,-27.65365348879806,54.1,-0.032
FF,-1.76,5.58,"Parsons, Wes",641149,swinging_strike,L,2,2,-0.65,1.36,-0.01,2.4,6.119725944667111,-139.1530100663333,-5.828719559265151,-9.900447437709008,34.84257737314363,-13.40996634709237,53.85,-0.284
FF,-1.74,5.61,"Parsons, Wes",641149,swinging_strike,L,2,1,-0.52,1.55,0.41,3.46,6.887078256924243,-137.92326450698934,-3.4031411080726506,-8.2719630277245,33.52543028010037,-11.954906802748203,53.49,-0.071
CU,-1.64,5.78,"Parsons, Wes",641149,ball,L,1,1,0.92,-1.34,-0.97,4.27,-0.2634874464334065,-119.7371877808413,5.822863837618667,8.791522728195654,26.09179113660543,-46.41432579901876,53.95,0.044
SL,-1.84,5.54,"Parsons, Wes",641149,ball,L,0,1,0.44,-0.17,-0.86,1.49,1.4384882749452303,-127.08456763829852,-3.186237507123265,4.386389746812148,29.263824358827836,-33.48442788697177,54.06,0.02
FF,-1.76,5.64,"Parsons, Wes",641149,called_strike,L,0,0,-0.59,1.57,-0.5,3.1,4.639990621874656,-138.65801673966814,-4.515508838463862,-8.72650393618986,33.34091103771843,-11.197684476882564,54.29,-0.048
CU,-1.68,5.62,"Parsons, Wes",641149,hit_into_play,R,0,2,0.74,-1.13,-0.51,1.46,1.2383986506013072,-121.96898966600988,-0.8727104499721147,7.057438298905874,27.19327477422919,-43.38527250560243,53.49,-0.268
SL,-1.61,5.7,"Parsons, Wes",641149,foul,R,0,1,0.13,0.01,-0.4,2.17,2.626496866590495,-125.53831559409818,-2.1754748010966143,0.8295535745382487,27.18994438538492,-31.78284937383249,53.83,-0.059
SL,-1.69,5.67,"Parsons, Wes",641149,called_strike,R,0,0,0.12,0.1,0.11,2.77,4.108342921448583,-126.7713985746034,-0.9946961346087216,0.4663902205421712,25.998825631962315,-31.0970573944938,53.64,-0.042
SI,-1.82,5.58,"Parsons, Wes",641149,hit_into_play,R,0,2,-1.47,0.95,-0.73,2.05,6.168142881451497,-137.10204338823522,-5.53724733025214,-19.93401204590905,33.608855628312035,-19.183426161943338,53.81,-0.279
FF,-1.71,5.55,"Parsons, Wes",641149,foul,R,0,2,-0.67,1.57,-0.19,2.2,5.49779841209215,-137.05354319119684,-6.464768547045541,-9.70101382836069,34.428837418699075,-11.177165109042033,53.79,0.0
FF,-1.84,5.6,"Parsons, Wes",641149,foul,R,0,1,-0.67,1.71,-0.92,2.8,3.929449227254711,-138.20756677476106,-5.479869045782331,-9.482897266130324,34.49059392756812,-9.265409108511667,53.86,-0.135
SI,-1.81,5.72,"Parsons, Wes",641149,foul_bunt,R,0,0,-1.58,0.83,-1.31,3.49,4.8457880525194215,-137.15950372283024,-1.8857991835423409,-20.98553291601882,34.61625463922298,-21.57484105233225,53.96,-0.097
CU,-1.56,5.69,"Parsons, Wes",641149,blocked_ball,L,3,2,0.66,-1.33,1.06,0.72,4.698048545985353,-118.96875483840078,-1.96282241381334,5.058538360611244,27.193861127477263,-44.42728947585666,53.48,0.131
FF,-1.77,5.55,"Parsons, Wes",641149,foul,L,3,2,-0.58,1.48,-0.28,2.88,5.304361635048725,-138.78476967956377,-4.749892010879686,-8.78335963833691,34.111504206398486,-12.207108583086594,53.57,0.0
CU,-1.58,5.71,"Parsons, Wes",641149,foul,L,3,2,0.79,-1.15,0.22,1.72,2.5635466961400946,-120.32858088889492,-0.2250860608956364,7.034326566729673,27.22362390677024,-43.41069582112708,53.83,0.0
CU,-1.57,5.62,"Parsons, Wes",641149,foul,L,3,2,0.73,-1.33,-0.56,1.12,0.880943039487074,-121.09455055584048,-1.121359561964017,6.878375111384881,28.098673610968834,-45.10450102398014,53.76,0.0
FF,-1.67,5.6,"Parsons, Wes",641149,foul,L,3,2,-0.77,1.44,0.46,2.09,7.406137241881906,-138.96973140349138,-6.876918113833895,-11.729077420534518,35.083651178669605,-12.144743814665356,53.64,0.0
FF,-1.72,5.63,"Parsons, Wes",641149,foul,L,3,2,-0.6,1.44,0.27,2.34,6.592203913140497,-137.92411824867725,-6.14964150289237,-9.169276420157582,34.284459324516014,-12.66326689091524,53.7,0.0
SL,-1.66,5.62,"Parsons, Wes",641149,foul,L,3,2,0.45,0.4,0.03,2.12,3.194799739791852,-127.27347235936648,-3.011329265042111,4.046705410582671,31.150279901756104,-27.4528272202402,53.63,0.0
FF,-1.82,5.62,"Parsons, Wes",641149,called_strike,L,3,1,-0.72,1.57,-0.62,2.2,4.772840305600455,-136.96599440522755,-6.621421535950306,-10.231309431355053,36.0623907981009,-11.241863446663212,53.66,-0.024
CU,-1.83,5.73,"Parsons, Wes",641149,ball,L,2,1,0.81,-1.36,-1.09,1.6,0.1014899793453425,-119.28743941933796,0.0094157335262714,7.596761351907337,27.708358090954626,-45.24083759618856,53.94,0.135
CH,-1.88,5.69,"Parsons, Wes",641149,ball,L,1,1,-1.53,0.62,-1.44,2.05,4.31460666320068,-128.4891931436941,-4.008330635077245,-17.77480045850699,30.73033284846,-24.706815433626304,53.67,0.05
FF,-1.83,5.58,"Parsons, Wes",641149,called_strike,L,1,0,-0.83,1.3,-0.57,2.79,5.173170424592024,-138.10475422855944,-4.550258469502432,-11.801441329143673,32.260895832766906,-14.710564981873638,53.9,-0.075
FF,-1.8,5.65,"Parsons, Wes",641149,ball,L,0,0,-0.53,1.5,0.28,3.93,6.634234753658577,-137.43310246474203,-2.091120603812324,-8.272648656083227,32.47611029203495,-12.961369410944036,53.97,0.067
SL,-1.6,5.61,"Parsons, Wes",641149,hit_into_play,R,2,2,0.29,0.06,0.62,2.11,4.783030551413298,-127.4045511588486,-2.314557579282873,1.9379076579343035,31.96696620905023,-31.18433784188808,53.76,0.434
CU,-1.39,5.64,"Parsons, Wes",641149,ball,R,1,2,0.7,-1.41,1.29,-0.16,4.837922897633358,-121.29832790096847,-3.996578379511267,5.640675089860851,28.871684988378966,-45.15599071918746,53.71,0.036
CU,-1.52,5.72,"Parsons, Wes",641149,foul,R,1,2,0.63,-0.9,0.97,1.92,4.511671048195358,-120.94104496820547,-0.3490185749829189,5.03816067447156,27.71001028370591,-41.09257369010393,53.75,0.0
SI,-1.53,5.55,"Parsons, Wes",641149,ball,R,0,2,-1.45,1.06,-1.37,1.46,3.7393307878506015,-137.84617298864475,-7.422225489848292,-19.279660223236416,34.80768002443776,-17.12703257688656,53.55,0.019
SI,-1.55,5.6,"Parsons, Wes",641149,foul,R,0,1,-1.55,0.82,-0.44,2.59,6.3488595841447575,-136.5057234236131,-3.834106184951232,-20.765587989776037,33.315879700850644,-21.347339139893453,53.76,-0.047
SI,-1.52,5.63,"Parsons, Wes",641149,swinging_strike,R,0,0,-1.52,0.93,-1.43,2.73,3.5649934637050964,-134.94488349127144,-3.6002665479802083,-19.23653304447153,32.40199793612238,-20.30411738598314,53.97,-0.032
