pitch_type,release_pos_x,release_pos_z,player_name,pitcher,description,stand,balls,strikes,pfx_x,pfx_z,plate_x,plate_z,vx0,vy0,vz0,ax,ay,az,release_pos_y,delta_run_exp
SL,-1.8,5.65,"Rodríguez, Yerry",666720,hit_into_play,R,0,0,0.74,0.28,0.22,2.21,3.3900805636851388,-127.54765363343138,-2.875038106480947,7.510951717067377,23.01970852133302,-28.709907032430987,53.6,-0.447
SL,-1.88,5.57,"Rodríguez, Yerry",666720,hit_into_play,L,2,0,0.67,0.2,-0.44,2.14,2.088436961788481,-124.07022402169991,-2.2226843552443296,6.550906894858985,22.636050932286405,-29.92924524053412,53.63,0.887
FF,-1.83,5.78,"Rodríguez, Yerry",666720,ball,L,1,0,-1.02,1.02,-1.34,3.97,3.6797946047222103,-142.34011005381112,-1.7855281228091813,-14.72079238316078,30.31678489623433,-18.016226591175634,53.83,0.087
FF,-1.84,5.71,"Rodríguez, Yerry",666720,blocked_ball,L,0,0,-0.95,1.03,-0.7,1.55,5.315680673355117,-142.6298145157247,-8.256994507118623,-14.229919846806345,29.708075852194145,-16.426121008408945,53.83,0.056
FF,-1.75,5.61,"Rodríguez, Yerry",666720,hit_into_play,R,2,1,-1.18,0.91,-0.55,2.46,5.892527241636003,-139.33946517543083,-4.8062798981441714,-16.703675050876345,29.62760459931724,-19.442550776603696,53.85,0.267
FF,-1.85,5.61,"Rodríguez, Yerry",666720,ball,R,1,1,-1.01,1.13,-1.92,3.11,2.170054911024611,-142.08826026117575,-3.885814533789113,-14.20087124739964,31.75803389907016,-16.15634026801342,53.87,0.049
FF,-1.69,5.9,"Rodríguez, Yerry",666720,ball,R,0,1,-0.94,1.31,-1.35,3.5,3.104732797682267,-142.60692890481332,-4.027727996496701,-13.60973736078032,32.710417661749275,-13.600062443752348,53.95,0.03
SL,-1.86,5.62,"Rodríguez, Yerry",666720,called_strike,R,0,0,0.6,0.2,0.14,2.08,3.6012581291785146,-125.97608198837897,-2.715465214705115,5.744845408976784,23.25392373851764,-29.73443841959037,53.67,-0.042
SL,-1.77,5.74,"Rodríguez, Yerry",666720,swinging_strike,L,2,2,0.72,-0.02,0.27,1.42,3.4369048931081507,-125.80862298915312,-4.169479014488879,7.175017475441581,21.0946903432504,-31.866945492311643,53.69,-0.268
FF,-1.82,5.82,"Rodríguez, Yerry",666720,foul,L,2,1,-1.02,1.04,-1.0,2.63,4.555985180383111,-141.50344157499163,-5.490881857163089,-14.710934945344434,29.539692084996787,-17.08532475328706,53.89,-0.074
FF,-1.87,5.68,"Rodríguez, Yerry",666720,ball,L,1,1,-1.28,0.67,-1.79,1.48,3.106022747842612,-137.997748086694,-6.8585747072334335,-17.053338871182326,30.652799494908827,-22.31727899033677,53.8,0.058
FF,-1.88,5.79,"Rodríguez, Yerry",666720,ball,L,0,1,-0.9,1.14,-2.24,3.43,1.1040087410522152,-141.4310402127937,-3.4277675522455158,-12.2977349571055,31.271715731772854,-16.3493309760954,54.06,0.031
FF,-2.09,5.81,"Rodríguez, Yerry",666720,called_strike,L,0,0,-1.03,1.16,-0.56,2.54,6.449585639266919,-140.87944052540746,-5.812412759784172,-15.17664351952125,35.16647966341911,-15.618339835762225,53.9,-0.042
FF,-1.78,5.95,"Rodríguez, Yerry",666720,hit_into_play,L,3,2,-1.01,0.88,-1.16,1.98,3.9500416047910503,-140.26111912555473,-7.027051860981752,-14.253224842140185,30.70433410698219,-19.206498207312023,54.08,0.244
FF,-2.02,5.58,"Rodríguez, Yerry",666720,ball,L,2,2,-1.29,0.48,-2.12,1.23,2.634791777679109,-137.58139353411488,-6.733449140364698,-16.97301248640524,31.19343370506166,-24.729336518701544,54.08,0.069
FF,-1.95,5.87,"Rodríguez, Yerry",666720,ball,L,1,2,-1.06,0.99,-1.77,2.52,2.9347707281790747,-142.20798464153987,-5.847099487915894,-15.088096910713404,32.82529038639076,-17.5382491173259,54.0,0.026
FF,-2.02,6.01,"Rodríguez, Yerry",666720,foul,L,1,2,-0.78,1.14,-0.43,2.15,6.095881603374814,-141.82592993605462,-7.547517778582896,-11.892826585498025,27.895446291135183,-15.320421403980578,54.09,0.0
FF,-2.16,5.73,"Rodríguez, Yerry",666720,foul,L,1,1,-1.38,0.33,0.07,1.38,8.942242267475109,-137.91975827513428,-6.473058732578298,-19.53806107092331,30.367740978318192,-26.67401087709716,53.97,-0.04
FF,-2.14,5.71,"Rodríguez, Yerry",666720,ball,L,0,1,-1.46,0.66,0.43,0.18,9.751036314728138,-134.43230920125092,-9.749618469951606,-19.869316234107213,30.75459173564168,-22.043913455601302,54.04,0.017
FF,-2.04,5.93,"Rodríguez, Yerry",666720,called_strike,L,0,0,-0.73,1.29,-0.25,2.82,6.431751983823194,-140.1890723737175,-5.608686270226781,-11.110232782857864,32.76101176899747,-14.14014451649462,54.01,-0.024
FF,-2.05,5.79,"Rodríguez, Yerry",666720,hit_into_play,L,0,0,-0.77,0.96,0.39,2.68,8.070175324952627,-136.53669412630236,-4.572699085416244,-11.231652122737897,25.02679371912941,-19.277362103163977,53.82,0.122
SL,-2.15,5.6,"Rodríguez, Yerry",666720,foul_tip,L,1,2,-0.07,0.95,0.27,1.92,5.921639620457227,-125.27321814075208,-4.412631992160158,-2.036406412675708,27.26372403041155,-21.45262669197939,53.77,-0.169
SL,-2.33,5.65,"Rodríguez, Yerry",666720,foul,L,1,2,0.44,0.74,0.53,2.12,5.888052482654371,-124.4379675837717,-3.4811337988433984,3.2584088292999227,27.75543421350881,-23.967006788881683,53.89,0.0
FF,-2.08,6.18,"Rodríguez, Yerry",666720,ball,L,0,2,-0.79,1.28,-0.46,5.13,6.081698603722752,-139.9680359590916,-0.1083397451679813,-11.691159369184064,31.485189667533117,-15.4707525245893,54.11,0.026
CH,-2.21,5.59,"Rodríguez, Yerry",666720,foul,L,0,1,-1.18,0.66,0.1,1.95,8.020299939495375,-126.00145963015616,-3.93180381487541,-14.155770818352064,22.636222268697605,-24.53678927982637,53.55,-0.045
FF,-2.31,5.98,"Rodríguez, Yerry",666720,foul,L,0,0,-0.57,1.2,0.8,2.66,9.667699513002743,-141.15284430722247,-6.15749532471271,-9.72068221496918,29.04334417746196,-14.845974397406312,53.98,-0.042
CH,-2.26,5.56,"Rodríguez, Yerry",666720,hit_into_play,L,0,0,-1.24,0.69,-0.62,2.28,6.468264449062329,-124.78000298365224,-2.959314574421252,-14.26895798841716,23.671414787137355,-24.54496633216752,53.56,0.76
SL,-2.24,5.58,"Rodríguez, Yerry",666720,foul_tip,L,0,2,0.49,0.23,0.5,1.87,5.489766488804968,-124.23016824675432,-2.933611183676693,4.045039887587183,24.438420051355536,-29.43965262234576,53.82,-0.223
CH,-2.11,5.54,"Rodríguez, Yerry",666720,foul,L,0,1,-1.34,0.76,0.24,2.16,8.382105109275138,-124.95344222186934,-3.3464611178234174,-15.666135412559722,23.47366902689299,-23.74853553546988,53.51,-0.075
FF,-2.25,6.01,"Rodríguez, Yerry",666720,called_strike,L,0,0,-1.15,1.24,-0.31,2.33,7.691453850364805,-138.0047590019758,-6.794496404113944,-16.418636317083152,28.40599480474585,-14.922728523932983,53.94,-0.047
SL,-2.33,5.62,"Rodríguez, Yerry",666720,hit_into_play,R,0,1,0.01,0.6,-0.64,2.75,3.990576110846472,-124.43240950645644,-1.6546170033851868,-0.7059390657591099,25.67655472281256,-25.86177178236869,53.95,0.443
SL,-2.33,5.74,"Rodríguez, Yerry",666720,called_strike,R,0,0,0.21,0.5,0.06,2.46,5.207201143585593,-124.2306111014982,-2.4459457831525717,1.1578621061115657,24.535266290452324,-26.66668642911555,53.96,-0.024
SL,-2.37,5.63,"Rodríguez, Yerry",666720,hit_into_play,L,0,2,0.32,0.7,0.37,2.55,5.843987263996871,-124.36576124934108,-2.401285147948567,2.265934522810345,23.465784033019556,-24.64970178388063,53.79,3.037
FF,-2.17,5.88,"Rodríguez, Yerry",666720,foul,L,0,1,-0.71,1.18,0.31,3.59,8.213602531152675,-139.80001588917756,-3.1459638558087883,-11.271151869198068,33.41457675641009,-16.16157299166374,54.0,-0.215
SL,-2.42,5.7,"Rodríguez, Yerry",666720,called_strike,L,0,0,0.28,0.71,-0.5,2.57,3.9320085019279496,-123.33388143139128,-2.3772508998051576,2.021596505154495,25.58123371129261,-24.686343646024383,54.06,-0.121
FF,-2.26,5.63,"Rodríguez, Yerry",666720,hit_by_pitch,R,0,1,-1.31,1.13,-1.63,3.59,4.604151540905759,-138.568926379339,-2.2680197377333267,-17.855141559273182,30.50504155982088,-17.268146356714873,53.92,0.702
FF,-2.06,5.78,"Rodríguez, Yerry",666720,swinging_strike,R,0,0,-1.16,1.14,-0.46,3.45,6.864521999213489,-139.20768364415505,-3.090925590885539,-16.641632000823382,32.12544023718567,-16.892810734402172,53.93,-0.083
FF,-2.09,5.9,"Rodríguez, Yerry",666720,ball,L,3,1,-1.25,1.12,0.47,1.22,9.462254195368352,-137.08326685047328,-9.045329320185008,-17.794401857785314,27.811238142722612,-16.24582706730517,53.9,0.209
FF,-2.22,5.75,"Rodríguez, Yerry",666720,ball,L,2,1,-1.34,0.96,-1.65,2.33,4.5960511016893815,-141.06248342610857,-5.813263665630245,-18.923935617625823,32.156606651447674,-18.18161923276036,54.05,0.127
FF,-2.48,5.76,"Rodríguez, Yerry",666720,called_strike,L,2,0,-1.27,0.99,-1.04,2.66,6.696616075630451,-139.33645812772164,-4.830504669868818,-18.094254185074977,31.840929897130035,-18.31999965192669,54.1,-0.064
CH,-2.14,5.73,"Rodríguez, Yerry",666720,ball,L,1,0,-1.42,0.85,0.86,1.77,9.91737881999293,-123.224672569042,-4.60793107629724,-16.443917050811773,25.43919731462612,-22.790210727908505,53.78,0.066
FF,-2.23,5.82,"Rodríguez, Yerry",666720,ball,L,0,0,-1.26,1.1,-0.33,1.49,7.8094485611477955,-137.99824273321283,-8.129596196915369,-17.88210139972088,32.016092792236414,-16.37442659654347,54.06,0.044
FF,-2.22,5.7,"Rodríguez, Yerry",666720,ball,R,3,0,-1.29,0.9,0.14,1.25,9.141380936115452,-138.57913302169945,-8.121818106711936,-18.65835412577393,31.173850947907205,-18.81826514156843,53.9,0.113
FF,-2.09,5.84,"Rodríguez, Yerry",666720,ball,R,2,0,-1.24,0.88,0.55,1.45,9.7056894145829,-138.25415163317342,-7.879610466585511,-18.045324072113395,29.62366955272431,-19.30810194880645,54.02,0.086
SL,-2.23,5.61,"Rodríguez, Yerry",666720,ball,R,1,0,0.63,0.24,0.97,1.02,6.169482920515403,-122.0076671839988,-4.712816920338955,5.1304714103274485,22.925032122017623,-29.06206493004254,53.95,0.045
FF,-2.14,5.78,"Rodríguez, Yerry",666720,ball,R,0,0,-1.31,0.96,-0.09,1.73,8.408671793565702,-139.06403159580412,-7.28475410609786,-18.82283255734308,28.979573149569617,-18.314266205330423,53.93,0.024
SL,-2.19,5.7,"Rodríguez, Yerry",666720,hit_into_play,L,2,2,0.62,0.08,-0.75,2.35,2.0966130845140407,-121.2005694706746,-1.3765010118582883,5.703589733844723,24.43031627601633,-31.32605566753896,53.95,-0.204
CH,-1.96,5.49,"Rodríguez, Yerry",666720,ball,L,1,2,-1.35,0.77,1.96,-0.59,11.891518083611947,-122.17084985743465,-9.34566193333012,-15.825909783569024,23.889786603495047,-22.621430650977004,53.52,0.036
SL,-2.29,5.67,"Rodríguez, Yerry",666720,foul,L,1,2,0.58,0.26,1.27,1.72,7.325736469662517,-125.749648389912,-3.823075081897747,4.917410718552305,22.764677939562265,-28.830878111900656,54.0,0.0
FF,-1.95,5.98,"Rodríguez, Yerry",666720,called_strike,L,1,1,-0.84,1.2,0.31,1.63,7.94161556577776,-139.9066914292202,-8.715568833032025,-12.84508746368808,30.24847057089804,-14.63134596084914,54.08,-0.049
FF,-2.22,5.8,"Rodríguez, Yerry",666720,foul,L,1,0,-0.82,1.26,-0.12,2.23,7.335106768124032,-137.5086819465062,-6.456522742128225,-12.07125792002148,30.359093490816655,-14.910163471018036,53.98,-0.044
CH,-2.4,5.59,"Rodríguez, Yerry",666720,ball,L,0,0,-1.32,0.88,0.74,1.23,9.968410871035676,-121.97010600873844,-5.436205826921732,-15.205114326628346,25.6657394139529,-22.43214330764424,53.68,0.032
FF,-1.72,5.91,"Rodríguez, Yerry",666720,swinging_strike,L,3,2,-1.19,1.1,-0.72,2.3,5.422897918461479,-140.90567424903207,-6.638659908087456,-17.097141674952358,32.598989680159306,-16.16777793235858,53.89,-0.131
SL,-2.13,5.42,"Rodríguez, Yerry",666720,ball,L,2,2,-0.14,0.55,1.38,1.12,8.656172074942795,-124.5073251887634,-5.0567003959149295,-3.156744017275221,24.23149159003249,-25.653192287089382,53.57,0.043
FF,-1.85,5.79,"Rodríguez, Yerry",666720,foul,L,2,2,-0.51,1.07,0.25,2.98,6.807382795581304,-140.90160625426057,-4.418517272650054,-8.337368803932977,30.893624582569903,-17.127460077948278,53.99,0.0
CH,-1.91,5.63,"Rodríguez, Yerry",666720,foul,L,2,2,-1.06,0.66,-0.55,3.29,5.490539490893676,-126.28244446382108,-0.7463953736862848,-12.469028225688657,25.46293296283854,-25.1832458328536,53.61,0.0
SL,-1.91,5.59,"Rodríguez, Yerry",666720,ball,L,1,2,0.63,0.28,0.47,1.15,4.41498749449322,-125.61296747136156,-5.027376654957875,5.952189906865696,21.90514628112857,-28.473984450231985,53.76,0.018
FF,-1.81,5.84,"Rodríguez, Yerry",666720,foul,L,1,2,-0.76,1.15,-0.68,3.64,4.7898176632869145,-141.43470305465212,-2.994744928945669,-11.26677046795392,33.26917146280746,-16.273867251062146,53.91,0.0
CH,-1.92,5.55,"Rodríguez, Yerry",666720,foul,L,1,1,-1.55,0.34,0.17,1.74,8.302728866844589,-126.22241758013914,-3.6130891907299048,-18.31872084713824,26.981010621909657,-27.976023681537583,53.55,-0.026
FF,-2.02,5.68,"Rodríguez, Yerry",666720,ball,L,0,1,-1.15,0.93,-1.68,2.68,3.5587148964374893,-139.8722191294027,-4.499550671431247,-15.869501410819234,30.95413654203389,-19.20408844550551,53.73,0.011
FF,-2.17,5.68,"Rodríguez, Yerry",666720,called_strike,L,0,0,-1.02,0.83,-1.0,1.94,5.48319970707046,-140.91447161796435,-6.385324823655018,-14.798922707618482,29.94518255400571,-19.8615919882131,54.07,-0.015
SL,-1.95,5.66,"Rodríguez, Yerry",666720,hit_into_play,L,3,2,0.52,0.37,0.06,2.0,3.7063862827547855,-124.26852832985186,-3.138863846818566,4.7281295093716365,23.518281001676375,-27.904204391350294,53.84,1.829
FF,-2.06,5.84,"Rodríguez, Yerry",666720,ball,L,2,2,-0.51,1.22,-2.14,4.59,0.9733603799311332,-141.1187102163514,-0.5869926305910844,-7.010470829315022,33.03169069583881,-15.962264364614994,53.98,0.071
SL,-2.18,5.66,"Rodríguez, Yerry",666720,foul,L,2,2,0.82,0.02,0.2,1.23,4.0233022325846575,-125.60386765799032,-4.404614437264215,7.859621814385113,24.957435742588107,-31.288140608622257,53.95,0.0
SL,-2.04,5.56,"Rodríguez, Yerry",666720,blocked_ball,L,1,2,0.4,0.2,0.1,0.11,4.299774827847732,-124.54559646617302,-7.125886943657831,3.410086776432074,21.595962674768398,-28.998308209867133,53.72,0.03
CH,-2.04,5.52,"Rodríguez, Yerry",666720,foul,L,1,1,-1.55,0.63,-0.86,0.99,6.058676123664369,-125.4111583857658,-5.793009397154256,-17.546561989701217,29.001727450018198,-24.457144569765696,53.45,-0.048
SL,-2.28,5.57,"Rodríguez, Yerry",666720,swinging_strike_blocked,L,1,0,0.38,0.28,-0.09,0.5,4.443601950009331,-124.39487399477215,-6.237774251934745,2.930020169163071,27.12389019679479,-28.118844315325063,53.69,-0.039
CH,-2.11,5.67,"Rodríguez, Yerry",666720,ball,L,0,0,-1.17,0.91,-1.76,2.67,3.2920178447576323,-127.30624545401184,-2.9431731993064805,-13.339828575921585,28.02095372581563,-21.93139143509369,53.71,0.027
FF,-2.05,5.76,"Rodríguez, Yerry",666720,hit_into_play,L,0,1,-0.56,1.07,-0.2,2.67,6.216101220010266,-140.3989717725422,-5.059070589074157,-8.795535016542532,33.45008587273422,-17.127106543541927,54.14,-0.173
FF,-2.01,5.78,"Rodríguez, Yerry",666720,called_strike,L,0,0,-0.62,1.14,-0.19,2.05,6.34797453534334,-142.12396501996443,-7.166910838410502,-9.85969689188482,33.455057237102324,-15.301875259686003,54.09,-0.081
SL,-2.19,5.54,"Rodríguez, Yerry",666720,hit_into_play,R,0,0,0.62,0.58,0.3,2.21,4.579756828140343,-122.04930044782525,-2.464756204063289,5.381594148224155,23.022937646925115,-26.118908709057525,53.58,0.683
SL,-2.23,5.7,"Rodríguez, Yerry",666720,hit_into_play,R,0,0,0.51,0.07,0.36,3.05,5.0510475657313325,-122.33420294558914,0.0597015593614784,4.210458727387843,22.05512008275876,-31.71417039812208,53.73,-0.363
CH,-2.09,5.47,"Rodríguez, Yerry",666720,hit_into_play,L,2,2,-1.17,0.66,-0.91,1.61,5.251038373256187,-125.46568557464906,-4.361343612315269,-13.406902143350148,24.022194554671444,-24.562592237094652,53.58,0.653
FF,-1.84,5.89,"Rodríguez, Yerry",666720,ball,L,1,2,-0.94,1.29,-1.41,3.41,3.319118884095981,-142.51002805123372,-4.203945837517244,-13.591052403254196,32.709371307107546,-13.86056414078924,54.15,0.036
FF,-1.75,5.94,"Rodríguez, Yerry",666720,foul,L,1,2,-0.91,1.28,-0.63,3.05,5.1670695167580325,-143.22148481697724,-5.381078349305229,-13.683460146144723,32.84399672327849,-13.45555040002276,54.09,0.0
FF,-1.87,5.97,"Rodríguez, Yerry",666720,foul,L,1,2,-0.6,1.23,-0.74,3.4,4.432476782438491,-141.31878858140078,-4.173028147184449,-9.095664946856616,32.40689542454744,-14.961572775296828,54.07,0.0
SL,-2.23,5.68,"Rodríguez, Yerry",666720,foul,L,1,2,0.52,0.71,-0.17,2.46,3.7968254312710585,-123.17299888800945,-2.611975407017992,4.575594357321015,23.007968511476527,-24.613449585086755,54.01,0.0
CH,-2.07,5.58,"Rodríguez, Yerry",666720,foul,L,1,2,-1.26,0.69,-1.43,2.68,4.095625680653185,-124.51097848602424,-1.9736265704203075,-13.983754964408485,24.53538449285566,-24.821155621198663,53.76,0.0
FF,-2.0,5.9,"Rodríguez, Yerry",666720,foul,L,1,1,-0.83,1.15,-0.08,3.24,6.960295214288596,-139.918368367669,-4.078495919609554,-12.466207112151682,32.26327054190024,-16.295937374675933,54.16,-0.049
FF,-2.06,5.88,"Rodríguez, Yerry",666720,ball,L,0,1,-0.89,1.05,-1.9,3.17,2.4148295703684357,-137.82373082902137,-3.720233167491049,-11.875666770636132,32.02544747369719,-18.23005474724505,54.37,0.021
FF,-2.05,5.94,"Rodríguez, Yerry",666720,foul_tip,L,0,0,-0.78,1.16,-0.12,3.44,6.9411840517986265,-140.52692711674214,-3.733537008026927,-11.97930310147722,32.087796821728304,-16.168222710067813,54.17,-0.032
SL,-2.18,5.69,"Rodríguez, Yerry",666720,hit_into_play,R,1,2,0.78,0.23,-0.82,2.39,1.5854054909945394,-119.4627356512081,-1.361079838606973,7.11015530764171,23.256858505565997,-29.90745615145062,53.89,1.659
SL,-2.22,5.69,"Rodríguez, Yerry",666720,ball,R,0,2,0.57,0.31,0.95,1.58,6.300579811887509,-122.87473261112088,-3.8619966215650425,4.531633151731903,23.88635760378756,-28.4559759834301,53.81,0.009
SL,-2.2,5.63,"Rodríguez, Yerry",666720,foul,R,0,1,-0.08,0.8,-0.04,1.63,5.165064561509827,-121.63793601823672,-4.453948394048512,-1.677329986582551,21.469376909892464,-23.567729858761343,53.83,-0.068
SL,-2.32,5.66,"Rodríguez, Yerry",666720,called_strike,R,0,0,-0.27,0.97,0.48,1.66,7.178454247754283,-124.1566181827044,-5.143283537125535,-4.105572660086343,22.9218301413912,-21.30574591493065,53.78,-0.073
FF,-1.85,5.92,"Rodríguez, Yerry",666720,hit_into_play,L,0,2,-0.5,1.24,0.24,3.36,6.765334792645433,-141.36820753219564,-4.165834143580002,-8.260816594446586,33.35689138028707,-14.83383273917176,54.0,-0.054
FF,-2.12,5.91,"Rodríguez, Yerry",666720,foul,L,0,1,-0.62,1.27,0.21,2.96,7.582386300427779,-139.83084574326108,-5.095453889635785,-9.873979523353425,33.009984996194504,-14.527907939374863,54.1,-0.215
FF,-2.17,5.84,"Rodríguez, Yerry",666720,foul,L,0,0,-0.94,0.87,-0.46,3.39,6.770692399425505,-141.50133118192875,-3.095626691650916,-14.129860386509046,29.24672536611908,-19.94122627134723,54.0,-0.121
FF,-2.07,5.95,"Rodríguez, Yerry",666720,hit_into_play,R,0,0,-1.1,0.83,-0.93,3.47,5.506393112881399,-139.51093904360854,-2.820860589821918,-15.667034298545822,31.32332443170176,-20.96000210268927,54.24,0.902
