pitch_type,release_pos_x,release_pos_z,player_name,pitcher,description,stand,balls,strikes,pfx_x,pfx_z,plate_x,plate_z,vx0,vy0,vz0,ax,ay,az,release_pos_y,delta_run_exp
SL,-1.57,6.18,"Romano, Jordan",605447,hit_into_play,R,1,1,0.07,-0.23,-0.14,2.78,3.278859550754005,-123.75565065776736,-1.1516100973797232,0.0230642606825106,26.696328313989994,-34.543299206764466,53.05,-0.097
SL,-1.96,6.1,"Romano, Jordan",605447,called_strike,R,1,0,0.15,-0.2,-0.42,3.17,3.344945607108089,-122.27183783116833,-0.0034201142367797,0.8456491326157222,23.19202596591775,-34.36411114436773,53.05,-0.019
SL,-1.46,6.18,"Romano, Jordan",605447,ball,R,0,0,0.09,-0.1,1.09,1.11,5.973567159736234,-124.70384535827694,-5.589740042219392,-0.3303968012752286,26.12039663029444,-32.25321691548183,52.97,0.016
FF,-1.59,6.2,"Romano, Jordan",605447,hit_into_play,R,2,2,-0.51,1.66,-0.13,3.46,5.046469060384089,-136.8910424332355,-5.243574249119932,-7.46678464423336,28.559123819208303,-10.264191636618644,52.95,1.011
SL,-1.3,6.33,"Romano, Jordan",605447,ball,R,1,2,0.06,-0.22,1.38,1.39,6.423383251228212,-126.45124303696213,-5.3993128863435,-0.4220901858597227,21.13157601780941,-33.79799455929565,53.06,0.018
SL,-1.83,6.16,"Romano, Jordan",605447,foul,R,1,1,0.04,-0.21,0.03,1.96,4.438476384058942,-125.03329725362693,-3.3736620194842457,-0.3999419583023394,23.782745664987928,-33.98118899944495,52.75,-0.026
FF,-1.65,6.11,"Romano, Jordan",605447,foul,R,1,0,-0.66,1.5,-0.96,2.72,3.373110495117968,-137.87347910935233,-6.71091185619657,-9.107082346357366,30.698000167779284,-11.809271662420876,52.72,-0.019
FF,-1.45,6.3,"Romano, Jordan",605447,ball,R,0,0,-0.31,1.51,0.78,3.7,6.761885805797192,-139.31053078160286,-4.763418908521564,-5.62559406887467,31.756787109278847,-11.57374352631298,52.96,0.016
SL,-1.78,6.09,"Romano, Jordan",605447,swinging_strike,R,3,2,0.15,-0.14,0.95,1.16,6.368935648869307,-126.20541683956932,-5.511204400680864,0.5017268404927595,22.377489220717617,-32.82653447463208,52.98,-0.211
FF,-1.92,5.85,"Romano, Jordan",605447,called_strike,R,3,1,-0.73,1.49,0.43,1.61,7.8596805372853265,-135.97120626166011,-8.68606745233769,-10.795085740013,29.585183030715683,-11.98477497075275,52.88,-0.059
FF,-1.87,6.0,"Romano, Jordan",605447,ball,R,2,1,-0.7,1.42,0.45,3.38,7.804164494931675,-137.60973378679324,-4.4094100953511335,-10.640222398722386,29.42524923627063,-13.289229710790838,53.1,0.077
FF,-1.9,5.99,"Romano, Jordan",605447,foul,R,2,0,-0.87,1.64,-0.71,2.4,5.155181126067449,-137.09810683586403,-7.456393798925424,-12.173980890711949,30.70786945636985,-10.01473824646862,52.96,-0.039
SL,-1.95,6.0,"Romano, Jordan",605447,ball,R,1,0,0.15,0.09,1.59,1.27,8.214880153664367,-124.46159944549348,-5.23617472533924,0.0844612926734067,22.07701105222795,-30.438189361860555,53.03,0.045
FF,-1.76,6.12,"Romano, Jordan",605447,ball,R,0,0,-0.9,1.48,-0.84,0.42,4.5853962776406885,-138.88186532787424,-13.012935603448728,-12.72385954652822,30.541345087119527,-10.25687073175369,52.97,0.024
FF,-2.08,5.95,"Romano, Jordan",605447,hit_into_play,L,1,0,-0.62,1.36,-0.53,3.04,5.566331770716426,-137.75316492583127,-5.051658007652069,-9.176613947710026,31.299945348493967,-13.92130308342448,53.09,-0.26
SL,-2.02,5.95,"Romano, Jordan",605447,ball,L,0,0,0.15,-0.21,1.0,1.82,6.926546116939437,-123.67461649791832,-2.9399234469203366,0.0297987447490192,25.946450774379816,-33.915698983152105,53.09,0.032
SL,-1.62,5.89,"Romano, Jordan",605447,hit_into_play,R,3,2,-0.04,-0.26,-0.26,1.92,3.420684327905866,-126.90956779853192,-2.8075457635071475,-1.2075950312477333,29.72390868726795,-34.53057314278373,53.13,2.522
SL,-1.36,6.01,"Romano, Jordan",605447,ball,R,2,2,0.09,-0.4,0.42,0.72,4.213847624662096,-127.65460594695249,-5.924664824779457,0.0953720569680057,26.9985997322638,-35.53999438187336,53.11,0.114
SL,-1.33,6.04,"Romano, Jordan",605447,called_strike,R,2,1,0.06,-0.3,1.1,1.96,5.727038323870432,-124.6106805403093,-2.777575293527545,-0.5229754452581392,25.090615153641707,-34.97339334217906,53.13,-0.14
FF,-1.25,6.18,"Romano, Jordan",605447,ball,R,1,1,-0.5,1.43,0.78,3.77,6.765006325932538,-141.53930141313154,-4.329322531393118,-8.176824827335231,31.368748415254757,-12.11000211051344,52.83,0.015
FF,-1.11,6.08,"Romano, Jordan",605447,ball,R,0,1,-0.61,1.59,0.59,1.71,6.093266530101667,-141.49104227668417,-10.08204180712302,-9.620906567479707,33.035565281034486,-8.674252230999912,52.97,0.1
FF,-1.27,6.0,"Romano, Jordan",605447,called_strike,R,0,0,-0.33,1.62,0.41,2.63,5.425988114066292,-142.2718659878903,-7.477612075098868,-5.725332394717613,34.94626788860654,-8.682323079385254,52.84,-0.081
FF,-1.47,6.0,"Romano, Jordan",605447,hit_into_play,R,0,0,-0.61,1.45,1.14,2.41,8.682410555175464,-143.24577504879645,-7.8506945730004,-10.3779114621059,33.87812862496364,-10.482901399199664,53.0,-0.327
SL,-1.82,5.8,"Romano, Jordan",605447,hit_into_play,L,0,1,0.35,0.02,-0.46,2.86,2.524358675288988,-124.68866101103356,-0.651389969490942,3.1062516910676337,27.35453423662436,-32.07606657330394,53.6,0.049
FF,-1.87,5.79,"Romano, Jordan",605447,foul_bunt,L,0,0,-1.03,1.55,-0.78,2.11,5.280589063158749,-138.3375395831392,-7.556526675124836,-14.483599484337113,33.30523196720747,-10.793880969153149,53.21,-0.064
SL,-1.66,5.96,"Romano, Jordan",605447,hit_into_play,R,1,2,0.11,-0.03,0.5,1.59,5.158265492181631,-129.76277460281275,-4.762973486982846,0.2882375461818758,24.89652762546193,-31.80320628990456,53.29,0.47
SL,-1.64,5.99,"Romano, Jordan",605447,called_strike,R,1,1,0.09,-0.11,0.27,2.21,4.468659560391227,-125.80907746390092,-2.6423847214222214,0.0431055159789613,24.72302461925065,-33.02104702991338,53.24,-0.049
SL,-1.83,5.91,"Romano, Jordan",605447,called_strike,R,1,0,0.04,-0.19,0.0,3.25,4.377496831231038,-126.29880030139206,0.226760614643618,-0.3841768663632827,24.641154534801267,-34.480464701971144,53.2,-0.044
SL,-1.95,5.92,"Romano, Jordan",605447,ball,R,0,0,0.07,0.05,0.32,1.54,5.474036150020866,-127.99219133763168,-4.735252866839475,-0.273092058727082,24.265350366929034,-30.918219080112003,53.07,0.032
SL,-1.5,6.08,"Romano, Jordan",605447,called_strike,L,3,2,0.25,-0.17,0.37,3.18,4.056919207896519,-126.77639341042268,-0.4662900397207683,1.8798905222147184,24.72123572672712,-34.14001277699396,53.21,-0.348
FF,-1.48,6.01,"Romano, Jordan",605447,ball,L,2,2,-0.13,1.5,-1.04,5.12,1.4861036632972244,-140.55934378484594,-0.1602276037765234,-2.1048447962422268,35.54082592954991,-12.67349676432802,53.05,0.064
FF,-1.28,6.04,"Romano, Jordan",605447,ball,L,1,2,-0.06,1.41,0.14,4.36,4.050679935007237,-142.0460794333558,-2.2865496666756964,-1.7046229663008678,33.4319516697737,-12.76997553875378,52.89,0.048
SL,-1.07,6.04,"Romano, Jordan",605447,blocked_ball,L,0,2,0.28,-0.56,0.28,-0.07,2.7205135272272893,-126.5245653820774,-7.532676094008861,2.5139624545870616,22.2334748400908,-37.0847952283716,53.06,0.022
FF,-1.29,6.04,"Romano, Jordan",605447,foul,L,0,1,-0.41,1.4,-0.46,3.44,3.270795608784138,-142.00453992875177,-4.809042450075428,-6.265924538957679,33.03540922946871,-12.281449197413922,52.92,-0.077
SL,-1.48,6.02,"Romano, Jordan",605447,swinging_strike,L,0,0,0.2,-0.39,-0.21,1.21,2.7173040084987186,-128.02817328986998,-4.875370185635752,1.6782909656973342,25.82061429631376,-35.65950254503611,53.04,-0.048
FF,-1.28,6.12,"Romano, Jordan",605447,hit_into_play,L,0,2,-0.81,1.3,-1.2,2.91,2.1658696153969994,-143.40379549622935,-6.384283666125918,-11.696458557116204,35.105191689901154,-12.9527131766069,53.11,-0.268
FF,-1.56,5.92,"Romano, Jordan",605447,called_strike,L,0,1,-0.82,1.34,0.1,1.9,6.576204613465491,-143.05257037662685,-8.74097588233509,-12.817300781571635,33.50851259243546,-11.910523939278091,52.99,-0.059
FF,-1.81,5.8,"Romano, Jordan",605447,called_strike,L,0,0,-0.56,1.28,-0.78,3.32,4.059036300064579,-138.68450182661118,-3.835569214435603,-8.095542557159158,31.13134073564955,-15.046259214056573,52.89,-0.042
SL,-1.58,5.93,"Romano, Jordan",605447,hit_into_play,R,0,0,0.11,-0.41,0.36,1.71,4.470434625464725,-125.40537787675731,-2.933906732966358,0.1747428419183414,27.63741361189592,-36.07106638277988,53.25,0.266
SL,-1.33,6.19,"Romano, Jordan",605447,swinging_strike_blocked,L,0,2,0.07,-0.22,0.42,0.17,4.192367332798392,-128.76976484763523,-8.329698654649174,-0.0458055447915049,26.367709974476757,-33.067274566314175,53.08,-0.149
FF,-1.9,5.87,"Romano, Jordan",605447,foul,L,0,1,-0.39,1.36,-0.6,3.17,4.48438300283489,-142.4192307090766,-4.981550274767657,-6.353850873210371,35.41481006577501,-12.760530135938495,53.19,-0.047
FF,-1.96,5.79,"Romano, Jordan",605447,foul,L,0,0,-0.55,1.42,-0.19,1.71,6.128372469044076,-141.6060999623673,-8.822740244171568,-8.808431659974898,32.688567383470065,-11.25866319010981,53.18,-0.032
SL,-1.45,5.96,"Romano, Jordan",605447,swinging_strike,R,1,2,0.24,-0.55,-0.09,1.0,2.819508568291169,-126.61945349999364,-4.684729394137158,2.0057092092105826,24.92327379034985,-37.41688088651384,53.14,-0.169
SL,-1.13,6.1,"Romano, Jordan",605447,blocked_ball,R,0,2,0.23,-0.38,0.7,-0.41,3.990507896138308,-126.32607321906085,-8.759084315854672,1.6598277617570425,25.594411180748683,-34.70257084334057,53.17,0.026
SL,-1.18,6.22,"Romano, Jordan",605447,swinging_strike_blocked,R,0,1,0.01,-0.21,0.36,0.47,3.713023471261045,-125.47951485795927,-7.177430872783945,-0.6049862652224511,25.34865952585965,-33.0949548978222,52.94,-0.045
SL,-1.66,6.03,"Romano, Jordan",605447,called_strike,R,0,0,0.34,-0.12,0.82,2.24,5.324197827867133,-125.5598234842791,-2.7101622461572825,2.7613051396957933,19.944781412846503,-33.18766197622057,53.22,-0.042
FF,-1.92,5.95,"Romano, Jordan",605447,hit_into_play,L,2,1,-0.36,1.38,0.36,2.32,6.8732485557357625,-137.27580095539955,-6.916239944028419,-6.210888149932984,33.35354932109836,-13.352205098713087,53.14,1.504
SL,-1.98,5.94,"Romano, Jordan",605447,ball,L,1,1,0.27,-0.36,-0.87,1.47,2.121420512868588,-125.088139620395,-3.6484588341735256,2.422858534600363,25.91092076427705,-35.3724086182905,53.31,0.074
FF,-1.92,5.97,"Romano, Jordan",605447,called_strike,L,1,0,-0.54,1.46,-0.69,3.47,4.509900632886676,-137.62349737403414,-4.147380912541261,-7.901011711929649,32.97443880423238,-12.96767881611621,53.08,-0.075
FF,-2.09,5.86,"Romano, Jordan",605447,ball,L,0,0,-0.81,1.35,-1.84,2.24,2.553808380376538,-139.2853944852412,-7.111809156499936,-11.158009668420272,32.676204234855994,-13.199424412185271,53.11,0.067
SL,-1.28,6.33,"Romano, Jordan",605447,hit_into_play,R,1,2,0.22,-0.49,0.36,2.42,3.52705416980858,-125.22080661831669,-2.103743290632384,1.6339117539357546,23.16439757115937,-37.192715871755546,53.12,0.47
SL,-1.34,6.34,"Romano, Jordan",605447,ball,R,0,2,0.22,-0.56,1.22,2.47,5.824286955715842,-127.34336190649653,-2.06156298306926,1.2087781614440358,25.84220889332352,-38.11140954136387,53.12,0.019
SL,-1.52,6.21,"Romano, Jordan",605447,swinging_strike,R,0,1,0.24,-0.22,0.39,1.39,4.253583388751323,-128.51474777867833,-5.374255383122659,1.8900586047080323,23.31952694498541,-33.82053729351149,53.01,-0.047
SL,-2.07,5.91,"Romano, Jordan",605447,foul,R,0,0,0.21,-0.16,0.59,2.07,6.012714445597267,-125.58073162445186,-2.67797660106671,1.1268016863561934,24.03468737815851,-33.53280893228667,53.11,-0.032
FF,-1.76,5.98,"Romano, Jordan",605447,hit_into_play,L,0,0,-0.82,1.32,-0.48,1.84,5.185864172476597,-135.51706689141673,-7.92445971382784,-11.229509493848164,30.61365342742208,-14.291081853753532,53.04,-0.483
FF,-1.26,6.26,"Romano, Jordan",605447,ball,R,3,1,-0.41,1.51,1.86,3.65,9.418464606423631,-139.36303270642824,-4.780475325418163,-7.514172069838167,33.2099757194407,-11.634258293271774,52.71,0.079
SL,-1.46,6.2,"Romano, Jordan",605447,ball,R,2,1,0.18,-0.08,0.97,1.02,5.575781622787791,-126.42972785681124,-6.227653955961376,0.8616825332755448,24.820404382400422,-31.961312603552287,52.88,0.062
SL,-1.18,6.33,"Romano, Jordan",605447,ball,R,1,1,0.1,-0.24,1.31,2.27,5.867843457789855,-125.99141270044603,-3.061233141595909,-0.0997950268974018,24.4909784721634,-34.376830790465135,53.06,0.074
FF,-1.26,6.16,"Romano, Jordan",605447,foul,R,1,0,-0.51,1.69,0.13,2.12,4.975062290592202,-139.93597964226612,-9.1940525208169,-7.809674217577524,33.02173727050684,-8.015907950281653,52.75,-0.054
FF,-1.12,6.26,"Romano, Jordan",605447,ball,R,0,0,-0.39,1.67,1.87,1.5,9.110208926404905,-140.76671016305872,-11.28200859325266,-7.226416801929745,32.43713780502373,-7.42915896328715,52.62,0.035
FF,-1.43,6.17,"Romano, Jordan",605447,called_strike,L,1,2,-0.32,1.63,-0.05,2.32,4.594005111179071,-141.74368962258472,-8.79592448303903,-5.41664437119801,33.48748657423881,-8.415225270856869,52.8,-0.411
FF,-1.71,6.05,"Romano, Jordan",605447,swinging_strike,L,1,1,-0.5,1.55,-0.59,3.29,4.248096373384874,-141.3711895732461,-5.504136345414783,-7.704886317504615,33.91485327045373,-10.378880221503548,52.92,-0.15
SL,-1.67,6.08,"Romano, Jordan",605447,blocked_ball,L,0,1,0.21,-0.19,1.25,-0.93,6.722238119092269,-126.67991960957508,-10.58157141367813,1.0371227476731637,23.35080699560385,-32.39492280430943,52.94,0.05
SL,-1.92,6.04,"Romano, Jordan",605447,foul,L,0,0,0.22,-0.46,-0.08,1.2,4.055243660514674,-126.11636451654807,-4.5507094215782775,1.5532876823062496,24.268892428475645,-36.378381278424456,52.95,-0.071
FF,-2.08,5.91,"Romano, Jordan",605447,hit_into_play,L,1,0,-0.48,1.48,-0.26,2.54,6.003752073153468,-138.62128199511662,-6.668317947796302,-7.55015880144484,32.829701450844816,-11.766955668453924,52.89,-0.422
FF,-1.95,6.02,"Romano, Jordan",605447,ball,L,0,0,-0.45,1.62,-0.92,3.46,3.795500378536905,-138.54480192868246,-4.76991083496598,-6.729176324008494,33.69825054514898,-10.489285623992794,53.03,0.06
FF,-1.55,6.06,"Romano, Jordan",605447,hit_into_play,R,1,1,-0.19,1.6,0.11,2.54,4.95412624530464,-139.29749097627533,-7.478418111140328,-3.639641152788236,32.950512293332494,-9.87779273047651,52.76,-0.097
SL,-1.35,6.26,"Romano, Jordan",605447,ball,R,0,1,0.21,-0.01,1.09,2.23,5.475447494259418,-125.07281357702722,-3.3289506400127262,1.1239599298504914,25.32002790486873,-31.79310256742901,52.97,0.011
SL,-1.53,6.18,"Romano, Jordan",605447,swinging_strike,R,0,0,0.24,-0.17,0.33,1.57,3.992264819489365,-124.80166035987332,-4.415385154870953,1.761960853264224,23.04286654946816,-33.33162299413351,53.03,-0.015
SL,-1.85,6.05,"Romano, Jordan",605447,hit_into_play,L,0,0,0.34,-0.03,-0.39,1.6,2.867393572561536,-125.71000003562456,-4.429212292612289,3.048452021722981,23.768740703358105,-31.88089117215656,53.0,-0.163
SL,-1.83,6.13,"Romano, Jordan",605447,hit_into_play,L,2,2,0.19,-0.08,-0.57,2.42,2.6514953886861825,-124.8999724475069,-2.414755440169913,1.494681535611943,23.80585708747649,-32.78539518628008,53.14,-0.204
SL,-1.59,6.27,"Romano, Jordan",605447,ball,L,1,2,0.03,-0.05,-0.01,0.5,3.807500680215138,-126.58139730526528,-7.751224975509424,-0.3858271167641296,24.304470465337797,-31.41430836749836,53.1,0.036
FF,-1.93,5.92,"Romano, Jordan",605447,foul,L,1,1,-0.55,1.26,-0.28,2.37,5.710373151413555,-138.81881962586633,-6.665351741863012,-8.428356126024243,33.47904101449414,-14.568375165187105,52.94,-0.049
FF,-1.75,6.1,"Romano, Jordan",605447,ball,L,0,1,-0.58,1.46,-1.99,2.16,0.6854595462104209,-140.4464557191603,-8.349498187553815,-7.803185430130001,35.8268924189079,-11.175960940725018,52.99,0.021
FF,-1.85,6.04,"Romano, Jordan",605447,called_strike,L,0,0,-0.71,1.34,-0.62,2.09,5.004803184020403,-139.88599405360455,-8.04428356709318,-10.55115168202586,34.05407621540411,-12.991873676860456,52.98,-0.032
SL,-1.55,6.02,"Romano, Jordan",605447,hit_into_play,R,1,1,0.08,-0.32,0.78,1.92,5.553037568612209,-126.6088595255273,-3.042752475246526,-0.2453075127321471,25.011552621358184,-35.268458068587094,53.07,-0.31
SL,-1.59,5.97,"Romano, Jordan",605447,swinging_strike,R,1,0,0.03,-0.47,0.64,2.22,5.407766172241273,-126.72172972619676,-1.851210183004588,-0.833817562291506,27.32977453237225,-37.0580326480713,53.17,-0.049
SL,-1.58,5.96,"Romano, Jordan",605447,ball,R,0,0,0.04,-0.2,1.25,1.94,6.956951879292591,-128.4713348619442,-3.347808457119156,-0.9453472206020672,25.10402493027874,-33.95017700653814,53.06,0.021
SL,-1.79,5.85,"Romano, Jordan",605447,hit_into_play,L,2,1,0.19,-0.49,-0.43,2.48,2.8873720989789424,-125.57754012235657,-0.7835145696168015,1.4308056168865584,26.40914390349361,-37.36521379399385,53.3,0.219
SL,-1.96,5.81,"Romano, Jordan",605447,ball,L,1,1,0.23,-0.59,-1.04,1.56,1.7773156305047078,-126.60234407347298,-2.8505477889274475,2.079120383525373,26.29427442111329,-38.11250058600426,52.78,0.023
FF,-1.61,6.01,"Romano, Jordan",605447,ball,L,0,1,-0.55,1.53,0.36,4.23,6.813809046279251,-144.05887678035597,-3.041248833873404,-9.31765127391506,35.272860276847034,-10.351489172718342,53.07,0.011
SL,-1.88,5.82,"Romano, Jordan",605447,foul,L,0,0,0.29,-0.45,0.0,1.29,4.010809028492059,-127.21137246934671,-3.98550208749028,2.5265793637272496,22.355011117090715,-36.55627764372,53.24,-0.015
SL,-1.52,6.02,"Romano, Jordan",605447,swinging_strike,R,2,2,0.21,-0.47,0.72,1.38,5.100795114797414,-127.77625181774444,-4.293722738843725,1.3847561994988586,22.930951789379638,-36.77197489204214,52.95,-0.142
SL,-1.7,5.84,"Romano, Jordan",605447,foul,R,2,1,0.13,-0.45,-0.72,2.0,2.073835535694164,-123.7570686754871,-1.769631063192542,0.8835020197737843,25.58042067542873,-36.627520647951286,53.49,-0.051
SL,-1.96,5.83,"Romano, Jordan",605447,swinging_strike,R,2,0,0.26,-0.28,0.44,2.06,5.30289691447272,-126.09153957058714,-2.295181733767317,1.662861812302972,25.24053746019174,-34.86529244240963,53.2,-0.039
SL,-2.0,5.84,"Romano, Jordan",605447,ball,R,1,0,0.33,-0.22,-0.89,3.12,1.9806276340763824,-125.30081484808277,0.2549514004124267,3.102800347701081,25.244359318116537,-34.76193071694419,53.37,0.045
FF,-1.46,6.06,"Romano, Jordan",605447,ball,R,0,0,-0.55,1.47,0.93,1.08,7.846364429551085,-141.3721863523544,-11.425884258074587,-9.210151519277446,33.32829008196457,-10.001032317876325,52.99,0.024
SL,-1.41,6.05,"Romano, Jordan",605447,foul_tip,L,1,2,-0.24,-0.68,-0.66,1.64,2.3768725095858647,-128.51104310045062,-3.2594912147177064,-3.164908968798016,27.584952826292252,-39.21588713022204,53.06,-0.168
FF,-1.84,5.86,"Romano, Jordan",605447,foul,L,1,1,-0.53,1.5,0.48,1.94,7.630246590599841,-141.60173428225198,-8.602495906385055,-9.009379663349163,34.25459815256057,-10.12255741962798,53.06,-0.049
SL,-1.96,5.88,"Romano, Jordan",605447,called_strike,L,1,0,0.14,-0.4,-0.77,2.96,2.5426994759272823,-123.07553487584116,0.4070826413926403,0.8654621222031751,26.99472371364044,-36.49864396244308,53.46,-0.044
SL,-1.95,5.8,"Romano, Jordan",605447,ball,L,0,0,0.05,-0.5,-1.23,2.26,1.6339072270821036,-124.66557171944584,-1.0691534580301585,0.2282879300193039,25.823451468843704,-37.38707968858267,53.24,0.032
FF,-0.98,6.4,"Romano, Jordan",605447,hit_into_play,R,0,2,-0.75,1.65,-0.4,3.3,3.3757360377944354,-142.58890807130638,-6.880464395617715,-10.96308849193458,32.74053926734531,-8.332283236784095,52.89,-0.336
FF,-1.0,6.32,"Romano, Jordan",605447,foul,R,0,1,-0.56,1.59,0.24,2.37,4.697031330437729,-140.64486700927915,-8.822961182152566,-8.510679300757424,33.36920399156289,-9.193176058767593,52.81,-0.137
FF,-1.19,6.31,"Romano, Jordan",605447,called_strike,R,0,0,-0.35,1.44,0.61,2.07,5.793659303860759,-141.6021916158458,-9.41412389686903,-6.05054426182174,31.98826007140204,-10.822054283809544,52.88,-0.102
FF,-1.47,6.21,"Romano, Jordan",605447,hit_into_play,L,0,0,-0.48,1.36,0.51,2.99,6.5538883755709145,-141.6570374496807,-6.395871162832544,-7.896747192309393,31.69957189408593,-12.62690147365094,53.01,-0.416
SL,-1.77,6.1,"Romano, Jordan",605447,hit_into_play,L,0,0,0.24,-0.31,0.12,2.15,4.078188473198301,-125.88249122087429,-2.594358297901171,1.7524345466181437,25.52351707988315,-35.200043687041585,53.3,1.564
FF,-1.08,6.4,"Romano, Jordan",605447,hit_into_play,R,0,2,-0.67,1.46,0.39,3.83,5.657562404505397,-142.75953366301226,-4.953125716408069,-10.472204260943276,31.42981004668898,-11.25081674596345,53.06,0.596
SL,-1.47,6.12,"Romano, Jordan",605447,swinging_strike_blocked,R,0,1,0.21,-0.09,1.71,0.11,7.486459842597767,-128.4663839316727,-8.610136125646351,0.9330893839461056,23.449352388864195,-31.6976485748906,53.03,-0.059
SL,-1.64,6.19,"Romano, Jordan",605447,called_strike,R,0,0,-0.02,0.12,0.17,3.37,4.508742729834414,-128.20895330395655,-1.0334667910172428,-1.1038718217519294,25.405102425777503,-30.86729819126681,53.24,-0.042
FF,-1.82,6.03,"Romano, Jordan",605447,hit_into_play,L,3,2,-0.71,1.39,-0.49,2.3,5.350291957319043,-142.73149650605896,-7.982123443820882,-11.01196341473528,33.84647841857161,-11.56180326379656,53.05,-0.719
SL,-1.44,6.3,"Romano, Jordan",605447,blocked_ball,L,2,2,0.3,-0.17,1.46,1.08,6.570029533269703,-128.41961342495972,-6.358408843601158,1.92510156196546,26.92897117896059,-32.89938500378406,53.1,0.191
SL,-2.01,6.07,"Romano, Jordan",605447,foul,L,2,1,0.31,0.01,0.05,2.7,4.314419786831731,-125.20410964524297,-1.760970571281788,2.3484277260537576,26.11395420164391,-31.898724736304928,53.49,-0.075
FF,-1.77,6.02,"Romano, Jordan",605447,ball,L,1,1,-0.72,1.3,0.65,1.17,8.244300090805444,-139.79485773459987,-10.40211220285341,-11.415783441690635,34.07325707067653,-12.78208776933884,53.08,0.074
FF,-1.58,6.2,"Romano, Jordan",605447,ball,L,0,1,-0.57,1.37,-0.79,2.93,3.527636748790311,-142.4484179841816,-6.607080498201468,-8.571756101930987,35.33933560210626,-12.179934360969188,53.05,0.057
SL,-1.95,6.1,"Romano, Jordan",605447,called_strike,L,0,0,0.15,-0.03,0.75,2.33,6.167372442589585,-124.4134238306547,-2.549995381460958,0.3276711758292852,25.230816336466923,-32.19002344610453,53.22,-0.064
FF,-1.58,6.19,"Romano, Jordan",605447,hit_into_play,R,0,0,-0.53,1.54,0.56,2.6,7.102244185624268,-141.516561000831,-7.788171888164004,-8.739235083453291,33.725426736696335,-9.834408177872277,53.1,0.41
SL,-1.54,6.14,"Romano, Jordan",605447,hit_into_play,R,2,1,0.05,-0.13,0.23,2.48,4.104826701410794,-122.99469751310768,-1.9872970421278684,-0.2264804595777849,23.0511814760008,-33.279411316725,52.8,-0.489
SL,-1.45,6.22,"Romano, Jordan",605447,ball,R,1,1,0.05,-0.14,1.25,1.99,6.40638901636625,-124.97611007596544,-3.588087226487247,-0.5912111060190561,22.753591903017664,-33.14832807183689,53.03,0.058
FF,-1.17,6.23,"Romano, Jordan",605447,ball,R,0,1,-0.47,1.66,1.25,1.64,7.691171404518086,-139.43375487072527,-10.60752037787826,-7.82158317029346,29.64930799636108,-8.257864335119002,52.62,0.057
FF,-1.38,6.11,"Romano, Jordan",605447,called_strike,R,0,0,-0.6,1.59,-0.45,2.29,3.895893233345003,-138.95289824119962,-8.295182683811058,-8.575651371017837,28.405079996615317,-9.858437836362873,52.71,-0.073
SL,-1.62,6.07,"Romano, Jordan",605447,hit_into_play,L,1,1,0.09,-0.39,0.49,2.03,4.8223375176995225,-122.542895167292,-2.3094577710673327,0.0564353504135777,22.18811159166235,-35.88932709560145,53.08,0.925
SL,-1.87,5.95,"Romano, Jordan",605447,swinging_strike,L,1,0,0.18,-0.38,0.47,1.7,5.292020272651735,-124.28644106740502,-3.053315049060914,0.9274520478269388,22.308669323796416,-35.82851246059527,52.77,-0.058
FF,-1.67,6.11,"Romano, Jordan",605447,ball,L,0,0,-0.29,1.45,-0.97,3.63,2.547925841564515,-139.42508552391757,-4.336567756720712,-4.290489581937074,30.978847989931644,-12.471767057353423,52.9,0.042
SL,-1.19,6.42,"Romano, Jordan",605447,swinging_strike,R,0,2,0.07,-0.22,0.16,2.27,3.172961154691374,-126.32177169665934,-3.428973214154844,0.1589144495794396,22.21280188912268,-34.14804506801958,52.96,-0.32
FF,-1.4,6.2,"Romano, Jordan",605447,foul,R,0,1,-0.34,1.52,-0.44,3.15,3.403148021539711,-139.11764812254202,-5.98498176576244,-5.258033943459748,32.36433386743927,-11.335395906187925,52.74,-0.079
SL,-1.67,6.03,"Romano, Jordan",605447,foul,R,0,0,-0.06,-0.21,0.37,2.46,5.01406177194913,-123.41495463379118,-1.672171137464284,-1.5025399722397206,22.53832752435436,-34.20372668747439,52.81,-0.083
FF,-1.56,6.11,"Romano, Jordan",605447,hit_into_play,L,0,1,-0.54,1.48,-0.76,2.89,3.4238453233658785,-140.10908352082524,-6.470909231411543,-7.935772095901679,32.17692484235383,-11.406446715618102,53.08,0.537
SL,-2.01,6.01,"Romano, Jordan",605447,called_strike,L,0,0,0.58,-0.05,0.54,1.81,4.996469186944264,-124.9901208545776,-3.756595869710121,5.3028184932346845,21.601124869568974,-32.19854076293888,52.87,-0.042
FF,-1.5,6.13,"Romano, Jordan",605447,ball,R,3,2,-0.4,1.46,-1.17,3.02,1.794876589394546,-137.65902328002724,-5.865267188122354,-5.51366768922256,30.479000150219047,-12.492286971562216,52.72,0.219
FF,-1.73,5.94,"Romano, Jordan",605447,called_strike,R,3,1,-0.3,1.46,-0.59,3.14,3.71823719258346,-136.30133275407945,-4.831520775847593,-4.60289080704095,30.248204893141363,-13.081516039928406,52.86,-0.059
FF,-1.82,5.98,"Romano, Jordan",605447,called_strike,R,3,0,-0.56,1.44,-0.71,3.2,4.264102403803337,-138.37003590323255,-5.022880839898315,-8.125940995963871,28.79223125811081,-12.721831935602406,52.91,-0.048
FF,-1.87,6.01,"Romano, Jordan",605447,ball,R,2,0,-0.51,1.37,-1.53,3.54,2.045573947593665,-136.40329007081195,-3.78869562066164,-6.790341091869717,28.59375888692944,-14.437747561833186,52.82,0.086
SL,-1.64,6.09,"Romano, Jordan",605447,ball,R,1,0,0.36,-0.4,0.6,0.92,4.589979917587176,-122.68968039300437,-5.031919482590446,2.9149467434183327,21.33286792530128,-35.56849309749758,52.88,0.045
SL,-1.58,6.14,"Romano, Jordan",605447,ball,R,0,0,0.66,-0.02,0.75,1.41,4.310673691525035,-125.3584061493129,-5.180998984477487,6.301152405203766,21.101691728352687,-31.644305571218304,52.86,0.024
FF,-1.5,6.21,"Romano, Jordan",605447,hit_into_play,R,3,2,-0.23,1.45,0.2,2.67,5.140878357839987,-138.67348488862604,-7.096551662814449,-4.100926480874683,30.225825259995464,-12.078584260853669,52.77,-0.297
SL,-1.76,6.17,"Romano, Jordan",605447,foul,R,3,2,0.32,-0.38,-0.46,2.54,2.4338528901254053,-121.46354255658036,-1.149825211976505,2.626077270001059,24.40752548292769,-35.92007416525749,53.01,0.0
SL,-1.41,6.24,"Romano, Jordan",605447,ball,R,2,2,0.2,-0.48,1.18,1.01,5.80647684315981,-123.42198733438131,-5.01125082671277,0.8717650152377493,25.384664437613548,-36.28821630114679,52.88,0.093
SL,-1.76,6.18,"Romano, Jordan",605447,swinging_strike,R,2,1,0.26,-0.17,0.19,1.01,4.166407454583271,-124.24706559724726,-5.668022427228302,1.8853796857736955,23.73271460478247,-33.09994481690875,52.97,-0.063
FF,-1.79,5.97,"Romano, Jordan",605447,called_strike,R,2,0,-0.4,1.46,-0.68,1.95,3.912060862161988,-137.43791830840263,-8.254867252306836,-5.9820696330744925,30.343204320576348,-12.037067315918083,52.78,-0.057
FF,-1.89,6.04,"Romano, Jordan",605447,ball,R,1,0,-0.25,1.51,-0.53,3.83,4.150467424054482,-136.11649456354178,-3.3255880785506875,-4.045281650487745,31.823978744575957,-12.936346798682,52.86,0.064
FF,-1.53,6.22,"Romano, Jordan",605447,ball,R,0,0,-0.42,1.52,0.8,2.34,7.255728700743772,-138.7061674094827,-8.207334089291606,-7.086452498323731,30.682400323552663,-10.842166598112357,52.85,0.032
SL,-1.77,6.01,"Romano, Jordan",605447,swinging_strike,L,2,2,0.15,-0.61,0.0,1.78,4.062832674470782,-127.54930762477716,-2.757837174043537,0.6220108833007065,29.913664811094183,-38.41069509820431,53.26,-0.088
SL,-1.75,5.82,"Romano, Jordan",605447,foul,L,2,2,0.23,-0.3,-0.53,2.25,2.422688264390844,-123.58124017954742,-1.4328651313236935,1.902513379109623,25.19787446565176,-35.154980134517345,52.96,0.0
FF,-1.65,5.95,"Romano, Jordan",605447,foul,L,2,2,-0.57,1.58,0.8,2.58,8.126588581034587,-142.69126281956537,-7.440426082116655,-9.784038875679672,35.00786253705228,-8.97993731601906,53.06,0.0
FF,-1.9,5.74,"Romano, Jordan",605447,foul,L,2,1,-0.54,1.25,0.47,1.81,7.68825042608691,-139.87529407031198,-7.838091380522063,-8.871902050513258,31.96870705261812,-14.12340395184092,53.0,-0.031
FF,-1.72,5.84,"Romano, Jordan",605447,ball,L,1,1,-0.66,1.47,0.34,0.52,7.24076186511827,-142.42038571697032,-12.551719370879574,-10.708777224581317,33.92372443155816,-9.333253232419263,52.95,0.023
FF,-1.87,5.77,"Romano, Jordan",605447,foul,L,1,0,-0.34,1.4,0.01,2.29,5.860212463431261,-139.42891383276387,-6.905918899123081,-5.785070837466774,32.191194953317364,-12.544889765059471,52.96,-0.019
FF,-1.78,5.78,"Romano, Jordan",605447,ball,L,0,0,-0.55,1.34,-0.07,0.78,5.995214051315665,-141.45696292524934,-11.207777091704417,-8.792847748356534,32.319071670010665,-11.725205590921234,53.02,0.016
SL,-1.36,6.2,"Romano, Jordan",605447,swinging_strike_blocked,L,0,2,0.11,-0.37,-0.47,0.69,1.950845881953612,-127.60647325443992,-6.466403503067422,0.7807868956471186,29.188725730628725,-34.91206762439379,53.31,-0.104
FF,-1.47,6.1,"Romano, Jordan",605447,called_strike,L,0,1,-0.51,1.48,0.29,1.97,6.040003369627542,-142.20206595927712,-9.210308701536594,-8.381109150675778,33.35095680923648,-10.174124836268136,53.11,-0.035
FF,-1.78,5.88,"Romano, Jordan",605447,foul,L,0,0,-0.59,1.47,-0.28,2.87,5.416780844673898,-139.6746682232358,-5.778517271601798,-8.942856190643479,33.20343270258419,-11.833305428064506,53.11,-0.024
FF,-1.66,5.96,"Romano, Jordan",605447,hit_into_play,R,0,0,-0.34,1.53,0.64,1.68,7.036783082143407,-139.90232481157045,-9.407566219898891,-6.0636185948840655,31.324650978443916,-10.151725389180996,53.04,-0.228
FF,-1.55,6.07,"Romano, Jordan",605447,ball,L,3,1,-0.25,1.55,0.47,4.22,6.095780971695722,-140.84954265942727,-2.9440020809445464,-4.867051317115343,34.729697840589246,-11.19910891394278,53.15,0.06
SL,-1.93,5.76,"Romano, Jordan",605447,blocked_ball,L,2,1,0.18,-0.27,1.14,0.46,7.202586807628145,-127.72738672788928,-6.223985075071033,0.4335203859250936,27.76336199532601,-33.91640245029916,53.11,0.046
SL,-1.53,5.95,"Romano, Jordan",605447,blocked_ball,L,1,1,0.04,-0.33,1.43,-0.49,7.248714099039995,-127.76998002337032,-8.917499103305747,-1.163774473145358,27.714098187132095,-34.04295897770703,53.05,0.044
FF,-1.73,5.9,"Romano, Jordan",605447,called_strike,L,1,0,-0.54,1.37,0.48,2.71,7.381987047566094,-142.5965085874182,-6.364751476212373,-9.226766584346136,36.376079408887406,-12.262216635503153,53.1,-0.049
FF,-1.55,6.05,"Romano, Jordan",605447,ball,L,0,0,-0.47,1.41,-1.32,3.87,1.7542101085390591,-142.84060413452175,-3.7033053826540496,-6.841006765920078,37.215293450656695,-12.35381743095978,53.06,0.021
SL,-1.88,5.9,"Romano, Jordan",605447,hit_into_play,L,3,1,0.2,-0.22,0.03,2.5,4.133594448004136,-124.1608680463652,-1.274641763341794,1.313218935472424,24.283005236691853,-34.4348498468386,53.48,-0.478
SL,-1.95,5.97,"Romano, Jordan",605447,ball,L,2,1,0.12,-0.4,-1.28,3.43,1.3783049945279309,-124.99641217195254,1.0841984225803458,0.938432769298775,25.255558856656677,-36.836667221462136,53.44,0.127
SL,-1.8,5.92,"Romano, Jordan",605447,ball,L,1,1,0.26,-0.38,0.18,1.58,4.227028890048342,-125.4819123895098,-3.330550535304549,1.938575852913212,25.154270571128198,-35.76758955407102,53.48,0.058
SL,-1.82,5.84,"Romano, Jordan",605447,called_strike,L,1,0,0.19,-0.21,0.26,2.09,4.603272904751752,-124.44764063728304,-2.1740600392224074,1.095248347139928,24.439659925264674,-34.096744757839055,53.31,-0.055
SL,-1.92,5.87,"Romano, Jordan",605447,ball,L,0,0,0.51,-0.25,0.64,1.05,5.180808764580773,-126.29096634721394,-4.897125476805914,4.358433015480282,25.76844730088356,-34.08639256192932,53.27,0.044
FF,-1.39,6.01,"Romano, Jordan",605447,hit_into_play,R,2,1,-0.55,1.29,0.09,2.68,5.243582953568991,-139.27035633917134,-6.1745752056547305,-8.381587572735398,32.74501344925773,-14.237088430521691,53.09,0.236
SL,-1.58,6.11,"Romano, Jordan",605447,ball,R,1,1,0.28,-0.26,1.0,2.23,5.71793047427855,-126.4992842575418,-2.6260033221781294,1.863201145844381,24.822758235292348,-34.69318398925158,53.2,0.037
SL,-1.8,5.9,"Romano, Jordan",605447,foul,R,1,0,0.41,-0.26,0.53,1.37,4.869497781077087,-127.4915115066198,-4.318605992406302,3.365890806369382,27.597207751188545,-34.234950153511626,53.33,-0.031
SL,-1.8,5.93,"Romano, Jordan",605447,ball,R,0,0,0.33,0.08,1.12,0.98,6.500361026001529,-127.73760621380627,-6.118728026878679,2.227272481217537,27.32912607482488,-30.159030808258898,53.2,0.024
SL,-1.81,5.97,"Romano, Jordan",605447,hit_into_play,R,2,2,0.42,-0.28,0.77,1.23,5.4417023989393325,-126.7981852502942,-4.736074286207015,3.367829538110791,26.11319926270177,-34.3765020318559,53.08,-0.204
SL,-1.48,5.99,"Romano, Jordan",605447,ball,R,1,2,0.2,-0.05,2.0,0.69,8.27157354929467,-128.9004634567492,-6.917323227796345,0.5624497118803745,26.695390378049524,-31.479963239803897,52.94,0.036
SL,-1.43,6.15,"Romano, Jordan",605447,ball,R,0,2,-0.03,-0.25,0.27,-0.25,4.2624631373616575,-128.7219584972342,-9.169351803285233,-1.1577996033335265,24.85070316468845,-33.41241063478556,53.47,0.019
FF,-1.16,6.18,"Romano, Jordan",605447,called_strike,R,0,1,-0.5,1.4,0.26,1.79,4.991588128467145,-139.8824678123992,-9.426831014485606,-7.689485862279603,32.88115370783056,-11.7893973319276,53.02,-0.047
SL,-1.86,5.94,"Romano, Jordan",605447,called_strike,R,0,0,0.17,-0.15,0.0,1.86,4.083200283874287,-124.0318260356086,-3.041247083713776,0.9526644316908254,24.045226760934376,-33.2929911357022,53.39,-0.032
FF,-1.71,6.11,"Romano, Jordan",605447,hit_into_play,L,0,1,-0.46,1.43,-0.08,3.1,5.511489403377441,-140.285173754215,-5.848148919177319,-7.233845761257074,29.58922233850853,-12.117961467028252,52.88,-0.085
FF,-1.92,5.98,"Romano, Jordan",605447,called_strike,L,0,0,-0.5,1.25,-0.59,3.38,4.78395753197908,-139.10990473716367,-4.183444627866073,-7.547623322036258,28.69617284895676,-15.193968862394112,52.79,-0.015
SL,-1.7,6.15,"Romano, Jordan",605447,hit_into_play,L,2,2,0.26,-0.25,0.74,2.62,5.281386331405596,-123.34326480807178,-1.4044528812250157,1.546642171436345,24.916714412281983,-34.6631023924439,53.15,1.011
FF,-1.63,6.24,"Romano, Jordan",605447,ball,L,1,2,-0.4,1.41,-1.43,3.26,1.4795906762332212,-141.32783197174842,-5.808149759960273,-5.644158008749138,32.730393738364405,-12.100803152013622,53.04,0.018
FF,-1.83,6.06,"Romano, Jordan",605447,foul,L,1,1,-0.21,1.55,-0.01,3.52,5.422394365427396,-139.45798919293446,-4.6644806167411925,-4.038805301146715,35.30440973774963,-11.128508729273127,52.88,-0.026
SL,-1.9,5.96,"Romano, Jordan",605447,called_strike,L,1,0,0.36,-0.23,-0.54,2.87,2.4688185370684885,-120.89284022692674,-0.1132373631521082,3.0256143551851475,25.224844195363712,-34.60042810071313,52.97,-0.019
SL,-2.04,5.97,"Romano, Jordan",605447,ball,L,0,0,0.2,-0.15,-0.22,1.14,4.034210547626351,-126.40941376978354,-5.162711471307404,1.3181009182959529,26.298437369646347,-32.89248395247466,53.14,0.016
SL,-1.47,6.24,"Romano, Jordan",605447,swinging_strike_blocked,L,0,2,0.19,-0.57,-0.52,0.71,1.9273194935353808,-127.74374366052754,-6.2189373278571205,1.733659237925698,25.719258288880944,-37.36535419978466,53.09,-0.104
SL,-1.28,6.41,"Romano, Jordan",605447,foul,L,0,2,0.2,-0.38,0.86,1.84,4.823950747264192,-126.60311589426335,-4.131615032247683,1.2699059727714077,23.331733257228148,-35.7110277531194,53.1,0.0
FF,-1.44,6.13,"Romano, Jordan",605447,called_strike,L,0,1,-0.69,1.59,0.33,1.58,6.4547708662719225,-140.1955970859748,-10.398606078164692,-10.58044633553623,32.33922384972148,-8.96550983827102,52.81,-0.035
FF,-1.75,6.07,"Romano, Jordan",605447,called_strike,L,0,0,-0.86,1.59,-0.37,2.24,5.7661006404947575,-140.89639927747442,-8.473983379350795,-12.745820731975678,33.022645795148904,-9.27421309509125,52.97,-0.024
SL,-1.67,6.18,"Romano, Jordan",605447,hit_into_play,R,2,1,0.21,-0.32,0.87,1.8,5.645838250044659,-123.79802007160004,-3.338939890536384,0.97893580054551,25.457955073071563,-34.981902979384216,53.12,-0.267
FF,-1.59,6.19,"Romano, Jordan",605447,ball,R,1,1,-0.74,1.49,1.05,2.88,8.792523492651961,-138.09230026882793,-6.489531637291475,-11.393111354488855,29.842836669266795,-11.843034664190954,52.92,0.05
FF,-1.36,6.28,"Romano, Jordan",605447,ball,R,0,1,-0.77,1.54,0.53,4.0,6.957467173943247,-140.44982496755532,-4.124563002753976,-11.710934256751791,31.9615851169307,-11.027079555057623,52.88,0.021
FF,-1.6,6.23,"Romano, Jordan",605447,swinging_strike,R,0,0,-0.68,1.59,0.04,2.86,6.017585742870609,-139.20874853690273,-7.036515499195781,-10.228173872084405,30.429889797362343,-10.081603871923052,52.92,-0.032
FF,-1.74,6.16,"Romano, Jordan",605447,swinging_strike,L,2,2,-0.89,1.5,-1.0,2.93,4.171692608463275,-142.71896618154818,-6.865780299091137,-13.084978569230042,33.672671862478154,-10.33829065274002,52.86,-0.088
SL,-1.99,5.91,"Romano, Jordan",605447,foul,L,2,1,0.46,-0.19,-0.27,3.02,3.2009343847677,-125.52930697943212,-0.2511568085840933,4.246969224201017,24.661317993345627,-34.37437446010905,53.26,-0.031
FF,-1.82,6.03,"Romano, Jordan",605447,ball,L,1,1,-0.6,1.75,-1.62,4.44,1.95175933721587,-140.32999921591056,-2.6503623434991117,-8.326215482077277,34.06804797636472,-8.708276773419032,53.14,0.023
FF,-1.78,5.93,"Romano, Jordan",605447,called_strike,L,1,0,-0.47,1.73,-0.68,2.92,4.04806254702,-138.61218420764493,-6.266524244897935,-7.039517533376428,32.57054313534306,-8.718358650342287,52.92,-0.019
FF,-1.57,6.11,"Romano, Jordan",605447,ball,L,0,0,-0.41,1.63,-0.36,3.63,4.264882921443816,-140.49930703500183,-4.8390251968866815,-6.425380116529147,33.46169779039948,-9.73536124562636,52.94,0.016
SL,-1.78,6.08,"Romano, Jordan",605447,hit_into_play,R,2,1,0.21,-0.36,-0.17,2.75,3.432371094076118,-124.81759028928984,-0.8620998008277312,1.535556126319387,25.52167899911499,-35.973808085312264,53.14,-0.193
SL,-1.72,6.13,"Romano, Jordan",605447,ball,R,1,1,0.32,-0.26,-1.03,2.37,1.0179471270813,-127.41992464584408,-2.4444048480002403,3.324090158543496,25.25318602929025,-34.723548624404735,53.02,0.037
FF,-1.17,6.28,"Romano, Jordan",605447,ball,R,0,1,-0.37,1.5,-0.66,4.35,2.251787558519008,-140.7579431424726,-3.045525108012154,-5.393699080152271,32.73796888410287,-11.76692685700288,53.16,0.017
SL,-1.37,6.24,"Romano, Jordan",605447,called_strike,R,0,0,0.06,-0.4,0.41,2.33,4.221334439930342,-126.32715081920772,-2.3862141623715782,-0.1755055394313872,25.07281715727783,-36.23300163455618,53.09,-0.024
FF,-1.24,6.26,"Romano, Jordan",605447,hit_into_play,R,0,1,-0.84,1.45,-0.42,2.25,4.174067993716738,-139.76254224128604,-8.46336844182696,-12.008993030539116,34.59992451438908,-11.426369134169272,52.96,-0.196
FF,-1.55,6.09,"Romano, Jordan",605447,called_strike,R,0,0,-0.34,1.58,-0.15,2.6,4.570229961265853,-138.862719454689,-7.219146817465888,-5.457115674413444,34.59542041437109,-10.32588195146843,52.88,-0.032
SL,-1.57,6.12,"Romano, Jordan",605447,swinging_strike_blocked,L,1,2,0.12,-0.44,0.8,0.98,5.655334260696008,-128.78139721671616,-5.704551258461501,0.2492042555736966,25.03821609001459,-36.11642700267142,53.03,-0.236
FF,-1.35,6.25,"Romano, Jordan",605447,ball,L,0,2,-0.6,1.69,-0.94,3.81,2.539491875660423,-142.3780199972037,-5.105320612233946,-8.773586735189108,32.16491000901501,-8.144555032026844,53.14,0.026
FF,-1.55,6.05,"Romano, Jordan",605447,foul,L,0,1,-0.55,1.41,0.67,3.62,7.355707150128426,-140.58964511355592,-4.168096079276735,-9.070251790586507,34.88137012682511,-12.767936785940082,52.95,-0.045
SL,-1.97,5.94,"Romano, Jordan",605447,foul,L,0,0,0.48,-0.51,-0.24,2.21,3.1601991759277666,-123.90976791310398,-1.3943971403215372,4.2159926417367215,26.06250174639335,-37.32210502445148,53.24,-0.042
FF,-1.59,6.03,"Romano, Jordan",605447,hit_into_play,R,3,2,-0.27,1.72,-0.29,2.24,4.146702470525152,-139.5285546416091,-8.505560322685321,-4.476750874667103,32.600570589696694,-7.990591710401329,52.84,0.098
SL,-1.63,6.01,"Romano, Jordan",605447,ball,R,2,2,0.3,-0.63,0.94,1.22,5.664907392691503,-125.94371802578982,-3.984215067497228,1.9513321950273128,26.37290219796597,-38.24438287251101,52.98,0.043
SL,-1.87,5.91,"Romano, Jordan",605447,called_strike,R,2,1,0.34,-0.36,-0.23,3.36,3.223534035596734,-123.78231772791224,1.0795323633230145,2.9240620223759786,23.43284265910766,-36.3018562616282,52.99,-0.031
SL,-1.65,5.98,"Romano, Jordan",605447,ball,R,1,1,0.24,-0.56,0.97,1.44,5.974230300612123,-127.03720465024948,-3.7312118389659226,1.426398064231575,24.477271752342283,-37.75285003780019,52.9,0.023
FF,-1.56,6.1,"Romano, Jordan",605447,called_strike,R,1,0,-0.37,1.72,0.51,2.94,6.5150750752864806,-140.08674272981594,-6.891359761562647,-6.354294883761236,31.651116968693252,-8.116763414335292,52.78,-0.019
SL,-1.73,5.9,"Romano, Jordan",605447,ball,R,0,0,0.03,-0.43,0.35,1.09,4.982550884143937,-125.22687725745205,-4.393434488644379,-0.6490008520938356,24.684173848001382,-36.04385918176184,52.99,0.016
SL,-1.64,6.12,"Romano, Jordan",605447,hit_into_play,L,2,2,0.45,-0.39,0.64,2.58,4.6833012835304855,-127.72504727789392,-1.6932309908127845,4.030942183329239,24.44170158127869,-36.37506030913925,53.2,-0.142
FF,-1.24,6.34,"Romano, Jordan",605447,ball,L,1,2,-0.19,1.59,-0.39,5.48,2.772097261569928,-141.03431100305147,-0.3350238401968223,-3.2475727383776483,34.2556034417678,-11.2016692310575,53.16,0.026
FF,-1.8,5.92,"Romano, Jordan",605447,foul,L,1,1,-0.59,1.45,-0.06,2.97,6.100991634572372,-139.75720213570196,-5.573112578740076,-9.244393126262068,34.34097910966854,-12.123479365493244,53.01,-0.04
SL,-1.9,6.03,"Romano, Jordan",605447,swinging_strike,L,1,0,0.37,-0.22,-0.86,2.79,1.7153278258738995,-123.37881439666197,-0.8252977252879109,3.4864258182415773,23.352745524014185,-34.45366541118187,53.3,-0.031
FF,-1.53,6.22,"Romano, Jordan",605447,ball,L,0,0,-0.49,1.6,-1.43,3.93,1.4185763288143842,-140.46481358092427,-4.223725363867207,-6.757349559525426,33.939941426776514,-10.24186132749675,53.1,0.024
FF,-1.17,6.25,"Romano, Jordan",605447,hit_into_play,R,0,1,-0.5,1.71,0.09,3.37,4.628508088599931,-140.964285592209,-6.164426105463519,-7.803878166832761,33.465064984339875,-8.20852233123819,53.06,-0.196
SL,-1.85,5.99,"Romano, Jordan",605447,swinging_strike,R,0,0,0.16,-0.32,0.82,0.75,6.199101232562822,-126.54539718291508,-5.8604078015517045,0.5089483707847305,24.97360075738788,-34.64430273990618,53.09,-0.032
SL,-1.34,6.21,"Romano, Jordan",605447,hit_into_play,L,0,1,0.01,-0.28,-0.56,2.18,1.9084359737428285,-127.86530609432543,-3.08898531237298,-0.2391037774703277,26.4740823938686,-34.86643585604786,53.17,-0.293
FF,-1.47,6.09,"Romano, Jordan",605447,foul,L,0,0,-0.4,1.29,-0.14,3.29,4.600047321916776,-142.0778186642477,-5.127501111630883,-6.392452159950874,31.70827801107501,-13.770523400233056,52.83,-0.042
FF,-1.25,6.09,"Romano, Jordan",605447,hit_into_play,R,1,1,-0.72,1.47,-0.11,2.24,4.819997524837307,-140.98849136520414,-8.305727984167191,-10.66400768627506,34.09997168726138,-10.80019783974538,52.75,-0.303
SL,-1.24,6.15,"Romano, Jordan",605447,ball,R,0,1,-0.07,-0.37,0.41,0.71,4.248875805786402,-128.0286546780231,-6.463087851076134,-1.6431746825788154,26.898276186119094,-35.0389686743853,52.81,0.023
FF,-1.43,6.14,"Romano, Jordan",605447,foul,R,0,0,-0.21,1.41,-0.72,3.93,2.434979232213113,-139.9882410863849,-3.51975013353374,-3.3939005496425323,33.68713229696457,-13.14188860399728,53.02,-0.101
SL,-1.49,6.18,"Romano, Jordan",605447,hit_into_play,L,0,2,-0.01,0.16,0.34,1.57,4.608278300784703,-128.3296373947689,-5.469732641448525,-1.2503858035307291,31.08639330407337,-29.299841800938243,52.7,1.062
SL,-1.52,6.12,"Romano, Jordan",605447,foul,L,0,1,0.3,-0.21,-0.35,1.38,2.199768948520658,-125.89077825355406,-4.755269578476228,2.750995130292438,25.278012748118105,-33.64403289977528,53.27,-0.059
SL,-1.6,5.95,"Romano, Jordan",605447,swinging_strike,L,0,0,0.38,-0.04,0.8,1.37,4.923023531251022,-123.08369828313305,-4.339429763133532,2.9104188587092508,23.319070068890657,-31.907172599408817,53.36,-0.042
FF,-1.51,6.26,"Romano, Jordan",605447,hit_by_pitch,R,0,0,-0.77,1.6,-2.49,4.61,-0.8753297838380348,-140.54301420116096,-2.4600662240772424,-9.95379364327792,34.89601340998011,-10.780840116626624,53.32,0.268
FF,-1.63,5.96,"Romano, Jordan",605447,hit_into_play,L,0,1,-0.51,1.36,-0.34,3.22,4.656544447735208,-139.0932795164648,-4.723933883450062,-7.653141791395318,33.49134737799318,-13.755891018249,52.96,-0.196
SL,-1.6,6.0,"Romano, Jordan",605447,called_strike,L,0,0,0.23,-0.19,0.41,1.71,4.342846654934722,-124.08423576625655,-3.4266018385057437,1.4195406123607122,26.256225535977567,-33.62095050726116,53.03,-0.032
