pitch_type,release_pos_x,release_pos_z,player_name,pitcher,description,stand,balls,strikes,pfx_x,pfx_z,plate_x,plate_z,vx0,vy0,vz0,ax,ay,az,release_pos_y,delta_run_exp
FF,-0.89,6.11,"Swanson, Erik",657024,hit_into_play,L,0,0,-0.86,1.05,-0.71,2.25,2.438392810744811,-139.11965511792346,-6.984172364585284,-11.74958743778802,31.508391760745138,-17.154420139014373,53.75,-0.1
FF,-0.85,6.15,"Swanson, Erik",657024,hit_into_play,L,3,1,-0.56,1.05,-0.3,2.79,2.737374706083656,-138.03063947475272,-5.519412629781653,-7.815446150856787,29.468369080707365,-17.68566567560528,53.77,-0.271
FF,-0.72,6.22,"Swanson, Erik",657024,ball,L,2,1,-0.78,1.11,-1.03,3.69,0.9552662060191166,-138.60004730191676,-3.5596188905720005,-10.315252792083216,29.61463806106256,-17.239115543218823,53.76,0.077
FF,-1.09,6.2,"Swanson, Erik",657024,ball,L,1,1,-0.73,1.16,-1.13,2.09,1.5573726368704457,-137.46208466813152,-7.719694612373837,-9.68472967237296,27.697853374046996,-15.969641243428793,53.68,0.037
FS,-1.29,6.02,"Swanson, Erik",657024,ball,L,0,1,-0.51,-0.09,-1.06,2.6,1.5954570672548638,-124.39373202371463,-1.624159153896951,-5.645464609533821,23.459563768851982,-33.0579593362709,53.78,0.017
FS,-1.2,6.15,"Swanson, Erik",657024,called_strike,L,0,0,-0.64,-0.07,-0.91,2.47,2.0011273172700843,-125.1281225453656,-2.35437483205216,-7.103384848504184,24.64454334351014,-32.6825417384498,53.7,-0.024
FS,-1.24,6.09,"Swanson, Erik",657024,hit_into_play,L,1,2,-0.55,0.06,-0.55,2.82,2.7820694854127965,-125.65693822543332,-1.7419331343179518,-6.415970087166524,23.27148714053488,-31.430220601307653,53.75,-0.168
FS,-1.17,6.04,"Swanson, Erik",657024,ball,L,0,2,-0.86,0.1,-1.04,1.83,2.0900448365577824,-125.70394767387312,-4.065448607952026,-9.530405254426352,24.173501314568544,-30.50299541639172,53.7,0.019
FF,-0.97,6.21,"Swanson, Erik",657024,swinging_strike,L,0,1,-0.79,1.09,-0.09,3.31,4.078642358357002,-137.7792818376683,-4.383374389185404,-10.981796159741911,30.745669614545037,-17.48967632045665,53.81,-0.047
FF,-1.14,6.31,"Swanson, Erik",657024,foul,L,0,0,-0.69,1.29,-0.72,2.97,2.620298126287232,-136.072061414537,-5.753663864718519,-9.165017347596777,29.62838957441601,-15.082466535363409,53.8,-0.032
SL,-1.13,5.91,"Swanson, Erik",657024,hit_into_play,R,3,2,0.36,0.23,-0.13,1.69,1.6773679911071715,-125.20067816712933,-4.3473236325171385,3.4833438790240003,23.012640013445598,-29.10022168879466,53.56,-0.443
SL,-1.18,5.95,"Swanson, Erik",657024,foul,R,3,2,0.35,0.13,0.84,1.1,4.21319863367026,-127.18090233973064,-5.928197559378766,3.078935782419756,23.5188098357223,-29.84082952717534,53.5,0.0
FF,-0.69,6.22,"Swanson, Erik",657024,ball,R,2,2,-0.71,1.55,1.36,3.73,7.072034807311296,-138.62802258353707,-4.464633265315278,-10.732928956075211,29.94828348229975,-11.305057021099175,53.54,0.115
SL,-1.12,5.94,"Swanson, Erik",657024,called_strike,R,2,1,0.53,0.14,0.39,2.06,2.563276119028147,-126.0819881618665,-3.413778883084997,5.183671472919329,23.86848234379051,-30.274061637021283,53.57,-0.162
SL,-1.02,6.01,"Swanson, Erik",657024,ball,R,1,1,0.44,0.22,0.97,1.48,3.942181506738846,-127.68705877323367,-5.402140887891015,4.12504369382811,24.06233239475584,-28.87618314684621,53.49,0.058
FF,-0.71,6.21,"Swanson, Erik",657024,foul,R,1,0,-0.79,1.56,-0.44,3.0,2.519218536918604,-138.4856328741367,-6.342796426204979,-10.708194605560529,30.85464886379806,-10.85186330059011,53.57,-0.058
SL,-1.16,6.01,"Swanson, Erik",657024,ball,R,0,0,0.35,-0.12,-1.41,4.7,-1.2925964435403858,-123.74086407471596,3.454664429562977,3.884916497234624,21.70764622384579,-34.256861118245006,53.75,0.042
FF,-0.87,6.14,"Swanson, Erik",657024,hit_into_play,L,1,2,-0.72,1.4,-0.18,2.9,3.469724041082846,-139.26481106364074,-6.226288809385798,-10.133512676373934,27.50640159167091,-12.77191438764004,53.59,-0.358
FS,-1.33,5.95,"Swanson, Erik",657024,foul,L,1,1,-0.76,0.22,-1.12,2.79,2.0164155910913464,-122.2318866658978,-1.4220846859354694,-8.039440251635336,21.49121166691386,-29.90271159925772,53.55,-0.065
FF,-1.01,6.21,"Swanson, Erik",657024,ball,L,0,1,-0.74,1.37,0.57,3.52,5.930534746507907,-140.04273599327954,-4.755166428826733,-10.969492373235418,28.03790074877329,-13.252103904934778,53.65,0.028
FF,-1.04,6.26,"Swanson, Erik",657024,foul,L,0,0,-0.87,1.43,-0.37,3.38,3.696356983712872,-137.19787975175072,-5.007336467233661,-11.773631450395692,29.86560988177635,-13.16531273312934,53.69,-0.083
FS,-1.05,6.14,"Swanson, Erik",657024,ball,R,3,2,-0.65,0.31,-1.57,4.29,0.0783429537907106,-122.1840035077058,1.5148256240694808,-6.526692811655503,23.319240202653425,-29.537971397128008,53.64,0.313
FF,-0.91,6.17,"Swanson, Erik",657024,ball,R,2,2,-0.68,1.3,1.34,2.68,7.535855916028905,-138.43419015881315,-6.531707562015983,-10.399259935246866,29.309553079759755,-14.124045154851649,53.57,0.097
FF,-0.85,6.23,"Swanson, Erik",657024,ball,R,1,2,-0.96,1.5,0.16,4.03,4.873303227718842,-138.35960771147197,-3.516265243878542,-13.455235158179988,30.76515305580817,-12.333337376054544,53.56,0.054
SL,-1.23,5.95,"Swanson, Erik",657024,swinging_strike,R,1,1,0.45,-0.62,-0.23,3.71,1.4368697093139813,-121.08988082281594,2.530392339159796,4.159258584839558,22.240228856405867,-38.9219681825452,53.7,-0.07
FS,-1.4,6.05,"Swanson, Erik",657024,ball,R,0,1,-0.7,0.31,-1.38,2.23,1.4693261755816436,-123.40986463013554,-3.261899183427306,-7.500003266255157,24.09812960999337,-28.56578075824229,53.58,0.031
SL,-1.3,6.04,"Swanson, Erik",657024,called_strike,R,0,0,0.5,-0.12,0.06,3.2,2.2253473006941644,-124.61928280009448,-0.2538271773184822,4.840341770603919,22.020510705147228,-33.53778453341943,53.68,-0.042
FS,-1.12,6.01,"Swanson, Erik",657024,hit_into_play,L,2,2,-0.51,0.74,0.04,2.26,3.8478929719746833,-126.52143275584427,-4.391849066741475,-6.203166370213251,24.51704748043092,-23.583689144720083,53.71,0.287
FF,-0.83,6.23,"Swanson, Erik",657024,called_strike,L,2,1,-0.76,1.58,0.74,2.31,5.87826014584824,-138.0074558952457,-8.237657645898237,-10.994018919523814,28.9231323220509,-10.282884650440996,53.58,-0.051
FF,-1.15,6.29,"Swanson, Erik",657024,ball,L,1,1,-0.78,1.67,-0.22,4.0,4.248340680051346,-139.77812614544032,-4.263233708316406,-11.138272041665145,30.35687919002309,-9.55218420241185,53.86,0.037
FF,-1.18,6.21,"Swanson, Erik",657024,swinging_strike,L,1,0,-0.82,1.56,-0.57,3.06,3.4531178543565364,-138.25031535476174,-6.1141983152012,-11.346291588723629,31.120826089953287,-11.023256406587295,53.87,-0.031
FS,-1.33,6.15,"Swanson, Erik",657024,ball,L,0,0,-0.64,0.22,0.36,1.21,5.395128867584498,-125.5304193048813,-6.042955493380992,-7.841645180051,23.918058568142357,-28.84753760182193,53.63,0.024
SL,-1.28,6.09,"Swanson, Erik",657024,hit_into_play,R,1,2,0.26,-0.38,-0.01,2.4,2.469270422021086,-123.50393623806237,-1.595908267781723,2.247046106145593,21.790310754107747,-36.04558218139645,53.68,-0.168
FS,-1.25,6.16,"Swanson, Erik",657024,ball,R,0,2,-0.69,0.23,-0.45,0.61,3.2906758377409986,-124.1166911132617,-7.349342312721155,-7.764801779701074,22.55080615566894,-28.599299984389734,53.64,0.019
FF,-1.03,6.27,"Swanson, Erik",657024,called_strike,R,0,1,-1.03,1.11,0.31,3.13,5.838285389025062,-137.61399333102287,-5.063914712963234,-14.357274091516375,28.135196824082467,-17.108152152918052,53.75,-0.047
SL,-1.42,6.14,"Swanson, Erik",657024,foul,R,0,0,0.49,0.01,0.04,3.05,2.4819053918666216,-124.27853343708612,-1.067181954655232,4.669956412565381,22.61028673564702,-32.06065019256047,53.79,-0.032
FF,-0.96,6.09,"Swanson, Erik",657024,hit_into_play,R,0,0,-0.48,1.52,0.79,2.49,5.566120882977293,-134.5517913961261,-6.788463368591258,-6.965293739037611,28.108940725842054,-12.357564040027745,53.53,-0.765
FF,-0.81,6.25,"Swanson, Erik",657024,ball,L,3,1,-0.53,1.45,-0.36,3.58,2.348808251722249,-134.4256726189212,-4.231908764309631,-6.969209711214391,26.43581632486429,-13.81631029864413,53.68,0.12
FF,-0.83,6.09,"Swanson, Erik",657024,called_strike,L,3,0,-0.58,1.43,0.53,2.96,4.820525443229975,-135.3677063380292,-5.483275755952716,-8.153100645861436,27.61193402363506,-13.584830253315538,53.59,-0.078
FF,-1.04,6.21,"Swanson, Erik",657024,ball,L,2,0,-0.73,1.42,-0.05,3.64,4.139426881909474,-133.87373164349444,-3.7792610193403258,-9.72345616359841,29.27850583561396,-14.528666778960732,53.72,0.155
FF,-0.95,6.25,"Swanson, Erik",657024,ball,L,1,0,-0.7,1.43,-1.43,3.96,0.3084821993454803,-134.31239572010935,-3.1425195466978733,-8.489353181110252,29.490915790346826,-14.405140019627598,53.7,-0.017
FF,-1.2,6.23,"Swanson, Erik",657024,ball,L,0,0,-0.74,1.28,-1.18,4.0,1.7146006315461864,-136.10761745268323,-2.851979185098804,-9.643360280540392,28.61082108143729,-15.809950431887769,53.84,0.047
SL,-1.29,5.96,"Swanson, Erik",657024,hit_into_play,R,1,0,0.3,0.07,0.3,2.91,3.1799558218347865,-125.40281253670796,-1.2351715554710776,2.6448287826237267,22.92308840711963,-31.363767540875976,53.64,0.716
FS,-0.97,6.08,"Swanson, Erik",657024,ball,R,0,0,-0.64,0.42,-0.41,4.16,2.599936433149604,-122.0629355199897,1.0842878702566785,-6.928918594934056,21.25530603659273,-28.3609355861323,53.66,0.027
FF,-0.77,6.15,"Swanson, Erik",657024,hit_into_play,R,3,2,-0.95,1.41,-0.38,2.48,3.1248607738728325,-135.09329040604985,-6.767976321751215,-12.253961190220233,30.89462692088272,-13.638187605429891,53.47,0.098
FF,-0.81,6.01,"Swanson, Erik",657024,ball,R,2,2,-1.0,1.45,0.1,0.96,4.664974223455368,-137.22480658514212,-10.85605477856802,-13.686403156046223,28.11032944236768,-11.62880942300672,53.46,0.043
FS,-1.0,5.98,"Swanson, Erik",657024,ball,R,1,2,-0.83,0.28,0.81,0.24,5.995515934246378,-124.22998288828737,-7.947324315478152,-9.687692099089109,22.27513580535004,-28.02009458885638,53.42,0.018
FS,-1.13,5.96,"Swanson, Erik",657024,ball,R,0,2,-0.86,-0.02,1.15,1.13,7.232277460610341,-125.43130721696367,-5.331947577223786,-10.472464703273785,21.6151869795849,-31.618072989748203,53.63,0.009
FS,-1.07,6.03,"Swanson, Erik",657024,foul,R,0,1,-0.83,0.38,0.06,1.8,4.427435876518961,-125.71248235712542,-4.680689524905598,-9.65740998230269,24.887127378312982,-27.437304829022285,53.64,-0.024
FF,-0.71,6.27,"Swanson, Erik",657024,swinging_strike,R,0,0,-0.6,1.5,-0.23,3.72,2.638062606562909,-138.8454578386974,-4.523326015836259,-8.341621153234225,29.730191013032325,-11.995770128587642,53.64,-0.015
FF,-0.66,6.16,"Swanson, Erik",657024,hit_into_play,R,1,1,-0.69,1.35,-0.17,3.71,2.88067479772364,-138.11406733253835,-3.849423829630152,-9.458262012649078,30.08591650791523,-14.169794642175338,53.6,1.003
FF,-0.72,6.16,"Swanson, Erik",657024,called_strike,R,1,0,-0.76,1.41,-0.39,1.9,2.5909585184479336,-137.62998627120123,-8.737716058081277,-10.216194113027882,28.05025947033205,-12.551453358438096,53.47,-0.019
SL,-1.16,5.97,"Swanson, Erik",657024,ball,R,0,0,0.48,-0.02,0.64,0.88,3.3923507448363464,-127.83489428004503,-6.336409067690079,4.824780962078495,21.37257933227801,-31.44799738701533,53.63,0.016
FF,-0.78,6.19,"Swanson, Erik",657024,hit_into_play,L,3,1,-0.87,1.18,-0.43,2.85,2.944248513774156,-139.90169652742298,-6.0548966267829964,-12.140403057178473,27.0125776544852,-15.501748718229043,53.68,-0.271
FF,-0.95,6.14,"Swanson, Erik",657024,ball,L,2,1,-0.86,1.42,-0.54,1.02,3.047618315297981,-138.53913682274126,-11.151750027777023,-11.824798748308904,29.5087904744862,-11.574122679098178,53.56,0.077
FF,-0.85,6.19,"Swanson, Erik",657024,called_strike,L,2,0,-0.86,1.32,-0.75,2.45,2.2492820749567146,-138.74187877303888,-7.248543932838039,-11.66020935512837,30.463915934848583,-13.712983710527716,53.59,-0.039
FS,-1.34,6.08,"Swanson, Erik",657024,ball,L,1,0,-0.9,0.24,-1.08,1.76,2.456756699010806,-125.10241794628972,-4.567870263563854,-9.945858109536118,22.96055694427718,-29.02236005625723,53.71,0.045
FS,-1.05,6.07,"Swanson, Erik",657024,ball,L,0,0,-0.76,0.5,-0.14,1.11,3.760847754405098,-125.75077975557774,-6.750067710647948,-8.77432627173737,23.388751017885404,-25.801123408943127,53.57,0.024
FS,-1.14,6.09,"Swanson, Erik",657024,swinging_strike,L,0,2,-1.17,0.39,-1.31,1.53,2.0273003389082964,-126.67136985010823,-5.667601925499707,-13.009372391980158,24.2671220244081,-27.029120261985668,53.73,-0.149
FF,-1.0,6.29,"Swanson, Erik",657024,swinging_strike,L,0,1,-0.87,1.37,-0.59,3.03,3.0840164465880626,-138.86762805709745,-6.118531748027835,-11.953375689052532,30.330832583207343,-13.231555687816732,53.73,-0.047
FF,-0.96,6.34,"Swanson, Erik",657024,called_strike,L,0,0,-0.69,1.34,-0.51,3.07,2.7676723483745653,-138.14182194357548,-5.985612002694312,-9.47397940774482,29.046961354342248,-13.902853216903493,53.63,-0.032
FF,-0.71,6.02,"Swanson, Erik",657024,hit_into_play,L,1,2,-0.89,1.64,-0.37,3.55,2.928813347655213,-138.82414149151268,-4.572645032887472,-12.202450242783556,31.34630672385433,-10.166335998850164,53.81,-0.169
FF,-0.63,6.06,"Swanson, Erik",657024,foul,L,1,2,-0.77,1.49,0.08,3.62,3.641627318961756,-139.18962041630775,-4.199579907396145,-10.797721225950845,32.68069511633233,-12.147804025941324,53.65,0.0
FS,-0.99,5.93,"Swanson, Erik",657024,foul,L,1,1,-0.95,-0.02,-0.89,2.64,2.1518426397326187,-121.85500219229586,-1.093286559787003,-9.908271611294818,25.79071272409784,-32.35996316269994,53.48,-0.048
FF,-0.82,6.06,"Swanson, Erik",657024,ball,L,0,1,-0.81,1.59,-0.07,4.4,3.81529177159292,-138.3706764798197,-2.2635098324180136,-11.30312289156988,32.053735254655614,-11.471905256654852,53.9,0.03
FF,-0.83,5.95,"Swanson, Erik",657024,foul,L,0,0,-0.95,1.5,-0.15,3.4,3.952870510654979,-139.123274744149,-4.481569063875212,-13.202703764531526,32.336205046023785,-11.960982213096315,53.74,-0.042
FS,-0.83,5.95,"Swanson, Erik",657024,hit_into_play,L,0,2,-1.04,0.57,-1.1,2.21,1.5226107453312323,-126.04655131072684,-3.9121481873858657,-11.420309676901589,25.81250460529713,-25.50774149260041,53.58,-0.268
FF,-0.82,6.08,"Swanson, Erik",657024,foul,L,0,2,-0.76,1.49,-0.53,3.56,2.4951198804563868,-138.6132317597355,-4.368691590494098,-10.379735164134576,31.72324524283241,-12.195107086640803,53.66,0.0
FF,-0.71,6.14,"Swanson, Erik",657024,foul,L,0,1,-0.94,1.55,0.15,2.49,4.366806503135088,-137.78149762461507,-7.354818216699801,-12.938366719430595,32.01715891632904,-10.991357456493716,53.67,-0.059
FF,-0.83,6.04,"Swanson, Erik",657024,foul,L,0,0,-0.74,1.72,0.09,2.76,4.115509188583254,-138.149402001868,-6.845354880303601,-10.401085849580785,31.20774943513176,-8.760050345760334,53.65,-0.042
FF,-0.66,6.11,"Swanson, Erik",657024,swinging_strike,R,2,2,-0.72,1.61,0.66,3.22,5.160375341025947,-138.44090559669738,-5.5915841171298855,-10.458966766817948,30.499199536175368,-10.461338727943222,53.59,-0.36
FS,-0.99,6.04,"Swanson, Erik",657024,ball,R,1,2,-0.84,0.14,-0.73,3.78,2.306165851678047,-123.59693692821796,0.7128181980207078,-9.132880760852384,21.65619396554564,-31.055771305415885,53.68,0.077
FF,-0.89,6.06,"Swanson, Erik",657024,foul,R,1,1,-0.86,1.47,-0.51,2.39,2.9686397074358624,-138.27260069939874,-7.332048268284733,-11.724354711499718,30.644863563422422,-11.88828925928258,53.54,-0.078
SL,-0.98,5.82,"Swanson, Erik",657024,blocked_ball,R,0,1,0.43,0.03,2.1,0.11,6.593974232746658,-126.45614581264036,-7.691157652104303,3.247675370046992,25.48233101347478,-30.43470321863964,53.4,0.057
FF,-0.71,6.07,"Swanson, Erik",657024,foul,R,0,0,-0.76,1.51,1.02,2.21,6.246858534735731,-137.1450389245103,-7.704128772684185,-11.056219461004982,34.80029283792714,-11.56212883380877,53.63,-0.064
FF,-0.68,6.05,"Swanson, Erik",657024,ball,L,3,2,-0.72,1.58,0.96,2.01,6.052098237656647,-140.01104234915624,-8.78481299816659,-10.943263001347296,34.63462359004015,-9.574921509677978,53.59,0.343
FF,-0.69,6.12,"Swanson, Erik",657024,foul,L,3,1,-0.55,1.63,0.0,3.16,3.0460247451600635,-136.82794736077938,-5.648189150053232,-7.602195665356788,29.207505848544283,-10.673225895388798,53.71,-0.078
FS,-0.99,6.01,"Swanson, Erik",657024,ball,L,2,1,-0.99,0.53,-1.79,1.51,0.0813120844042027,-124.6085246672346,-5.475303794819832,-10.298125922507383,24.44556555213945,-25.81236205418569,53.69,0.108
FS,-1.16,5.88,"Swanson, Erik",657024,ball,L,1,1,-0.91,0.58,-0.49,0.92,3.461074543970084,-124.84635123480136,-6.742628486943636,-10.21825645816048,24.768737117912824,-24.96777657231999,53.56,0.05
FF,-0.83,6.15,"Swanson, Erik",657024,ball,L,0,1,-0.66,1.61,1.73,2.89,8.425323338358654,-140.25807998252577,-6.860427521105098,-10.620366992331146,31.03322569479903,-9.536490324861065,53.5,0.021
FF,-0.8,6.14,"Swanson, Erik",657024,called_strike,L,0,0,-0.5,1.62,0.4,1.96,4.298473516835625,-137.35197043357834,-8.917093094539585,-7.279267843491968,30.21471102356918,-9.84021191523163,53.54,-0.032
FF,-1.0,6.14,"Swanson, Erik",657024,hit_into_play,R,0,2,-0.8,1.46,0.33,3.04,5.42730522960415,-140.5653389790041,-6.093237014572549,-11.853292414515064,31.41661981688399,-11.5664843312193,53.74,-0.061
SL,-1.37,5.95,"Swanson, Erik",657024,foul,R,0,1,0.81,0.06,-0.26,2.22,0.9913942311903224,-123.71736975767676,-2.6310241365313045,8.249349816498414,21.694269785249123,-31.30817855836381,53.88,-0.024
SL,-1.29,5.95,"Swanson, Erik",657024,called_strike,R,0,0,0.55,0.21,0.37,2.74,2.8698953693571854,-126.27249363857024,-2.0017874371560715,5.37584568411056,22.715925985055765,-29.697483960706585,53.96,-0.015
SL,-1.29,5.98,"Swanson, Erik",657024,hit_into_play,R,0,0,0.35,0.89,0.62,2.71,3.871320535078093,-126.10718992450911,-3.53004554533692,3.116841051436572,22.84667072151429,-22.126613294860945,53.81,-0.163
FS,-1.24,6.1,"Swanson, Erik",657024,hit_into_play,L,1,1,-0.7,0.01,-0.02,2.21,4.2914239066446775,-123.92944472992444,-2.911578309591716,-8.04094050716087,22.22690670028814,-31.75535326753612,53.84,-0.216
FS,-1.2,6.08,"Swanson, Erik",657024,ball,L,0,1,-1.13,0.52,0.6,0.29,6.511479561904597,-123.44164590592467,-8.350305001297524,-12.86605047167561,23.632980592630403,-25.36107810754652,53.87,0.021
FF,-1.26,6.2,"Swanson, Erik",657024,called_strike,L,0,0,-1.18,1.4,-0.44,2.41,4.7522837441488965,-136.27856903762446,-7.189632768189524,-15.73132561703703,29.959572910795245,-13.313004437347622,53.82,-0.032
FS,-0.99,6.26,"Swanson, Erik",657024,hit_into_play,L,2,1,-1.19,0.05,-1.09,2.19,2.158653434499408,-122.5783682247244,-3.1694948649146983,-12.407632484070508,24.913338242284517,-31.280610593215023,53.71,0.236
FF,-0.8,6.35,"Swanson, Erik",657024,foul,L,2,0,-0.67,1.59,0.17,2.92,3.983880407193828,-136.58212359042443,-6.659988886088257,-9.23961336940916,32.085523672487,-10.981325187159555,53.91,-0.039
FS,-0.99,6.28,"Swanson, Erik",657024,ball,L,1,0,-1.13,0.23,-1.2,3.69,1.7568481754866898,-122.17431450949545,-0.0285253545469394,-11.660389511445125,24.79672850615143,-30.04816908092604,53.84,0.045
FF,-0.68,6.52,"Swanson, Erik",657024,ball,L,0,0,-0.71,1.54,-0.06,4.38,3.1928832307776704,-135.83328661753018,-3.127571777854671,-9.52514017420301,30.910040648953977,-12.715884796021644,53.9,0.024
FF,-0.65,6.46,"Swanson, Erik",657024,hit_into_play,R,2,0,-0.85,1.47,-0.18,3.34,3.0701798483253797,-135.49424438750404,-5.510231180763761,-11.139915385165091,28.859396946925475,-13.05855215632167,53.96,-0.324
FF,-0.66,6.47,"Swanson, Erik",657024,ball,R,1,0,-0.74,1.51,-0.77,4.32,1.339024471617524,-134.78548934121656,-3.0174412481096,-9.329840405477094,28.27035877837952,-13.33386891820891,53.89,0.064
SL,-1.07,6.3,"Swanson, Erik",657024,ball,R,0,0,0.66,0.29,-0.06,3.76,1.0601977948976806,-123.16380341402348,-0.2275815745576797,6.545278126460111,21.540923427393302,-29.328914068547608,53.83,0.032
FS,-1.03,6.32,"Swanson, Erik",657024,hit_into_play,L,0,1,-0.85,0.13,-0.01,3.01,4.093815020426426,-123.3119022139292,-1.6889922352900923,-9.508748333747802,22.427159317987883,-30.76762223987643,54.1,1.032
FF,-0.74,6.39,"Swanson, Erik",657024,foul,L,0,0,-0.88,1.52,0.86,2.6,6.138846381709899,-137.0066880101219,-7.557829579467494,-12.497453923280224,29.939028678472777,-11.564850617575182,53.85,-0.032
FS,-0.79,6.02,"Swanson, Erik",657024,hit_into_play,L,3,2,-0.96,0.34,-0.55,3.17,2.448256533870717,-122.1157350125582,-0.9142111105230372,-10.071069687711612,22.10672357864591,-28.81700240084531,53.94,-0.131
FF,-0.53,6.09,"Swanson, Erik",657024,foul,L,3,2,-0.78,1.37,-0.06,1.68,2.943670379298855,-135.63044333702615,-8.678344280749938,-10.23192403031111,26.52200907000253,-13.664841940329808,53.84,0.0
FF,-0.65,6.17,"Swanson, Erik",657024,foul,L,3,2,-0.93,1.47,-0.95,3.43,1.3094400900167305,-135.852779172438,-4.516704368913956,-11.817987492721,31.268008085278996,-13.187947198971427,54.02,0.0
FS,-1.01,5.98,"Swanson, Erik",657024,ball,L,2,2,-0.71,0.22,-0.98,4.16,1.472071986103964,-122.06547770504956,1.6961865986026918,-7.388124109934579,20.721502106955423,-30.396149779627173,53.76,0.043
FS,-1.0,5.94,"Swanson, Erik",657024,ball,L,1,2,-0.81,0.04,-1.81,2.76,-0.2628240908963606,-123.42213685391364,-1.2128410627725432,-8.299540944040055,23.57408066280706,-31.74282175398664,53.98,0.018
FF,-0.65,6.15,"Swanson, Erik",657024,foul,L,1,1,-0.89,1.41,-0.42,3.77,2.581106806868932,-136.25012158627345,-3.564029973583897,-11.710871212207604,28.37720126490404,-14.015325917683665,54.05,-0.026
FS,-1.02,5.95,"Swanson, Erik",657024,ball,L,0,1,-0.83,0.26,-1.24,2.35,1.1568359812565463,-124.17525335967906,-2.7187873959517552,-8.882287335889325,23.92501495441976,-29.185209338711065,53.92,0.011
FS,-0.96,6.02,"Swanson, Erik",657024,foul,L,0,0,-1.15,0.37,-0.32,2.42,3.758636555082584,-121.71226489822143,-2.7171522894053264,-12.159528467437276,20.501999142470893,-28.16480315985643,54.03,-0.015
FS,-0.81,5.99,"Swanson, Erik",657024,swinging_strike,R,3,2,-0.7,0.38,-0.2,1.71,2.8211928619955784,-122.15656734282896,-4.36592672842313,-7.576185429171803,21.051014876927013,-27.75040495256328,53.77,-0.211
FS,-0.87,6.06,"Swanson, Erik",657024,ball,R,2,2,-1.13,0.31,-1.13,3.6,1.6741620397445791,-124.80326198299817,-0.2294699288758814,-12.223548520933454,22.24649278179576,-29.082808619292045,54.19,0.069
FF,-0.57,6.21,"Swanson, Erik",657024,foul,R,2,2,-0.99,1.55,0.12,3.73,4.055411261424207,-137.92561136056378,-4.26168408434846,-13.5145529941129,31.93602051436824,-11.722108197819557,53.89,0.0
FS,-0.79,6.02,"Swanson, Erik",657024,foul,R,2,2,-1.23,0.26,-0.26,1.11,3.748480047963688,-124.31050584332306,-5.799546973900433,-13.514490029320648,26.01275080912401,-28.50289307286038,53.81,0.0
FF,-0.41,6.25,"Swanson, Erik",657024,ball,R,1,2,-0.84,1.48,0.02,4.24,2.982881114346242,-137.18798615990738,-2.7864808838973447,-11.26078306248862,32.226148330342504,-13.148131851725946,54.06,0.026
FF,-0.63,6.15,"Swanson, Erik",657024,foul,R,1,1,-1.13,1.56,0.01,2.9,4.180104398530391,-137.04932671311468,-6.205057738712125,-15.151953046480685,30.76570268157039,-11.390698916582656,54.02,-0.04
SL,-1.14,5.93,"Swanson, Erik",657024,swinging_strike,R,1,0,0.71,0.11,-0.62,2.82,-0.1974945685505193,-120.90580283035952,-0.9501211649331802,7.057397790179005,20.665168634096872,-31.105764640682697,54.03,-0.031
FF,-0.55,6.27,"Swanson, Erik",657024,ball,R,0,0,-1.12,1.38,-0.61,5.34,2.318432187796416,-135.22995392798947,0.3380505257803047,-14.288067782490735,27.385479802689044,-15.424364264770748,54.17,0.024
FS,-1.02,6.08,"Swanson, Erik",657024,hit_into_play,R,1,2,-0.7,0.33,0.2,1.78,4.291296349101782,-123.47594467307874,-4.428901540959938,-8.011327965719573,24.93352814761474,-28.067296007396784,53.75,-0.168
FS,-0.85,6.17,"Swanson, Erik",657024,foul,R,1,1,-1.19,0.52,-0.12,1.47,4.114075858820909,-122.393086665339,-5.516650414313346,-12.803509939560396,27.014438456622592,-26.015745548981226,53.68,-0.049
FF,-0.65,6.31,"Swanson, Erik",657024,called_strike,R,1,0,-0.57,1.58,0.66,1.67,4.558845597710605,-134.15013436757883,-9.352073613769102,-7.915844441784395,33.17427009507468,-11.160061793802283,54.06,-0.044
SL,-1.24,6.14,"Swanson, Erik",657024,ball,R,0,0,0.57,-0.03,-0.95,3.35,-0.4389286115161962,-119.37790201401414,0.2714192521411696,5.54229957981736,21.79087182278464,-32.747211446266135,54.15,0.032
FF,-0.7,6.08,"Swanson, Erik",657024,hit_into_play,R,0,2,-0.76,1.3,0.26,2.88,4.231213526294603,-137.60421741180969,-5.649764666287687,-10.629246147924697,28.65092882934764,-14.526846611461778,53.72,-0.307
FS,-1.1,5.93,"Swanson, Erik",657024,foul,R,0,1,-1.14,0.44,-0.55,2.07,3.639235385049397,-124.26854755187924,-3.705938032872714,-12.587928525242472,24.998752033131588,-27.07422472792631,53.57,-0.068
SL,-1.18,5.84,"Swanson, Erik",657024,called_strike,R,0,0,0.78,-0.01,0.85,1.7,3.2340184361204445,-124.47734815460748,-3.5404042037811774,7.565770595854973,22.86068581090021,-31.77232167988628,53.72,-0.073
FS,-1.11,5.9,"Swanson, Erik",657024,hit_into_play,L,2,2,-0.84,0.22,-0.43,1.75,3.320022598459516,-124.14799022359296,-3.960854129919833,-9.369151491617188,23.71876162023326,-29.33429496992439,53.53,0.333
FS,-1.29,5.93,"Swanson, Erik",657024,ball,L,1,2,-0.85,0.14,-2.08,3.74,-0.1554361398565802,-122.75275597787554,0.9550455482587514,-8.650686048125582,22.45861582797581,-31.10601903795608,53.79,0.03
FF,-0.75,6.05,"Swanson, Erik",657024,foul,L,1,2,-0.94,1.46,0.1,2.9,4.3822721104754105,-138.8629707770094,-5.973081827714721,-13.142984071456436,32.58924098428523,-12.107446648297357,53.73,0.0
FF,-0.82,6.05,"Swanson, Erik",657024,swinging_strike,L,1,1,-1.04,1.44,0.11,2.35,4.806338585807694,-137.95198624006838,-7.263094481404042,-14.39780719939164,32.2300504249367,-12.398889745230088,53.65,-0.048
FS,-1.2,5.85,"Swanson, Erik",657024,ball,L,0,1,-1.43,0.52,-0.39,0.82,4.869585892115735,-125.3836936929694,-6.793686052690688,-16.019473831095734,26.74105438126137,-25.49601372240874,53.65,0.03
FF,-0.82,6.03,"Swanson, Erik",657024,called_strike,L,0,0,-0.81,1.52,0.19,1.72,4.437908384079642,-136.41863445607314,-8.866743225378487,-11.064170134891228,29.84034600080236,-11.431236048975292,53.67,-0.042
FF,-0.88,6.09,"Swanson, Erik",657024,ball,R,3,0,-0.75,1.46,-1.47,3.58,0.1547923597867244,-134.8553983984041,-3.8013389809227474,-9.193791715634852,31.283308905192097,-13.73366580648158,53.85,0.042
FF,-0.76,6.03,"Swanson, Erik",657024,ball,R,2,0,-0.9,1.33,0.0,1.22,4.018191427969187,-136.9175965902565,-9.833898608110031,-12.249555048235788,30.90476743660972,-13.410200159242835,53.65,0.046
SL,-1.3,5.83,"Swanson, Erik",657024,ball,R,1,0,0.69,0.09,2.05,1.12,6.568632471375674,-124.68344295901387,-5.159379306861157,6.09564681747808,21.72977166879595,-30.464418756340805,53.81,0.026
SL,-1.11,5.88,"Swanson, Erik",657024,ball,R,0,0,0.55,0.43,2.23,0.27,6.899356974124306,-125.8599638136538,-8.183207756145983,4.612076864377143,23.16291385549688,-26.230412592297025,53.74,0.016
FF,-0.71,6.16,"Swanson, Erik",657024,hit_into_play,L,0,0,-0.8,1.33,0.54,2.48,5.028909487260345,-136.20409149747627,-6.708710525746931,-11.124933306239456,30.50675290659159,-14.395145585257785,53.82,-0.163
FF,-0.63,6.23,"Swanson, Erik",657024,hit_into_play,R,1,0,-0.86,1.4,-0.64,2.96,1.8681218384646685,-134.07401439478548,-5.516975630255865,-10.751093733288691,31.293655635046733,-14.314920050193187,53.83,-0.26
FF,-0.62,6.3,"Swanson, Erik",657024,ball,R,0,0,-0.73,1.59,0.2,4.64,3.729185247010912,-134.83146407495514,-1.8612915351923367,-9.710769641380743,32.26128372024674,-12.682453563397464,53.9,0.032
FS,-1.13,5.93,"Swanson, Erik",657024,called_strike,L,0,2,-1.38,0.48,-0.68,1.75,3.962017578545877,-127.460926580484,-4.910413577272399,-15.800723812020683,28.534417932298023,-26.11719140255529,53.75,-0.061
FS,-0.98,5.94,"Swanson, Erik",657024,swinging_strike,L,0,1,-1.38,0.55,-0.78,1.72,3.347268802934941,-125.9409694605623,-4.996289506392786,-15.335810231919035,26.306957196737724,-25.53166280690009,53.67,-0.024
FS,-1.08,6.0,"Swanson, Erik",657024,swinging_strike,L,0,0,-1.08,0.8,-0.32,2.18,4.021714178485778,-125.22233303487324,-4.451225574600215,-12.150860199563317,26.1816394279087,-23.079832860031505,53.69,-0.015
FS,-0.92,6.01,"Swanson, Erik",657024,hit_into_play,R,2,2,-1.01,0.98,0.04,1.97,4.37162279677116,-125.49668454041075,-5.4272185272880265,-11.56698578681126,25.41817686907589,-20.92441334425833,53.62,-0.142
FF,-0.6,6.31,"Swanson, Erik",657024,ball,R,1,2,-0.92,1.38,-1.29,4.81,0.2683074814875877,-137.83310699546746,-1.2857152727449015,-11.74756234871926,32.584631606860604,-14.592503305173986,53.92,0.026
FF,-0.67,6.33,"Swanson, Erik",657024,ball,R,0,2,-0.86,1.37,-0.12,5.44,3.413838368453308,-139.50116869057746,0.1682617474878248,-12.027401626927226,32.93181417404386,-14.595190582943314,53.85,0.013
FS,-1.2,5.91,"Swanson, Erik",657024,swinging_strike,R,0,1,-0.8,0.04,0.32,1.03,5.222190590799814,-123.59296779676832,-5.219640946867509,-9.201006819217035,25.079756061876218,-30.88553971911693,53.67,-0.035
SL,-1.07,6.06,"Swanson, Erik",657024,called_strike,R,0,0,0.47,0.4,0.24,1.9,2.154016841671338,-124.72289041808205,-4.458851489094478,4.596645271414404,22.174507486138435,-27.32646140613324,53.78,-0.024
SL,-1.01,6.01,"Swanson, Erik",657024,called_strike,R,0,2,0.7,-0.09,0.57,2.98,2.2673638497090947,-120.24615586591032,-0.208310222861821,6.328392361339654,23.40005697412964,-33.246233172116824,53.68,-0.149
FS,-1.1,6.17,"Swanson, Erik",657024,foul,R,0,1,-1.17,0.37,-1.09,2.45,2.386519485763586,-123.1347889020697,-3.0830147442045206,-12.392639432551686,24.248885206004807,-28.01706605017783,53.72,-0.047
FF,-0.67,6.34,"Swanson, Erik",657024,called_strike,R,0,0,-0.69,1.41,0.57,2.35,4.78546082076339,-136.26789242626904,-7.68421099669948,-9.740790461800165,32.135849224110785,-13.127401199463288,53.74,-0.032
FF,-0.64,6.07,"Swanson, Erik",657024,hit_into_play,R,2,0,-0.76,1.78,-0.18,2.26,2.8994826714736197,-136.60047378429996,-8.062314759960323,-10.167820568144489,35.441629091855866,-8.334031661737903,53.67,-0.3
SL,-1.23,5.76,"Swanson, Erik",657024,ball,R,1,0,0.68,0.44,0.63,0.91,3.0835185253981927,-126.03380204115976,-6.343655684671605,6.593479259584474,25.301641839753263,-26.41332951960632,53.65,0.044
SL,-1.03,5.85,"Swanson, Erik",657024,ball,R,0,0,0.82,0.14,1.24,2.89,3.750078544682576,-125.15276937934998,-1.072419470213671,7.87929564570046,24.64481362852866,-30.73974055424869,53.8,0.027
FF,-0.59,6.07,"Swanson, Erik",657024,hit_into_play,R,3,1,-0.8,1.65,0.09,2.21,3.529155505840642,-135.74365647345186,-7.785695132904124,-10.622383504558696,33.791967807543045,-10.29639142437076,53.72,-0.471
FF,-0.73,6.04,"Swanson, Erik",657024,ball,R,2,1,-0.69,1.53,-0.49,4.06,2.17284309031755,-135.1713862040282,-2.5713592927463047,-8.961468174815831,34.057005783285554,-13.19446569134877,53.6,0.127
FF,-0.6,6.07,"Swanson, Erik",657024,called_strike,R,2,0,-0.65,1.62,-0.21,1.92,2.4558443860913908,-135.2041708648921,-8.432988352946072,-8.51059388395953,32.52678283411022,-10.704361855063496,53.57,-0.064
FF,-0.7,6.09,"Swanson, Erik",657024,ball,R,1,0,-0.79,1.74,-0.86,3.85,1.3291669584472938,-134.53744262386263,-3.6456053664413575,-9.80087968752018,34.1501307419846,-10.586253914713172,53.66,0.066
SL,-1.04,5.81,"Swanson, Erik",657024,ball,R,0,0,0.86,-0.04,1.53,1.57,4.392184946738678,-124.64256437135126,-3.6992231733964713,8.146072225142872,24.203766622543213,-32.12124379103468,53.65,0.044
FF,-0.59,6.12,"Swanson, Erik",657024,hit_into_play,L,3,1,-0.91,1.46,-0.15,2.95,3.150921895355819,-136.79240773296817,-5.739894447019203,-12.050762951943211,32.10493782127429,-12.839626577049334,53.88,0.158
FF,-0.63,6.17,"Swanson, Erik",657024,ball,L,2,1,-0.88,1.33,-0.5,3.85,2.3364069836598107,-139.01438160075608,-3.4348392430563104,-11.876021516757984,35.56990430495134,-14.521943997779909,53.91,0.077
FS,-1.15,5.92,"Swanson, Erik",657024,ball,L,1,1,-0.76,0.13,-0.73,1.38,2.524773818793788,-123.72863836800178,-4.585485438389625,-8.309499380885848,26.30230129294667,-30.043535401661224,53.87,0.037
FF,-0.79,6.2,"Swanson, Erik",657024,ball,L,0,1,-0.78,1.38,0.05,4.39,4.00829252134927,-138.74604464198072,-2.1524677902936675,-11.032795473498878,36.32383018987477,-14.231419289858732,53.79,0.017
FS,-1.07,5.94,"Swanson, Erik",657024,swinging_strike,L,0,0,-1.09,0.27,0.06,2.28,4.906104096084921,-124.251637837425,-2.8348050676882828,-12.326207836890768,26.94941800676727,-28.988576915965364,53.87,-0.024
FF,-0.62,6.25,"Swanson, Erik",657024,foul_tip,R,0,2,-0.96,1.4,0.08,2.17,3.9735885063719367,-137.00471572033916,-8.033672949281238,-12.926776709413414,31.222100083343605,-12.914100261955468,53.78,-0.149
FF,-0.62,6.22,"Swanson, Erik",657024,swinging_strike,R,0,1,-0.84,1.38,0.0,3.65,3.4789689330986184,-136.70871427621566,-3.969810776063777,-11.358848275120112,32.07159757048342,-14.2884584476922,53.88,-0.047
FF,-0.68,6.23,"Swanson, Erik",657024,called_strike,R,0,0,-0.88,1.5,0.64,2.62,5.413148808111945,-136.11148409832643,-6.917089495149505,-12.098754183369948,31.3573386229434,-12.229272199852694,53.62,-0.032
FF,-0.71,6.13,"Swanson, Erik",657024,hit_into_play,R,1,0,-0.84,1.36,-0.82,1.82,1.5956076001477917,-136.7322722875782,-8.510673656980623,-10.877499515344804,31.263707454869905,-13.403104471394316,53.75,-0.256
SL,-1.08,5.84,"Swanson, Erik",657024,ball,R,0,0,0.75,0.09,0.96,1.08,3.403014924321133,-126.86055510025784,-5.527025711691452,7.480713833215435,25.01143957332813,-30.329806425566765,53.56,0.027
FS,-1.04,6.08,"Swanson, Erik",657024,hit_into_play,L,0,1,-1.05,0.87,-0.69,3.14,2.970449925653273,-123.9490057472726,-2.290675735254139,-11.409965402720648,27.0985410591844,-23.02738119497735,53.57,-0.328
FF,-0.73,6.14,"Swanson, Erik",657024,called_strike,L,0,0,-0.99,1.29,-0.54,1.53,2.73516102807109,-138.4741641161052,-9.349264330059803,-13.245374789584956,34.52434263215522,-13.59146645546443,53.78,-0.042
SL,-1.42,5.79,"Swanson, Erik",657024,hit_into_play,R,1,1,0.58,-0.06,0.61,2.73,3.6362531752096094,-124.51181250954728,-0.7792144365031217,5.234369092935212,25.55164961575741,-32.89065385686098,53.8,-0.368
FF,-0.8,6.06,"Swanson, Erik",657024,called_strike,R,1,0,-0.88,1.3,0.57,2.11,5.54514631639974,-136.85148536536357,-7.414899056530355,-12.324301635032764,34.382736327071385,-14.320844464002434,53.8,-0.075
SL,-1.17,5.92,"Swanson, Erik",657024,ball,R,0,0,0.55,0.22,0.25,1.53,2.2524662456400826,-123.18736427603008,-4.354337812194791,5.067307207412768,25.5493275759934,-29.21600826417075,53.64,0.067
FF,-0.57,6.17,"Swanson, Erik",657024,hit_into_play,L,2,0,-0.77,1.28,-0.22,2.24,2.6530730137840397,-136.61918136940182,-7.307302541493716,-10.203779419024366,33.056814231039496,-14.739676082196796,53.67,0.314
FF,-0.7,6.1,"Swanson, Erik",657024,ball,L,1,0,-0.43,1.43,1.32,2.42,6.211939555365089,-136.2243173377899,-6.931218052462673,-6.756591525982257,32.24805647034271,-13.018770532761254,53.77,0.064
FF,-0.6,6.17,"Swanson, Erik",657024,ball,L,0,0,-0.4,1.53,1.09,2.96,5.337518760786805,-137.80273028720896,-6.126272869642813,-6.400079207209784,32.97192033578133,-11.594271627947183,53.78,0.032
FF,-0.88,6.09,"Swanson, Erik",657024,hit_into_play,L,3,1,-1.08,1.35,-0.69,3.2,2.8168338400171176,-133.8961908775342,-4.398068050255361,-13.541396741017664,29.855674617664537,-15.22080197458146,54.11,-0.4
FF,-0.62,6.18,"Swanson, Erik",657024,called_strike,L,3,0,-0.83,1.49,-0.51,3.63,2.084454577058372,-133.00108450980565,-3.803515555497862,-10.36376037261294,27.426246290387414,-13.879137530814038,53.88,-0.035
FF,-0.67,6.15,"Swanson, Erik",657024,ball,L,2,0,-1.03,1.45,-1.53,3.15,0.0544161902212714,-134.01530353179496,-4.95215541959996,-12.409891551618855,28.73214589475604,-13.783707347499751,53.9,0.053
FF,-0.74,6.24,"Swanson, Erik",657024,ball,L,1,0,-0.97,1.45,-1.22,4.61,0.8854192141961096,-134.2131926731666,-1.4653144340024489,-11.852791700729334,29.461298893162567,-14.52255382564448,54.05,0.024
FF,-0.76,6.09,"Swanson, Erik",657024,ball,L,0,0,-1.19,1.43,-0.51,4.49,3.2800908056659,-135.65585990086385,-1.4665508697954597,-15.437581838162892,31.72080072346484,-14.494626621742114,54.09,0.021
FS,-1.18,5.97,"Swanson, Erik",657024,hit_into_play,L,1,1,-1.35,0.4,-0.79,2.05,3.589453113981272,-122.21367358709848,-3.4842390192978465,-14.259064752390785,24.292742619263223,-27.72405275992603,53.84,1.584
FF,-0.64,6.21,"Swanson, Erik",657024,ball,L,0,1,-1.18,1.43,-1.62,4.46,0.0655722652991405,-136.8494741156927,-1.963774991208158,-14.794443290250802,31.73395941999738,-14.032775957742665,53.88,0.056
FF,-0.78,6.17,"Swanson, Erik",657024,called_strike,L,0,0,-0.97,1.5,0.53,3.04,5.566691987739707,-136.87558327546657,-5.726633630693483,-13.487087435509745,30.68453513898797,-12.20024916043768,54.23,-0.081
FS,-0.81,5.99,"Swanson, Erik",657024,ball,R,3,1,-1.19,0.53,-0.19,1.04,3.8480259219810073,-123.50503775557884,-6.372042447440184,-12.957935819238866,23.693728882417734,-25.69328058429286,53.83,0.079
SL,-1.19,5.81,"Swanson, Erik",657024,ball,R,2,1,0.27,0.48,1.72,0.95,6.388974602460929,-125.38390598335346,-6.416419592740195,1.754080401045826,22.35676730997101,-26.03784421366401,53.83,0.062
FS,-1.05,6.0,"Swanson, Erik",657024,blocked_ball,R,1,1,-1.15,0.61,-0.25,0.72,4.177437011868493,-123.30975616730218,-7.284693577334882,-12.554974304243444,22.637541761991407,-24.745525436972144,53.97,0.074
FF,-0.5,6.24,"Swanson, Erik",657024,ball,R,0,1,-0.74,1.47,-0.76,4.33,0.954129238900684,-135.22482582383964,-2.3240843326800333,-9.30580266974035,29.723261061737407,-13.833058437864672,53.98,0.022
FF,-0.5,6.17,"Swanson, Erik",657024,called_strike,R,0,0,-0.69,1.6,0.6,2.97,4.376587302038921,-136.5033306160561,-6.130634362037856,-9.546166486731408,30.203605362809885,-11.00080483937542,53.93,-0.042
FF,-0.63,6.22,"Swanson, Erik",657024,hit_into_play,L,2,2,-0.57,1.61,-0.45,3.51,1.7411033547948067,-136.36525548825588,-4.826357143619861,-7.452514521758243,30.17537512225989,-11.273609735765389,54.03,-0.261
FS,-1.17,5.97,"Swanson, Erik",657024,ball,L,1,2,-1.23,0.54,-1.98,2.36,0.5546623337803052,-122.85162944997144,-3.109110328489617,-12.515621009253566,24.683461089190985,-26.317584210178342,53.98,0.034
FS,-1.14,6.02,"Swanson, Erik",657024,swinging_strike,L,1,1,-1.29,0.45,-1.45,1.76,1.8458372562515803,-123.6461310386888,-4.541743075443833,-13.545138449041586,25.78785079458149,-26.833840295848205,54.0,-0.075
FS,-0.76,6.1,"Swanson, Erik",657024,called_strike,L,1,0,-0.67,-0.05,0.76,2.51,4.911733241310755,-122.85226581719031,-1.920519268647253,-7.729951447028076,23.19671183678545,-32.5575136060168,53.9,-0.062
FF,-0.83,6.16,"Swanson, Erik",657024,ball,L,0,0,-0.62,1.62,-1.42,2.06,-0.1291082394013447,-135.04464565368005,-8.248724032010202,-7.549833201437893,32.209192483348275,-10.708796240377712,53.96,0.044
FF,-0.64,6.23,"Swanson, Erik",657024,hit_into_play,L,3,0,-0.85,1.49,0.01,2.84,3.540253587838156,-134.63164542709148,-6.100362832830957,-11.106419392627505,29.54307613048424,-12.990257925218518,53.9,0.111
FS,-0.96,6.05,"Swanson, Erik",657024,ball,L,2,0,-1.3,0.66,-0.94,2.44,2.6172258912362367,-121.73784710701742,-3.202097637858412,-13.40460938989517,24.330701841065626,-25.18939092730927,53.99,0.086
FS,-0.93,6.09,"Swanson, Erik",657024,ball,L,1,0,-1.33,0.45,-1.07,2.67,2.3139668594964258,-121.60812036842412,-2.334043720700804,-13.64163939052857,24.48839265897145,-27.42205326428818,53.95,0.045
FF,-0.79,6.2,"Swanson, Erik",657024,ball,L,0,0,-0.83,1.44,-1.13,2.98,0.9652294905066672,-135.29744649482404,-5.630895184951437,-10.448216944571575,29.914628107303187,-13.43770175061499,54.21,0.024
FF,-0.61,6.29,"Swanson, Erik",657024,swinging_strike,R,2,2,-0.65,1.52,0.57,2.83,4.486097000315457,-135.49292159706084,-6.507908695389716,-9.021587850641218,27.748196472526235,-12.25144573591151,53.92,-0.204
FF,-0.67,6.2,"Swanson, Erik",657024,foul,R,2,1,-1.13,1.16,-0.07,3.14,4.033755439434142,-135.41582842277973,-4.647674869202965,-14.738840253891604,29.58235185771078,-17.12687587442399,53.99,-0.063
FF,-0.67,6.21,"Swanson, Erik",657024,ball,R,1,1,-1.01,1.2,0.49,1.17,5.175379229672681,-134.46083719904553,-9.676659916513804,-13.349233747044464,30.359225244923405,-15.654610046286592,53.95,0.05
FS,-1.15,6.13,"Swanson, Erik",657024,foul,R,1,0,-0.99,0.36,-0.58,2.07,3.24582157291336,-120.90710787588664,-3.617509886908095,-10.360859624690116,21.019472608075628,-28.163142314127665,54.19,-0.044
FF,-0.61,6.37,"Swanson, Erik",657024,ball,R,0,0,-0.74,1.42,1.26,2.92,6.309294472914494,-133.3038858294755,-5.978275770232131,-10.068633547121848,25.84463190895372,-14.16426914773048,54.16,0.032
FF,-0.43,6.13,"Swanson, Erik",657024,called_strike,L,0,2,-0.98,1.33,0.34,2.11,4.283884236593842,-139.55955276862787,-8.046748877774574,-13.736120306331369,35.79993253866922,-13.076260005276517,53.8,-0.061
FS,-1.01,5.96,"Swanson, Erik",657024,swinging_strike,L,0,1,-0.8,0.35,-0.89,3.33,1.9296089913079295,-125.20050210788352,-0.654044326250908,-8.763640045798269,27.00782202675411,-28.637923257472277,53.64,-0.024
FF,-0.68,6.07,"Swanson, Erik",657024,called_strike,L,0,0,-0.93,1.56,-0.27,2.44,3.2129222664324373,-138.73204516575598,-7.471474774316278,-12.714158115805247,33.87015409030882,-10.572506781052114,53.53,-0.015
FF,-0.62,6.04,"Swanson, Erik",657024,hit_into_play,L,1,1,-0.79,1.47,0.91,2.27,5.881216015578533,-138.67726992006442,-7.605792421361565,-11.620731274635514,34.13240187435675,-11.636875953592652,53.65,-0.156
FS,-0.93,5.87,"Swanson, Erik",657024,swinging_strike,L,1,0,-1.14,0.43,-0.81,1.33,2.608220371948024,-123.66087823541146,-5.187515188438376,-12.185816332612283,26.265219119829432,-26.92925124521573,53.59,-0.031
FS,-1.19,5.85,"Swanson, Erik",657024,ball,L,0,0,-1.08,0.66,-1.17,2.98,2.273075530496312,-124.84249054616724,-1.8518462808720324,-11.729698852878617,25.53620177677981,-25.134177252538908,53.49,0.024
FF,-0.69,6.12,"Swanson, Erik",657024,hit_into_play,R,1,1,-0.81,1.35,0.59,2.9,5.211362729411946,-137.4048266864243,-5.722362389553688,-11.444263627831049,33.6051130395586,-14.033534454983858,53.53,-0.216
SL,-1.22,5.81,"Swanson, Erik",657024,called_strike,R,1,0,0.54,0.51,0.59,2.1,3.2021117996228323,-124.42745873853676,-3.488747113211308,4.936476685751661,26.247675641478637,-26.427706748398126,53.75,-0.044
SL,-0.95,5.92,"Swanson, Erik",657024,ball,R,0,0,0.44,0.4,1.75,3.1,5.567834540707421,-125.57329309936532,-1.289295878586337,3.47002718859796,26.06738968137113,-27.933831899607576,53.79,0.032
FF,-0.51,6.43,"Swanson, Erik",657024,hit_into_play,R,3,1,-0.93,1.52,0.13,3.37,3.7289517660624343,-136.1167070115385,-5.526560410793602,-12.418581279158715,31.33108465702919,-12.312315580382986,53.79,-0.4
FF,-0.47,6.49,"Swanson, Erik",657024,ball,R,2,1,-0.8,1.57,1.23,3.58,6.206396585039551,-136.0672424967229,-5.226383705703916,-11.283627624786694,30.87191766710672,-11.764783308751772,53.76,0.046
FF,-0.41,6.57,"Swanson, Erik",657024,ball,R,1,1,-0.88,1.49,-0.22,3.93,2.4247978811339634,-135.31209946534932,-4.259985411041042,-11.37736995009115,30.554726093441516,-13.11110810000861,53.9,0.044
FF,-0.56,6.45,"Swanson, Erik",657024,foul,R,1,0,-1.0,1.47,0.22,2.59,4.197152655261191,-135.2401507687273,-7.338666307834023,-13.128725482362794,31.40082770184722,-12.700800045251832,53.83,-0.049
FF,-0.65,6.55,"Swanson, Erik",657024,ball,R,0,0,-0.86,1.49,0.23,4.0,4.150402637435171,-134.95866351293424,-3.988161762414741,-11.383902747033895,31.488342644308748,-13.2959585736401,53.88,0.021
FF,-0.76,6.25,"Swanson, Erik",657024,hit_into_play,R,1,0,-1.02,1.46,-1.01,2.82,1.6249465307001445,-134.96926680318816,-6.181306348019676,-12.780016736610982,31.242521686867487,-13.170766363792126,53.85,-0.256
FF,-0.68,6.39,"Swanson, Erik",657024,ball,R,0,0,-0.87,1.39,-0.87,3.45,1.4453043695307422,-135.019627138307,-4.764902375046825,-10.97005665524322,31.602659518430663,-14.391555907496937,53.74,0.027
FF,-0.57,6.31,"Swanson, Erik",657024,hit_into_play,R,2,1,-0.93,1.24,0.6,2.23,5.189494582002272,-137.65531493864182,-7.811061862207267,-12.989141901664707,28.919002533023843,-14.934567601974102,53.72,0.129
SL,-1.2,6.01,"Swanson, Erik",657024,ball,R,1,1,-0.33,0.81,0.01,0.0,3.700542406731775,-129.42798085931273,-10.570857078136829,-4.374151348725858,23.73313288392693,-21.16188083856624,53.78,0.023
FF,-0.51,6.32,"Swanson, Erik",657024,ball,R,0,1,-0.96,1.41,0.69,1.29,5.302365192640751,-137.26921795542103,-10.63889264592307,-13.298718049698923,31.04513817402493,-12.201400029416018,53.61,0.011
FF,-0.49,6.32,"Swanson, Erik",657024,called_strike,R,0,0,-0.91,1.42,-0.15,1.56,2.915843860295137,-135.92644020365358,-9.743905807754842,-11.92802002822252,29.796426918771985,-12.581173153650576,53.67,-0.015
FS,-0.91,6.11,"Swanson, Erik",657024,hit_into_play,L,1,0,-0.68,-0.03,0.69,1.88,5.325177494633014,-126.65949069469497,-3.9805793320550418,-8.386086340790168,24.591289842230264,-31.909336851305014,53.48,1.721
FS,-0.9,6.1,"Swanson, Erik",657024,ball,L,0,0,-0.88,0.22,0.14,1.05,4.321673374642784,-126.29134183656558,-6.44397926910699,-10.247173665788086,24.87591624034256,-28.682769566923824,53.49,0.035
FS,-0.98,5.97,"Swanson, Erik",657024,swinging_strike_blocked,L,1,2,-0.85,-0.12,-0.36,0.82,3.241201783271612,-125.693786617246,-5.888061171737342,-9.630302450467193,24.12246400581637,-32.52995354488979,53.61,-0.411
FS,-1.1,6.03,"Swanson, Erik",657024,foul,L,1,1,-0.63,0.04,0.25,0.98,4.55021660077786,-124.9916122331742,-5.906526741549466,-7.488899978111609,22.778723467435285,-30.85354107863773,53.52,-0.15
FS,-0.78,6.15,"Swanson, Erik",657024,foul,L,1,0,-0.64,0.17,0.04,2.3,3.22228542608567,-123.47874527028438,-3.081706554685224,-7.192448074285511,22.74805257636546,-30.00738399043254,53.82,-0.084
FS,-0.82,6.1,"Swanson, Erik",657024,blocked_ball,L,0,0,-1.17,0.54,0.42,0.13,5.326250441791944,-123.92796977931174,-8.919403915268848,-13.066204333245809,23.32542417551447,-25.11064464634933,53.54,0.063
FS,-0.91,6.25,"Swanson, Erik",657024,hit_into_play,R,1,1,-0.78,-0.21,0.33,3.05,4.513793439722674,-123.59507067847758,-0.7649749343495378,-8.890941479034971,23.5809868026941,-34.43079713412136,53.61,-0.364
FF,-0.64,6.38,"Swanson, Erik",657024,foul,R,1,0,-1.03,1.32,0.26,3.05,4.7037364643432085,-137.9427474670792,-6.022802920737275,-14.165578354121529,32.16042059441939,-14.17944094318049,53.7,-0.058
SL,-1.21,6.04,"Swanson, Erik",657024,ball,R,0,0,0.3,0.43,1.0,1.09,4.789227218430213,-127.91202560719437,-6.931754289745566,2.501014084735069,21.272904269427816,-26.41455394555657,53.69,0.06
FS,-0.92,6.19,"Swanson, Erik",657024,hit_into_play,L,0,0,-0.99,-0.06,0.27,2.47,4.794425987374028,-123.93142866897232,-2.3604297855108087,-11.115150984961174,22.648869920603648,-32.56480115368828,53.85,1.94
SL,-1.2,6.01,"Swanson, Erik",657024,hit_into_play,R,1,0,0.49,0.25,0.7,2.85,3.522445563158794,-124.70876372209206,-1.7795581898731303,4.520816632343907,21.433078272543984,-29.37272170128098,53.86,0.624
SL,-1.01,5.98,"Swanson, Erik",657024,ball,R,0,0,0.23,0.35,1.29,2.87,5.051040399517259,-125.44718361270051,-1.9726190085021176,1.63345559482207,21.728573377331465,-28.31565069974708,53.72,0.067
FF,-0.65,6.25,"Swanson, Erik",657024,ball,L,3,1,-0.97,0.98,-0.43,3.89,2.736685418061027,-136.1743250902943,-2.5867452869295664,-12.709165033926052,26.90905557002761,-19.54753170301787,53.78,0.265
FF,-0.7,6.24,"Swanson, Erik",657024,called_strike,L,3,0,-0.94,1.18,0.07,3.49,4.056738522169132,-135.03789194801843,-3.86449238212927,-12.43849952932089,27.999548814050804,-17.13679587065991,53.71,-0.083
FF,-0.61,6.28,"Swanson, Erik",657024,ball,L,2,0,-1.04,1.2,-0.76,4.24,1.920935624444645,-136.2468874072703,-2.2069005384454425,-13.381248605615028,29.062515032120167,-16.96615661296783,53.8,0.133
FS,-0.82,6.11,"Swanson, Erik",657024,ball,L,1,0,-0.94,0.7,0.88,1.82,5.88841122454846,-122.82463451915724,-5.183020391538757,-10.624207889113444,19.183228493199163,-24.31195065748595,53.61,0.064
FF,-0.72,6.24,"Swanson, Erik",657024,ball,L,0,0,-0.78,1.33,-0.05,3.87,3.4748310542213403,-135.94648080882777,-3.3074941704172827,-10.418755885466815,29.877336679457414,-15.172783511591796,53.72,0.032
FS,-0.9,5.92,"Swanson, Erik",657024,hit_into_play,R,2,2,-1.27,0.44,-1.2,1.18,1.8830266798986048,-125.00999960704875,-5.886839190748049,-13.648632703363512,26.596930310665904,-26.59100631204318,53.57,1.052
SL,-1.25,5.82,"Swanson, Erik",657024,swinging_strike,R,2,1,0.34,0.54,-0.22,3.27,1.7711836521020754,-125.38016123495434,-0.9573306708558263,3.3007513982108434,23.934692354578647,-26.44610547404205,53.78,-0.067
SL,-1.0,5.81,"Swanson, Erik",657024,ball,R,1,1,-0.1,0.82,1.34,2.57,5.912477125739552,-127.86240084066624,-3.468516471029496,-2.204805513868861,24.485567027735687,-22.703542989086717,53.82,0.049
FF,-0.36,6.25,"Swanson, Erik",657024,ball,R,0,1,-0.67,1.53,0.97,1.13,4.930838584053553,-135.35413063759927,-10.810209867051892,-9.289804227929302,30.314161535635705,-11.133911834469597,53.66,0.03
FF,-0.57,6.25,"Swanson, Erik",657024,foul,R,0,0,-0.73,1.64,-0.63,3.19,1.4499893731898947,-132.8055918630354,-5.3334731633912975,-8.884561188043504,31.96234597168859,-11.84300792814664,53.68,-0.042
FF,-0.51,6.11,"Swanson, Erik",657024,hit_into_play,R,3,1,-0.86,1.51,0.28,2.68,3.953872522476592,-134.77506827391773,-6.305686934085584,-11.29191020839956,30.62320795473705,-12.563115628382384,53.67,0.063
FF,-0.49,6.24,"Swanson, Erik",657024,ball,R,2,1,-0.67,1.46,-0.92,3.8,0.3601420273910785,-135.72244863146236,-3.683483474604605,-8.320017795412356,33.1018328940121,-13.62151639794454,53.88,0.046
FF,-0.49,6.26,"Swanson, Erik",657024,ball,R,1,1,-0.85,1.45,-1.07,4.68,0.3828795492566832,-136.20829516493345,-1.5098962084704262,-10.592860577746665,31.603029363419623,-14.053889359536315,53.93,0.023
FS,-0.7,5.87,"Swanson, Erik",657024,ball,R,0,1,-1.15,0.34,0.98,0.42,6.394067944615034,-125.08595899511523,-7.376992029494823,-13.41108142798167,27.43726200531379,-27.20307591630802,53.56,0.011
FF,-0.5,6.19,"Swanson, Erik",657024,called_strike,R,0,0,-0.93,1.49,0.02,1.7,3.40539405594302,-135.67459213332458,-9.100377611976183,-12.19707013536532,32.227411745233915,-11.8879475256444,53.67,-0.015
FF,-0.49,6.19,"Swanson, Erik",657024,hit_into_play,L,1,0,-0.96,1.44,0.17,2.93,3.899381224408107,-137.11321024492494,-5.926800496992136,-13.007664007353966,34.38219242727485,-12.96376891809024,53.92,-0.187
FF,-0.56,6.25,"Swanson, Erik",657024,ball,L,0,0,-1.02,1.33,-1.17,3.52,0.6910232992320631,-135.39763619115124,-4.098576165710104,-12.59733770410265,33.40495045877222,-15.206057512446533,53.94,0.024
FF,-0.42,6.22,"Swanson, Erik",657024,hit_into_play,R,0,1,-0.97,1.32,0.01,3.49,3.261792164383013,-135.06696258429412,-4.07509478958833,-12.576399011171029,32.48890969240313,-15.353410144291129,53.72,-0.196
SL,-1.09,5.99,"Swanson, Erik",657024,called_strike,R,0,0,0.28,0.57,0.87,2.65,4.116457581878081,-125.53955682625715,-2.959408073986663,2.3153011529828142,22.1547450162581,-25.77625157065581,53.74,-0.032
FS,-0.87,6.0,"Swanson, Erik",657024,hit_into_play,L,0,1,-1.15,0.05,-0.93,2.61,2.1923705352936635,-125.71702081759804,-1.9397951008976568,-12.58202104377422,26.068551628167395,-31.47682822105136,53.96,-0.085
FS,-0.79,5.98,"Swanson, Erik",657024,called_strike,L,0,0,-0.62,0.0,0.3,2.58,3.8802673928639866,-125.81043932649489,-1.9068360472489327,-7.364481632667325,24.384218537749813,-32.02319758894599,53.83,-0.015
FF,-0.32,6.21,"Swanson, Erik",657024,swinging_strike,L,2,2,-1.02,1.51,0.01,2.82,3.1804889102832403,-139.09494173256994,-6.71836106527398,-13.924155007243147,32.551368290038376,-11.332010943136204,53.86,-0.142
FF,-0.47,6.17,"Swanson, Erik",657024,foul,L,2,2,-1.15,1.25,-0.68,2.77,2.045285251178806,-138.18154686561843,-6.071946694473887,-15.130332729327757,31.86002008268636,-14.981807871317177,53.84,0.0
FS,-0.62,6.04,"Swanson, Erik",657024,foul,L,2,1,-0.73,0.41,-0.29,2.36,2.274878222629103,-124.60534447324304,-3.2636324711893523,-8.054665431030644,24.248856542040443,-27.468374811818,53.94,-0.051
FF,-0.36,6.19,"Swanson, Erik",657024,ball,L,1,1,-0.77,1.5,-0.32,1.47,1.8493763619430048,-136.65051750853706,-9.858692302035768,-10.084936059054954,31.94735720661953,-11.39062763246635,53.74,0.037
FS,-0.69,5.98,"Swanson, Erik",657024,swinging_strike,L,1,0,-0.84,0.38,0.21,1.64,3.897596549322828,-125.13430747302402,-4.868775160550345,-9.658227598228324,24.841533628162654,-27.4326452425748,53.63,-0.031
FF,-0.46,6.2,"Swanson, Erik",657024,ball,L,0,0,-0.53,1.42,-0.84,3.81,0.1997718038800717,-137.47519408035092,-3.707996626347136,-6.717543425838886,32.851402893727446,-13.634638583927648,53.61,0.024
FS,-0.74,6.05,"Swanson, Erik",657024,hit_into_play,L,0,2,-1.23,0.54,-1.21,1.95,1.4154756300500952,-126.54586609226985,-4.7891624394450245,-13.497461116730973,27.01660245813259,-25.54293025055628,53.59,-0.149
FF,-0.44,6.27,"Swanson, Erik",657024,foul,L,0,2,-0.91,1.51,-0.33,2.34,2.3451076421747787,-138.71049925196337,-8.0834373832624,-12.264747457496812,32.94809806673983,-11.117313196176536,53.88,0.0
FS,-0.65,6.12,"Swanson, Erik",657024,foul,L,0,2,-1.07,0.31,-0.1,1.89,3.5132393248301685,-125.03656308406146,-4.468575213430464,-11.960795815446302,24.08692097680433,-28.20195741905836,53.74,0.0
FF,-0.41,6.25,"Swanson, Erik",657024,foul,L,0,2,-0.89,1.44,0.66,3.7,4.846670643501396,-138.54070660200637,-4.3117631675526,-12.5932572090592,30.92075565952228,-12.900663791161405,53.87,0.0
FF,-0.45,6.16,"Swanson, Erik",657024,foul,L,0,2,-1.14,1.41,0.17,2.98,4.150418561605819,-136.46254660648336,-5.618066837412518,-15.160728879422518,30.92822341728649,-13.54137901955947,53.83,0.0
FS,-0.92,6.04,"Swanson, Erik",657024,foul,L,0,1,-0.76,-0.02,0.07,2.95,3.9122084997527,-124.83608452566148,-1.0017061355659191,-8.770618337915645,25.199005411636687,-32.43622766708898,53.68,-0.047
FS,-0.85,6.15,"Swanson, Erik",657024,called_strike,L,0,0,-0.79,0.07,0.86,2.71,5.638350638110844,-124.60491522752828,-1.9576990664645757,-9.382521613175673,25.687827115098905,-31.239912595133976,54.08,-0.032
FS,-0.84,6.12,"Swanson, Erik",657024,hit_into_play,R,0,2,-0.98,0.56,-0.32,2.63,3.235535106918156,-124.18403001051718,-3.0332959503073043,-10.796604602708191,25.5155077620602,-25.96246912720673,53.75,1.079
FF,-0.45,6.26,"Swanson, Erik",657024,called_strike,R,0,1,-1.04,1.41,0.38,2.64,4.514238541356089,-137.0296777954975,-6.8621666963749774,-14.055957298853247,31.461471154968528,-13.105936319622051,53.66,-0.047
SL,-1.07,6.05,"Swanson, Erik",657024,foul,R,0,0,0.36,0.67,0.46,1.97,2.9893615746445983,-128.89585887474544,-5.347733881632719,3.5194137000914103,24.725868944781112,-23.88126245118944,53.79,-0.032
FS,-1.0,5.9,"Swanson, Erik",657024,hit_into_play,L,0,2,-1.26,0.4,-0.59,2.17,3.567383046436785,-125.1236808471849,-3.429249411407099,-13.947052771055263,26.602189569895693,-27.431681355019343,53.65,-0.143
FS,-0.95,5.88,"Swanson, Erik",657024,foul,L,0,1,-1.28,0.56,0.39,3.15,5.769123725842023,-124.3922644256791,-1.2491173789544678,-14.476451919308849,26.40201396745121,-26.323698878858576,53.89,-0.045
FS,-0.86,6.09,"Swanson, Erik",657024,called_strike,L,0,0,-0.92,-0.09,0.05,2.99,3.9564373475809433,-122.3926539282374,-0.6311760562838706,-10.041742731248489,24.091347291178952,-33.132995057228065,53.98,-0.042
FF,-0.45,6.13,"Swanson, Erik",657024,hit_into_play,R,3,2,-1.02,1.37,0.13,2.76,3.793019738669356,-136.27979827615115,-6.021097232863004,-13.577426103346964,31.76000323771062,-13.981256516903454,53.66,-0.368
FF,-0.79,6.07,"Swanson, Erik",657024,called_strike,R,3,1,-1.04,1.26,0.88,2.66,6.561331456092133,-134.09563820128773,-5.5759237295608,-13.97106341181737,30.92668846206739,-15.983391766312092,53.72,-0.103
SL,-0.95,5.88,"Swanson, Erik",657024,blocked_ball,R,2,1,0.4,0.7,1.42,0.56,4.793857392451805,-123.34809997754476,-7.598401928557578,3.172933078946502,23.325158690746868,-23.783802418860283,53.57,0.127
FS,-0.79,5.93,"Swanson, Erik",657024,blocked_ball,R,1,1,-1.46,0.52,0.17,0.07,5.2024919549449145,-122.13475190694018,-8.245514998586012,-15.596887768466033,26.17051646969086,-25.481804599007702,53.38,0.058
SL,-1.04,5.86,"Swanson, Erik",657024,called_strike,R,1,0,0.19,0.84,0.91,2.88,4.239282921235571,-123.83875736441742,-2.369545624605286,1.118069329081542,25.00642029337917,-23.29502371812551,53.7,-0.055
FF,-0.71,6.17,"Swanson, Erik",657024,ball,R,0,0,-0.89,1.54,-0.85,4.21,1.591454079687747,-133.9255914342779,-2.4343613728843105,-10.958796920197456,32.23790947282827,-13.432500953484146,53.73,0.044
FS,-0.76,6.04,"Swanson, Erik",657024,ball,L,3,2,-0.95,1.01,-1.64,3.25,-0.1508969543989153,-121.9268535519576,-2.0014462886340505,-9.439439190656609,25.607311132765865,-21.949598313467288,54.02,0.219
FF,-0.66,6.23,"Swanson, Erik",657024,ball,L,2,2,-0.86,1.42,-0.88,5.02,1.3517439730647145,-137.65201731671854,-0.5919745791221511,-11.15238609509537,34.39281578113494,-14.31966202711132,53.97,0.069
FS,-0.75,6.03,"Swanson, Erik",657024,swinging_strike,L,2,1,-1.14,0.18,0.1,1.17,4.2512624041060985,-122.07509200503004,-5.208453715475555,-12.219492463150576,23.74705363287301,-29.6072052157179,53.97,-0.051
FS,-1.0,6.01,"Swanson, Erik",657024,ball,L,1,1,-1.09,0.39,-0.72,0.21,2.8548843359257465,-123.6525296964665,-8.036357208493,-11.772357990037136,25.948592740116755,-26.733000524880303,53.99,0.037
FS,-0.96,6.06,"Swanson, Erik",657024,called_strike,L,1,0,-0.88,0.3,-0.65,3.56,2.490918710162088,-123.30772995065756,-0.0978736757307651,-9.507914946594834,24.56518038387612,-29.263449782011406,54.18,-0.031
FF,-0.65,6.15,"Swanson, Erik",657024,ball,L,0,0,-0.81,1.55,1.1,1.99,6.3927361576474,-137.46910471857342,-8.614585902989978,-11.774726018312965,32.940539859395706,-10.796597225381063,53.87,0.024
FF,-0.69,6.25,"Swanson, Erik",657024,hit_into_play,R,1,0,-1.07,1.45,-0.34,2.91,3.26228894770712,-135.3325270788365,-5.96367944836069,-13.774462117470122,32.472562730831456,-13.319650872883589,53.67,-0.26
SL,-1.01,6.11,"Swanson, Erik",657024,ball,R,0,0,0.17,1.01,-0.17,4.99,1.6360209318255643,-123.28765930326765,1.7568589811555824,1.392691722513432,25.69930718973103,-22.53221552030513,53.92,0.032
FS,-0.96,5.9,"Swanson, Erik",657024,swinging_strike,R,1,2,-1.19,0.39,-0.25,1.49,4.096770435565835,-123.83731244502825,-4.862285122145808,-13.048028404231284,24.596715827615,-27.400502764279835,53.58,-0.169
FS,-0.86,5.9,"Swanson, Erik",657024,swinging_strike,R,1,1,-1.35,0.52,-1.02,2.34,2.296453670756864,-121.22515956628204,-2.760114694875638,-13.717745328461296,23.588616863400063,-26.75235052007073,53.63,-0.048
FS,-0.9,5.99,"Swanson, Erik",657024,blocked_ball,R,0,1,-1.01,0.96,-0.25,0.99,3.514516820526187,-121.2660767937811,-7.021847881366953,-10.620467469419465,23.21607412790917,-21.50458146307537,53.53,0.03
SL,-1.19,5.85,"Swanson, Erik",657024,foul,R,0,0,0.1,0.92,0.48,3.1,3.823240524733651,-126.01390917264344,-2.327165871957049,0.3458015306842984,22.63766876814076,-22.001168606085336,53.73,-0.042
FS,-0.88,5.96,"Swanson, Erik",657024,hit_into_play,L,0,1,-1.03,0.25,0.18,2.02,4.613745861215385,-123.5865717517024,-3.440809443960787,-11.51515827055136,24.007904533003668,-29.186494373950406,53.54,-0.257
FS,-0.98,5.97,"Swanson, Erik",657024,foul,L,0,0,-1.4,0.28,-0.67,1.71,3.5335413055161142,-122.49218843690348,-4.141899953047697,-14.7856292372599,22.1738856411956,-28.81833997427412,53.65,-0.071
FS,-1.02,6.03,"Swanson, Erik",657024,hit_into_play,L,0,0,-0.9,0.23,0.14,3.47,4.492884207515786,-122.70292082718262,-0.0887252539599373,-9.908291998530792,21.51338445722076,-29.99928962518304,53.96,-0.363
FF,-0.56,6.22,"Swanson, Erik",657024,hit_into_play,L,3,1,-1.16,1.21,0.05,2.39,4.127239836996344,-134.83322961366176,-6.719740891322744,-15.05873283748173,27.301095183518783,-16.123733154986553,53.74,0.482
FF,-0.81,6.12,"Swanson, Erik",657024,ball,L,2,1,-0.97,1.22,-0.98,3.48,1.713960167728665,-134.9687144351702,-3.669059042138175,-12.247029124762184,28.62206701591562,-16.638160498897438,53.82,0.108
FS,-1.01,5.91,"Swanson, Erik",657024,ball,L,1,1,-1.11,0.43,-0.17,0.76,4.266185851355052,-124.13014384012688,-6.79399579661421,-12.304835139015076,22.66704710818914,-26.680822220947224,53.59,0.05
FF,-0.78,6.16,"Swanson, Erik",657024,foul,L,1,0,-1.15,1.42,-0.3,2.62,3.776893318419739,-136.00091816820648,-6.522901686238737,-15.046748599843935,31.3435352491274,-13.378796239049318,53.76,-0.044
FF,-0.79,6.24,"Swanson, Erik",657024,ball,L,0,0,-0.82,1.52,0.94,3.63,6.283210973927384,-135.15279463443204,-4.256197904223879,-11.396306773017578,29.9772116541389,-12.843605548568744,53.71,0.032
FF,-0.62,6.19,"Swanson, Erik",657024,hit_into_play,R,0,0,-1.1,1.3,0.12,2.5,4.372831127476184,-135.67759925062916,-6.591104926740418,-14.54922118988234,31.646880936825323,-14.860414015951177,53.76,-0.57
FS,-1.11,6.16,"Swanson, Erik",657024,hit_into_play,R,1,0,-1.13,0.27,-0.93,1.93,2.6962863061046964,-122.0501491317052,-3.912202771102948,-11.863352638272186,24.383609463199253,-28.910213625151915,53.73,0.716
SL,-1.41,5.84,"Swanson, Erik",657024,ball,R,0,0,-0.33,0.91,1.0,2.24,6.483972569486145,-125.89274582383568,-4.289384184798715,-4.841738676219541,24.95985961118388,-21.817648528759754,53.8,0.027
FS,-1.08,6.0,"Swanson, Erik",657024,swinging_strike,L,0,2,-1.48,0.47,-0.48,1.18,4.377390808854156,-122.60222643903924,-5.755659644774,-15.73586766825796,26.271504424777675,-26.443858672573988,53.77,-0.194
FS,-1.12,5.97,"Swanson, Erik",657024,foul,L,0,1,-1.49,0.46,-1.06,1.38,3.0566567986902227,-120.813352413507,-4.941655234133032,-15.151416754669402,24.1033109234274,-26.930125127883095,53.84,-0.059
SL,-1.45,5.86,"Swanson, Erik",657024,called_strike,L,0,0,-0.03,0.9,-0.52,2.13,2.271987797124356,-123.87231387315586,-4.315330256634818,-0.7842069371805314,23.045523911162523,-22.217266848190867,53.86,-0.042
FF,-0.7,6.12,"Swanson, Erik",657024,hit_into_play,R,0,0,-0.92,1.57,-0.36,2.63,2.9393966930963487,-135.64291411521546,-6.698008879524672,-12.017838411495331,31.508307969131675,-11.562336044868418,53.68,0.683
SL,-1.15,5.86,"Swanson, Erik",657024,hit_into_play,R,1,1,0.54,0.39,-0.3,2.5,0.9165276759863492,-123.4249677494722,-2.299608309563399,5.302944201351043,24.17557865037597,-27.952422448113456,53.88,0.426
SL,-1.1,5.83,"Swanson, Erik",657024,ball,R,0,1,0.43,0.51,1.89,1.48,6.325780420709324,-126.30953270075526,-5.325435471640174,3.3114185678221983,25.059671303600748,-25.813421662768437,53.75,0.017
FF,-0.59,6.21,"Swanson, Erik",657024,called_strike,R,0,0,-1.12,1.47,-0.3,3.3,3.199505139480247,-134.08638481372003,-4.729434239357015,-14.127253180939672,33.02925798805122,-13.647596349446552,53.77,-0.024
FS,-0.79,6.1,"Swanson, Erik",657024,hit_into_play,R,1,2,-1.37,0.37,0.09,1.79,4.927550317679965,-125.4436166298925,-4.765403253800625,-15.471041261264723,26.742867413655187,-27.50737248636765,53.75,-0.168
FS,-1.02,5.96,"Swanson, Erik",657024,ball,R,0,2,-1.24,0.22,-1.51,0.97,1.362074697099809,-124.93636303580212,-5.966348684433453,-13.178762483160444,27.40114806069324,-28.835410057362804,53.86,0.019
FF,-0.63,6.19,"Swanson, Erik",657024,foul,R,0,2,-1.11,1.64,0.36,3.77,5.045758682395333,-135.78467096344826,-4.053656855969503,-14.888765968223632,33.165782665478886,-11.273669998496702,53.81,0.0
FF,-0.69,6.2,"Swanson, Erik",657024,foul,R,0,2,-1.1,1.64,-0.61,3.65,2.718806809037798,-138.9209869217841,-4.75069556110556,-14.75724764084242,36.117077768691125,-10.17399000727444,53.8,0.0
SL,-1.35,5.94,"Swanson, Erik",657024,foul,R,0,2,0.4,0.68,0.55,3.17,3.690716244013473,-124.34030240673434,-1.597885023759674,3.4295296340071646,25.33602429716229,-25.065778635488464,53.84,0.0
FF,-0.59,6.25,"Swanson, Erik",657024,foul,R,0,2,-1.19,1.38,-0.09,3.66,3.989312834350184,-136.87335883104402,-4.0482492542669055,-15.882047137981218,31.52171286603952,-14.2128698638016,53.73,0.0
FF,-0.58,6.31,"Swanson, Erik",657024,foul,R,0,1,-0.96,1.51,0.67,3.49,5.365562802984017,-135.86966195817237,-4.818758571099484,-13.08732336606228,32.31626494454544,-12.643497146895768,53.93,-0.047
FF,-0.75,6.24,"Swanson, Erik",657024,called_strike,R,0,0,-0.88,1.36,0.82,2.07,6.007699674582338,-135.27062291756565,-7.895405132017816,-12.221521315812224,32.84599202209929,-13.878026493413492,53.76,-0.032
FS,-1.02,5.9,"Swanson, Erik",657024,hit_into_play,L,0,2,-0.97,0.13,-1.03,2.39,1.9617499675589816,-124.76299872797516,-2.307856262842609,-10.540118686928242,25.641719108091767,-30.51915048337655,53.83,-0.288
FS,-0.92,5.88,"Swanson, Erik",657024,foul,L,0,2,-0.78,0.44,0.5,2.88,4.930148564536204,-123.57225670351592,-1.5885368306194023,-9.016563694481274,23.99147136450214,-27.53280289682207,53.93,0.0
FS,-0.9,5.88,"Swanson, Erik",657024,foul,L,0,2,-1.25,0.32,-1.6,2.35,0.8683034867719157,-124.21991865393512,-2.620465317130245,-13.01870152194854,26.977421763702846,-28.51670486652832,53.62,0.0
FF,-0.54,6.16,"Swanson, Erik",657024,foul,L,0,2,-1.08,1.57,-0.24,3.87,3.209353713284232,-137.7539977558082,-3.8358718947522794,-14.403462122810188,31.82078400278279,-11.534678380524849,53.79,0.0
FS,-0.82,5.97,"Swanson, Erik",657024,foul,L,0,2,-0.92,0.17,-0.94,3.15,1.5831265189777155,-124.81304698091289,-0.7575723420652343,-9.979790104997711,25.481476418260765,-30.43197241662619,53.96,0.0
FF,-0.69,6.12,"Swanson, Erik",657024,foul,L,0,1,-0.76,1.61,0.3,3.22,4.345297904555637,-138.20720008501306,-5.496620323344401,-10.708180235122311,35.04835706496495,-10.627954833948356,53.83,-0.06
FS,-0.73,5.93,"Swanson, Erik",657024,called_strike,L,0,0,-1.14,0.71,-0.08,1.59,3.899598651983826,-125.58241963016904,-5.537518829742465,-12.867506196981132,26.94802400122436,-23.72647818248116,53.73,-0.053
FS,-0.88,5.93,"Swanson, Erik",657024,hit_into_play,L,2,1,-1.35,0.35,-0.66,2.26,3.213126749034449,-121.7854407136478,-2.7240958416784067,-14.042940394440704,24.991135252301323,-28.36375316572992,53.72,1.04
FS,-0.84,6.09,"Swanson, Erik",657024,ball,L,1,1,-1.1,0.52,-0.48,4.08,3.0434451599638925,-122.90286481253172,0.6973791903596549,-11.782841443414329,26.08775880581338,-27.35382097786648,53.99,0.074
FS,-1.02,5.97,"Swanson, Erik",657024,ball,L,0,1,-1.24,0.41,-0.59,1.28,3.519072798306442,-124.00382484623488,-5.53824910064158,-13.46295448727082,26.044488864538987,-26.98499698461072,53.83,0.057
FF,-0.6,6.12,"Swanson, Erik",657024,swinging_strike,L,0,0,-0.93,1.68,0.32,3.19,4.365853540773724,-134.30598198778998,-5.26463680613506,-12.195768794221614,31.91191566658021,-10.989050417497614,54.05,-0.064
FF,-0.76,6.1,"Swanson, Erik",657024,hit_into_play,R,3,1,-1.08,1.44,0.06,1.86,4.539424845838112,-135.4323233156174,-8.331633621278856,-14.311252461227312,31.817555931724367,-12.763599284965911,53.54,0.263
SL,-0.87,5.95,"Swanson, Erik",657024,ball,R,2,1,0.67,0.54,1.34,2.86,3.874002202299955,-122.93317046609972,-1.9037071854979928,5.984449574116697,25.53351996436133,-26.564613755002625,53.51,0.108
SL,-1.06,5.88,"Swanson, Erik",657024,ball,R,1,1,0.49,0.42,0.73,1.2,3.3611264212405323,-126.9513614122889,-6.072319518310396,4.660493818333363,23.50756186670216,-26.673802411464056,53.69,0.05
FF,-0.74,6.12,"Swanson, Erik",657024,called_strike,R,1,0,-0.74,1.42,-0.39,2.07,2.5693560156362723,-136.7175995804356,-7.936145450104778,-9.84692388732744,33.194846734840674,-12.80791608384534,53.73,-0.044
FF,-0.64,6.0,"Swanson, Erik",657024,ball,R,0,0,-0.92,1.36,0.19,1.0,4.213329090145515,-135.74135473630562,-10.149790203610294,-12.298212764964903,32.68272976867726,-13.244937578971587,53.61,0.032
FS,-0.93,6.04,"Swanson, Erik",657024,hit_into_play,R,1,1,-0.8,0.67,-0.45,2.36,2.7636282842550406,-123.8616781055154,-3.6839453293006335,-8.776977945582809,25.367661176847104,-24.703779948367487,53.6,1.012
SL,-1.2,5.93,"Swanson, Erik",657024,foul,R,1,0,0.52,0.24,-0.46,2.57,0.6747366836992457,-122.77958213804058,-1.9590000662994087,5.143707227647389,23.99867347917536,-29.56054463091264,53.82,-0.044
SL,-0.95,5.96,"Swanson, Erik",657024,ball,R,0,0,0.73,0.15,1.13,2.24,3.4713984353150207,-124.306291901517,-2.7960413256925776,6.865796399436026,25.18498519621664,-30.237732943286616,53.66,0.032
