pitch_type,release_pos_x,release_pos_z,player_name,pitcher,description,stand,balls,strikes,pfx_x,pfx_z,plate_x,plate_z,vx0,vy0,vz0,ax,ay,az,release_pos_y,delta_run_exp
ST,-1.56,5.84,"White, Mitch",669952,swinging_strike,R,0,2,1.29,-0.33,0.35,1.19,1.8866566743790645,-122.15750576362376,-3.649201384500378,12.441985934201364,26.079942978783425,-34.954767308426554,53.93,-0.214
SL,-1.53,5.92,"White, Mitch",669952,called_strike,R,0,1,0.14,0.05,0.12,2.5,3.6866549812887768,-127.04456887603328,-2.1497369812660003,0.7548468858466457,27.227545701760565,-31.43049050251438,54.06,-0.077
FF,-1.32,6.06,"White, Mitch",669952,swinging_strike,R,0,0,-0.17,1.45,0.17,2.88,4.319320685827423,-139.73533103470285,-6.083358367142504,-3.15830076563356,31.80395752101137,-12.032428038054377,54.28,-0.048
FF,-1.3,6.04,"White, Mitch",669952,hit_into_play,L,3,2,-0.1,1.39,-0.2,1.8,3.0796111564078243,-137.66904059906702,-8.439163134742726,-1.932347928677864,30.112048723377274,-12.848829177666968,54.47,0.702
FF,-1.35,6.04,"White, Mitch",669952,ball,L,2,2,-0.03,1.27,-0.81,3.01,1.4776610240393415,-137.9773547347093,-5.081098349655324,-0.771845316680097,31.07604401374479,-15.004299964301088,54.45,0.071
FF,-1.39,5.93,"White, Mitch",669952,ball,L,1,2,-0.37,1.16,0.81,3.48,6.65736193604981,-139.79995753214996,-3.514857456582896,-6.396068555177867,31.18710882734077,-16.414555140472974,54.25,0.03
CU,-1.37,6.0,"White, Mitch",669952,swinging_strike,L,1,1,0.27,-1.31,0.17,0.61,2.885282759617206,-117.41983264443856,-2.760611455580949,1.8816850726046008,24.501563042889348,-43.88300165047199,54.77,-0.048
FF,-1.31,6.07,"White, Mitch",669952,ball,L,0,1,0.1,1.02,-0.59,5.61,1.652262950472871,-138.28278607175136,2.1524922026239137,0.9312055575389409,30.609499896455336,-19.748947202797968,54.56,0.03
CU,-1.48,5.97,"White, Mitch",669952,called_strike,L,0,0,0.43,-1.36,-0.23,2.24,1.9281551994167432,-116.61161865376084,1.0565493879408523,3.538959416801057,24.09922506559023,-44.98507703805529,54.9,-0.042
CU,-1.42,5.99,"White, Mitch",669952,swinging_strike,R,0,2,0.21,-1.41,0.19,1.67,3.200571009470954,-118.74080090927254,-0.3521268454182189,1.3353863297348207,25.264680205388228,-45.54383220875248,54.36,-0.194
CU,-1.36,5.99,"White, Mitch",669952,foul,R,0,2,0.4,-1.3,0.48,0.91,3.285824189014905,-116.26550118959344,-1.9112014980755807,2.86830581231254,24.48795565875633,-43.7015198228795,54.52,0.0
FF,-1.28,6.02,"White, Mitch",669952,foul,R,0,2,-0.08,1.38,0.84,2.73,5.741975048059548,-138.19982551613083,-6.046299010276638,-2.301269723684986,31.72936384207347,-13.290196117325795,54.24,0.0
ST,-1.4,5.97,"White, Mitch",669952,foul,R,0,2,1.19,-0.08,0.53,2.33,2.0893293043991745,-122.11750399158998,-1.8285281792393588,11.426979311325384,25.0454020258422,-32.86413364552932,54.53,0.0
SI,-1.37,5.98,"White, Mitch",669952,foul,R,0,1,-0.98,1.03,-0.73,3.16,3.880731981557446,-138.32696223348682,-4.036361752324368,-13.487268044715575,32.260059319217696,-18.214209685868813,54.09,-0.059
FF,-1.35,6.01,"White, Mitch",669952,swinging_strike,R,0,0,-0.19,1.5,-0.17,3.21,3.467803762413021,-137.73001879854633,-4.96920656424005,-3.152617745311227,30.82027470592241,-12.15297867939588,54.41,-0.042
FF,-1.41,6.02,"White, Mitch",669952,hit_into_play,R,0,0,-0.46,1.35,-0.96,2.62,2.234323117606788,-138.77169937579868,-6.303977193519575,-6.476353072034415,32.01576197778451,-13.525331284262906,54.29,0.266
FF,-1.43,6.02,"White, Mitch",669952,hit_into_play,L,2,2,-0.56,1.36,0.12,3.23,5.364197237504694,-140.2297324709224,-4.884761563858233,-8.656848368324534,32.56556139532997,-13.390349762647013,54.43,-0.198
CU,-1.3,6.0,"White, Mitch",669952,foul,L,2,2,0.62,-1.37,0.2,2.91,2.1382277944396617,-116.3475210965945,2.618749881739028,5.016017851115787,26.426589996188856,-45.283396163346026,54.4,0.0
FF,-1.23,6.08,"White, Mitch",669952,foul,L,2,2,-0.34,1.47,0.43,2.39,5.167403937093105,-140.3429458830968,-7.518093282000984,-5.775585492060197,33.55876256768248,-11.164114842838549,54.57,0.0
FF,-1.42,5.97,"White, Mitch",669952,foul,L,2,2,-0.67,1.25,-0.16,2.23,4.8577805261315135,-140.8529253954286,-7.224672339009987,-9.974230990242802,33.10272102129892,-14.104471009884152,54.47,0.0
FF,-1.43,5.98,"White, Mitch",669952,called_strike,L,2,1,-0.46,1.35,-0.66,2.37,3.0787601237743214,-140.07151901727144,-7.009501578566431,-6.790393122472863,34.501038052838034,-12.987547069514855,54.41,-0.165
FF,-1.46,5.96,"White, Mitch",669952,foul,L,2,0,-0.41,1.08,-0.63,3.1,3.107415464843413,-139.36022254057823,-4.401486384845055,-6.071994060349621,30.487422233047667,-17.29668532740994,54.35,-0.142
FF,-1.38,6.12,"White, Mitch",669952,ball,L,1,0,-0.29,1.28,-0.27,4.64,3.487603302068546,-136.96123921221024,-0.9560426536772118,-4.362835542545212,29.61727252359631,-16.098224609228676,54.36,0.141
FF,-1.41,6.04,"White, Mitch",669952,ball,L,0,0,-0.42,1.29,-1.24,2.59,1.371190290408677,-137.3609691814209,-6.184818457546131,-5.581635800694437,28.503719772599887,-14.735892536360376,53.98,0.093
SL,-1.57,5.9,"White, Mitch",669952,hit_into_play,R,0,0,0.35,0.11,-0.14,2.81,2.7159331845400114,-127.46267769449716,-1.537933654153897,3.2496179854919096,28.094014386829127,-30.830756395384345,54.03,0.918
SI,-1.4,6.08,"White, Mitch",669952,hit_into_play,R,0,0,-1.15,0.92,-0.1,1.91,5.937083192264132,-136.4089830503722,-7.095632911699887,-15.69491759733566,32.01372250399669,-19.218735602309277,54.02,-0.61
CU,-1.43,6.11,"White, Mitch",669952,hit_into_play,L,2,2,0.64,-1.4,-0.08,1.94,1.7579020629621822,-117.36567411707912,0.1642802795280553,5.470619356418225,25.98230655839932,-45.24278278726404,54.68,-0.39
SL,-1.62,5.85,"White, Mitch",669952,ball,L,1,2,0.12,-0.19,-1.0,2.28,1.226725015166374,-124.9852662135542,-1.81031039007094,0.971380267374054,25.90910669831063,-33.982328366213856,54.5,0.066
FF,-1.39,6.13,"White, Mitch",669952,foul,L,1,2,-0.35,1.11,0.49,3.81,5.660685373955243,-138.52495328237953,-2.9572957493492487,-5.696289552973467,29.174910648023783,-17.351601600920855,54.65,0.0
CU,-1.52,6.08,"White, Mitch",669952,foul,L,1,1,0.46,-1.34,-0.72,2.73,0.8772461854931054,-114.8818769821487,2.079317754033241,3.865913155699877,24.4144971944387,-44.63955389806606,54.73,-0.155
CU,-1.47,6.12,"White, Mitch",669952,ball,L,0,1,0.64,-1.21,-0.7,3.5,0.4880930650861312,-114.8034498409098,3.394897274187364,5.477878036333604,24.18243581599091,-43.70126129824706,54.65,0.056
FF,-1.63,6.0,"White, Mitch",669952,called_strike,L,0,0,-0.51,1.16,-0.53,3.37,4.010571065783732,-138.60374554918292,-3.839157688448938,-7.494280791397989,32.79054543415775,-16.550906427331757,54.23,-0.093
SI,-1.39,6.0,"White, Mitch",669952,ball,R,3,2,-0.77,0.9,1.0,2.95,7.882992688900206,-136.5109518945428,-4.154622377080471,-11.385924131378829,30.877540226669307,-20.22833866839217,54.08,0.427
FF,-1.48,6.11,"White, Mitch",669952,ball,R,2,2,-0.18,1.24,0.28,4.87,4.988431431523559,-138.24867237977898,-0.3743822306059182,-3.36802424768382,30.81380829041065,-16.439883480036446,54.32,0.191
FF,-1.36,6.07,"White, Mitch",669952,ball,R,1,2,-0.25,1.33,1.72,3.82,8.538405983648385,-136.3646769015622,-3.031013836726531,-5.02446881800683,29.82901590336684,-15.153439644951971,54.04,0.077
CU,-1.49,6.08,"White, Mitch",669952,foul,R,1,2,0.84,-1.48,-0.01,2.06,1.6649308700336518,-114.66263513610178,0.9525247268924836,6.930076538078732,24.649721851876865,-45.56450139585443,54.26,0.0
ST,-1.56,5.9,"White, Mitch",669952,foul,R,1,2,1.21,-0.06,1.44,1.3,4.591637602654957,-122.68934755973824,-4.205504610520821,11.2284883955542,25.12394420597736,-32.159840861671135,53.88,0.0
ST,-1.65,5.81,"White, Mitch",669952,foul,R,1,1,1.26,0.13,1.33,1.58,4.369039656968879,-120.80359159400234,-3.4661474666254906,11.504482140226347,23.79981710954005,-30.43865821902198,54.14,-0.078
SL,-1.68,5.9,"White, Mitch",669952,swinging_strike,R,1,0,0.08,0.12,0.09,1.68,4.046027167477855,-125.02039778612152,-4.007184983393191,0.0424139728203399,25.16096685709585,-30.28847488414775,53.95,-0.075
FF,-1.45,6.03,"White, Mitch",669952,ball,R,0,0,-0.27,1.32,0.42,3.42,5.428606114304233,-135.96221208872282,-3.930166491068447,-4.4392787181535605,28.4585675541953,-15.129439656505916,54.1,0.067
FF,-1.4,6.09,"White, Mitch",669952,hit_into_play,R,0,0,-0.32,1.45,0.35,2.23,5.227637036113832,-136.27419841824982,-7.446488564743696,-5.103708082149543,28.65769605114787,-12.701625868082054,54.09,0.41
FF,-1.51,5.92,"White, Mitch",669952,called_strike,L,1,2,-0.23,0.93,-0.49,2.95,3.1911375319154724,-137.37757605403294,-4.175354985564788,-3.5569959886776443,30.342074814220634,-19.62277870412913,53.61,-0.169
FF,-1.56,5.91,"White, Mitch",669952,ball,L,0,2,-0.28,0.97,0.11,3.75,5.035735907468425,-138.6875838505941,-2.2127259294545665,-4.785193626602866,31.19714408186376,-19.379951423363465,54.02,0.026
FF,-1.48,5.93,"White, Mitch",669952,foul,L,0,1,-0.27,1.23,0.04,2.79,4.627028897065824,-138.666403772185,-5.361857220507787,-4.528230085524284,31.743366171172045,-15.321260609941003,54.04,-0.045
FF,-1.4,5.96,"White, Mitch",669952,foul,L,0,0,-0.46,1.15,-0.07,3.27,4.489964434268596,-136.94461556886426,-3.854648418138111,-6.727635916549129,29.89579537942197,-17.026591006876703,54.0,-0.042
ST,-1.73,5.81,"White, Mitch",669952,hit_into_play,R,0,1,1.44,-0.48,0.86,2.07,3.165145172934531,-122.46785804581717,-1.3098784999708466,13.73299560738815,25.82215480143891,-36.896293313981296,53.67,1.545
CU,-1.4,5.99,"White, Mitch",669952,called_strike,R,0,0,0.62,-1.32,0.04,2.72,1.9847071736081965,-115.07913208300864,2.178767043388277,5.073326143975853,23.38069724343135,-44.52013648091768,54.24,-0.102
ST,-1.67,5.79,"White, Mitch",669952,hit_into_play,R,0,1,1.04,0.1,-0.14,2.08,1.5025934389141935,-121.7887990194575,-2.3194408144338285,9.949967785545027,25.37981605531425,-30.884507612663647,53.77,1.6
FF,-1.53,6.01,"White, Mitch",669952,foul,R,0,0,-0.33,1.25,-0.17,3.36,4.244092129301507,-135.79295065561456,-3.829154149769731,-5.001861255233912,29.72433714785119,-16.06365779723155,53.99,-0.073
ST,-1.85,5.74,"White, Mitch",669952,swinging_strike,R,2,2,1.36,0.0,-0.14,2.82,1.260800813049661,-122.5799353612107,-0.3984962881391446,13.46463056839746,25.05541378077576,-32.29890793373394,54.12,-0.422
SI,-1.63,5.84,"White, Mitch",669952,foul,R,2,1,-1.04,0.91,-1.02,2.65,3.904719954861896,-137.05977620827295,-4.57472586165299,-13.918536492610764,33.64154930977017,-19.944395640259504,53.91,-0.086
ST,-1.86,5.78,"White, Mitch",669952,ball,R,1,1,1.33,-0.14,-0.79,3.24,-0.1458928926513221,-123.05614115578966,0.75983686222164,13.439563537526118,26.190026426668325,-33.98064630481442,54.13,0.081
ST,-1.71,5.73,"White, Mitch",669952,swinging_strike,R,1,0,1.4,-0.19,0.62,1.58,2.598482690276581,-120.98287183085566,-2.6030910073376066,13.052629218509177,26.38305956956866,-33.725359089412585,54.02,-0.106
ST,-1.95,5.81,"White, Mitch",669952,ball,R,0,0,1.24,-0.1,-1.55,4.12,-1.522843817034672,-121.01105134956887,2.825055413203772,12.452015693634312,24.25048473858452,-33.972262226580376,53.92,0.051
FF,-1.45,6.19,"White, Mitch",669952,ball,R,3,1,-0.2,1.22,1.0,2.34,6.761653907699535,-135.27348005690558,-6.770589479364385,-3.904503431707855,30.111639747234182,-15.93198926015369,53.92,0.065
FF,-1.37,6.22,"White, Mitch",669952,called_strike,R,3,0,-0.24,1.14,-0.05,2.15,3.861812577192525,-133.53197866268252,-6.903196783578151,-3.7620275498829066,29.267575330217717,-17.212262180404586,54.07,-0.022
SL,-1.67,6.09,"White, Mitch",669952,ball,R,2,0,0.31,0.1,0.54,0.76,4.683668935765455,-126.7564891165941,-6.862473219771023,2.346003981983711,26.87200661530888,-29.79528516132581,54.0,0.046
FF,-1.48,6.15,"White, Mitch",669952,ball,R,1,0,-0.52,1.5,1.05,2.96,7.775648989024336,-137.35638538171813,-5.971615195635863,-8.312543308003866,31.003589903271493,-12.051314058810476,54.0,0.026
ST,-1.71,6.04,"White, Mitch",669952,ball,R,0,0,1.32,-0.16,0.84,1.84,3.2612030672722403,-121.61504999212696,-2.8285285862493943,12.218585704598404,28.118518424434843,-33.3185781245031,54.05,0.016
SL,-1.54,6.09,"White, Mitch",669952,hit_into_play,L,0,0,0.16,0.26,-0.06,2.7,3.1574701257636417,-125.61701679119376,-2.3288980955734107,1.0525315580632988,26.2585098196625,-29.205201082103127,54.45,-0.163
SL,-1.72,6.07,"White, Mitch",669952,hit_into_play,L,3,1,0.08,0.29,-0.22,1.92,3.4571766128709385,-127.85085974698602,-4.560357008357778,0.2151506965593207,25.828107886285565,-28.229526562931785,54.15,-0.375
FF,-1.39,6.18,"White, Mitch",669952,called_strike,L,3,0,-0.26,1.33,0.25,2.75,4.794619811465074,-135.24337979249495,-5.858304639302195,-4.344353492583165,33.679476747923474,-14.741082033847306,54.1,-0.083
FF,-1.27,6.28,"White, Mitch",669952,ball,L,2,0,-0.21,1.39,0.11,4.73,3.936365347648529,-133.4148727153433,-1.0166499338432164,-3.393907412594744,31.224210601418616,-15.627607501897032,54.24,0.133
FF,-1.51,6.15,"White, Mitch",669952,ball,L,1,0,-0.78,1.54,-1.54,2.1,1.6422777349821724,-134.83174577742264,-7.821065168086222,-9.82087543497987,35.1713243979937,-11.86319871468042,54.22,0.064
FF,-1.38,6.17,"White, Mitch",669952,ball,L,0,0,-0.62,1.45,-1.46,4.08,1.1364772144651298,-132.684539137615,-2.418968713093076,-7.520685191444712,31.44778182995582,-14.87744407233493,54.17,0.032
FF,-1.29,6.18,"White, Mitch",669952,called_strike,R,3,2,-0.55,1.44,0.98,2.42,7.1037578073947945,-136.0910294020307,-7.126941069762948,-8.46523436418912,32.21117006501268,-12.90770453966452,53.85,-0.131
ST,-1.61,6.07,"White, Mitch",669952,foul,R,3,2,1.46,-0.31,0.72,1.47,2.4751524221715955,-120.83363669737284,-3.37461350591328,13.624426643927467,27.093469763904263,-34.672049361991455,54.16,0.0
FF,-1.35,6.24,"White, Mitch",669952,ball,R,2,2,-0.53,1.62,1.35,2.54,8.226864636226559,-136.86820555765527,-7.439149743799097,-8.69514929565038,36.45127835598392,-10.318327510317712,53.87,0.043
ST,-1.64,6.08,"White, Mitch",669952,foul,R,2,2,1.33,-0.27,0.76,1.54,2.873482300530032,-120.15325665258322,-3.236073446883308,12.156379030408852,26.61801595354814,-34.277394512638885,54.0,0.0
ST,-1.68,6.0,"White, Mitch",669952,ball,R,1,2,1.34,-0.36,0.9,0.82,3.2880390406997213,-120.48895971644797,-4.48311174370474,12.005719346746297,29.533502524106613,-34.74660374077704,54.04,0.018
FF,-1.44,6.14,"White, Mitch",669952,called_strike,R,1,1,-0.67,1.05,0.36,2.99,6.004763716617632,-133.33475365590903,-4.350085007669244,-9.31951658159212,31.10281991049396,-18.92199433051008,53.97,-0.026
ST,-1.59,6.05,"White, Mitch",669952,ball,R,0,1,1.1,-0.65,0.49,0.55,2.591822937615435,-120.21035518993142,-4.613090130438976,9.894737798727082,28.74855439814789,-37.51009787898848,53.98,0.011
SL,-1.56,6.09,"White, Mitch",669952,called_strike,R,0,0,0.13,0.27,-0.08,2.16,3.29867267996154,-126.28838265969382,-3.784535080518277,0.6986439004426753,25.022093238761386,-28.77310345332376,53.98,-0.015
CU,-1.46,6.21,"White, Mitch",669952,hit_into_play,L,2,2,0.58,-1.32,-0.7,3.22,0.5599766934067769,-115.57497923444988,2.716011343472636,5.05262358857172,24.19488543206873,-44.695929604769766,54.72,-0.528
FF,-1.42,6.24,"White, Mitch",669952,foul,L,2,2,-0.55,1.6,0.29,2.97,5.722489479149562,-137.9117494113921,-6.418730938536171,-8.364574112672768,33.79262867090319,-10.553560619161775,54.06,0.0
CU,-1.53,6.22,"White, Mitch",669952,blocked_ball,L,1,2,0.95,-1.33,-0.2,0.83,1.1354787253311895,-116.87281379777158,-2.571421270411692,8.326804007010956,27.02304601722494,-43.79395441527876,54.25,0.077
FF,-1.43,6.12,"White, Mitch",669952,foul,L,1,1,-0.65,1.37,-0.08,2.87,4.91568062255068,-134.49707476899871,-5.492134508975471,-8.968910226935732,28.913790272918984,-14.55428274077121,53.79,-0.078
SL,-1.61,6.09,"White, Mitch",669952,called_strike,L,1,0,0.21,0.33,-0.42,1.86,2.4348555531030667,-126.16308032933536,-4.640002463469221,1.7454666616120695,23.87278949351375,-27.93729899529848,54.0,-0.075
SI,-1.48,6.18,"White, Mitch",669952,ball,L,0,0,-0.81,1.18,-0.17,4.12,5.122033490022712,-135.13191872207065,-2.0599695197290258,-11.077791142982134,30.28608028998768,-17.46718804147418,54.07,0.067
FF,-1.46,6.24,"White, Mitch",669952,hit_into_play,R,1,2,-0.57,1.47,0.46,3.58,6.215368163967726,-136.52603144647117,-4.360040793835811,-8.582728879605291,33.51621378077796,-13.092111431647355,54.12,0.47
CU,-1.37,6.18,"White, Mitch",669952,ball,R,0,2,0.33,-1.54,0.86,-1.08,4.329798019133032,-116.93800479928515,-6.375746760611393,2.0044556974579373,26.437077781293038,-44.86681644866182,54.11,0.019
FF,-1.36,6.22,"White, Mitch",669952,swinging_strike,R,0,1,-0.74,1.21,-0.74,3.41,3.194799088994711,-135.8634044088354,-4.174715209832696,-9.815662517412326,28.19343565158157,-16.50472727090995,54.23,-0.047
FF,-1.37,6.18,"White, Mitch",669952,foul,R,0,0,-0.35,1.61,0.3,3.46,5.0556816439928856,-134.99898218459535,-4.640428702045531,-5.508027980290908,32.23504796630009,-11.732019902754724,54.06,-0.032
SL,-1.64,6.14,"White, Mitch",669952,hit_into_play,L,1,1,0.43,-0.03,0.76,2.95,4.909262997050384,-127.60540189446512,-1.4491498032584058,3.591697791976328,28.46731591971972,-32.423707599887734,54.33,1.578
FF,-1.64,6.23,"White, Mitch",669952,ball,L,0,1,-0.42,1.42,-2.02,3.14,-0.0640742063059891,-135.1750102737549,-5.205448128086743,-5.116298293647411,31.517016453393243,-13.87095334332229,54.22,0.057
FF,-1.45,6.22,"White, Mitch",669952,foul,L,0,0,-0.5,1.4,-0.25,3.29,4.209083714395017,-135.7531086227899,-4.823026874041024,-7.188784640432073,31.51197570323424,-14.040817215697594,54.06,-0.064
SL,-1.51,6.12,"White, Mitch",669952,ball,R,3,2,0.27,0.08,-0.03,1.21,2.985439688610163,-125.17286704563334,-5.619891555633208,2.2562663183541227,23.167891666553675,-30.4299044188315,54.01,0.343
FF,-1.52,6.26,"White, Mitch",669952,ball,R,2,2,-0.33,1.42,-0.53,5.02,3.3011153241625726,-136.9754604572349,-0.6380215153667086,-4.9112095558544295,32.271534353455806,-14.47317655333266,54.05,0.093
ST,-1.73,6.12,"White, Mitch",669952,foul,R,2,1,1.28,-0.04,0.3,3.3,2.1608945003021964,-122.33474803485184,0.0126229273501816,12.309451185853586,27.05764959962533,-32.852690917539,54.08,-0.063
ST,-1.66,6.03,"White, Mitch",669952,ball,R,1,1,1.34,-0.05,1.17,1.23,3.878151036186975,-122.01460470526338,-4.5532078408790415,12.530297116668631,25.11408187940549,-31.94292950347749,54.22,0.05
FF,-1.5,6.16,"White, Mitch",669952,foul,R,1,0,-0.42,1.43,0.28,2.96,5.557101925517418,-136.40538023541075,-5.646205851230592,-6.558619680367293,33.80865670337737,-13.335952878555698,54.04,-0.044
ST,-1.8,6.11,"White, Mitch",669952,ball,R,0,0,1.3,-0.02,0.96,2.15,3.761512024900063,-120.85452016908695,-2.3716610410501366,11.63367176811777,29.3183280792645,-32.08964046846162,54.29,0.032
CU,-1.41,6.23,"White, Mitch",669952,hit_into_play,L,1,2,0.06,-1.28,-0.65,1.29,1.5750223979683309,-118.32669902362318,-1.938585367744805,0.2308774364484423,24.698162116999224,-43.97963606352098,54.34,-0.071
FF,-1.41,6.14,"White, Mitch",669952,foul,L,1,1,-0.43,1.29,0.4,2.48,5.685635037665758,-137.80187055388282,-6.797170388297143,-6.7410400131034205,30.23394064043345,-14.398030799240612,54.0,-0.026
FF,-1.37,6.22,"White, Mitch",669952,foul,L,1,0,-0.48,1.36,0.43,2.71,5.736520582971451,-137.04114623011358,-6.4235782646792,-7.317913933192392,31.632022271316387,-13.764384960852828,54.15,-0.019
SL,-1.61,6.1,"White, Mitch",669952,ball,L,0,0,0.11,0.28,-0.57,0.76,2.261441175980188,-125.71761368601469,-6.982922084965726,0.6292275794731821,28.324814899020968,-27.93503138057785,54.35,0.016
ST,-1.71,6.1,"White, Mitch",669952,hit_into_play,R,1,1,0.86,-0.22,-0.37,1.51,1.3720039351343696,-121.39721635597108,-3.543389611201597,8.06427890677983,28.956864753742284,-33.720419469274205,54.15,-0.156
SL,-1.63,6.03,"White, Mitch",669952,ball,R,0,1,-0.1,0.29,0.36,0.93,5.0083786140399,-126.92717102848998,-6.73050719822415,-2.167936175261724,27.56890823511962,-27.78885313669529,53.84,0.017
FF,-1.4,6.23,"White, Mitch",669952,swinging_strike,R,0,0,-0.38,1.68,0.71,2.38,6.34214744630184,-136.3973325195437,-7.902447284319932,-6.285263680820275,34.836314050397085,-9.65505702366697,53.9,-0.024
CU,-1.51,6.17,"White, Mitch",669952,hit_into_play,L,0,2,0.31,-1.42,0.42,1.71,3.669500828828482,-117.1731932177276,-0.4374123439161812,2.02761788359073,25.345142350209034,-45.257444047272514,54.4,-0.149
FF,-1.47,6.17,"White, Mitch",669952,foul,L,0,2,-0.36,1.47,-0.68,2.78,2.846720146446382,-135.50120127564398,-6.116368179812994,-5.0791223355569945,32.215659456020454,-13.002142403086944,54.02,0.0
CU,-1.28,6.24,"White, Mitch",669952,foul,L,0,2,0.65,-1.23,0.48,1.66,2.6444047304847613,-115.65531640758245,-0.8296913896313204,5.116659538935314,26.17066987723432,-43.1416088239678,54.24,0.0
FF,-1.38,6.23,"White, Mitch",669952,foul,L,0,1,-0.5,1.3,-0.56,2.89,3.213574621097777,-135.24418936132943,-5.6022437946587225,-6.893810905616227,31.880700899239883,-15.205210105106914,54.13,-0.047
SL,-1.6,6.08,"White, Mitch",669952,called_strike,L,0,0,0.17,0.03,-0.08,2.67,3.323421472985771,-127.28771493417844,-2.0649284862549324,1.021281633221431,29.404072255356333,-31.659922969535103,54.17,-0.032
FF,-1.54,6.17,"White, Mitch",669952,swinging_strike,L,1,2,-0.27,1.48,-0.31,3.13,3.78339142180075,-135.9610908332139,-5.35981622897073,-4.202437341599714,30.755007162950545,-12.83028978056594,53.98,-0.169
CU,-1.47,6.2,"White, Mitch",669952,foul,L,1,2,0.38,-1.28,-0.13,2.14,2.2285312373478345,-116.00382253348468,0.3118943057329653,2.92904473045385,24.90855069558681,-43.900765191055285,54.01,0.0
SL,-1.67,6.12,"White, Mitch",669952,foul,L,1,1,0.1,-0.02,-0.04,1.27,3.66264245844454,-124.5429379006676,-5.078004670245054,0.2870606057866449,26.63260718989215,-31.542920904284184,54.1,-0.048
FF,-1.55,6.24,"White, Mitch",669952,ball,L,0,1,-0.38,1.52,-1.35,2.67,1.3659427248980331,-136.2846500569377,-6.776269262753563,-4.971278434243868,32.71103395625588,-12.010194756110623,54.16,0.03
FF,-1.51,6.15,"White, Mitch",669952,called_strike,L,0,0,-0.77,1.38,-0.2,2.21,5.049980964576978,-134.63863346870517,-7.279800030802263,-10.511239033326405,30.89644384556561,-13.982921545369654,53.9,-0.042
FF,-1.55,6.19,"White, Mitch",669952,hit_into_play,R,0,0,-0.31,1.36,-0.09,3.3,4.420147954006682,-135.1389388688181,-4.5884177013394805,-4.790960911239112,31.027421589856456,-14.770146367802496,53.97,-0.37
SL,-1.8,6.09,"White, Mitch",669952,hit_into_play,L,0,0,0.13,0.14,0.07,2.84,4.133482101176178,-124.50093613334806,-1.6874235922983365,0.4987574671663835,24.645447534204937,-30.612041391041554,54.26,-0.376
SL,-1.63,6.11,"White, Mitch",669952,hit_into_play,R,3,1,0.11,0.33,0.88,2.93,5.826236845248422,-127.42880314242602,-2.3579966423777026,0.2445795453640589,21.34651704170511,-28.269126111368685,54.16,0.263
SI,-1.46,6.06,"White, Mitch",669952,ball,R,2,1,-1.22,1.18,-0.3,0.85,5.616199659558739,-133.70287651839033,-9.969007839941623,-15.83376658119623,29.342475120987825,-16.067016211297943,53.87,0.108
ST,-1.87,6.04,"White, Mitch",669952,ball,R,1,1,1.31,0.17,0.25,1.52,2.247648162783657,-119.58439905946604,-3.8454291212998566,11.743897507253235,29.54816416580787,-29.862690968387195,54.23,0.05
SL,-1.73,6.08,"White, Mitch",669952,ball,R,0,1,-0.03,0.49,1.08,2.49,6.847830476175704,-127.35160942755104,-3.4772133965158467,-1.8773982407582244,29.321062782302704,-26.26496780742946,54.19,0.021
FF,-1.41,6.19,"White, Mitch",669952,foul,R,0,0,-0.4,1.58,1.17,2.88,7.501369720565713,-134.98185203471635,-6.109674198390181,-6.600101832308732,30.77386672490935,-11.677587847507962,54.1,-0.032
FF,-1.45,6.17,"White, Mitch",669952,hit_into_play,L,0,0,-0.38,1.35,0.0,3.27,4.584370072477578,-135.46870893943947,-4.626553147532304,-5.773010107105568,31.30178182171385,-14.737859078062684,53.96,-0.479
SL,-1.79,6.11,"White, Mitch",669952,hit_into_play,R,1,0,-0.12,0.31,0.57,2.66,5.858759494438555,-125.09933502165408,-2.424564126165836,-2.672811755376568,30.785898733745505,-28.591578542754363,53.99,0.45
SL,-1.69,6.15,"White, Mitch",669952,ball,R,0,0,0.07,0.31,1.07,2.13,6.435503732162222,-125.55524843297836,-4.0068740592474255,-0.4522707598969581,24.18032366714612,-28.28253410855747,53.95,0.044
SL,-1.71,5.8,"White, Mitch",669952,hit_into_play,R,3,2,0.12,0.12,-0.26,2.3,3.2327412807220983,-125.36077838990892,-2.269252175400639,0.5062876798304472,27.416800171189514,-30.68014891923638,53.99,-0.131
SI,-1.61,5.8,"White, Mitch",669952,ball,R,2,2,-0.87,0.73,0.62,1.11,7.576455341709511,-133.92036059390455,-7.654543107356904,-12.17274761511903,30.857496056816768,-21.835619705451357,54.03,0.043
FF,-1.4,6.04,"White, Mitch",669952,foul,R,2,2,-0.23,1.41,0.82,2.61,6.296965206063584,-136.7411618920837,-6.3310312852940624,-4.288700838294614,30.419237457932468,-13.21297445192018,53.92,0.0
CU,-1.55,6.05,"White, Mitch",669952,ball,R,1,2,0.64,-1.49,0.46,0.61,3.213042036698083,-115.51361477413066,-2.211570706533098,4.88654671313797,25.765994933580256,-45.07558362864839,54.05,0.018
ST,-1.82,5.76,"White, Mitch",669952,foul,R,1,2,0.97,-0.23,0.39,1.43,3.187288096357243,-121.7738974745613,-3.064818666686828,8.826672445130422,26.8002891149086,-33.961133502850466,53.89,0.0
SL,-1.69,5.87,"White, Mitch",669952,foul,R,1,1,0.22,0.0,0.75,1.34,5.402259247190306,-125.68634977197271,-4.608679826885229,1.2721601382081882,25.04650167483614,-31.4427409230708,53.98,-0.026
FF,-1.63,5.83,"White, Mitch",669952,ball,R,0,1,-0.65,1.09,0.64,0.76,7.19361034468698,-133.6672806348374,-9.39782797290263,-9.31947378814004,29.50625590644509,-17.149340096873594,53.98,0.011
FF,-1.44,5.95,"White, Mitch",669952,foul,R,0,0,-0.29,1.27,0.5,2.56,5.650310692650272,-135.41747686119547,-5.700774585022697,-4.85279859063665,31.30843003688449,-15.523038163737988,54.07,-0.015
FF,-1.61,5.89,"White, Mitch",669952,hit_into_play,L,2,2,-0.52,1.29,0.15,2.5,5.717873818085887,-137.0067167390596,-6.009672980053392,-7.80005274751474,30.229455539909427,-14.766060410168263,53.99,-0.142
CU,-1.45,5.89,"White, Mitch",669952,ball,L,1,2,0.14,-1.27,1.33,-0.42,6.051011683664382,-119.17735586033191,-5.1413103144377335,-0.0417316594884391,26.596506497787757,-43.18926660836083,53.91,0.026
FF,-1.58,5.88,"White, Mitch",669952,foul,L,1,2,-0.67,1.38,-0.77,2.04,3.56815417821302,-135.4363233359267,-7.083483501097568,-9.01764015827506,31.206483506225343,-13.857299820091711,54.05,0.0
SL,-1.77,5.63,"White, Mitch",669952,ball,L,0,2,0.02,-0.1,0.9,0.24,6.3685183377984345,-126.43234321264332,-6.425207364371998,-1.3308576458725097,30.01769794277758,-31.96021572391624,54.09,0.013
FF,-1.62,5.79,"White, Mitch",669952,foul,L,0,1,-0.21,1.54,-0.3,1.72,3.9007354448319767,-136.6978058774775,-8.219944311694473,-3.570911813271195,32.67819451433548,-11.20367748150688,54.06,-0.035
FF,-1.69,5.85,"White, Mitch",669952,called_strike,L,0,0,-0.35,1.47,-0.77,1.85,3.165709918385234,-136.4773791374231,-7.892657963866677,-5.078173346127115,30.848675120971773,-12.214796763358512,54.05,-0.024
FF,-1.44,5.9,"White, Mitch",669952,hit_into_play,R,1,1,-0.43,1.53,-0.04,2.18,4.523475101084068,-134.9868077244061,-7.071955391561537,-6.220320878596008,30.925580826913727,-12.174709332011057,54.04,-0.216
SL,-1.66,5.8,"White, Mitch",669952,ball,R,0,1,0.19,0.02,0.78,3.12,5.368856588634146,-124.74696958040909,-0.0757247618124227,0.8216724669622559,26.87464068299474,-32.17689864404149,54.17,0.021
SL,-1.57,5.84,"White, Mitch",669952,swinging_strike,R,0,0,0.27,0.19,0.99,1.43,5.506945192101929,-124.5957612440901,-4.552376560788035,1.7123552008304788,24.80529323707357,-29.44365248985176,54.11,-0.032
FF,-1.57,5.94,"White, Mitch",669952,hit_into_play,L,0,2,-0.69,1.23,-0.65,3.23,3.931885952696125,-136.9729382536513,-4.034972663005215,-9.50488047726464,31.626393752604773,-15.977121902908989,54.15,-0.143
CU,-1.5,5.96,"White, Mitch",669952,foul,L,0,2,0.42,-1.3,-0.19,1.4,2.124560493070505,-118.27377468787186,-1.005675750376863,3.4204366858988893,26.07851116460801,-44.28617390894063,54.24,0.0
FF,-1.59,5.88,"White, Mitch",669952,foul_tip,L,0,1,-0.51,1.35,0.14,2.92,5.625516139210866,-136.56577985187843,-4.961084779389124,-7.650021044594372,30.1743158053307,-14.323686948172108,54.08,-0.045
FF,-1.54,5.91,"White, Mitch",669952,called_strike,L,0,0,-0.33,1.47,-0.37,2.43,3.746591705807297,-135.91015689971832,-6.431746857951561,-4.93279643832709,31.05882064437547,-12.802411116448168,54.09,-0.042
SL,-1.59,5.88,"White, Mitch",669952,hit_into_play,R,3,2,0.11,-0.01,0.93,2.53,5.753702910750891,-125.33768300606243,-1.59106988757182,-0.1543182080997521,29.234313381955484,-32.16376879478792,54.19,-0.44
SI,-1.52,5.91,"White, Mitch",669952,ball,R,2,2,-0.96,1.17,-1.01,1.44,3.4035036600361748,-134.33953398390386,-8.135952247656395,-12.369800723522294,29.594275613653995,-16.411535235796304,54.1,0.097
ST,-1.74,5.8,"White, Mitch",669952,foul,R,2,2,1.43,-0.16,-0.36,2.09,0.3566392781205303,-120.79706284264628,-1.6425020677929405,13.7812126220383,25.72581417762369,-33.62304481979214,54.02,0.0
ST,-1.76,5.78,"White, Mitch",669952,foul,R,2,2,1.17,-0.35,0.8,2.52,3.607380677593585,-121.23065700363033,-0.2373655575788494,10.53995426867942,27.47158647739228,-35.80466278869878,53.96,0.0
FF,-1.48,6.0,"White, Mitch",669952,swinging_strike,R,2,1,-0.26,1.47,0.6,3.66,5.892162287830906,-134.58127467535363,-3.3362912383348484,-4.602062442668887,32.203515889257936,-13.874644158783134,53.99,-0.074
SI,-1.66,5.91,"White, Mitch",669952,ball,R,1,1,-1.32,0.99,-1.54,2.85,3.212399265500926,-134.58947864773904,-4.106767062323882,-16.690767003231343,33.11559960952636,-19.488398961274687,54.0,0.058
SL,-1.83,5.82,"White, Mitch",669952,ball,R,0,1,0.02,0.15,-0.49,3.46,3.1350494053021856,-124.37279707774243,0.5118714939127589,-0.5090515389410362,27.705610228214347,-31.02839031571057,54.02,0.031
SL,-1.79,5.83,"White, Mitch",669952,called_strike,R,0,0,0.28,0.47,0.33,3.16,4.528481623148524,-126.71107826181668,-1.1821560662965824,1.995743136168008,27.19147800027353,-27.121798700651794,54.09,-0.042
SI,-1.58,5.9,"White, Mitch",669952,hit_into_play,R,1,0,-1.35,0.73,-0.27,2.03,6.332108140383114,-134.78678207294936,-5.590347881400231,-17.875697080750403,35.30400512391248,-22.118339505490077,54.08,0.268
SI,-1.63,5.9,"White, Mitch",669952,ball,R,0,0,-1.27,1.08,-1.66,2.67,2.733226012144089,-136.2185159793269,-4.88422564370486,-16.292855028919206,36.2357224449041,-17.850846479423012,54.11,0.024
FF,-1.51,5.99,"White, Mitch",669952,hit_into_play,R,0,1,-0.44,1.57,0.45,1.65,5.987926813075622,-134.86642356198044,-8.660090987994726,-6.797682801675711,34.14483209427002,-11.32464972089827,54.01,-0.196
FF,-1.43,6.01,"White, Mitch",669952,called_strike,R,0,0,-0.63,1.37,0.94,2.68,7.411336255956072,-134.04472965295483,-5.558718715596249,-9.310159161810311,32.433270066419986,-14.654370527727467,54.0,-0.032
FF,-1.45,5.95,"White, Mitch",669952,hit_into_play,R,0,0,-0.65,1.28,0.18,2.79,5.732389758214127,-138.00838307035718,-5.456970347993173,-9.64017650785882,32.07701844753005,-14.824812220143942,54.01,-0.229
SI,-1.67,5.81,"White, Mitch",669952,hit_into_play,R,1,1,-1.1,0.98,-0.16,2.2,6.369065557699781,-137.08654767165336,-5.848920383507829,-15.24858820194461,32.0863575001649,-18.66724167440237,54.09,-0.287
CU,-1.55,6.05,"White, Mitch",669952,ball,R,0,1,0.32,-1.35,-0.99,1.48,0.6525877809608888,-115.88259300656507,-0.6660295286783923,2.689901170942165,24.35596224887428,-44.322395736932414,54.4,0.031
SL,-1.7,5.9,"White, Mitch",669952,called_strike,R,0,0,0.25,0.17,0.78,1.69,5.473018094160747,-127.48601216999164,-4.355009789236862,1.4418920967395048,28.485599704308424,-29.5293026245788,54.17,-0.042
CU,-1.47,6.0,"White, Mitch",669952,hit_into_play,L,0,1,0.48,-1.29,-0.63,2.75,0.9509999449337528,-115.86596799726334,2.118438933785119,4.149223185007834,23.44791138140652,-44.42067889067252,54.19,-0.312
FF,-1.46,6.01,"White, Mitch",669952,called_strike,L,0,0,-0.63,1.34,-0.82,2.33,3.0677903617750077,-137.31711767879167,-6.872318424354021,-8.609059126420622,31.208455807664684,-13.914888568320052,54.01,-0.064
SI,-1.53,5.97,"White, Mitch",669952,ball,R,3,2,-0.87,1.19,0.82,3.37,8.028428616759351,-136.8275034154609,-3.650639845602977,-12.729487203492312,31.25264750686145,-16.653534197595388,54.08,0.343
SI,-1.65,5.89,"White, Mitch",669952,foul,R,3,2,-1.07,1.23,-1.52,2.3,2.7146922745106554,-137.07814448357684,-6.308646662702211,-14.006703098784255,32.06843860526012,-15.510114949117474,54.12,0.0
SL,-1.64,5.86,"White, Mitch",669952,foul,R,3,2,0.32,0.27,0.87,1.54,5.478316447255575,-129.32316315078242,-5.107511527766356,2.42273962417661,27.02826644753604,-28.306136490134943,54.12,0.0
FF,-1.4,6.0,"White, Mitch",669952,foul,R,3,1,-0.3,1.5,-0.22,2.93,3.788368350475076,-137.6184868280404,-5.629750503499095,-4.747612475166766,34.15889338476832,-12.110917508704054,53.73,-0.078
FF,-1.44,5.95,"White, Mitch",669952,ball,R,2,1,-0.49,1.48,-0.21,1.37,4.295003639738899,-136.9966065162658,-9.466780720290686,-7.1420384196354725,33.424647184983144,-11.600916017157202,53.99,0.108
SL,-1.56,5.81,"White, Mitch",669952,ball,R,1,1,0.29,0.27,1.54,1.16,6.909839558397705,-127.5132612276666,-5.683388567360274,1.7054667321498145,26.603663909599373,-28.270944114023436,54.03,0.05
FF,-1.43,5.92,"White, Mitch",669952,ball,R,0,1,-0.44,1.42,1.31,1.37,8.081831629788974,-136.62647632561848,-9.21996424424544,-7.360285161272264,32.55114155994648,-12.39716682847675,54.05,0.021
FF,-1.51,5.96,"White, Mitch",669952,foul,R,0,0,-0.73,1.41,-0.04,2.86,5.448308392683039,-137.22031469729603,-5.466746081777883,-10.418515917055716,32.1873184240133,-13.419112403588723,54.07,-0.032
