pitch_type,release_pos_x,release_pos_z,player_name,pitcher,description,stand,balls,strikes,pfx_x,pfx_z,plate_x,plate_z,vx0,vy0,vz0,ax,ay,az,release_pos_y,delta_run_exp
CH,3.17,4.8,"Yarbrough, Ryan",642232,hit_into_play,R,3,2,1.41,0.2,-1.35,1.8,-12.304997849866162,-113.24449912713668,0.0470527517468948,14.27652909473898,18.972050737235477,-30.665092150367737,54.09,-0.131
CU,3.36,4.63,"Yarbrough, Ryan",642232,ball,R,2,2,-1.31,0.29,-0.4,1.06,-5.075003524601705,-102.2231307391964,0.2573388624109256,-8.268461895555836,17.494707769621467,-30.40317872372836,54.6,0.043
FF,3.27,4.92,"Yarbrough, Ryan",642232,ball,R,1,2,0.87,1.08,-0.45,4.4,-10.734331042071894,-127.01249099222152,2.676031707119863,11.595350074231924,25.524654703519207,-21.268826536206664,54.21,0.018
CH,3.17,4.85,"Yarbrough, Ryan",642232,ball,R,0,2,1.21,0.09,0.85,1.58,-7.131000348052476,-112.4294038714915,-0.1612317757558306,11.588141814094174,20.55026489531601,-31.61130099810653,54.2,0.009
CH,3.11,4.87,"Yarbrough, Ryan",642232,foul,R,0,1,1.41,0.16,0.24,1.67,-8.499722122524892,-110.26792290314204,0.1115680979857418,13.02014246842362,19.660693989667607,-31.089535332229172,54.35,-0.024
SI,3.13,4.98,"Yarbrough, Ryan",642232,foul,R,0,0,1.45,0.4,-0.15,2.71,-10.609806829478684,-124.47286255862905,0.0475000297455423,17.0689774351029,22.2636144832655,-28.201306932332507,54.39,-0.015
CU,3.45,4.81,"Yarbrough, Ryan",642232,hit_into_play,R,0,0,-1.45,0.52,0.59,2.04,-2.9840338267385995,-98.38358104888572,2.029391833848572,-8.801488499211999,17.470548017086596,-29.433453799975997,54.55,-0.148
SI,3.07,4.98,"Yarbrough, Ryan",642232,hit_into_play,L,2,1,1.42,0.3,0.24,3.01,-9.489118419933362,-124.42088815562308,0.9995899024236332,16.55749562710508,22.45279265464719,-29.458560846355542,54.34,-0.373
CU,3.4,4.79,"Yarbrough, Ryan",642232,ball,L,1,1,-1.26,0.31,-1.19,2.24,-6.628205294037847,-99.98512355474382,2.5176688253703547,-7.300042105319552,16.990505638915295,-30.804647508839967,54.48,0.129
FF,3.25,5.06,"Yarbrough, Ryan",642232,foul,L,1,0,1.43,0.76,-0.08,3.36,-10.540746163991514,-122.76467428690272,0.8812443954988842,16.509240291719323,23.62655484905192,-24.87372679952413,54.42,-0.125
FF,3.2,5.14,"Yarbrough, Ryan",642232,ball,L,0,0,1.36,0.69,-0.06,3.55,-10.19378101829006,-122.8807630212539,1.252325171057059,15.75529391219464,22.84431088670689,-25.64993097568795,54.66,0.087
