pitch_type,release_pos_x,release_pos_z,player_name,pitcher,description,stand,balls,strikes,pfx_x,pfx_z,plate_x,plate_z,vx0,vy0,vz0,ax,ay,az,release_pos_y,delta_run_exp
FF,-1.38,6.02,"Baz, Shane",669358,hit_into_play,R,0,0,-0.7,1.5,0.42,2.67,6.24912753377617,-136.3060196811735,-6.234204928570108,-10.204914127183004,32.10409952367759,-12.353134716508183,53.9,-0.228
FF,-1.45,5.87,"Baz, Shane",669358,swinging_strike,R,1,2,-0.98,1.5,0.72,3.24,8.061076417395567,-139.90255455039775,-4.754837007864444,-14.81082157597806,35.207479775571976,-11.689242513515548,53.8,-0.21
SL,-1.38,5.84,"Baz, Shane",669358,swinging_strike,R,1,1,0.1,0.34,1.25,3.09,6.267063938819424,-128.2514163698433,-1.2803897640114,-0.3362774580151685,28.467002730889146,-28.331175744937404,53.63,-0.087
FF,-1.45,5.91,"Baz, Shane",669358,swinging_strike,R,1,0,-0.95,1.56,0.85,3.07,8.328434739226447,-140.62428623751953,-5.583190391011146,-14.524292365033022,34.93381397877823,-10.39853642737958,53.79,-0.054
CH,-1.49,5.83,"Baz, Shane",669358,blocked_ball,R,0,0,-1.01,0.79,1.69,0.09,9.95513395212092,-128.85828909565103,-9.681483684810688,-13.295652356005723,27.172020966047103,-21.372665429897875,53.76,0.035
SL,-1.66,5.83,"Baz, Shane",669358,hit_into_play,L,1,0,0.07,0.44,0.65,1.87,5.565484224021816,-129.01642498522443,-4.559382639011741,-0.4597081250536722,28.22898774962893,-26.448129930381832,53.81,-0.364
SL,-1.81,5.9,"Baz, Shane",669358,ball,L,0,0,0.23,0.36,-1.02,3.49,1.4432181392544348,-128.54414246390664,-0.4753362138965719,2.195695503591112,28.873009902672184,-28.287164385464468,54.01,0.036
CU,-1.42,5.97,"Baz, Shane",669358,hit_into_play,R,0,1,0.26,-0.77,0.13,2.3,3.13002492280735,-124.21050634999872,-0.7562444552998617,2.086466246601236,25.629650248776585,-40.2233749625286,54.01,0.443
FF,-1.48,5.88,"Baz, Shane",669358,foul,R,0,0,-0.79,1.58,0.66,3.22,7.444151722037263,-138.0753082099704,-4.840730920186105,-11.827644770330336,34.10059839624175,-11.117977952326324,53.66,-0.024
FF,-1.49,5.89,"Baz, Shane",669358,hit_into_play,R,1,2,-1.05,1.22,0.03,2.39,6.469661406019067,-140.8897390869979,-6.578525949451974,-15.4452058422937,35.45995356428806,-14.551848809547336,53.9,-0.168
SL,-1.34,5.94,"Baz, Shane",669358,swinging_strike,R,1,1,0.14,0.39,1.08,2.39,5.547665429795411,-126.67038163508823,-3.1200668023186333,0.2840049127019127,27.720759632123755,-27.54052734462819,53.87,-0.049
SL,-1.47,5.96,"Baz, Shane",669358,ball,R,0,1,0.03,0.19,1.94,0.84,8.148541583257352,-126.8849403940196,-6.532556768055469,-1.418780047544954,27.791423411731603,-28.84277215504062,53.99,0.021
SL,-1.57,5.97,"Baz, Shane",669358,swinging_strike,R,0,0,0.03,0.36,0.8,2.33,5.663002906114433,-126.73893622880205,-3.2774723792945712,-0.9014935806768376,27.31356750832589,-27.789378262214868,53.97,-0.032
SL,-1.65,5.86,"Baz, Shane",669358,hit_into_play,R,0,1,-0.05,0.31,0.27,2.06,4.843896346956374,-129.39757080444548,-3.853497905945453,-1.6934150744096828,30.465388825711173,-28.05544213725205,54.0,-0.188
SL,-1.76,5.87,"Baz, Shane",669358,foul,R,0,0,0.04,0.29,-0.34,2.28,3.400418829570838,-128.24978816276672,-3.127493549660917,-0.4544529034568418,31.51416820687569,-28.53704070713301,53.89,-0.042
SL,-1.67,5.87,"Baz, Shane",669358,hit_into_play,L,1,1,0.0,0.32,0.12,2.37,4.390674294026155,-129.0471053134721,-3.1290279745570664,-1.0464680559072386,29.692509614582143,-28.14228108407257,53.95,-0.287
FF,-1.58,5.88,"Baz, Shane",669358,called_strike,L,1,0,-0.86,1.41,-0.74,2.75,4.205311778547353,-139.87651322776574,-5.872634733482763,-12.289824890373096,36.661571286943264,-12.542052997212169,53.96,-0.055
CH,-1.73,5.84,"Baz, Shane",669358,ball,L,0,0,-1.5,0.28,-0.54,1.17,6.158262869977747,-130.3042889878669,-6.09293423598634,-18.332001770848123,32.00727060493059,-27.72314928962609,53.8,0.044
SL,-1.6,5.86,"Baz, Shane",669358,hit_into_play,R,0,2,0.12,0.49,0.57,3.14,5.129609748113429,-130.16917713317915,-1.6359183987334736,0.0353860079338461,32.67476995376332,-26.537786628393956,53.91,-0.197
FF,-1.61,5.94,"Baz, Shane",669358,foul,R,0,1,-1.01,1.47,-1.12,3.55,3.649634725700683,-141.274850910253,-4.202138505184267,-14.315588748699987,37.13210328717026,-11.82188994738323,53.92,-0.135
FF,-1.57,5.86,"Baz, Shane",669358,called_strike,R,0,0,-1.01,1.5,0.85,2.14,8.825620564410947,-140.93415577018465,-7.845859554501728,-15.54739565249884,36.08140250312725,-10.49335561960484,53.75,-0.097
FF,-1.63,5.85,"Baz, Shane",669358,hit_into_play,L,1,2,-0.71,1.43,0.08,3.62,6.249264180424496,-141.26898154609466,-3.712782463086231,-10.955038402486712,33.954595705298004,-12.428677038339506,53.86,1.029
CH,-1.66,5.79,"Baz, Shane",669358,ball,L,0,2,-1.22,0.53,-1.22,1.58,3.7840205588706826,-133.70232688124554,-6.002835134676881,-15.45597085457501,29.298950635754093,-24.7034183446907,53.76,-0.073
FF,-1.61,5.83,"Baz, Shane",669358,foul,L,0,2,-0.77,1.38,-0.47,4.05,4.889672578227914,-142.18884276360703,-2.4535085502577374,-11.65363750994524,34.683184587341394,-13.208329400670406,53.81,0.0
SL,-1.57,5.78,"Baz, Shane",669358,swinging_strike,L,0,1,0.16,0.45,1.04,1.96,6.261001925157757,-132.16858333994654,-4.686352365119765,0.5595327546187218,26.819345565653308,-26.07805906531835,53.84,-0.06
SL,-1.69,5.81,"Baz, Shane",669358,swinging_strike,L,0,0,0.17,0.48,1.13,1.73,6.725777653217343,-132.25021215385874,-5.378530933854698,0.6184208281039103,28.144636659738403,-25.55673763113452,53.81,-0.053
SL,-1.65,5.91,"Baz, Shane",669358,hit_into_play,R,1,0,0.08,0.47,-0.2,3.04,3.3760451592558587,-128.13153222122773,-1.8573624883685216,0.1881192842416658,25.81364330494578,-26.828410451072244,53.93,1.039
CH,-1.64,5.93,"Baz, Shane",669358,ball,R,0,0,-1.36,0.99,-0.87,3.7,4.670352273476353,-126.34524779376892,-1.1429950043245785,-15.535883941839796,27.85519488487937,-21.561819283053367,53.95,0.067
FF,-1.43,5.89,"Baz, Shane",669358,ball,R,3,1,-0.75,1.46,1.1,2.62,8.548595819034501,-141.23169478046398,-6.5853770420784965,-12.001063962767889,33.04091650885583,-11.265419288149683,53.85,0.265
SL,-1.36,5.86,"Baz, Shane",669358,ball,R,2,1,0.21,0.57,2.1,0.88,8.202886883657541,-131.03212724530837,-7.663791479807928,0.6774494166079658,27.73369192324371,-24.13958344669549,53.85,0.108
SL,-1.5,5.87,"Baz, Shane",669358,ball,R,1,1,0.24,0.69,1.19,1.53,6.106051031511455,-129.45681034827612,-6.101533447012304,1.4689967757791274,27.10943263812197,-23.300756693635265,53.86,0.05
CU,-1.22,5.96,"Baz, Shane",669358,ball,R,0,1,0.62,-0.57,1.84,1.07,6.036985919903735,-125.3487422995069,-4.18636987593961,5.213715238554311,26.958907708463588,-37.43197636418689,53.96,0.021
CH,-1.49,5.85,"Baz, Shane",669358,swinging_strike,R,0,0,-1.18,1.14,-0.09,1.51,5.88548772934582,-127.74921726816818,-6.737596820760755,-14.2061140063948,29.08671105101064,-18.451288336033755,53.78,-0.032
FF,-1.76,5.86,"Baz, Shane",669358,hit_into_play,L,2,2,-0.9,1.42,-0.41,3.17,5.743067678778204,-142.26257687483823,-5.01672330814127,-13.604169360792651,37.21984370738731,-11.96781486720273,53.87,-0.2
SL,-1.71,5.84,"Baz, Shane",669358,foul,L,2,1,0.16,0.45,0.68,2.53,5.576977951761896,-129.98775556825777,-3.127874414060022,0.6622022710452641,25.83609930145527,-26.59617162309253,53.92,-0.067
CH,-1.54,5.85,"Baz, Shane",669358,blocked_ball,L,1,1,-0.78,1.21,0.78,0.51,7.451133610739441,-130.41765832286623,-9.78792708718998,-10.597986526682895,30.09253934054506,-16.41277612028452,53.7,0.049
FF,-1.66,5.91,"Baz, Shane",669358,foul,L,1,0,-0.81,1.34,-0.36,3.28,5.307295176909387,-139.71659616122184,-4.385426250141992,-11.826141588912172,34.036312032943805,-13.815733842073804,53.91,-0.039
FF,-1.62,5.97,"Baz, Shane",669358,ball,L,0,0,-0.92,1.26,-1.68,4.59,1.9361001872285808,-140.48071281263924,-0.943417203638374,-12.526104080761629,34.13097831729677,-15.5752871111066,53.91,0.027
CU,-1.39,5.91,"Baz, Shane",669358,hit_into_play,R,0,2,0.61,-1.07,0.78,2.33,3.960924163529113,-126.90341707979964,-0.1792946835661195,5.693364887321385,28.546311011136915,-43.830670978918654,53.92,0.168
CU,-1.38,5.96,"Baz, Shane",669358,called_strike,R,0,1,0.58,-1.07,0.28,2.92,2.748768673814544,-124.58791103214494,1.3409774375915695,5.422365425599654,27.47106867405885,-43.74930106314629,53.88,-0.024
CH,-1.52,5.75,"Baz, Shane",669358,called_strike,R,0,0,-1.18,0.83,0.88,1.48,8.475136521659449,-129.85694468956572,-6.250418876361624,-15.233717333762526,29.659110086418387,-21.640218493632347,53.71,-0.015
CU,-1.53,5.91,"Baz, Shane",669358,hit_into_play,R,1,0,0.37,-0.99,0.32,1.93,3.595173569046606,-123.44841546997098,-0.9825986344814026,3.074586484556769,25.01819672995536,-42.26268183496481,53.94,-0.187
CU,-1.39,5.91,"Baz, Shane",669358,ball,R,0,0,0.02,-0.7,1.72,0.99,7.381937081057144,-124.94482782379843,-3.954434773528065,-1.4077165972830177,26.62342662831545,-38.79545065932064,53.94,0.024
FF,-1.44,5.99,"Baz, Shane",669358,hit_into_play,R,3,1,-0.82,1.39,-0.03,3.26,5.589722798651822,-139.24639361890542,-4.709930014090753,-11.915885731494376,34.2393863612808,-13.252265330322514,53.96,-0.375
CH,-1.42,5.83,"Baz, Shane",669358,ball,R,2,1,-1.27,0.82,1.21,1.42,9.108297356286087,-128.45307007151487,-6.369166238731015,-16.009275059388262,28.3744567092587,-21.94159975354385,53.83,0.108
FF,-1.45,5.9,"Baz, Shane",669358,ball,R,1,1,-0.88,1.33,1.27,2.8,9.17093852898848,-138.5757066017538,-5.442837725877968,-13.573957704713036,34.26609553812686,-14.050589734833329,53.88,0.05
FF,-1.34,5.97,"Baz, Shane",669358,ball,R,0,1,-0.82,1.3,0.81,4.11,7.556976380487922,-138.86246594854978,-2.1479493786242894,-12.393397281543256,33.971512567605856,-15.206674494834685,53.89,0.021
FF,-1.4,5.95,"Baz, Shane",669358,foul,R,0,0,-0.89,1.44,-0.14,3.53,5.326423222482883,-137.36570333229696,-3.774112180317084,-12.504048794363454,33.34380474407577,-13.43255216420142,53.79,-0.032
CH,-1.6,5.75,"Baz, Shane",669358,swinging_strike,L,2,2,-1.15,0.66,0.17,1.89,6.902086394757212,-131.13920422332345,-5.007011154160067,-14.746179731155705,30.857856626276156,-23.65888483387566,53.7,-0.328
CH,-1.54,5.88,"Baz, Shane",669358,swinging_strike,L,2,1,-1.04,0.86,1.31,1.64,9.430651864364476,-132.1457082872219,-6.562986795638715,-14.27538774676465,29.96593557467361,-20.850794234108022,53.81,-0.162
CH,-1.64,5.79,"Baz, Shane",669358,ball,L,1,1,-1.28,0.77,0.77,1.12,8.783596011333245,-130.88288020262442,-7.227567447918298,-16.675117679806345,30.85076349420822,-21.90038541311432,53.77,0.058
FF,-1.48,5.83,"Baz, Shane",669358,called_strike,L,1,0,-0.83,1.32,0.4,1.92,7.023905124931381,-141.7981183510995,-8.03821278085935,-12.866262338790117,36.0413075292368,-12.64368359034163,53.8,-0.058
FF,-1.57,5.92,"Baz, Shane",669358,ball,L,0,0,-0.81,1.28,0.88,3.13,8.439952278576545,-140.56485530164676,-4.772192967439439,-12.740231707802188,35.965531590920484,-14.381744586022318,53.8,0.042
FF,-1.48,5.88,"Baz, Shane",669358,swinging_strike,R,2,2,-0.7,1.43,0.72,3.24,7.51271288112292,-140.28069718871987,-4.674838399518279,-11.077527242937796,34.83555268979443,-12.523140446160504,53.84,-0.422
FF,-1.4,5.91,"Baz, Shane",669358,ball,R,1,2,-0.93,1.35,0.15,4.29,6.287645616569226,-140.45169281579655,-1.801079282155272,-13.82222607106964,33.44027946186853,-14.19096929749992,53.88,0.06
SL,-1.46,5.91,"Baz, Shane",669358,foul,R,1,2,0.09,0.19,0.32,2.88,4.24135025129665,-130.17621830100268,-1.871378771119368,0.1595544015211583,26.964239029452308,-29.85197440170016,53.8,0.0
FF,-1.31,5.89,"Baz, Shane",669358,called_strike,R,1,1,-0.98,1.49,0.3,2.56,6.629917649225741,-141.95157647803816,-6.870625069130947,-14.784977109631146,35.00222221416747,-10.691511479459592,53.82,-0.065
SL,-1.48,5.89,"Baz, Shane",669358,foul,R,1,0,0.24,0.25,0.6,1.79,4.557934110313672,-127.69085643067925,-4.279466984423599,1.6011980037572875,28.915436958240328,-28.734514326900225,53.8,-0.106
FF,-1.3,5.84,"Baz, Shane",669358,ball,R,0,0,-0.91,1.37,1.36,1.64,9.370746059749782,-142.02437133183528,-8.96640000479413,-14.663362003626856,37.14241959620743,-11.613171106416765,53.7,0.051
CH,-1.58,5.75,"Baz, Shane",669358,swinging_strike,L,3,2,-1.27,0.64,-0.22,1.67,6.069830697073985,-130.0121735571108,-5.359728581830464,-15.65212386269225,30.87956693890803,-23.88898866973761,53.72,-0.687
FF,-1.5,5.85,"Baz, Shane",669358,foul,L,3,2,-0.95,1.41,-0.1,2.96,6.016177361713706,-142.49507224925858,-5.5461329131462245,-14.37116624818361,37.35677636939846,-11.913144879895269,53.81,0.0
SL,-1.39,5.81,"Baz, Shane",669358,ball,L,2,2,0.14,0.24,2.01,2.72,8.034346079858821,-128.3760623334806,-1.9093023725739435,-0.1673525249846941,27.66655736822933,-29.35607963921581,53.74,0.239
CH,-1.55,5.82,"Baz, Shane",669358,foul,L,2,1,-1.19,1.11,-0.42,2.3,5.346683896718871,-130.41576899797454,-4.988024578590073,-14.740009941169236,31.35199871613224,-18.698545780336865,53.88,-0.218
SL,-1.51,5.83,"Baz, Shane",669358,ball,L,1,1,-0.18,0.24,0.57,1.42,5.569840631755898,-130.61348475717898,-5.398621364964842,-3.316272902059377,30.60763188198288,-28.352902528026902,53.91,0.129
FF,-1.48,5.86,"Baz, Shane",669358,ball,L,0,1,-0.85,1.4,-0.86,3.21,3.638798125091246,-141.11107248620408,-4.6880061849625285,-12.2090714865777,36.733289791162285,-12.716439350815667,53.87,0.056
FF,-1.55,5.87,"Baz, Shane",669358,swinging_strike,L,0,0,-1.01,1.4,-0.14,3.1,6.130244369940511,-141.01320382809098,-5.033669407369901,-14.926438822407896,36.25706905782971,-12.633364877241048,53.84,-0.093
SL,-1.53,5.97,"Baz, Shane",669358,hit_into_play,R,0,0,-0.08,0.3,0.65,1.77,5.486569153181229,-127.92202746225048,-4.682255397912575,-2.0654658240147823,28.306202213706715,-28.027540578192934,53.94,0.691
FF,-1.26,5.9,"Baz, Shane",669358,hit_into_play,R,2,1,-0.85,1.44,0.55,3.63,6.760506351320317,-139.643265148224,-3.6133647940733966,-12.786209694617812,35.68761024595392,-12.829190259381258,53.86,0.371
FF,-1.33,5.96,"Baz, Shane",669358,foul,R,2,0,-1.09,1.49,0.11,2.34,6.317607771085712,-139.7834893369227,-7.337964873832018,-15.80835915009468,35.69705805037091,-11.147714554929433,53.95,-0.057
SL,-1.43,5.89,"Baz, Shane",669358,ball,R,1,0,0.29,0.29,1.92,1.22,7.433357462721307,-125.8359935994472,-5.488013630442989,1.3672982558651017,28.029087852658773,-28.072688295733048,53.87,0.064
SL,-1.48,5.95,"Baz, Shane",669358,ball,R,0,0,0.05,0.4,1.16,0.77,6.226594758563737,-126.13947392593208,-7.049960613478417,-0.7691275414579931,25.70091512795217,-26.60296658722557,53.98,0.032
SL,-1.57,5.85,"Baz, Shane",669358,hit_into_play,L,0,0,0.17,0.43,0.43,2.39,4.510790727318127,-127.66955662467244,-3.18293452816695,1.0188384642978856,25.289408330998672,-27.012008587336453,53.87,-0.1
FF,-1.41,5.86,"Baz, Shane",669358,hit_into_play,R,2,0,-0.92,1.27,0.32,2.02,6.715522993121561,-139.70069088732822,-7.440508269134401,-13.615311014810455,34.52999525434656,-14.016636162003968,53.88,-0.232
SL,-1.36,5.86,"Baz, Shane",669358,ball,R,1,0,0.22,0.4,1.22,1.74,5.75451626142389,-126.85776607471082,-4.535424780010951,1.191846823858152,27.044670758569783,-27.148668456568263,53.9,0.045
FF,-1.48,5.93,"Baz, Shane",669358,ball,R,0,0,-1.04,1.29,0.21,3.49,6.814477097858058,-138.81950071060498,-3.67171346062644,-14.9576731561926,33.71179966584117,-14.941817448581428,53.96,0.024
SL,-1.45,5.92,"Baz, Shane",669358,swinging_strike,R,2,2,0.25,0.44,0.89,2.0,5.180850781544907,-127.4685278364364,-4.217580351399261,1.5154561231783128,28.24947707931366,-26.68235543992804,53.95,-0.204
SL,-1.32,5.9,"Baz, Shane",669358,ball,R,1,2,0.19,0.37,1.52,1.82,6.5343871648277805,-128.162316970236,-4.5334951778563815,0.6250982679166935,29.02122092586609,-27.28944686811326,53.91,0.036
SL,-1.23,5.92,"Baz, Shane",669358,ball,R,0,2,0.28,0.21,0.55,3.57,3.6505854536966256,-125.4174909759594,0.261509470289974,2.14319221106958,28.092099056853858,-30.243604216502384,54.17,0.019
SL,-1.39,5.96,"Baz, Shane",669358,swinging_strike,R,0,1,0.18,0.43,0.49,2.52,4.132037390681064,-125.94806939508884,-2.8347802352288443,0.9681193090103806,28.399940954963764,-27.183478576841765,53.91,-0.047
FF,-1.5,6.03,"Baz, Shane",669358,foul,R,0,0,-1.05,1.44,-0.78,2.9,4.184260405969459,-135.8160448705071,-5.422265780917568,-13.862625697022397,32.666148572443475,-13.439070709640228,54.06,-0.032
CU,-1.31,5.73,"Baz, Shane",669358,swinging_strike,L,2,2,0.74,-1.27,0.62,1.82,3.0595441223470554,-124.24848915241152,-0.2458098315641959,6.87302275791691,28.86546729707701,-45.355405542868375,53.84,-0.088
SL,-1.51,5.68,"Baz, Shane",669358,foul,L,2,1,0.28,0.05,0.11,2.53,3.3248352967737955,-126.24287042002952,-1.4002076952072713,2.289878802558779,27.62116747226295,-31.523682918307763,53.89,-0.031
FF,-1.45,5.69,"Baz, Shane",669358,foul,L,2,0,-0.9,1.44,-0.08,2.12,5.741878488734903,-140.03054084689578,-7.092705550916398,-13.259974492319497,36.83384321514491,-11.867482343357691,53.92,-0.022
CH,-1.53,5.7,"Baz, Shane",669358,ball,L,1,0,-1.21,0.9,-0.71,3.68,4.527363582285548,-128.28598095820303,-0.5900883569534137,-14.302174629247755,30.567684701829325,-22.45099876009251,53.93,0.026
CH,-1.7,5.7,"Baz, Shane",669358,ball,L,0,0,-1.4,0.43,-0.61,0.61,5.704755397152638,-129.76246062647613,-7.347553450345274,-17.03217404462227,31.564413304216533,-25.822334909123047,53.76,0.016
SL,-1.33,5.76,"Baz, Shane",669358,swinging_strike,R,2,2,0.16,0.15,0.42,1.74,3.916624515959128,-127.2563875382721,-3.7861158075712673,0.8356048199705195,30.076457921901127,-29.871985860061457,53.83,-0.142
CU,-1.36,5.78,"Baz, Shane",669358,foul,R,2,2,0.56,-1.28,-0.09,1.62,1.8510552842916612,-123.94121416999867,-0.7613202382936946,5.281846867371777,29.53334482912696,-45.26532320800811,53.92,0.0
CU,-1.43,5.74,"Baz, Shane",669358,foul,R,2,1,0.77,-0.85,0.19,1.97,2.270145186150732,-123.38682303487508,-0.6635738230513579,7.192650099547867,28.839039524263114,-40.81150398927672,53.96,-0.051
FF,-1.27,5.77,"Baz, Shane",669358,ball,R,1,1,-0.67,1.54,1.25,1.53,8.21070794926372,-138.4419296491466,-8.920779527166488,-10.682324199296223,35.98909715263955,-10.490651848377489,53.79,0.037
FF,-1.37,5.75,"Baz, Shane",669358,foul,R,1,0,-0.52,1.54,0.09,3.51,5.045305010423625,-138.54696008369208,-3.656389983806609,-7.870486468461521,35.03932224608816,-11.82709150296405,53.74,-0.031
FF,-1.36,5.66,"Baz, Shane",669358,ball,R,0,0,-0.52,1.41,1.17,1.78,7.874458261654533,-138.8677123478927,-7.72680402920705,-8.677036428619788,35.27562583756789,-12.390011723280152,53.82,0.024
CU,-1.45,5.79,"Baz, Shane",669358,hit_into_play,L,0,2,0.64,-1.2,0.49,1.88,3.2363696281955923,-122.57440588465234,-0.2145240222666389,5.673088350550317,28.207607395452182,-44.29280657945196,54.01,-0.149
FF,-1.23,5.74,"Baz, Shane",669358,foul,L,0,1,-0.82,1.62,-0.29,3.34,4.358066514331824,-138.3888388508853,-4.2278440383630365,-11.567781414021074,34.540689798229884,-10.713454870349253,53.95,-0.047
CU,-1.57,5.91,"Baz, Shane",669358,called_strike,L,0,0,1.05,-0.78,-0.15,2.9,1.1942792152197408,-120.87562230646712,1.1669365150216748,9.973723797567068,25.68548590590732,-40.27390451001731,54.06,-0.032
CU,-1.22,5.74,"Baz, Shane",669358,swinging_strike,R,0,2,0.75,-1.5,-0.34,2.19,0.5495978099258957,-123.19864796296888,1.211457832370043,7.420713490926284,29.720964750590163,-47.72677636480866,53.91,-0.061
FF,-1.21,5.63,"Baz, Shane",669358,called_strike,R,0,1,-0.84,1.56,-0.02,3.02,5.10354420955982,-140.2375138156797,-4.874036641407723,-12.271848488093571,35.87252404504543,-10.76974624127595,53.79,-0.024
FF,-1.48,5.71,"Baz, Shane",669358,called_strike,R,0,0,-0.93,1.56,0.26,3.35,6.793144813053194,-140.37670442156698,-4.2221016933920135,-13.88704759908413,36.53022712382574,-10.838809388083858,53.85,-0.015
FF,-1.34,5.64,"Baz, Shane",669358,swinging_strike,L,1,2,-0.89,1.59,-0.22,3.61,5.112535730179177,-141.75554208610495,-3.555832958374007,-13.20265002892658,37.289941837449085,-10.236051938358566,53.81,-0.116
CH,-1.39,5.61,"Baz, Shane",669358,called_strike,L,1,1,-1.24,0.74,-0.39,1.85,5.060885555543473,-128.86638694915453,-4.6305857354677205,-14.834449101308236,29.957476196193745,-23.137985943324157,53.74,-0.04
CU,-1.38,5.78,"Baz, Shane",669358,swinging_strike,L,1,0,0.71,-1.06,0.52,2.11,2.9742971219083905,-121.13027928677508,0.1858496651329615,6.267372508614621,26.655926903888357,-42.748708458348,53.89,-0.031
CU,-1.57,5.85,"Baz, Shane",669358,ball,L,0,0,0.84,-1.22,-0.93,4.18,-0.2038133665949598,-119.4310743587946,5.256092092619366,8.0198300822807,26.11064338123993,-45.14113637247649,54.01,0.024
FF,-1.38,5.71,"Baz, Shane",669358,swinging_strike,R,3,2,-0.93,1.48,-0.59,3.53,4.26590250565364,-140.66901262980363,-3.5726678327036203,-13.316228908590825,37.02727634172708,-12.019065870960857,53.85,-0.297
FF,-1.27,5.7,"Baz, Shane",669358,foul,R,3,1,-0.78,1.58,0.93,2.36,7.568860309124776,-138.4108422082865,-6.63633880538537,-11.854184533257436,35.39698709787515,-10.604992096665654,53.84,-0.078
FF,-1.45,5.77,"Baz, Shane",669358,called_strike,R,3,0,-0.89,1.49,-0.6,2.72,4.242700528677258,-138.21887507078685,-5.61045770763161,-12.3384489928096,35.28156720853001,-12.07021960536234,53.91,-0.083
SL,-1.26,5.63,"Baz, Shane",669358,ball,R,2,0,0.26,0.08,1.65,0.83,6.453615969138551,-125.71181822835838,-5.383957445122947,1.2690216783723465,28.17111483041173,-30.298735483660256,53.64,0.133
CU,-1.21,5.89,"Baz, Shane",669358,ball,R,1,0,0.72,-0.85,0.75,3.91,3.0569762913158884,-120.32529639157065,3.69929296129373,6.302716447533578,25.201953841460263,-41.4225657615806,54.08,0.064
SL,-1.37,5.77,"Baz, Shane",669358,ball,R,0,0,0.24,0.08,0.7,0.68,4.386178158503482,-123.09880228177649,-5.654610670082862,1.4903926557281149,26.640812191052724,-30.377510774251263,53.81,0.032
CU,-1.47,5.83,"Baz, Shane",669358,hit_into_play,L,2,2,0.81,-1.24,-0.24,3.16,1.2584815399768363,-123.6517556261937,2.6528361300823238,7.91482868420099,27.64600612744313,-45.641091932308605,53.96,-0.55
CH,-1.49,5.65,"Baz, Shane",669358,ball,L,1,2,-1.13,0.65,0.93,0.91,8.461508688102418,-130.78136341975048,-7.189856660001153,-14.806866937759573,29.60337108668244,-23.276043229472684,53.72,0.06
SL,-1.65,5.76,"Baz, Shane",669358,foul,L,1,1,0.04,0.22,0.38,2.22,4.763684602685189,-125.5887292800436,-2.5960224315753107,-0.609654968348849,27.861136030852126,-29.542497532777475,53.94,-0.065
CH,-1.8,5.72,"Baz, Shane",669358,ball,L,0,1,-1.34,0.62,-1.71,2.81,3.017386162282756,-128.70748202531027,-2.298401188619187,-15.504570766478375,28.57470182503653,-24.98190938015822,54.0,0.028
CH,-1.72,5.74,"Baz, Shane",669358,foul,L,0,0,-1.34,0.78,-0.7,2.27,5.183820770250834,-125.99806805141635,-3.664445801033355,-15.277507847397915,27.26380584766893,-23.337937198886703,53.87,-0.083
FF,-1.6,5.79,"Baz, Shane",669358,hit_into_play,R,0,0,-0.88,1.5,0.05,2.19,6.378953145610794,-138.83471713061343,-7.226389964620026,-12.901858857126198,33.40600212902478,-11.31591354643392,53.83,0.494
CH,-1.86,5.78,"Baz, Shane",669358,hit_into_play,L,0,1,-1.34,0.92,-0.43,1.38,6.26940309622867,-127.68911611167572,-6.400236150843197,-15.93672383356856,28.484711938627388,-20.95284101452312,53.9,-0.472
CH,-1.85,5.82,"Baz, Shane",669358,swinging_strike,L,0,0,-1.4,0.9,-0.17,1.79,6.808711424024129,-124.17003064838818,-4.996454148914428,-15.828705389182607,26.599177640220237,-22.029565139544367,53.94,-0.064
CU,-1.64,5.86,"Baz, Shane",669358,hit_into_play,L,0,2,0.81,-1.28,-0.92,2.19,0.0670693467399616,-122.3812850272943,0.4989227909833174,8.03557528220845,27.50924941551364,-45.22957448382554,54.17,0.521
FF,-1.58,5.86,"Baz, Shane",669358,swinging_strike,L,0,1,-0.96,1.62,-1.15,2.77,3.2953836352366177,-138.27333152816828,-6.028810686317548,-13.027101643829289,33.93582495444351,-10.260173027906976,54.09,-0.047
CU,-1.54,5.93,"Baz, Shane",669358,called_strike,L,0,0,0.6,-1.25,0.71,2.03,3.92431947401294,-119.27991681843982,0.265298237474511,4.834897904964733,26.103854536118007,-44.32212528168064,54.12,-0.032
CU,-1.35,5.75,"Baz, Shane",669358,foul_tip,R,0,2,0.62,-1.35,0.22,1.23,2.4821240923840797,-124.3567237155299,-1.5602268238726409,5.7233710750840165,29.11425115565581,-45.86700239562789,53.98,-0.061
CU,-1.37,5.81,"Baz, Shane",669358,called_strike,R,0,1,0.65,-1.25,-0.08,3.11,1.6886060642859544,-121.64012293822609,2.755283081989488,5.96621573692114,27.423243271194924,-45.272656693342064,54.06,-0.024
SL,-1.65,5.74,"Baz, Shane",669358,foul,R,0,0,0.09,0.2,0.01,3.17,3.7568241944788414,-124.98268119929816,-0.2267690083677347,0.1591016399712381,25.42105126335884,-30.241807962020157,53.93,-0.015
SL,-1.61,5.71,"Baz, Shane",669358,hit_into_play,L,3,1,0.28,0.37,0.08,2.64,3.535183241350154,-127.26378431124272,-2.007506346324769,2.3013306224276104,26.7932339463538,-27.99652536560721,53.84,-0.271
SL,-1.59,5.66,"Baz, Shane",669358,ball,L,2,1,0.26,0.26,-0.17,1.43,2.92881602745343,-128.03012092575796,-4.624678619121369,2.0798767435050376,30.663876545449828,-28.46263324070359,54.02,0.077
FF,-1.59,5.73,"Baz, Shane",669358,called_strike,L,2,0,-1.16,1.51,-0.62,3.24,5.241713884707896,-140.2160365221123,-4.418502235949267,-16.488825142407908,37.09015723433155,-11.53757017085302,53.96,-0.039
SL,-1.64,5.74,"Baz, Shane",669358,ball,L,1,0,0.2,0.23,1.28,0.88,6.481007509513728,-123.8383093098965,-5.466452987085443,0.5293430904369674,28.904705771210487,-28.764318498535545,53.97,0.045
CU,-1.63,5.91,"Baz, Shane",669358,ball,L,0,0,0.64,-1.35,-1.54,3.48,-1.0170695471845033,-118.90414464866592,3.798755629987639,6.189519933344317,26.262568598760016,-45.918378186764194,54.08,0.024
FF,-1.27,5.87,"Baz, Shane",669358,hit_into_play,R,0,0,-0.79,1.45,0.6,2.84,6.593201641639553,-136.08105496173386,-5.24204450441015,-11.313920202176526,33.597451143887454,-13.23794709982062,53.99,-0.228
CU,-1.36,5.83,"Baz, Shane",669358,hit_into_play,L,0,2,0.84,-1.01,-0.43,3.01,0.4746738575997496,-121.87876574632062,1.972336377235296,8.213998480568144,26.4220332906384,-42.80546012550416,54.07,-0.061
CU,-1.48,5.81,"Baz, Shane",669358,foul,L,0,1,0.45,-1.1,0.2,2.03,3.01863336732343,-122.53873755195312,-0.1512412694897025,3.8946453054312777,26.554741525455537,-43.36968899533701,53.97,-0.024
FF,-1.69,5.71,"Baz, Shane",669358,called_strike,L,0,0,-0.84,1.44,-0.23,3.61,5.755014920624725,-138.64448326923844,-3.102996876205415,-12.16961161116878,33.31768797254521,-13.149112065257157,53.91,-0.015
SL,-1.61,5.73,"Baz, Shane",669358,hit_into_play,R,0,0,0.05,0.23,0.53,3.04,5.041415818932706,-125.98716723054054,-0.65910662627044,-0.5102768647515524,27.072220263327296,-29.80939650668549,53.9,-0.163
FF,-1.62,5.71,"Baz, Shane",669358,hit_into_play,L,3,2,-1.05,1.38,-0.07,2.61,6.531758629134344,-140.34779699732104,-5.783226747425236,-15.410027761106344,35.20231621313235,-12.834284830532257,53.94,-0.297
FF,-1.53,5.79,"Baz, Shane",669358,foul,L,3,2,-0.94,1.48,0.65,1.75,8.017937517786395,-140.40845254879557,-8.547462685921364,-14.39850226244018,36.76076162093344,-10.754883228155046,53.8,0.0
SL,-1.68,5.61,"Baz, Shane",669358,ball,L,2,2,-0.01,0.45,2.14,0.45,9.39983762624149,-128.66213390467382,-7.490429046142422,-2.1244652803156585,27.775185341793744,-25.67663944498168,53.8,0.093
FF,-1.57,5.78,"Baz, Shane",669358,called_strike,L,2,1,-0.91,1.67,0.81,2.79,8.314798036395972,-138.40848080903515,-5.904016165323204,-13.645405454341322,34.81536226787412,-9.575439734745313,53.95,-0.063
CH,-1.68,5.74,"Baz, Shane",669358,ball,L,1,1,-1.28,0.93,0.17,1.28,7.14794265403691,-126.91892533451656,-6.472510846141962,-15.375138723668728,28.47228943872897,-20.94050500970768,53.87,0.05
FF,-1.72,5.78,"Baz, Shane",669358,ball,L,0,1,-1.02,1.69,-0.85,3.84,4.579725727930736,-138.11216424074826,-3.138366173213814,-14.036886802344066,34.989396248441864,-10.214827402369268,53.95,0.021
SL,-1.64,5.82,"Baz, Shane",669358,foul,L,0,0,0.19,0.24,0.32,1.95,4.198251054411927,-122.27642284411688,-3.0298509426554032,0.9936140375898844,25.38371300211698,-29.32088963394668,54.06,-0.032
SL,-1.43,5.73,"Baz, Shane",669358,hit_into_play,R,1,1,0.14,0.34,0.23,1.95,3.723251632326525,-127.28695820917147,-3.5868699452822117,0.6415992548287204,29.89685309180776,-27.964479607512946,53.88,-0.31
SL,-1.45,5.68,"Baz, Shane",669358,swinging_strike,R,1,0,0.12,0.35,1.12,1.3,5.94954683339369,-126.8125233249041,-5.020229163050272,-0.114508966252237,30.332379727834358,-27.440067640763484,53.86,-0.049
CU,-1.35,5.81,"Baz, Shane",669358,ball,R,0,0,0.34,-0.89,1.49,1.13,6.012505555888527,-124.06455455617612,-2.8492397245398635,2.1583718129026943,27.306536353379304,-40.90282410493808,54.04,0.021
FF,-1.44,5.71,"Baz, Shane",669358,hit_into_play,L,3,2,-1.22,1.43,0.19,3.09,7.179325579776712,-140.8686052233728,-4.67529887105985,-17.92787234944531,35.881126148895696,-12.277918243037426,53.93,1.533
FF,-1.51,5.71,"Baz, Shane",669358,ball,L,2,2,-0.97,1.5,1.27,2.3,9.848850093717036,-142.6785511919386,-7.224147416828657,-15.697196974837992,36.11821568073452,-10.19033663085178,53.82,0.115
FF,-1.52,5.83,"Baz, Shane",669358,foul,L,2,1,-0.84,1.53,-0.74,2.12,3.9910314985190873,-139.6296984576243,-7.64458896233977,-11.951288420626522,34.99557083904408,-10.62379394186044,54.01,-0.162
FF,-1.5,5.76,"Baz, Shane",669358,swinging_strike,L,2,0,-1.06,1.41,-0.52,2.96,5.021333877005203,-140.4140520336564,-5.061703750589933,-15.157491685352714,35.65047813914175,-12.651047311330132,53.97,-0.076
FF,-1.5,5.73,"Baz, Shane",669358,ball,L,1,0,-0.86,1.55,-0.64,3.6,4.232360460609302,-139.28972779435747,-3.4480139138853354,-12.108149786232394,34.752005830521384,-11.535104035254625,53.92,0.075
SL,-1.6,5.79,"Baz, Shane",669358,ball,L,0,0,0.12,0.48,1.04,4.38,6.105198635529659,-126.4393259001339,1.9269102425676388,-0.2067078089249804,29.73102725066592,-27.78160974132163,54.0,0.042
FF,-1.54,5.75,"Baz, Shane",669358,ball,L,3,0,-1.16,1.31,-0.98,2.23,4.040088311319359,-136.4162329982644,-6.253247363415491,-15.356439112260349,33.20179193334664,-14.625081934734355,53.88,0.084
FF,-1.58,5.82,"Baz, Shane",669358,ball,L,2,0,-0.97,1.38,-0.72,3.73,4.47448562635309,-138.82442692769962,-2.919544799193608,-13.59741465602475,33.67836873642471,-13.98351193854132,53.9,0.071
FF,-1.68,5.72,"Baz, Shane",669358,ball,L,1,0,-0.93,1.3,1.24,2.01,9.864037809961673,-138.93688980068197,-7.084692756314429,-14.440830569853516,34.04962713102655,-13.915312507152484,53.87,0.044
FF,-1.73,5.75,"Baz, Shane",669358,ball,L,0,0,-0.99,1.47,-1.03,4.26,4.16052021589375,-140.09856955822087,-1.6706004560675003,-14.033320719468325,34.71941429562076,-12.736394697637394,53.95,0.027
FF,-1.57,5.8,"Baz, Shane",669358,hit_into_play,R,0,1,-1.09,1.55,-0.07,2.67,6.48470888628069,-140.06322287889958,-6.237454565021783,-15.856784765720992,35.023402152169155,-10.51723480022064,53.9,-0.256
FF,-1.56,5.78,"Baz, Shane",669358,called_strike,R,0,0,-1.28,1.36,0.07,1.81,7.312143819094169,-140.9236988373243,-8.164099507006444,-18.771138539395828,35.31988853578114,-12.273407342797354,53.82,-0.042
CU,-1.56,5.8,"Baz, Shane",669358,swinging_strike,L,1,2,0.42,-0.9,-0.65,2.09,1.2849671188611214,-122.83935997372764,-0.4183300585553112,3.908772512330725,26.821010049810614,-41.333856537865415,54.02,-0.283
CU,-1.54,5.85,"Baz, Shane",669358,foul,L,1,1,0.6,-0.83,1.01,1.66,4.809411639215496,-124.064644961775,-1.8491304710280068,5.145360570589575,26.126682144430728,-40.54599285172597,54.0,-0.078
FF,-1.59,5.73,"Baz, Shane",669358,ball,L,0,1,-0.98,1.59,-1.07,3.06,3.707040757347628,-142.7861247210332,-5.375584828308453,-14.261510898964522,37.14423634021018,-9.511749684277849,53.99,0.057
FF,-1.68,5.82,"Baz, Shane",669358,swinging_strike,L,0,0,-1.11,1.45,-0.97,2.82,4.444442159414119,-141.05185817425354,-5.7251079839122,-15.768151435966171,36.14887445876846,-11.822871724587117,54.01,-0.064
FF,-1.18,5.66,"Baz, Shane",669358,ball,R,3,2,-0.92,1.46,1.2,1.53,8.529992964321485,-141.12104043526992,-8.867664133305123,-14.288516524733629,35.09412599958761,-10.726507706151924,53.76,0.343
SL,-1.18,5.72,"Baz, Shane",669358,ball,R,2,2,0.24,0.31,2.12,0.92,7.625512902214,-128.94408245815032,-6.297689013066807,0.8842113774912034,29.456775245924263,-27.531325453586405,53.83,0.093
SL,-1.38,5.64,"Baz, Shane",669358,foul,R,2,2,0.2,0.29,0.52,2.65,4.20806563315652,-127.5211806875273,-1.7158107574304386,1.256185601120947,26.757963543892306,-28.819980739188956,53.95,0.0
FF,-1.22,5.66,"Baz, Shane",669358,foul,R,2,2,-0.81,1.7,0.17,2.9,5.635716567205111,-142.16433696884056,-5.8395776713701215,-12.303094816568429,35.50854441000593,-8.050928640785386,53.89,0.0
FF,-1.21,5.73,"Baz, Shane",669358,ball,R,1,2,-0.76,1.75,-0.47,4.23,3.7430333268081153,-141.18764493812745,-2.4452157696333026,-11.081642310227725,34.88842956090687,-8.581699570388992,53.92,0.036
SL,-1.16,5.71,"Baz, Shane",669358,foul,R,1,2,0.27,0.3,0.8,1.74,4.222707479026372,-128.3505450059451,-4.176274660577285,2.070272569081025,27.29078263203248,-28.19951917645945,54.09,0.0
SL,-1.48,5.73,"Baz, Shane",669358,called_strike,R,1,1,0.43,0.46,0.78,2.38,4.582081456236265,-127.8855161869419,-2.925488844884108,3.73533622439412,28.0200904769024,-26.703359000697127,54.02,-0.049
SL,-1.22,5.87,"Baz, Shane",669358,ball,R,0,1,0.34,0.39,1.77,2.34,6.502730930868303,-126.53705754143049,-3.029124074457389,2.145638325433613,28.010129845048,-27.602533813299097,54.08,0.021
FF,-1.4,5.82,"Baz, Shane",669358,called_strike,R,0,0,-0.97,1.46,-0.1,2.57,5.611947245181467,-137.95141233042625,-5.981362725402471,-13.674138331553545,37.715110246913056,-12.474672298040504,53.97,-0.032
CH,-1.91,5.7,"Baz, Shane",669358,swinging_strike,L,2,2,-1.39,0.55,-0.54,0.75,6.195900277077866,-127.13012698750263,-6.990762559695104,-16.374318349535372,24.11771961848361,-25.02845430780545,53.93,-0.448
CU,-1.72,5.79,"Baz, Shane",669358,blocked_ball,L,1,2,0.5,-1.17,-0.76,0.68,1.2111606195118632,-119.30018251179642,-2.715581014825968,4.484530934195251,23.735018361096227,-42.99792151004025,54.1,0.066
FF,-1.72,5.59,"Baz, Shane",669358,ball,L,0,2,-0.78,1.39,-1.96,3.67,1.1284318566063638,-139.37598386052932,-2.6238790297609413,-10.363500892108492,30.917550856828345,-13.674470866122212,53.8,0.058
CU,-1.72,5.74,"Baz, Shane",669358,foul,L,0,1,0.52,-0.95,0.22,1.96,3.366144279158584,-119.01513008361182,-0.1033392875906507,4.234373337056828,23.78840662648282,-41.3477845484041,54.12,-0.157
CU,-1.67,5.87,"Baz, Shane",669358,swinging_strike,L,0,0,0.38,-0.93,1.03,1.31,5.373718917396028,-118.93327592422528,-1.8796411468814156,2.5251813163379544,23.862776391716967,-40.79042501031111,53.98,-0.093
FF,-1.51,5.71,"Baz, Shane",669358,ball,L,3,2,-0.93,1.27,1.0,3.46,8.870681141182965,-140.93118155554396,-3.323320374208727,-14.46267578789892,34.569877088938206,-14.711469816715788,53.87,0.427
FF,-1.92,5.62,"Baz, Shane",669358,foul,L,3,2,-0.93,1.15,-0.31,1.74,6.334438395859296,-137.98986565018032,-7.117374064814966,-13.278191868701873,30.937249789863017,-16.061803194941238,53.78,0.0
CU,-1.74,5.77,"Baz, Shane",669358,blocked_ball,L,2,2,0.14,-1.02,0.93,0.75,6.096361683037117,-124.84806022178655,-3.587089121147395,0.2550402954127517,24.576303663605216,-42.31903313393112,53.76,0.191
CH,-1.82,5.76,"Baz, Shane",669358,foul,L,2,1,-1.27,0.56,-0.07,2.86,6.908098513292321,-127.7394013066988,-2.048578289768136,-15.31867836754313,26.807551770031065,-25.853630947101266,53.91,-0.075
FF,-1.7,5.67,"Baz, Shane",669358,ball,L,1,1,-0.88,1.28,0.85,2.5,8.733076974146725,-137.85504293010516,-5.510575216373315,-13.196680198718823,30.305116808424337,-14.844994900612908,53.69,0.074
FF,-1.88,5.79,"Baz, Shane",669358,ball,L,0,1,-0.83,1.35,0.06,4.76,6.924677301258771,-136.71870826956163,0.085667310076935,-11.990686545938138,31.032566166723136,-15.571463386532168,53.84,0.057
FF,-1.85,5.68,"Baz, Shane",669358,foul_bunt,L,0,0,-1.03,1.23,0.29,2.07,8.011564898936822,-138.54957750208254,-6.680180136108122,-15.024923095407868,30.14941942473737,-14.980909584657184,53.81,-0.064
FF,-1.86,5.77,"Baz, Shane",669358,ball,R,3,1,-0.99,1.11,-1.02,2.87,4.438701742891721,-138.08292045249624,-4.461721219723611,-13.647449381087728,29.65991105078428,-17.132268920321145,53.85,0.265
CU,-1.5,5.91,"Baz, Shane",669358,ball,R,2,1,0.49,-1.12,1.79,2.0,6.550032654948311,-119.4005744255388,-0.0972694853528697,3.4060396044380883,23.264532986173467,-43.10791454857716,53.81,0.108
SL,-1.51,5.67,"Baz, Shane",669358,ball,R,1,1,-0.04,0.18,1.11,2.4,6.381881788775865,-126.03488087195342,-2.0257578250223025,-1.5861852204870828,23.281423999741023,-30.02825485789851,53.89,0.05
SL,-1.53,5.76,"Baz, Shane",669358,ball,R,0,1,0.14,0.22,1.12,1.89,6.000969097695461,-124.05488873046824,-3.2928890984580668,0.2998951128514767,22.976905829250448,-29.50944809492253,53.85,0.021
SL,-1.6,5.74,"Baz, Shane",669358,called_strike,R,0,0,0.2,0.17,0.41,1.75,4.269493745441647,-121.31083923049712,-3.13199275760012,1.237150892540416,21.33756030461257,-30.15337059464525,53.86,-0.032
FF,-1.88,5.68,"Baz, Shane",669358,hit_into_play,L,0,2,-1.09,1.23,0.03,2.76,7.503545294882388,-138.83460643287415,-4.834096614763249,-15.78529087777233,31.63262880399848,-15.407570414494163,53.89,-0.143
FF,-1.76,5.74,"Baz, Shane",669358,called_strike,L,0,1,-0.9,1.36,-0.45,2.4,5.49616451848485,-138.7333272216259,-6.217177004119536,-12.801010581591536,31.24164545554459,-13.470615439550144,53.89,-0.045
FF,-1.88,5.66,"Baz, Shane",669358,called_strike,L,0,0,-0.99,1.31,0.37,2.35,8.251422841306766,-139.84418302116205,-6.203058621813246,-14.768787052583985,30.336544644974023,-13.758919249752791,53.9,-0.042
FF,-1.65,5.81,"Baz, Shane",669358,hit_into_play,R,2,2,-0.97,1.46,-0.5,3.17,5.177073982693583,-137.46204899708738,-4.4483309079716085,-13.401825012231606,30.89081250741448,-12.845574650868803,53.89,-0.271
CU,-1.55,5.84,"Baz, Shane",669358,blocked_ball,R,1,2,-0.07,-0.68,1.33,-0.48,7.01156097297491,-124.72595264703456,-7.306199751007175,-2.231624657504653,26.86993917798031,-37.803761229640855,53.77,0.054
SL,-1.61,5.64,"Baz, Shane",669358,ball,R,0,2,0.27,0.19,0.14,1.43,3.6521474493554,-125.43723061792711,-4.1951435592253175,2.0676031879281136,25.170968340550395,-29.522753259415374,53.78,0.02
FF,-1.52,5.69,"Baz, Shane",669358,swinging_strike,R,0,1,-1.04,1.37,-0.32,3.22,5.467678285548817,-137.57685571697596,-3.772064300793805,-14.384724853967858,33.12847461314105,-14.164636511197234,53.91,-0.059
SL,-1.62,5.7,"Baz, Shane",669358,called_strike,R,0,0,0.29,0.27,0.8,2.79,5.194251939863015,-125.84037637922432,-1.315947800275712,2.143653182441795,24.2392959685742,-29.23049832972997,53.86,-0.042
CU,-1.7,5.77,"Baz, Shane",669358,hit_into_play,L,0,0,0.3,-0.99,0.23,2.43,3.902324339508664,-122.58136092433436,0.5971288085376774,2.2768813453056262,24.276167597312043,-42.47408592968278,53.99,-0.376
SL,-1.38,5.69,"Baz, Shane",669358,ball,R,3,2,0.23,0.19,1.41,2.85,6.391541633998948,-129.55612464056375,-1.3646944112953,1.333417690390749,25.6753277439658,-29.92304784598061,53.86,0.343
SL,-1.61,5.76,"Baz, Shane",669358,foul,R,3,1,0.31,-0.1,0.48,2.76,4.39846636650362,-125.76413606109584,-0.7781249700264844,2.450221301938392,23.232729107721124,-33.34720639828752,53.93,-0.078
SL,-1.68,5.81,"Baz, Shane",669358,ball,R,2,1,0.31,-0.07,0.43,4.07,4.401451455608122,-125.23519167339973,2.1788326197357475,2.575016530916744,20.76565993284529,-33.502635229770455,53.89,0.108
FF,-1.7,5.76,"Baz, Shane",669358,ball,R,1,1,-0.76,1.13,-1.16,3.74,3.164627847369786,-139.64082757553643,-2.3293187928310086,-10.715716874094705,29.975562438622138,-17.06028549108749,53.97,0.05
FF,-1.53,5.73,"Baz, Shane",669358,ball,R,0,1,-0.82,1.11,-1.0,2.63,3.2573324098207825,-138.83828874695703,-5.04560704984638,-11.34561784905867,30.538308136717944,-16.90277407791902,53.95,0.021
SL,-1.69,5.85,"Baz, Shane",669358,called_strike,R,0,0,0.37,-0.11,0.6,3.31,4.629311058928177,-123.17439430998058,0.6834587617034413,2.8267507240406355,25.172920369081314,-33.68977686258319,54.01,-0.032
FF,-1.85,5.72,"Baz, Shane",669358,hit_into_play,L,3,0,-1.07,1.38,-0.4,3.08,6.303679243034998,-139.40782899702737,-4.434590788490605,-15.489951044032493,36.31684223212925,-13.43903703679614,53.91,-1.309
CU,-1.67,5.81,"Baz, Shane",669358,ball,L,2,0,0.39,-1.08,0.95,0.97,5.386320539487821,-124.114690639763,-2.821341004345598,2.7234377490140544,28.43338322200594,-42.844012872241336,54.04,0.22
SL,-1.83,5.74,"Baz, Shane",669358,blocked_ball,L,1,0,0.16,0.48,0.7,0.53,5.897716087178679,-130.06247679122546,-7.814217286614215,0.5372875861494408,29.143989648944945,-25.24687148633403,54.08,0.221
SL,-1.85,5.65,"Baz, Shane",669358,ball,L,0,0,0.2,0.36,1.48,1.53,7.474177840829887,-124.18742481867284,-4.110832740234054,0.4941386524516117,26.052035982975145,-27.80445800915803,53.96,0.113
FF,-1.81,5.87,"Baz, Shane",669358,ball,L,3,0,-0.94,1.35,-1.45,3.86,3.074495912744952,-140.05160419702642,-2.722828620271004,-13.037873416852134,37.08452578161072,-14.179184714520058,54.2,-0.011
SL,-1.7,5.71,"Baz, Shane",669358,ball,L,2,0,0.04,0.5,2.24,1.61,9.671222756128817,-130.1464557267369,-5.1304885677754495,-1.8208254930736971,29.852774627578555,-25.53115265977605,54.06,0.094
CH,-1.76,5.79,"Baz, Shane",669358,ball,L,1,0,-1.2,1.28,-1.29,4.88,3.6079952222170646,-125.98443023831932,1.5515697159525037,-13.48136220428026,31.02665342297781,-19.424669856120595,54.01,0.096
CU,-1.51,5.91,"Baz, Shane",669358,ball,L,0,0,0.5,-0.72,1.3,1.94,5.453052968017924,-121.08169656265048,-1.1067453760238006,3.6002400896729725,27.92627019955969,-39.17595290176128,54.44,0.051
CH,-1.78,5.75,"Baz, Shane",669358,hit_into_play,L,1,1,-1.26,0.76,-0.59,2.37,5.502332177664918,-127.70771942388424,-3.609658694943774,-14.907902223843966,27.636458734116765,-23.28775419804528,54.0,0.506
FF,-1.77,5.83,"Baz, Shane",669358,foul,L,1,0,-0.75,1.35,0.84,3.41,8.583094966938894,-138.53428355774886,-3.7576007846349953,-11.56096187724249,30.84256000571255,-14.120201773635936,53.97,-0.055
FF,-1.63,5.78,"Baz, Shane",669358,ball,L,0,0,-0.86,1.33,0.67,4.37,8.044569492742276,-138.79439790484827,-1.0829360542309605,-12.917123297070214,31.351104763781635,-14.982699188913674,53.84,0.044
FF,-1.55,5.81,"Baz, Shane",669358,hit_into_play,L,0,1,-0.92,1.31,-0.51,3.41,4.922110303502907,-141.82989472903432,-3.982540840423892,-13.581721804064532,32.53387699449446,-13.820767732875645,53.92,-0.312
FF,-1.72,5.86,"Baz, Shane",669358,foul,L,0,0,-0.6,1.32,0.25,3.65,6.592713656470044,-139.5811693928353,-3.2517484364794744,-9.277544295570316,30.867620320224287,-14.397995591367476,53.92,-0.064
FF,-1.69,5.77,"Baz, Shane",669358,hit_into_play,R,3,2,-0.65,1.16,-0.07,2.8,5.855180547333399,-141.05302397533097,-5.06273625189296,-10.077530201399997,32.14880967163023,-15.760045904197836,53.89,0.341
CU,-1.43,5.88,"Baz, Shane",669358,ball,R,2,2,0.27,-1.18,0.51,0.74,4.031335863304689,-123.84330426908755,-3.368618256719313,1.8887040175648515,26.45965181484764,-43.71732853668138,53.89,0.093
FF,-1.56,5.91,"Baz, Shane",669358,foul,R,2,2,-0.87,1.43,-0.78,3.73,4.085398842921442,-140.5089820216295,-3.5295888700727494,-12.511603965056954,32.86221533936892,-12.598611016852193,53.9,0.0
FF,-1.58,5.82,"Baz, Shane",669358,foul,R,2,1,-1.03,1.33,-0.07,3.32,6.409621782277561,-140.32914910524423,-4.039054813357684,-15.113103020941184,36.33437525212653,-13.967769841403276,53.89,-0.063
FF,-1.62,5.9,"Baz, Shane",669358,swinging_strike,R,2,0,-0.77,1.46,-0.2,3.97,5.566729283135194,-139.98373509030714,-2.7831508278616006,-11.477809675701335,35.73670666914009,-12.70191891048458,53.91,-0.057
FF,-1.53,5.86,"Baz, Shane",669358,ball,R,1,0,-0.75,1.41,0.93,3.26,8.178792796237778,-138.3396236519117,-4.325622089627406,-11.60539317944514,33.65827486331387,-13.306547547738772,53.87,0.064
FF,-1.64,5.91,"Baz, Shane",669358,ball,R,0,0,-0.89,1.32,0.04,3.55,6.37300577841362,-137.26648886019368,-3.3598432456543312,-12.745232193215193,33.69057062638896,-15.051220097367269,53.89,0.032
SL,-1.8,5.82,"Baz, Shane",669358,hit_into_play,L,1,1,0.29,0.37,0.4,2.21,4.853139786343989,-130.947440793997,-3.8035760043177778,2.3032211000218368,27.222453948621787,-27.327594792852626,54.03,-0.718
FF,-1.7,5.81,"Baz, Shane",669358,foul,L,1,0,-0.79,1.39,0.16,2.46,6.839348451772664,-141.86636012395306,-6.692642267603089,-12.23287602072246,34.536851097615695,-12.086031387881947,53.89,-0.132
FF,-1.8,5.82,"Baz, Shane",669358,ball,L,0,0,-0.72,1.42,-0.02,3.76,6.450166007499369,-141.0027908184313,-3.200857456213192,-11.155734449273568,34.24194602338497,-12.796216498181767,53.93,0.086
SL,-1.7,5.81,"Baz, Shane",669358,hit_into_play,R,0,0,-0.01,0.31,0.24,1.73,4.7586604900948215,-127.90212264490953,-4.488338119579557,-0.99099956787744,23.46499109106481,-28.143281132791007,53.93,-0.389
SL,-1.95,5.86,"Baz, Shane",669358,ball,L,3,2,0.37,0.16,-0.3,4.07,3.2205277031225656,-127.48244021377069,1.5075981377541376,3.406313172899928,26.28085294377481,-30.997483333342547,54.04,0.404
FF,-1.75,5.79,"Baz, Shane",669358,foul,L,3,2,-0.76,1.37,0.05,3.2,6.619596732623531,-141.95766300520114,-4.620232773644279,-11.82128534241008,34.82675433734404,-12.77560370090395,53.83,0.0
FF,-1.62,5.75,"Baz, Shane",669358,foul,L,3,2,-1.09,1.23,0.07,2.49,7.22599984752225,-144.23665360924124,-6.3931986694956215,-16.851595350735344,34.21090579884543,-13.708647148282408,53.75,0.0
CH,-1.98,5.79,"Baz, Shane",669358,ball,L,2,2,-1.23,0.5,-1.68,2.98,3.410392380047401,-131.94142378039092,-2.159508947407049,-15.112530938750238,27.8876248235669,-26.097506473676333,53.91,0.116
CU,-1.63,5.92,"Baz, Shane",669358,foul,L,2,2,0.38,-1.04,0.4,2.42,4.019300280885393,-123.73629494058628,0.2391523260658101,3.0507834597671826,26.068726549810435,-43.0582786693906,53.86,0.0
SL,-1.71,5.72,"Baz, Shane",669358,ball,L,1,2,0.14,0.35,1.4,1.57,7.3301199804491395,-128.76808740427865,-4.822905371632153,0.0872895056830282,26.049360650603983,-27.47268000206481,53.96,0.032
CU,-1.73,5.97,"Baz, Shane",669358,foul,L,1,2,0.56,-0.95,-0.03,2.14,2.9058063616718868,-125.5463316029526,-0.8596790964958826,5.250079644800284,28.41048431267056,-42.22402982541639,54.04,0.0
SL,-1.71,5.78,"Baz, Shane",669358,foul,L,1,2,0.29,0.04,-0.16,2.92,3.1538932193716884,-128.2012358063229,-0.9504023252430808,2.5544923801763244,25.910755458096347,-31.76186921023433,54.13,0.0
CH,-1.82,5.79,"Baz, Shane",669358,called_strike,L,1,1,-1.34,0.6,-0.03,1.66,7.294069396552076,-130.4509750084935,-5.522212936619639,-16.83229472683721,27.24568195969899,-24.30002265675927,53.88,-0.137
CU,-1.75,5.92,"Baz, Shane",669358,blocked_ball,L,0,1,0.15,-0.78,1.17,0.81,6.524205567563901,-122.78907607515222,-3.940454169009112,0.078482724822136,26.12287636491803,-39.3674693117753,54.06,0.001
CH,-1.82,5.9,"Baz, Shane",669358,called_strike,L,0,0,-1.44,0.75,0.58,2.87,8.985847077189227,-129.9290978673626,-3.0400076825025715,-18.17363860665168,27.009112873396536,-23.255422705616283,53.83,-0.081
FF,-1.6,5.81,"Baz, Shane",669358,hit_into_play,R,1,2,-0.97,1.39,0.55,3.09,8.017980184736532,-140.63586511946875,-4.927300597802349,-14.70328172954232,30.986578285191467,-12.786389006014184,53.81,0.784
CU,-1.57,5.9,"Baz, Shane",669358,foul,R,1,1,0.49,-0.87,-0.39,2.9,1.8045443890041275,-124.38639991491812,0.9641177551170856,4.687676745104223,24.68316515221922,-41.58409253966827,54.0,-0.075
FF,-1.61,5.82,"Baz, Shane",669358,foul,R,1,0,-0.84,1.38,-0.14,3.53,5.856218370566323,-140.24353833644156,-3.691441591015552,-12.379085714357243,30.54996062617243,-13.296933712381728,53.86,-0.062
SL,-1.62,5.83,"Baz, Shane",669358,ball,R,0,0,0.22,0.34,0.77,2.1,5.314494051778532,-126.95885302317376,-3.551919283518953,1.3427991497026766,24.4636426773408,-28.03727426890622,54.08,0.036
FF,-1.68,5.77,"Baz, Shane",669358,hit_into_play,L,1,0,-0.78,1.46,0.53,2.34,7.646089370896406,-139.42659825975028,-6.73245484749117,-12.049333585242096,34.68190290933345,-11.829373186194877,53.99,0.242
SL,-1.64,5.82,"Baz, Shane",669358,ball,L,0,0,0.15,0.18,1.83,1.74,8.078989457349513,-127.2778641761156,-4.035359191889992,-0.0823545795448147,27.575577137469377,-29.59574933196585,53.94,0.024
SL,-1.72,5.86,"Baz, Shane",669358,hit_into_play,L,1,1,0.23,0.27,0.2,2.79,4.110053783106398,-126.70643006926628,-1.6478840705383018,1.422960775480533,30.24652114932992,-29.205841294328287,54.52,-0.216
FF,-1.62,5.84,"Baz, Shane",669358,ball,L,0,1,-0.88,1.31,1.37,3.3,9.926179841516868,-139.66843790633237,-4.062009132652079,-13.83605169656352,33.14761072865379,-14.355291134188578,53.98,0.021
FF,-1.72,5.82,"Baz, Shane",669358,foul,L,0,0,-0.86,1.39,0.43,3.17,7.528826931338734,-137.34244992640154,-4.295935095315996,-12.56383345553916,30.43878384396755,-13.854087647270878,54.05,-0.032
FF,-1.66,5.73,"Baz, Shane",669358,ball,L,3,0,-1.0,1.51,-0.51,3.51,5.42368907669555,-141.37832855840816,-3.7998066486395774,-14.725827749645552,38.362877752925854,-11.443809620737015,53.95,0.144
CH,-1.66,5.6,"Baz, Shane",669358,ball,L,2,0,-1.49,0.45,0.12,1.17,7.646344025963296,-130.93686807319963,-5.939923984226825,-18.79205375921692,31.445806718249003,-25.77382396260407,53.84,0.128
SL,-1.68,5.63,"Baz, Shane",669358,ball,L,1,0,0.35,0.17,1.16,1.75,6.2078343319616165,-128.41724579702944,-3.6144232358024726,2.249491901108829,31.738598640805225,-29.681127892793025,53.95,0.066
SL,-1.52,5.72,"Baz, Shane",669358,ball,L,0,0,0.39,0.1,2.14,2.02,8.197761334819084,-128.9810668619604,-3.109596257079713,2.2165705492490098,32.016712600718705,-30.551940693339905,53.81,0.044
FF,-1.65,5.67,"Baz, Shane",669358,swinging_strike,L,2,2,-0.98,1.36,-1.08,3.03,3.81868486664928,-141.920079288223,-4.666889762640015,-14.113460361762208,37.566807016695,-12.995549572965515,54.06,-0.36
CH,-1.69,5.7,"Baz, Shane",669358,ball,L,1,2,-1.5,0.74,-1.49,1.63,3.71327543767129,-131.0189106124051,-5.643142284141328,-17.96941746070652,32.51165041895231,-22.608873682023184,53.94,0.077
SL,-1.75,5.69,"Baz, Shane",669358,ball,L,0,2,0.31,0.19,-0.11,0.94,3.3454499333754595,-128.68136832670518,-5.82290000599688,2.6340990848667785,31.356864373961542,-28.88824140998421,54.09,0.053
CH,-1.65,5.72,"Baz, Shane",669358,foul,L,0,1,-1.37,0.51,-0.69,1.82,5.250640905000066,-129.0718724050484,-4.546008496544623,-16.43462800938075,28.51763752801846,-25.6769540513738,53.98,-0.075
FF,-1.68,5.71,"Baz, Shane",669358,called_strike,L,0,0,-0.83,1.36,-0.23,3.34,5.734932012888605,-139.71957361888255,-3.7330906834730953,-12.151795710684238,34.62522450728549,-13.79169622318914,53.99,-0.064
SL,-1.52,5.68,"Baz, Shane",669358,hit_into_play,L,3,2,0.26,0.27,0.3,3.28,3.85616747298262,-127.03516454350316,-0.1193170108525977,1.9448693671692816,27.531901426550103,-29.51554296161735,54.1,0.341
SL,-1.6,5.82,"Baz, Shane",669358,ball,L,2,2,0.16,0.36,1.69,2.64,7.704050096026289,-128.2817126408774,-2.3332710772622742,-0.0406076526259969,29.154365413887835,-27.93004004915975,53.98,0.093
SL,-1.45,5.79,"Baz, Shane",669358,foul,L,2,2,0.25,0.23,0.85,2.18,5.086823578338474,-128.21596708138102,-3.1250347731621626,1.578778617421126,28.446998655440108,-29.15069415915587,53.98,0.0
SL,-1.68,5.76,"Baz, Shane",669358,called_strike,L,2,1,0.22,0.37,0.34,3.33,4.440404788811608,-127.56110859218184,-0.4681567608098408,1.4510252985537626,27.80555998667368,-28.30439838715825,54.15,-0.063
FF,-1.57,5.78,"Baz, Shane",669358,foul,L,2,0,-1.26,1.28,-0.63,3.33,5.3222929860092485,-138.8233524528423,-3.637129309107333,-17.449476619342157,35.50369093415189,-15.091649558801132,54.05,-0.057
FF,-1.39,5.82,"Baz, Shane",669358,ball,L,1,0,-1.36,1.31,-1.32,3.76,3.2468326193736634,-137.9044206982473,-2.555440434555037,-17.963825370674506,35.70317471038973,-15.272638779680069,54.15,0.064
FF,-1.59,5.93,"Baz, Shane",669358,ball,L,0,0,-1.18,1.41,-0.63,4.12,5.1045987918463975,-136.5414882493115,-1.980601186789594,-15.901583950638187,34.6096305294908,-14.510175317825448,54.11,0.032
FF,-1.5,5.77,"Baz, Shane",669358,hit_into_play,L,0,2,-0.74,1.6,-0.27,3.44,4.9854822051437,-140.86707754277225,-4.235278346410319,-11.026276580784288,38.64094965238535,-10.276651794123843,53.98,-0.143
FF,-1.52,5.83,"Baz, Shane",669358,swinging_strike,L,0,1,-0.88,1.62,-0.63,2.98,4.389788904501553,-140.8386003054135,-5.663452051777016,-12.671296401115104,38.433226860345286,-9.649407083799252,54.02,-0.045
SL,-1.74,5.76,"Baz, Shane",669358,called_strike,L,0,0,0.3,0.21,-0.48,2.46,2.4472390273359945,-127.57254866230306,-2.2179884302679724,2.634532488447924,29.517282293874896,-29.63364694276338,54.06,-0.042
SL,-1.36,5.84,"Baz, Shane",669358,called_strike,R,1,2,0.27,0.08,0.83,3.24,4.758503845594988,-127.8736425552116,-0.3083887649808232,1.9199721552562483,28.015876894470946,-31.502210687009416,54.08,-0.214
SL,-1.62,5.82,"Baz, Shane",669358,foul,R,1,1,0.13,0.26,-0.37,2.18,2.741149632910249,-126.54575398507107,-3.0474048591058494,0.7593357717690989,27.357809284255826,-28.96993176238577,54.17,-0.07
SL,-1.42,5.76,"Baz, Shane",669358,ball,R,0,1,0.14,0.22,1.74,1.38,7.254982117421223,-125.50509147379915,-4.618271252388167,-0.0729556989221657,27.480570423343863,-29.018176193084656,53.93,0.031
SL,-1.55,5.83,"Baz, Shane",669358,called_strike,R,0,0,0.11,0.24,0.56,2.87,4.835207252073366,-125.82192978195746,-1.3078376011788375,0.1426362795939883,27.37073120901118,-29.568459793346378,53.96,-0.042
CU,-1.36,5.98,"Baz, Shane",669358,hit_into_play,L,0,1,0.64,-1.26,0.66,3.01,3.4110138004127326,-122.39121152954668,2.0941445909246106,5.543989204972276,27.77736251316732,-45.44057676678805,54.14,0.29
FF,-1.63,5.84,"Baz, Shane",669358,called_strike,L,0,0,-1.07,1.34,-0.19,2.1,6.19635505978449,-138.59953597026663,-7.1752156058423004,-15.188835052519783,34.19275457712466,-13.4775888041512,54.08,-0.024
FF,-1.45,5.92,"Baz, Shane",669358,hit_into_play,R,0,0,-1.04,1.52,-0.17,1.89,5.615967495372012,-136.76933221174627,-8.052388967648312,-14.309881199932764,33.76570573306584,-11.457451919216425,54.14,-0.228
SL,-1.56,5.74,"Baz, Shane",669358,hit_into_play,L,1,0,0.09,0.18,-0.23,2.77,3.0443847133637654,-127.1623820276092,-1.2683510791644683,0.2226331707620008,30.561838856351425,-30.202476305128023,54.13,-0.116
CH,-1.6,5.69,"Baz, Shane",669358,ball,L,0,0,-1.28,0.52,-0.21,1.24,6.168837618701069,-130.20868699109042,-6.031215594954765,-15.913003567743807,30.724257677286868,-25.152177793876287,54.03,0.016
CU,-1.13,5.9,"Baz, Shane",669358,hit_into_play,R,0,1,0.71,-1.2,0.29,2.92,1.8661931473266224,-121.37832786940308,2.1045890059660834,6.483155244076376,28.59031469798623,-44.61881471769457,54.13,-0.139
SL,-1.49,5.73,"Baz, Shane",669358,foul,R,0,0,0.07,0.06,0.04,2.44,3.5745697915802097,-127.46721735240337,-1.897724883803504,-0.0611412671123448,28.051326684146307,-31.305823493961046,54.08,-0.024
FF,-1.58,5.76,"Baz, Shane",669358,hit_into_play,L,0,0,-0.98,1.57,-0.37,2.7,5.527893099344131,-141.32106767598663,-6.207121515922713,-14.453858536816108,36.92318411815,-9.968142522206016,54.02,1.0
CU,-1.36,5.88,"Baz, Shane",669358,hit_into_play,L,2,2,0.7,-1.21,0.22,2.62,2.305827776167951,-123.26613226083155,1.2116062813644868,6.6089008104124805,26.466138254096112,-44.89971104544952,54.2,-0.204
SL,-1.57,5.8,"Baz, Shane",669358,ball,L,1,2,-0.07,0.19,-0.89,4.29,1.7851671234492583,-126.52101258486942,2.145068950328322,-1.1534821989958883,25.106989946646127,-30.72801329762669,54.13,0.036
SL,-1.37,5.73,"Baz, Shane",669358,ball,L,0,2,0.25,0.23,2.11,-0.03,7.886616661094604,-126.79555064419137,-8.182307527095736,1.0669869675550103,26.61640008634329,-28.18118311580804,53.89,0.019
CU,-1.32,5.91,"Baz, Shane",669358,swinging_strike,L,0,1,0.62,-1.29,0.6,1.14,3.233038384327336,-123.01975432187189,-2.081654872046512,5.458355886501285,28.82506029709181,-44.85457795072236,54.16,-0.047
SL,-1.5,5.84,"Baz, Shane",669358,foul,L,0,0,0.16,0.26,0.94,1.94,5.394111210158789,-123.49033336391966,-3.234127263822996,0.3994152247702516,27.914872411750064,-28.99991970180322,54.14,-0.032
SL,-1.44,5.73,"Baz, Shane",669358,swinging_strike,L,2,2,0.21,0.26,0.74,1.57,4.913141140510343,-129.08481205589058,-4.685300484121061,1.340213888949877,27.54445059750542,-28.47384596165795,53.89,-0.088
SL,-1.48,5.6,"Baz, Shane",669358,foul,L,2,2,0.05,0.21,0.32,1.82,4.316021615024155,-129.69988448160055,-3.7126384604329328,-0.2919246214960599,26.717481507806006,-29.27920860843307,53.93,0.0
FF,-1.46,5.7,"Baz, Shane",669358,foul,L,2,1,-0.74,1.61,-0.04,2.96,5.502372987351534,-140.51622256966309,-5.380100231901979,-11.15194620507728,35.350248466443595,-9.871903705478651,53.99,-0.031
FF,-1.5,5.76,"Baz, Shane",669358,foul,L,2,0,-0.82,1.52,0.21,3.09,6.487782724703456,-140.8809167395892,-5.020479601075942,-12.46496467138156,35.99186264164101,-11.059558695757898,53.97,-0.022
CU,-1.39,5.82,"Baz, Shane",669358,ball,L,1,0,0.51,-1.35,1.26,0.47,5.192918023819887,-123.04761877597308,-3.307579738576825,3.8078222478156687,29.53965459335495,-45.11390861566071,53.99,0.026
CU,-1.39,5.81,"Baz, Shane",669358,ball,L,0,0,0.42,-1.21,1.16,1.26,5.09842642890484,-122.69877046653042,-1.675514436568666,3.020302379890304,28.345747248404745,-44.12119116895969,54.04,0.016
SL,-1.37,5.67,"Baz, Shane",669358,hit_into_play,L,0,2,0.28,0.16,0.94,2.46,5.098737542667733,-128.97761871866948,-2.067220683063846,1.9076131072985367,29.347067320020106,-30.144367515345586,54.04,-0.104
FF,-1.43,5.76,"Baz, Shane",669358,swinging_strike,L,0,1,-0.65,1.65,0.74,2.83,7.33857373871054,-141.44751303150346,-6.088808836143846,-10.551986546813405,36.43429715285129,-8.818882363032747,53.98,-0.035
FF,-1.62,5.8,"Baz, Shane",669358,foul,L,0,0,-0.89,1.51,-0.13,2.9,5.88968758938095,-138.07078892659013,-5.242488985540005,-12.722897865658105,32.37875535821671,-11.96836663872513,54.27,-0.024
SL,-1.5,5.7,"Baz, Shane",669358,hit_into_play,R,3,2,0.18,0.3,0.21,2.86,3.805277549135788,-128.95047502384918,-1.407188793397442,1.0429568229861,30.259835659428425,-28.79092666806635,54.07,-0.297
FF,-1.38,5.84,"Baz, Shane",669358,swinging_strike,R,3,1,-0.77,1.53,0.26,3.46,6.09600196085086,-139.5801325978406,-4.103772970806993,-11.552220831627064,34.6861820450861,-11.558380243034271,54.02,-0.078
FF,-1.41,5.85,"Baz, Shane",669358,called_strike,R,3,0,-0.83,1.53,0.25,2.74,6.292800992785677,-139.59948507236558,-6.053966993135249,-12.350075685009172,34.33770445639323,-11.024758403997875,54.09,-0.083
SL,-1.48,5.75,"Baz, Shane",669358,ball,R,2,0,0.28,0.26,-0.87,2.57,0.8734120176196078,-126.69490744160494,-1.9388622281028205,2.824601345762173,28.79960858761755,-29.18510845347772,54.19,0.133
FF,-1.42,5.8,"Baz, Shane",669358,ball,R,1,0,-1.0,1.4,-1.27,3.14,2.697882438887447,-140.98667973290213,-4.707535894157982,-13.897134363421374,35.63066160407385,-12.661099044068656,54.12,0.064
FF,-1.4,5.83,"Baz, Shane",669358,ball,R,0,0,-0.83,1.46,1.22,2.71,8.904685913002366,-140.3351940868324,-6.0225076916798095,-13.163406300151518,35.50992034521088,-11.653581243793116,53.99,0.032
FF,-1.46,5.87,"Baz, Shane",669358,hit_into_play,L,0,2,-0.79,1.63,0.25,3.3,6.35761457940608,-140.25029180457057,-4.926658867286378,-11.91580441418562,35.5684057437453,-9.758677896399922,54.1,1.079
CU,-1.2,5.88,"Baz, Shane",669358,foul,L,0,2,0.37,-1.2,0.87,2.18,4.1925692892153705,-126.351214220192,-0.1817837577333825,3.0085376837604456,27.662993299113783,-45.10184474539452,54.1,0.0
SL,-1.41,5.74,"Baz, Shane",669358,foul,L,0,1,0.14,0.38,0.71,2.57,4.8517751547240895,-128.29756483528735,-2.388345828042944,0.5413654354221918,26.50247183871671,-27.681539931523663,54.3,-0.047
CU,-1.42,6.01,"Baz, Shane",669358,called_strike,L,0,0,0.44,-0.95,0.71,2.6,4.047446040315318,-121.51862044624524,0.5143421693273098,3.44082799637599,25.68152570844785,-41.89097799157828,54.24,-0.032
SL,-1.32,5.86,"Baz, Shane",669358,foul_tip,R,0,2,0.21,0.36,1.17,2.71,5.792603091204295,-131.81519806514888,-2.685480629053084,1.1155753946884617,29.555071805842697,-27.598269533561627,53.96,-0.322
FF,-1.29,5.77,"Baz, Shane",669358,foul,R,0,2,-0.89,1.36,0.47,3.36,6.885957711336638,-143.10205115418768,-4.165811850576774,-13.907161386784615,36.90293329889083,-12.828352466727273,53.92,0.0
FF,-1.33,5.7,"Baz, Shane",669358,swinging_strike,R,0,1,-0.94,1.49,-0.07,2.68,5.628350552524043,-143.6529294181973,-6.212398361456755,-14.385388833869262,36.973971658066255,-10.274671766640594,53.99,-0.137
FF,-1.41,5.76,"Baz, Shane",669358,foul,R,0,0,-1.15,1.46,-0.83,2.79,4.25259780275456,-142.71495561270984,-5.865062852802411,-16.613052202783948,37.5119205163008,-11.185629316331772,53.98,-0.102
FF,-1.47,5.74,"Baz, Shane",669358,swinging_strike,L,0,2,-1.09,1.3,-0.54,3.73,5.039636500451247,-142.48386658114592,-2.871808370031101,-16.005602867081127,36.62258673953648,-14.16160741090314,54.12,-0.492
FF,-1.48,5.73,"Baz, Shane",669358,called_strike,L,0,1,-1.0,1.53,-0.72,3.13,4.358004319218768,-141.9704607105951,-4.9531710412705685,-14.58080875211935,36.82166982977061,-10.62253715729859,54.14,-0.181
SL,-1.65,5.82,"Baz, Shane",669358,foul,L,0,0,0.19,0.43,0.67,2.98,5.2753291967865135,-128.45215568144442,-1.7434025986529056,1.0350225598676777,25.05055550176706,-27.3034530156724,54.18,-0.101
SL,-1.44,5.83,"Baz, Shane",669358,hit_into_play,R,1,0,0.27,0.23,0.71,3.22,4.684434710276395,-127.8450751539064,-0.5862523280979739,1.7963431721005665,30.14833257641112,-29.830408303468115,53.99,-0.435
SL,-1.55,5.87,"Baz, Shane",669358,ball,R,0,0,0.29,0.33,0.21,4.12,3.6765622119723007,-127.97885397239712,1.2578474974682436,2.32319590749256,29.420773559688893,-29.13477505224657,54.15,0.055
FF,-1.58,5.8,"Baz, Shane",669358,hit_into_play,L,0,0,-0.84,1.62,-0.14,2.8,5.712686085433305,-140.15957563386945,-6.039265687490482,-12.35276804806693,34.86888947939938,-9.6575434676737,54.21,1.106
FF,-1.42,5.84,"Baz, Shane",669358,hit_into_play,L,1,1,-0.83,1.47,0.51,2.98,6.994410346285754,-139.25440493180932,-5.212027717151973,-12.48398506357535,35.66517851431163,-12.10505735502655,54.05,0.421
SL,-1.48,5.82,"Baz, Shane",669358,ball,L,0,1,0.08,0.5,1.44,0.78,6.983979319858019,-129.15713992117074,-7.340702029569298,-0.6197004727384714,27.06164595273901,-25.238884385470666,54.2,0.021
FF,-1.54,5.93,"Baz, Shane",669358,called_strike,L,0,0,-1.03,1.37,0.17,2.82,6.860102699175495,-139.2729862689547,-5.642403869888292,-14.997091861670288,34.4278944193533,-13.26705758712542,54.18,-0.032
SL,-1.92,5.79,"Baz, Shane",669358,hit_into_play,L,2,1,0.58,0.29,0.3,2.21,4.138951810878513,-125.98323979360022,-2.9495079181638406,5.404851392848662,25.20184463575148,-28.73338739525209,53.78,-0.12
FF,-1.68,5.96,"Baz, Shane",669358,ball,L,1,1,-0.53,1.58,0.62,4.81,7.128817383253725,-136.2263467801629,-0.6627163315139577,-8.21461637873846,32.355033308162525,-12.723583004476462,53.97,0.023
CH,-1.84,5.81,"Baz, Shane",669358,ball,L,0,1,-1.05,0.88,-0.13,1.07,6.415486312094385,-128.89367518499964,-7.36672880349483,-13.06338043865941,27.68624804164549,-21.022453181453383,53.88,0.011
CH,-1.85,5.8,"Baz, Shane",669358,called_strike,L,0,0,-1.19,0.8,-0.68,2.31,5.373191758577968,-128.81398118535122,-4.102431654699031,-14.351487446880238,28.09905182670525,-22.64972074277454,53.93,-0.015
FF,-1.66,5.95,"Baz, Shane",669358,hit_into_play,L,3,0,-0.84,1.47,-0.31,3.3,5.312581956929485,-136.44733897175624,-4.3122237065874,-11.728901816154709,31.837842831408864,-13.12237537039522,54.43,-0.318
CU,-1.65,5.97,"Baz, Shane",669358,ball,L,2,0,0.63,-1.08,-0.68,3.98,0.992309141079629,-120.87881197232994,4.032198457647541,5.934811002027709,24.736995628108076,-43.77893747212328,54.3,0.086
CH,-1.58,5.88,"Baz, Shane",669358,ball,L,1,0,-1.29,0.66,0.15,0.19,6.887846304471832,-127.53132995041238,-9.022206297360905,-15.537175207838011,26.545056328128137,-23.26772866005724,53.98,0.045
FF,-1.68,5.94,"Baz, Shane",669358,ball,L,0,0,-0.82,1.41,0.27,3.82,6.753407876678724,-133.6884266875869,-2.581685260323888,-11.256735058966369,29.589665502515498,-14.941076724498762,53.88,0.024
SL,-1.68,5.88,"Baz, Shane",669358,hit_into_play,R,0,0,0.22,0.28,0.36,3.15,4.393376078616431,-125.1105881291472,-0.7710416299982848,1.4271100526113625,25.808277599366917,-29.31128998427784,54.02,-0.228
CU,-1.59,5.87,"Baz, Shane",669358,called_strike,R,2,2,0.53,-1.05,-0.05,3.01,2.5317246908572897,-121.93451360816816,1.9218247135103952,4.726666686998301,24.746379064445232,-43.243887266921874,53.92,-0.199
SL,-1.58,5.76,"Baz, Shane",669358,blocked_ball,R,1,2,0.08,0.24,2.53,-0.48,9.827169197141084,-127.04473641848152,-9.481180882984884,-1.131501850502604,25.716496111137506,-27.723828529912343,53.68,0.03
SL,-1.7,5.76,"Baz, Shane",669358,foul,R,1,2,0.3,0.08,0.37,2.28,4.320782679638168,-125.4361445638615,-2.2232384066558755,2.385376023069897,23.979852275467557,-31.14988189419833,53.89,0.0
CU,-1.56,5.8,"Baz, Shane",669358,blocked_ball,R,0,2,0.26,-1.01,1.34,-1.17,6.298932723264456,-123.2141712507852,-7.912120997712529,1.2632233772112198,26.7429906691658,-40.89788945339271,53.74,0.026
FF,-1.54,5.86,"Baz, Shane",669358,foul,R,0,2,-0.93,1.35,-0.04,2.09,6.085406690876308,-138.21768642925866,-7.263554319168282,-13.351373709510291,32.84154733592852,-13.441716210751627,53.86,0.0
SL,-1.66,5.79,"Baz, Shane",669358,swinging_strike,R,0,1,0.16,0.21,1.62,1.05,7.550680346248339,-126.08948624054804,-5.58518577781923,0.1743679759902204,25.470464235687285,-29.03330577993145,53.9,-0.045
SL,-1.82,5.77,"Baz, Shane",669358,swinging_strike,R,0,0,0.16,0.19,0.74,0.96,5.839885034241173,-125.8218631147368,-5.703698612309743,0.4969586073281095,25.461048879808807,-29.21441880821884,53.64,-0.042
FF,-1.7,5.84,"Baz, Shane",669358,swinging_strike,L,1,2,-0.9,1.29,-0.19,3.77,6.069950432803723,-139.28854144286913,-2.729342442801628,-13.135599532348945,33.51626156739332,-14.996397351844646,53.85,-0.214
FF,-1.63,5.87,"Baz, Shane",669358,foul,L,1,1,-1.03,1.28,-0.36,3.36,5.700364443176952,-138.86572172141527,-3.855650421278261,-14.623362634471755,33.27919109290069,-14.93247503793732,53.96,-0.07
FF,-1.78,5.93,"Baz, Shane",669358,ball,L,0,1,-1.0,1.36,-1.59,3.51,2.730741686500012,-136.58093128780158,-3.5089273787194637,-13.044454606957462,32.440806765082684,-14.67147495613399,54.06,0.031
SL,-1.86,5.9,"Baz, Shane",669358,called_strike,L,0,0,0.54,0.0,0.83,3.46,5.262459080706835,-124.26843498948176,0.5350861874513948,4.626297876545236,24.104834370166103,-32.48248186747102,54.07,-0.042
FF,-1.75,5.88,"Baz, Shane",669358,ball,L,3,1,-0.85,1.32,-0.8,3.74,4.409586835438379,-138.07323643854812,-2.906536779826589,-11.828706707634815,32.18601880285739,-14.856720892325995,53.92,0.16
SL,-1.74,5.89,"Baz, Shane",669358,ball,L,2,1,0.33,0.52,1.2,1.68,6.419023635941493,-126.94810537661544,-5.068696033498001,2.299974758942008,25.62140084590024,-25.75778156970947,53.86,0.077
SL,-1.73,5.77,"Baz, Shane",669358,ball,L,1,1,0.45,-0.01,-0.03,1.09,3.1299116557407314,-125.4279774800848,-4.8829389451841205,4.183453041413625,24.85801034382717,-31.535316564502327,53.97,0.037
FF,-1.66,5.92,"Baz, Shane",669358,foul,L,1,0,-0.84,1.49,-0.67,3.44,4.442710415611713,-136.5405629520807,-3.9696303975047873,-11.498314161070896,31.19061475324058,-12.939476842842186,54.08,-0.031
FF,-1.78,5.92,"Baz, Shane",669358,ball,L,0,0,-0.82,1.48,-2.16,4.37,0.8586116449617314,-137.1790040350917,-1.608242724118498,-10.580508259277108,31.65577029533585,-13.4259601250679,54.2,0.024
SL,-1.64,5.87,"Baz, Shane",669358,hit_into_play,R,0,1,0.29,0.27,0.52,2.52,4.585895195739006,-126.14976935665496,-2.402979634244456,2.189435934093612,24.981533280966183,-28.973569050173907,54.14,-0.196
CU,-1.55,5.96,"Baz, Shane",669358,called_strike,R,0,0,0.36,-1.16,-0.93,2.09,0.7052486704442743,-118.88078359533044,0.1344437366839865,3.245801694434028,24.40811894024644,-43.33303940160143,54.17,-0.032
FF,-1.51,5.84,"Baz, Shane",669358,called_strike,R,0,2,-0.8,1.4,0.9,2.68,8.19055627524146,-138.9080715511355,-5.840450602141441,-12.198072610938906,33.02406219268801,-12.954951186948552,53.76,-0.265
SL,-1.7,5.88,"Baz, Shane",669358,called_strike,R,0,1,0.18,0.28,-0.73,2.23,1.9750622728161784,-127.22683221419108,-3.170087288847106,1.564138603080083,27.720354861187573,-28.721230135605317,54.07,-0.131
SL,-1.78,5.82,"Baz, Shane",669358,swinging_strike,R,0,0,0.21,0.35,0.23,1.51,4.422893181410769,-126.33565126082024,-4.853496123222147,1.3359160305986022,27.00977993221992,-27.639180412275334,53.79,-0.081
FF,-1.49,5.82,"Baz, Shane",669358,hit_into_play,R,3,2,-0.9,1.44,0.32,2.06,6.8907791876090805,-139.30560112599866,-7.606579185908062,-13.329818883692177,33.65944659554016,-11.9054634685982,53.66,0.262
SL,-1.51,5.72,"Baz, Shane",669358,ball,R,2,2,0.34,0.41,2.36,1.41,8.800320966569705,-127.84804515192393,-5.195520167446095,1.726321980273252,28.21998219369094,-26.70672671172604,53.51,0.071
SL,-1.55,5.81,"Baz, Shane",669358,ball,R,1,2,0.34,0.06,0.86,1.12,5.181076376130436,-127.84541655472503,-5.379881992210299,2.591221003255596,27.224785652980596,-30.630476142585184,53.75,0.03
FF,-1.48,5.88,"Baz, Shane",669358,swinging_strike,R,1,1,-0.79,1.52,-0.48,3.49,4.46645636913697,-138.70780755029674,-4.031070531391934,-11.21473121050419,34.09682120771854,-11.9730129201648,53.73,-0.048
FF,-1.62,5.92,"Baz, Shane",669358,ball,R,0,1,-0.6,1.6,-0.47,4.33,4.407349296934127,-138.91821046223245,-2.118635562612874,-8.826089472512157,33.8050010134106,-11.304879216561943,53.89,0.03
SL,-1.76,5.85,"Baz, Shane",669358,foul,R,0,0,0.2,0.21,-0.45,3.36,2.751925741162183,-125.92240503877603,-0.1961528062291785,1.5942649240557627,23.538550903068952,-30.11010045270948,53.71,-0.042
CU,-1.65,5.94,"Baz, Shane",669358,hit_into_play,L,2,1,0.47,-0.73,0.24,1.95,3.478213356247339,-123.91037431619262,-1.6074695322072663,4.2327577096132325,23.48420711811374,-39.6473293663469,54.07,-0.344
CH,-1.72,5.74,"Baz, Shane",669358,ball,L,1,1,-1.14,0.66,-0.15,1.08,6.319136468751188,-130.05877870046504,-6.919259420755378,-14.26061832322162,27.081276260390187,-23.37846798129876,53.8,0.058
FF,-1.78,5.89,"Baz, Shane",669358,called_strike,L,1,0,-1.01,1.36,-0.74,2.86,4.961265345342063,-137.00266631659235,-5.205361989945168,-13.859970418570802,31.046458613350826,-14.082717506180463,53.92,-0.055
SL,-1.78,5.85,"Baz, Shane",669358,ball,L,0,0,0.4,0.34,1.74,2.67,7.639939365845979,-125.4596652277329,-2.0827772648903355,2.7968033354442627,23.51314549643488,-28.38536568348451,53.73,0.044
CU,-1.63,5.92,"Baz, Shane",669358,hit_into_play,L,0,0,0.69,-0.98,0.01,2.51,2.386145129075848,-119.67620063277342,0.6993719395435696,6.136732900357193,23.36139538578045,-41.89160394098393,54.13,0.266
SL,-1.62,5.83,"Baz, Shane",669358,hit_into_play,R,1,2,0.21,0.16,0.51,1.59,4.806195950225523,-129.29709062134205,-4.711589867920762,1.3885750482088512,26.785941072483716,-29.626499784169933,53.88,-0.168
FF,-1.53,5.9,"Baz, Shane",669358,foul,R,1,1,-0.74,1.49,-0.62,3.39,4.067287303906767,-138.4807427460545,-4.223534907368714,-10.433976952574833,34.843591645481474,-12.397194882109805,54.02,-0.049
SL,-1.47,5.92,"Baz, Shane",669358,ball,R,0,1,0.22,0.41,2.32,1.61,8.815762176893324,-128.19050521881746,-5.2253669233655335,0.5046091506262022,27.409292261987574,-26.69829521514068,53.82,0.021
SL,-1.59,5.87,"Baz, Shane",669358,called_strike,R,0,0,0.24,0.23,-0.08,2.86,3.1159317730298763,-124.52273012374135,-1.2414406653028172,1.830557679427116,26.619511331424185,-29.80567710715924,53.81,-0.032
SL,-1.63,5.82,"Baz, Shane",669358,hit_into_play,R,1,2,0.21,0.12,0.39,2.42,4.457236784850821,-126.89180331589016,-2.231503043544952,1.2613406627712314,27.224133947093705,-30.65800909416708,53.89,-0.169
SL,-1.6,5.83,"Baz, Shane",669358,foul,R,1,1,0.23,0.36,0.53,2.67,4.715740421897622,-127.102876639615,-2.177968699084964,1.4667080319834007,27.1543954360969,-28.00595078427222,53.65,-0.048
FF,-1.53,5.84,"Baz, Shane",669358,foul,R,1,0,-0.89,1.34,-0.01,3.67,6.046376416345505,-138.2499190971666,-3.064024181611178,-12.82021683751432,31.80811382801136,-14.51252732856588,53.73,-0.039
SL,-1.67,5.7,"Baz, Shane",669358,blocked_ball,R,0,0,0.18,0.16,1.21,0.0,6.681177535669524,-127.6329169008166,-8.021310276895093,0.4582707168379571,28.25961638528896,-28.885535523865087,53.55,0.027
FF,-1.69,5.8,"Baz, Shane",669358,hit_into_play,L,1,0,-0.97,1.41,-0.17,2.85,6.2521280401431065,-139.56519419234533,-5.424748554856681,-14.036739949064486,31.87305428359639,-12.688112304166632,53.83,0.739
FF,-1.57,5.72,"Baz, Shane",669358,ball,L,0,0,-0.71,1.54,1.39,2.13,9.530507038127071,-139.40159385758892,-7.419215791176408,-11.448059597471714,32.10407025594521,-10.56874381787779,53.62,0.021
CU,-1.64,5.86,"Baz, Shane",669358,hit_into_play,L,2,1,0.52,-1.18,-0.34,1.98,1.97737118234284,-121.83278617075592,-0.1587381869070756,4.755131383910107,26.136470555130572,-44.03692840601459,53.9,1.485
FF,-1.7,5.86,"Baz, Shane",669358,ball,L,1,1,-0.93,1.15,-1.81,3.42,1.8295465791785848,-140.70332398431964,-3.553859806876285,-12.696011025864411,34.12460606628211,-16.3065113577458,53.96,0.058
SL,-1.73,5.73,"Baz, Shane",669358,called_strike,L,1,0,0.1,0.35,-0.3,1.52,3.2937911352162303,-129.41176569394668,-5.01137554931607,0.3949556981537664,28.107819860594557,-27.39842640626284,54.19,-0.058
FF,-1.71,5.68,"Baz, Shane",669358,ball,L,0,0,-0.85,1.29,-0.48,1.56,5.247661324160281,-140.58455732943997,-8.388786288710163,-12.443714576282249,34.484477785650164,-13.30799608777723,53.72,0.042
FF,-1.44,5.79,"Baz, Shane",669358,hit_into_play,R,1,2,-0.83,1.46,1.35,2.4,9.461405300755244,-141.28660143257133,-6.957516643285236,-13.372768459288803,34.615045482867764,-11.132702761957054,53.66,0.364
SL,-1.65,5.79,"Baz, Shane",669358,foul,R,1,1,0.31,0.3,-0.13,2.02,3.0564400828761515,-127.02104532757326,-3.4714468975059827,2.58263622832869,29.22479570585853,-28.395603781113135,53.95,-0.048
FF,-1.47,5.81,"Baz, Shane",669358,ball,R,0,1,-0.67,1.54,1.22,1.06,8.661920682864496,-139.2072994219548,-10.475707056645296,-10.68570537461931,32.20140418686875,-9.9249672476503,53.74,0.03
SL,-1.68,5.77,"Baz, Shane",669358,called_strike,R,0,0,0.24,0.2,0.0,1.93,3.5846609640097267,-127.00067243823756,-3.4979459786096183,1.8075991743104436,27.228901689458134,-29.47659401909404,53.57,-0.042
FF,-1.49,5.8,"Baz, Shane",669358,hit_into_play,R,1,0,-0.66,1.4,0.26,2.43,6.148589080159117,-139.06978980276727,-6.454627337704559,-9.980506731436703,31.58271302832123,-12.77079229505118,53.79,0.113
FF,-1.63,5.73,"Baz, Shane",669358,ball,R,0,0,-1.05,1.31,0.7,1.06,8.591039969811339,-139.45108825203258,-9.769584638266268,-15.69170142623918,33.585178665291416,-12.887397482129131,53.72,0.016
SL,-1.37,5.74,"Baz, Shane",669358,swinging_strike,R,2,2,0.18,0.14,1.13,0.97,5.7203930518668,-127.87657442729764,-5.678397633244525,0.5805876277911776,30.08886004620682,-29.5806172082288,53.82,-0.142
SL,-1.57,5.74,"Baz, Shane",669358,foul,R,2,1,0.31,0.09,-0.33,2.17,2.3789309085966126,-127.5455457628074,-2.6259247698890773,2.78070573929654,29.54365685890424,-30.84352237699494,53.75,-0.051
FF,-1.46,5.91,"Baz, Shane",669358,ball,R,1,1,-0.66,1.67,-0.43,4.13,4.274019468826294,-140.7833507401897,-2.9646576440445758,-9.75586627793242,34.924883774634814,-9.62208153881852,54.0,0.037
SL,-1.56,5.85,"Baz, Shane",669358,ball,R,0,1,0.39,0.32,0.15,4.1,3.351480182811466,-127.51898915034626,1.278092570436771,3.511943003787572,28.229163725626496,-29.165150158870556,53.98,0.057
FF,-1.69,5.8,"Baz, Shane",669358,foul,R,0,0,-0.91,1.31,-0.48,2.7,5.28660307697045,-139.63557992063886,-5.573415538825909,-13.104007105929655,33.48000530983066,-14.00264474344511,53.84,-0.064
FF,-1.52,5.8,"Baz, Shane",669358,hit_into_play,L,0,1,-0.7,1.46,-0.57,2.69,4.177540596356375,-141.6403743691355,-6.222034716303985,-10.34479779943295,32.943003181410184,-11.267521351581566,53.85,0.442
FF,-1.58,5.83,"Baz, Shane",669358,foul,L,0,0,-0.94,1.4,-0.17,2.39,5.896749371778183,-139.49623164871716,-6.632071715128788,-13.639858222884795,34.679891573706115,-12.640589054839989,53.89,-0.032
FF,-1.41,5.81,"Baz, Shane",669358,swinging_strike,L,0,2,-0.66,1.49,-0.02,3.87,5.33357440844947,-143.16896683724332,-3.2661719107739304,-10.30187991004632,33.96397450516727,-11.136105752882676,53.92,-0.061
CU,-1.49,5.92,"Baz, Shane",669358,called_strike,L,0,1,0.62,-1.36,-0.3,2.36,1.5403780495143513,-122.78075317374449,0.8601506062236726,5.943777485346,26.39439902252314,-46.27536017424151,53.99,-0.024
FF,-1.65,5.77,"Baz, Shane",669358,called_strike,L,0,0,-0.79,1.39,-0.35,2.94,5.299954260859132,-140.75588792724085,-5.190292770573427,-11.6902582335868,33.05362659181296,-12.72034060972567,54.02,-0.015
FF,-1.52,5.82,"Baz, Shane",669358,hit_into_play,R,3,1,-0.74,1.54,-0.14,2.98,5.420955204416854,-141.37070465321247,-5.625594174486756,-11.193327381447086,32.94063181381321,-10.379618546820591,53.84,-0.271
CU,-1.43,5.85,"Baz, Shane",669358,ball,R,2,1,0.47,-1.25,0.63,0.59,3.958684167245381,-124.9982814239665,-3.647842763954107,3.990361689165944,27.104634505556643,-44.5916930803332,53.95,0.077
CU,-1.33,5.79,"Baz, Shane",669358,ball,R,1,1,0.47,-1.3,1.37,0.28,5.438112806600404,-124.02004314209326,-4.022641620522754,3.6906366960618375,26.62970730411256,-44.8746369948149,53.7,0.037
FF,-1.5,5.86,"Baz, Shane",669358,foul,R,1,0,-0.88,1.55,0.2,3.05,6.536233481366154,-140.00207156543732,-5.393021935869879,-13.126785040487077,33.83099670075221,-10.738796704559464,53.95,-0.031
FF,-1.46,5.93,"Baz, Shane",669358,ball,R,0,0,-0.86,1.47,0.17,3.65,6.341354828086891,-140.7935260106013,-3.871680142001234,-12.918475210778844,33.7873104157295,-12.037386724622234,53.96,0.024
SL,-1.47,5.81,"Baz, Shane",669358,hit_into_play,R,0,1,0.13,0.3,0.43,1.83,4.329713190419241,-126.4996684403066,-4.025839187978428,0.5309375121441333,24.611016133883595,-28.38058715457108,53.85,-0.196
FF,-1.41,5.89,"Baz, Shane",669358,called_strike,R,0,0,-0.91,1.62,0.67,2.65,7.43040557038268,-136.7782920485102,-6.27596280572224,-13.134887589304109,32.03724199081634,-10.655142268497416,53.97,-0.032
FF,-1.54,5.71,"Baz, Shane",669358,hit_into_play,L,3,2,-0.89,1.32,-0.2,2.18,5.723376851113725,-142.3888562148226,-7.09230496857045,-13.50437174126652,35.38008488987847,-12.816238079344584,53.88,-0.131
FF,-1.64,5.65,"Baz, Shane",669358,foul,L,3,2,-0.96,1.52,0.22,2.06,7.303926085748185,-142.28633487111827,-7.743925014449303,-14.767125643362164,33.366000618796306,-9.962750705493956,53.64,0.0
FF,-1.66,5.73,"Baz, Shane",669358,foul,L,3,2,-0.91,1.56,-0.29,2.05,5.873068490521,-143.59456831618638,-8.20722138544344,-13.964389696784616,36.26442210463793,-8.908678635415354,53.78,0.0
FF,-1.54,5.79,"Baz, Shane",669358,called_strike,L,3,1,-0.84,1.52,1.04,2.18,8.917697896284242,-141.4742924491821,-7.654012955116946,-13.386847147346744,35.52326146165918,-10.168773698723596,53.67,-0.035
FF,-1.47,5.78,"Baz, Shane",669358,ball,L,2,1,-0.72,1.54,1.15,2.61,8.744882502296218,-141.15703011122633,-6.505304944474356,-11.738369633496756,35.05638822112901,-10.235762255651023,53.7,0.046
FF,-1.59,5.87,"Baz, Shane",669358,called_strike,L,2,0,-0.83,1.51,-0.59,3.18,4.615776269287041,-141.62116812689902,-5.153603630735509,-12.25344620915504,35.68343357888303,-10.935853305692856,53.89,-0.022
FF,-1.55,5.9,"Baz, Shane",669358,ball,L,1,0,-0.87,1.6,1.0,2.86,8.858217578644593,-141.16337530211777,-6.235713059395245,-13.780127414162994,34.7275324351765,-9.56441973643009,53.89,0.026
FF,-1.61,5.87,"Baz, Shane",669358,ball,L,0,0,-0.75,1.42,-0.28,4.18,5.2994644971611455,-141.09242467985308,-2.2106913113953395,-11.201490732211372,34.32588987981416,-12.973960481862663,53.86,0.016
FF,-1.49,5.84,"Baz, Shane",669358,foul_tip,L,1,2,-0.8,1.59,-0.01,3.29,5.9057236763111405,-143.38778562130636,-5.178433075406406,-12.440749693884957,35.50584721653937,-9.229752365780648,53.94,-0.116
SL,-1.48,5.67,"Baz, Shane",669358,ball,L,0,2,0.35,0.27,1.41,0.96,6.454153328498038,-130.62101809936107,-6.292714223646027,2.655282447081388,27.4186241706327,-27.937215165922375,53.87,0.013
FF,-1.6,5.79,"Baz, Shane",669358,foul,L,0,2,-1.11,1.21,-0.09,1.89,6.717563737959717,-143.95748250997244,-8.013941677779094,-16.960172167028457,35.32215876888504,-13.682107743824282,53.96,0.0
FF,-1.58,5.84,"Baz, Shane",669358,called_strike,L,0,1,-0.74,1.19,0.68,2.69,7.789378190324613,-142.19323395118607,-5.723299842250513,-11.787190415863297,33.24111255629786,-14.888741180279082,54.04,-0.035
FF,-1.63,5.79,"Baz, Shane",669358,swinging_strike,L,0,0,-0.95,1.12,-0.42,3.02,5.483559881999276,-142.07253305103342,-4.548222643969173,-14.118186104153803,34.84761914164864,-16.16720161654184,53.77,-0.024
FF,-1.6,5.87,"Baz, Shane",669358,hit_into_play,R,0,0,-0.98,1.31,-0.41,2.48,5.4414810691269455,-140.37937761123146,-6.440521254024163,-14.24648993309149,33.53829358573395,-13.603853814327111,53.95,-0.228
