pitch_type,release_pos_x,release_pos_z,player_name,pitcher,description,stand,balls,strikes,pfx_x,pfx_z,plate_x,plate_z,vx0,vy0,vz0,ax,ay,az,release_pos_y,delta_run_exp
SL,-0.61,5.74,"Bigge, Hunter",685801,swinging_strike,R,2,2,0.6,0.35,1.16,1.55,3.1771150767258245,-132.15232981482586,-5.36148939699846,6.331670299954434,28.090666388384957,-27.1099796628761,53.71,-0.594
SL,-0.7,5.72,"Bigge, Hunter",685801,foul,R,2,1,0.4,0.46,1.65,2.14,5.001881414620311,-130.245840805462,-3.796014969132822,3.440305158709206,28.808578732465584,-26.31979667433254,53.7,-0.285
SL,-0.83,5.69,"Bigge, Hunter",685801,ball,R,1,1,0.0,0.32,0.88,0.95,4.33922847578259,-133.21730906563968,-6.788665441572054,-1.0325889219839277,31.719986041681445,-26.9607642811794,53.79,0.192
SL,-0.67,5.68,"Bigge, Hunter",685801,swinging_strike,R,1,0,0.69,0.49,1.24,1.44,3.2974766454911992,-130.4173754403388,-5.503412795899156,7.048933179054772,30.744092117297317,-25.580803658469105,53.52,-0.186
SL,-0.58,5.73,"Bigge, Hunter",685801,ball,R,0,0,0.2,0.59,1.66,2.3,5.159822916155864,-130.25659177339688,-3.709385080481717,1.063390875433884,29.15022107236397,-24.917118735453755,53.68,0.113
FF,-0.6,5.87,"Bigge, Hunter",685801,hit_into_play,R,1,0,-0.72,1.59,0.04,2.55,3.359431268171205,-140.83306878210257,-6.9625444292516185,-10.327808588124874,34.85346661033076,-9.689670829408072,53.73,0.851
FF,-0.59,5.88,"Bigge, Hunter",685801,ball,R,0,0,-0.73,1.63,-0.65,1.04,1.5054306235471009,-139.0896030858692,-10.86283419554585,-9.82649930677439,33.886961780608985,-8.779658341915688,53.68,0.051
FF,-0.54,5.91,"Bigge, Hunter",685801,ball,L,3,0,-0.79,1.7,-0.95,3.5,0.7084908119369026,-140.77576275506988,-4.726623476528675,-10.583408381436977,35.74102305775442,-8.850762490941321,53.82,0.144
FF,-0.46,5.83,"Bigge, Hunter",685801,blocked_ball,L,2,0,-0.86,1.57,-0.28,-0.12,2.488214877108586,-140.18140724188137,-13.844869182903109,-11.89617422784988,36.26392166735621,-8.377823515890173,53.64,0.128
SL,-0.56,5.72,"Bigge, Hunter",685801,ball,L,1,0,0.3,0.64,1.7,-0.07,5.058263166146735,-131.7333390774453,-9.99490322736336,2.387329072324877,28.135578120934472,-22.81969647136429,53.59,0.066
FF,-0.55,5.85,"Bigge, Hunter",685801,ball,L,0,0,-0.7,1.56,-0.08,1.54,2.878739925659159,-140.63736599588472,-9.53864865268078,-9.96124543156919,33.545936630635296,-9.452589148776632,53.83,0.044
FF,-0.56,5.98,"Bigge, Hunter",685801,hit_into_play,R,3,1,-0.5,1.66,-0.76,3.08,0.6035677377880461,-139.1275533644547,-5.796321817622931,-6.584256244431087,32.161568565877424,-9.477346433959354,53.86,-0.6
FF,-0.59,5.89,"Bigge, Hunter",685801,ball,R,2,1,-0.67,1.68,1.36,1.61,6.7444306977758,-139.991470370959,-9.636691737905126,-10.407289927083546,32.76382467204745,-8.068690478209598,53.79,0.158
SL,-0.6,5.86,"Bigge, Hunter",685801,ball,R,1,1,0.54,0.04,1.01,1.71,2.795001282535494,-127.48715042511496,-4.009790821085784,5.313513439177949,25.88691899497372,-31.109047242247453,53.8,0.074
FF,-0.67,6.06,"Bigge, Hunter",685801,ball,R,0,1,-0.77,1.7,-1.21,3.05,0.3215206104654406,-140.75453747667052,-6.358541661263479,-10.29943770154537,33.27344262444942,-8.323878886606552,53.95,0.057
FF,-0.56,5.99,"Bigge, Hunter",685801,foul,R,0,0,-0.59,1.7,0.34,2.88,3.730354708893477,-138.95413306268526,-6.371938918126046,-8.471071401189251,35.25568101703625,-9.004929346230352,53.79,-0.064
FF,-0.5,6.08,"Bigge, Hunter",685801,ball,R,3,2,-0.5,1.65,-0.71,3.05,0.6104642984172148,-141.5597958465863,-6.362285619370624,-6.846409043349176,37.302770979111806,-8.74968153962634,53.92,0.343
FF,-0.54,5.88,"Bigge, Hunter",685801,called_strike,R,3,1,-0.68,1.75,-0.04,1.37,2.89386466270279,-139.81371153709446,-10.36871206401762,-9.59271447498809,34.76320190210069,-6.976760280956769,53.69,-0.078
SL,-0.72,5.73,"Bigge, Hunter",685801,ball,R,2,1,0.43,0.5,1.62,0.63,4.917954241679391,-130.02270063059228,-7.670914717977877,3.744913271037655,28.361241496563963,-24.99506692915251,53.66,0.108
FF,-0.59,5.89,"Bigge, Hunter",685801,foul,R,2,0,-0.83,1.52,0.3,1.93,4.279190763639597,-140.17938516112017,-8.427416081196888,-11.868244676903648,33.199336795529014,-10.37606366153416,53.74,-0.057
SL,-0.75,5.69,"Bigge, Hunter",685801,ball,R,1,0,0.46,0.33,2.41,0.36,6.843969075656752,-128.83692381203858,-7.725138082052517,3.7410495495637113,26.520126970957524,-27.0297977301116,53.59,0.064
FF,-0.62,5.91,"Bigge, Hunter",685801,ball,R,0,0,-0.73,1.36,1.07,1.83,6.113494449219595,-138.35587271507086,-8.129834115791281,-10.756104799399782,33.48797195449786,-12.997150833391798,53.74,0.032
SL,-0.87,5.58,"Bigge, Hunter",685801,swinging_strike,L,3,2,0.53,0.19,-0.22,1.97,0.4878578481420796,-130.7456880566303,-3.373253320631884,5.942120361836645,27.94562741422523,-29.536922617064203,53.75,-0.131
SL,-0.92,5.71,"Bigge, Hunter",685801,ball,L,2,2,0.57,0.27,-0.23,4.51,0.5197392882502694,-132.32692598624544,2.310554874618416,6.671251652915176,26.92033125099086,-29.62930802677854,53.86,0.043
CU,-0.69,5.59,"Bigge, Hunter",685801,ball,L,1,2,0.72,-1.27,1.18,1.99,2.8566281425077222,-118.82441639504194,1.0738775011905195,6.076597133708783,27.15390225110401,-44.575742846158576,53.67,0.018
SL,-0.6,5.71,"Bigge, Hunter",685801,foul,L,1,2,0.48,0.42,0.89,2.69,2.765175935729437,-134.33527948803317,-2.8147255830978857,5.187745706889874,28.79287553910227,-26.67212569562352,53.72,0.0
FF,-0.56,5.88,"Bigge, Hunter",685801,foul,L,1,1,-0.66,1.62,-0.65,3.36,1.3089980437315922,-144.09852879166064,-5.238133618379391,-9.429071182595663,35.83021274433984,-8.690181927103062,53.8,-0.026
CU,-0.45,5.6,"Bigge, Hunter",685801,ball,L,0,1,0.62,-1.43,0.94,1.79,1.991515402165685,-120.50943186566022,0.7019107974951,5.555068380819488,26.836526716085693,-46.344760679534126,53.56,0.011
FF,-0.5,5.77,"Bigge, Hunter",685801,called_strike,L,0,0,-0.7,1.58,-0.11,1.81,2.6973770316060683,-143.12445339853122,-9.021411013440112,-10.18376735730982,34.77029187676053,-8.543262567832615,53.69,-0.015
SL,-0.6,5.69,"Bigge, Hunter",685801,swinging_strike,R,3,2,0.56,0.25,0.82,1.49,2.369865843429632,-131.44586360372213,-5.083578424843482,5.98406139365981,27.286900075297982,-28.3857835634506,53.73,-0.211
ST,-0.85,5.52,"Bigge, Hunter",685801,ball,R,2,2,1.56,-0.11,1.92,2.16,3.422089758639117,-125.1504652714617,-1.4718652149658595,15.603104782730604,26.92969974005964,-33.24181206594695,53.71,0.069
ST,-0.81,5.57,"Bigge, Hunter",685801,ball,R,1,2,1.64,-0.04,1.2,2.89,1.4191475913030027,-124.23358526546149,0.159021616713205,16.53701597504999,27.424252156040065,-32.86086822082616,53.82,0.026
SL,-0.73,5.62,"Bigge, Hunter",685801,swinging_strike,R,1,1,0.5,0.34,0.3,1.84,1.5310656042555717,-133.01925373995044,-4.419051805650996,5.576241702224536,29.47538267245224,-27.32940385196297,53.73,-0.04
FF,-0.44,5.78,"Bigge, Hunter",685801,called_strike,R,1,0,-0.53,1.76,0.05,1.59,2.574220036587437,-142.77051534107486,-9.983837807952996,-7.815716086156227,35.482580150114465,-5.999072419560727,53.72,-0.031
SL,-0.61,5.78,"Bigge, Hunter",685801,ball,R,0,0,0.59,0.01,0.23,4.28,0.7939515161413504,-128.4451058822302,2.440596646068908,6.414867408412417,26.598496294899064,-32.80107142375367,53.88,0.024
FF,-0.48,5.87,"Bigge, Hunter",685801,hit_into_play,L,2,2,-0.57,1.53,-0.09,2.79,2.431914535317288,-144.2434200930053,-6.608134529881705,-8.533905109833979,35.31496405548098,-9.43799500946224,53.83,-0.204
FF,-0.44,5.92,"Bigge, Hunter",685801,foul,L,2,2,-0.69,1.67,-0.71,2.6,0.8975415992472897,-143.3063926125208,-7.45311740740027,-9.66083589767818,36.226597564271,-7.643064446437884,53.85,0.0
FF,-0.41,5.91,"Bigge, Hunter",685801,called_strike,L,2,1,-0.59,1.62,-0.87,2.91,0.12993875180698,-142.22927110526302,-6.346644059135258,-8.010744024392386,36.012777031115164,-8.934086889234026,53.81,-0.063
FF,-0.27,5.92,"Bigge, Hunter",685801,ball,L,1,1,-0.61,1.58,-0.08,1.38,1.9636673364225368,-142.40122794117283,-10.440967276919084,-8.803305850272299,35.5003982597797,-8.441809933515804,53.85,0.05
FF,-0.53,5.87,"Bigge, Hunter",685801,swinging_strike,L,1,0,-0.75,1.7,0.08,2.69,3.344341136139832,-139.85781318268602,-6.688725203367508,-10.562873840513294,34.76584713213439,-8.592014246845775,53.69,-0.044
FF,-0.46,5.81,"Bigge, Hunter",685801,ball,L,0,0,-0.61,1.53,1.57,1.31,6.898500546204242,-141.26015230216498,-10.088765255404097,-9.815748627810862,34.38598213569895,-9.43662679267347,53.71,0.032
SL,-0.8,5.43,"Bigge, Hunter",685801,hit_into_play,R,1,1,0.42,0.46,0.4,1.57,2.1240014660657325,-131.46142514284992,-4.660566146940859,4.39885084874995,28.54091738160979,-26.101965538128848,53.51,-0.31
FF,-0.57,5.72,"Bigge, Hunter",685801,ball,R,0,1,-0.29,1.78,-0.37,5.2,1.212779743847026,-144.23227616263156,-0.0894213663612135,-4.257813529882264,39.407533413706446,-7.906967819572946,53.8,0.03
FF,-0.67,5.63,"Bigge, Hunter",685801,swinging_strike,R,0,0,-0.69,1.66,-0.18,2.5,2.9285958044454934,-141.60334813175888,-6.704465349397202,-9.961160492838658,36.78788827639031,-8.51710054250641,53.71,-0.042
SL,-0.61,5.55,"Bigge, Hunter",685801,hit_into_play,R,2,1,0.47,0.32,0.15,3.21,0.905244516133176,-132.21443335041897,-0.6020469526172549,5.259187770552945,29.551538901672902,-28.49387756302451,53.61,-0.344
FF,-0.65,5.64,"Bigge, Hunter",685801,foul,R,2,0,-0.66,1.74,-1.16,3.19,0.143720188591763,-142.81400334652687,-5.136188864773922,-8.896701334437129,38.39794076367334,-7.562345062528847,53.52,-0.064
SL,-0.83,5.44,"Bigge, Hunter",685801,ball,R,1,0,0.43,0.47,0.77,0.39,3.173127086903098,-134.62857484922054,-8.170483575946156,4.540211647300091,30.762635148358687,-24.88659996175432,53.53,0.066
FF,-0.65,5.61,"Bigge, Hunter",685801,ball,R,0,0,-0.53,1.72,0.14,1.35,3.428029832040989,-143.26156269116828,-10.194377791914013,-8.08517922090844,36.313147639777455,-6.233576154194772,53.51,0.044
CU,-0.52,5.53,"Bigge, Hunter",685801,hit_into_play,L,1,2,0.56,-1.16,-0.25,2.49,-0.4854678881130613,-119.89684515825664,1.986363854978862,5.481239530706663,26.147223789033067,-43.91674705677409,53.52,0.313
FF,-0.68,5.68,"Bigge, Hunter",685801,ball,L,0,2,-0.61,1.6,-0.89,3.6,0.8753657244762367,-145.58055248893038,-4.117556656876163,-8.839825214746707,37.73432899945134,-8.707907285234263,53.81,0.013
SL,-0.72,5.5,"Bigge, Hunter",685801,swinging_strike,L,0,1,0.51,0.34,0.39,2.2,1.7489468032813744,-134.55840187114208,-3.4030995035665663,5.821662744593699,28.55206709932983,-27.478042959026133,53.65,-0.035
FF,-0.76,5.58,"Bigge, Hunter",685801,foul,L,0,0,-0.66,1.45,-0.29,2.4,2.8319354718850653,-142.496105634388,-6.44375252978964,-9.695586438819088,35.07200414320979,-11.169662831217153,53.7,-0.024
ST,-1.03,5.24,"Bigge, Hunter",685801,hit_into_play,R,1,2,1.23,0.02,0.99,2.02,2.313638030358979,-124.96374762066596,-1.3535951527692809,12.281208325748132,27.281643736733752,-31.908414606125884,53.62,-0.168
ST,-0.87,5.4,"Bigge, Hunter",685801,ball,R,0,2,1.7,-0.15,1.53,3.82,2.25653419949503,-124.50304824742923,2.967629027057072,16.986247378179545,28.05873093187328,-34.636353140182365,53.8,0.019
FF,-0.52,5.72,"Bigge, Hunter",685801,called_strike,R,0,1,-0.76,1.68,-0.31,2.05,2.324405132060848,-141.45289979288748,-8.217638101648944,-10.65848486054071,34.43958885805344,-7.96087007820952,53.7,-0.047
FF,-0.6,5.66,"Bigge, Hunter",685801,called_strike,R,0,0,-0.78,1.65,0.24,2.29,4.088353752026122,-141.32049886791225,-7.299926293836464,-11.441173573236831,35.09124044789607,-8.654883891913197,53.69,-0.032
