pitch_type,release_pos_x,release_pos_z,player_name,pitcher,description,stand,balls,strikes,pfx_x,pfx_z,plate_x,plate_z,vx0,vy0,vz0,ax,ay,az,release_pos_y,delta_run_exp
FF,-2.16,6.18,"Kuhnel, Joel",669270,hit_into_play,L,2,2,-0.95,0.99,-0.03,2.87,7.86182864975069,-138.27521065130543,-5.386704645061867,-13.801958124244203,27.76159666245104,-18.482527616300683,53.11,-0.088
CU,-2.22,6.18,"Kuhnel, Joel",669270,foul,L,2,2,0.49,0.11,-0.03,2.07,3.9659336584342855,-116.62871841932926,-2.6495218496317774,3.802538464564592,20.42258017510706,-30.88763985336242,53.42,0.0
CH,-1.8,6.31,"Kuhnel, Joel",669270,foul,L,2,1,-1.01,0.21,0.45,1.7,7.751719566230816,-129.3240977540715,-5.870231839363628,-12.851405054822225,22.359910715097342,-28.859381324382,53.38,-0.031
SL,-2.17,6.05,"Kuhnel, Joel",669270,ball,L,1,1,0.16,0.47,1.35,1.46,8.369241717267835,-129.70674945511226,-6.378580716091692,0.3453248072965539,23.689618138049564,-25.75086653380552,53.68,0.023
FF,-1.9,6.2,"Kuhnel, Joel",669270,foul,L,1,0,-0.94,1.01,-0.23,2.76,6.557323655851284,-137.55535884264253,-5.657737412931718,-13.34177461686193,27.93292486399261,-18.286477818703183,53.32,-0.019
SL,-2.62,6.06,"Kuhnel, Joel",669270,ball,L,0,0,0.11,0.41,-1.01,2.8,3.757112305789369,-129.94529749200294,-2.991970611380248,0.6297647460767312,22.00594484585792,-27.08056979552387,53.71,0.016
SL,-1.96,6.2,"Kuhnel, Joel",669270,hit_into_play,L,2,2,0.47,0.29,-0.01,2.28,3.9805578299502336,-133.4860907227942,-4.76623263584277,4.891223678117236,26.80087966593197,-27.9290344107322,53.5,-0.142
CH,-1.92,6.34,"Kuhnel, Joel",669270,ball,L,1,2,-1.14,0.39,-1.88,2.33,2.637575636243407,-134.33716109650442,-5.340895166689154,-14.363874139363856,27.42038949647083,-26.50643753629189,53.33,0.026
FF,-2.15,6.2,"Kuhnel, Joel",669270,swinging_strike,L,1,1,-0.68,1.09,-0.12,1.89,6.951468579091182,-137.55241731703006,-8.187436760156531,-10.137032126067169,27.626204866746523,-16.776111229194306,53.11,-0.04
CH,-1.99,6.31,"Kuhnel, Joel",669270,ball,L,0,1,-0.99,0.39,-2.14,3.09,1.7471107680199878,-129.26212655485764,-2.7319326565080586,-11.543916947494072,24.63307762310988,-27.5007286583532,53.36,0.017
SL,-2.04,6.23,"Kuhnel, Joel",669270,called_strike,L,0,0,0.41,0.44,-0.53,2.76,2.90523222956666,-131.2929906111525,-3.71146619860699,4.254756168808245,25.13350006064092,-26.474703898222547,53.74,-0.024
SL,-2.14,6.27,"Kuhnel, Joel",669270,hit_into_play,R,2,1,0.31,0.31,0.82,1.74,6.726349402748766,-130.03923309075836,-5.9905861518474826,2.3943065852960954,22.48398258453897,-27.703851377320458,53.39,-0.267
SI,-1.44,6.44,"Kuhnel, Joel",669270,ball,R,1,1,-1.11,0.66,-0.15,3.87,5.959021014852415,-137.61084601281928,-2.586765152331674,-15.41847920987334,26.154913806865096,-23.399546126713503,53.15,0.05
SL,-2.26,6.29,"Kuhnel, Joel",669270,foul,R,1,0,0.42,0.52,-0.59,2.56,3.285555594460911,-130.34814227546198,-4.43148663137739,4.240956601256334,23.529894309828105,-25.571007263984,53.51,-0.044
SI,-1.57,6.51,"Kuhnel, Joel",669270,ball,R,0,0,-1.14,0.57,-1.08,1.94,3.814595910705839,-135.9400734192131,-7.418344731688764,-14.941917972931837,28.023844139903023,-23.680568237971645,53.55,0.032
SL,-1.97,6.23,"Kuhnel, Joel",669270,swinging_strike,R,2,2,0.2,0.54,0.76,2.08,6.508770351265733,-132.7505206314602,-5.879263560285697,1.2429993075502404,23.07404004890569,-24.841356097621382,53.57,-0.284
FF,-1.51,6.41,"Kuhnel, Joel",669270,foul,R,2,2,-0.86,1.11,-0.03,2.66,6.04746026095102,-141.01639575537232,-7.169280292207898,-12.845488352904084,30.089343464109064,-15.979460907038575,53.0,0.0
SL,-2.04,6.16,"Kuhnel, Joel",669270,ball,R,1,2,0.03,0.46,1.42,1.62,8.788755537402311,-133.19054149475917,-6.7091203176833725,-1.4382223737116329,27.034688027979115,-25.45296099109064,53.39,0.048
SL,-2.19,6.17,"Kuhnel, Joel",669270,called_strike,R,1,1,-0.07,0.6,-0.58,1.77,4.246993808955743,-132.8952349538138,-6.576343446332801,-1.7118727206879092,27.69455015169683,-23.926952623978696,53.45,-0.075
SL,-2.2,6.21,"Kuhnel, Joel",669270,ball,R,0,1,-0.06,0.4,-0.11,1.19,5.441367516229608,-131.58988994466563,-7.602775781811911,-1.788331072132408,25.318176132809864,-26.2172840847766,53.24,0.02
SI,-1.58,6.3,"Kuhnel, Joel",669270,called_strike,R,0,0,-1.26,0.61,0.14,2.5,7.513213839968183,-137.69188227165793,-5.76523321263212,-17.73863910209868,29.31550028982292,-23.305118825096443,52.89,-0.048
SL,-1.97,6.28,"Kuhnel, Joel",669270,hit_into_play,R,0,2,0.3,0.53,0.26,3.16,5.019686343920437,-132.76478868710754,-3.1813945280130524,2.615275397599445,26.188822599261734,-25.488997594013043,53.54,-0.211
SL,-2.19,6.25,"Kuhnel, Joel",669270,called_strike,R,0,1,0.35,0.51,0.28,1.75,5.45115211833402,-129.74024894944426,-6.302526170850851,2.9953383791452506,23.445264658378207,-25.39360239471554,53.18,-0.075
SL,-2.14,6.17,"Kuhnel, Joel",669270,swinging_strike,R,0,0,0.2,0.62,-0.77,3.16,2.9292049079638334,-127.76803093902012,-2.5243893861020137,1.6301895270347873,24.170897506206614,-25.052141551016074,53.64,-0.047
SI,-1.42,6.49,"Kuhnel, Joel",669270,hit_into_play,R,2,1,-1.27,0.56,-0.21,2.53,6.082996866431759,-137.04304565588876,-5.968240809297432,-17.352887000872297,28.168986163412104,-24.051336515501653,53.23,0.389
SI,-1.71,6.27,"Kuhnel, Joel",669270,foul,R,2,0,-1.12,0.82,0.18,2.54,7.603094623398578,-137.80727238262406,-6.023037474876082,-15.985242026351289,29.5742457872552,-20.557073268902503,53.12,-0.039
CH,-1.92,6.26,"Kuhnel, Joel",669270,ball,R,1,0,0.04,0.63,-0.75,4.46,2.8361291972343907,-130.1304887798163,0.2380004041955914,-0.0572403312154538,25.32648765762365,-25.27209573001192,53.44,0.045
SI,-1.48,6.44,"Kuhnel, Joel",669270,ball,R,0,0,-1.16,0.82,-1.02,1.43,3.8497879933447674,-137.66948367530796,-9.30475581686923,-15.588693617188513,30.52979750287921,-19.88928107433741,53.56,0.024
SI,-1.29,6.48,"Kuhnel, Joel",669270,hit_into_play,R,1,1,-1.16,0.75,-0.13,2.51,5.67277166659659,-136.8469496635927,-6.359896810165523,-15.876947360114862,28.24889410847345,-21.598058176540928,53.4,-0.216
SL,-1.94,6.15,"Kuhnel, Joel",669270,ball,R,0,1,0.26,0.65,0.34,1.18,5.20457352828011,-131.2084533225908,-7.9291116298917,1.9684974773026975,26.14610665111436,-23.269548454224477,53.28,0.021
SL,-1.89,6.32,"Kuhnel, Joel",669270,called_strike,R,0,0,0.21,0.6,0.5,3.2,5.417418999616545,-127.67565024726969,-2.693784787596503,1.2480504076089352,25.9946099824484,-25.313847148414183,53.31,-0.032
SI,-1.47,6.33,"Kuhnel, Joel",669270,hit_into_play,R,0,0,-1.25,0.67,0.09,2.42,6.95108720076953,-137.47014856628428,-6.050376375584481,-17.45430057617403,31.48069739785267,-22.466987865482885,53.42,-0.1
SI,-2.06,6.1,"Kuhnel, Joel",669270,hit_into_play,L,2,0,-1.26,0.52,-0.69,1.79,6.356598141373947,-134.1768764947438,-6.319625133038432,-16.631710859248727,30.425079013471205,-24.686849590289285,53.37,-0.232
CH,-2.06,6.14,"Kuhnel, Joel",669270,ball,L,1,0,-1.35,0.7,-1.48,3.02,4.366070815318588,-130.83273680524871,-3.264424248832363,-16.423561133698698,29.224082766980697,-23.60763196395832,53.46,0.045
SL,-2.31,6.07,"Kuhnel, Joel",669270,ball,L,0,0,0.13,0.55,-1.74,4.04,1.165895321077465,-130.31486664533833,-0.1689390389065918,1.2228990249088676,27.78304425193224,-26.142241225389714,53.75,0.024
SI,-2.16,6.19,"Kuhnel, Joel",669270,hit_into_play,L,1,2,-1.32,0.86,-1.28,1.95,5.16398778835762,-134.14130965281063,-6.843152387012114,-17.066684066892147,31.19897688560165,-20.50928864520736,53.53,-0.168
FF,-1.68,6.28,"Kuhnel, Joel",669270,ball,L,0,2,-0.83,1.4,-1.43,4.13,2.5939706955533888,-139.57774268359546,-3.219523124008681,-11.42779992441211,36.06813398557164,-13.50236514285489,53.43,0.019
FF,-1.78,6.19,"Kuhnel, Joel",669270,swinging_strike,L,0,1,-0.77,1.42,-0.3,2.1,5.625374707594896,-137.18707290953955,-8.123688480826207,-11.07543519460717,33.44808982939031,-12.60884065280787,53.51,-0.047
SL,-2.38,6.08,"Kuhnel, Joel",669270,called_strike,L,0,0,0.18,0.41,-0.64,3.11,3.9508156055206847,-129.51904416892913,-2.152375532748763,1.242940230288563,26.18897995268217,-27.289873728367144,53.42,-0.032
SI,-1.44,6.28,"Kuhnel, Joel",669270,hit_into_play,R,0,0,-1.35,0.95,0.03,1.89,6.876713822343996,-136.03164206274715,-7.744179393116767,-18.31605443953196,31.462535058049944,-18.842151067378897,53.46,-0.1
FF,-2.05,6.1,"Kuhnel, Joel",669270,hit_into_play,L,3,2,-0.91,1.14,-0.91,2.98,5.023877765743845,-136.06911844406577,-4.843504689822023,-12.418609617252356,31.60959181093845,-17.137964769221913,53.39,-0.211
SL,-1.97,6.0,"Kuhnel, Joel",669270,ball,L,2,2,0.34,0.53,-1.32,3.45,0.8798868309703737,-129.18846749005232,-1.2943610712556477,3.645355849214312,27.551232912233957,-26.189149075554283,53.91,0.069
FF,-1.75,6.09,"Kuhnel, Joel",669270,ball,L,1,2,-0.83,1.01,-0.49,4.06,5.235823597068921,-138.67050785070867,-1.958156739832248,-11.857527716837096,32.30770371696424,-18.94143273785973,53.48,0.026
FF,-1.79,6.14,"Kuhnel, Joel",669270,foul,L,1,1,-0.77,1.34,-0.19,2.84,5.967823748617229,-137.79844944719352,-5.999870176077147,-11.134530560336833,32.13202752804142,-14.016341097916309,53.4,-0.04
FF,-1.73,6.14,"Kuhnel, Joel",669270,ball,L,0,1,-0.95,1.15,-0.51,4.4,5.392985140541032,-138.04913549718057,-1.457127957216477,-13.311409448262843,31.51530810370821,-17.43984561237663,53.56,0.017
SL,-2.36,6.04,"Kuhnel, Joel",669270,called_strike,L,0,0,0.29,0.23,-0.5,2.82,4.012903703946367,-130.23195765454307,-2.4732683497664905,2.464211376864309,26.890240158655644,-29.24098360836471,53.69,-0.024
SI,-1.46,6.26,"Kuhnel, Joel",669270,hit_into_play,R,2,2,-1.4,0.87,-0.16,3.41,6.54161482787205,-136.7686128072936,-3.602750382350657,-18.964847340796613,31.044056506218844,-20.68014058021992,53.5,-0.204
CU,-2.33,6.06,"Kuhnel, Joel",669270,ball,R,1,2,0.29,0.09,1.68,0.53,8.70026026140298,-120.55496146046508,-6.3772127783534005,1.0663660974520452,24.210185223766512,-30.22161525161105,53.56,0.036
SL,-2.03,6.04,"Kuhnel, Joel",669270,foul,R,1,2,0.4,0.19,0.05,2.96,4.267475121164658,-129.18066655452435,-1.8930123284295584,3.652578504828782,26.557610629496818,-29.84782351158896,53.92,0.0
SL,-2.02,6.0,"Kuhnel, Joel",669270,foul,R,1,2,0.46,0.1,0.76,2.39,5.866384268937924,-127.84201610586432,-2.895831925649748,3.905101545736244,24.68252195766041,-30.66897911058568,53.42,0.0
CU,-1.98,6.18,"Kuhnel, Joel",669270,called_strike,R,1,1,0.53,-0.01,0.77,2.52,5.141453018342399,-117.41088863948067,-1.466932817634985,3.92410753633048,22.171469720987268,-32.20144497410066,53.74,-0.049
SL,-2.04,6.02,"Kuhnel, Joel",669270,ball,R,0,1,0.29,0.37,1.84,0.76,9.1074877057782,-130.32689157834594,-7.86193241312416,1.3128731017156807,28.70800165547652,-26.3675839319066,53.36,0.021
SI,-1.43,6.37,"Kuhnel, Joel",669270,foul,R,0,0,-1.56,0.8,-0.59,2.33,5.736857772090914,-137.4593096708166,-6.694358604848384,-21.003986408263007,31.92014969082485,-20.710296401600267,53.44,-0.032
