pitch_type,release_pos_x,release_pos_z,player_name,pitcher,description,stand,balls,strikes,pfx_x,pfx_z,plate_x,plate_z,vx0,vy0,vz0,ax,ay,az,release_pos_y,delta_run_exp
SL,3.75,5.15,"Lopez, Jacob",682052,swinging_strike,L,3,2,-1.12,-0.13,-0.22,2.23,-6.437170894250466,-111.41404334258044,1.1391998415546585,-8.05809332684463,21.04110047662333,-33.712703487568184,53.59,-0.482
SL,3.68,5.12,"Lopez, Jacob",682052,foul,L,3,2,-0.84,-0.06,0.16,2.14,-6.039595905816406,-112.89769364762708,0.7131411694807857,-5.980321753690292,21.806704160085516,-33.037733466853624,53.8,0.0
SI,3.5,5.27,"Lopez, Jacob",682052,foul,L,3,1,1.41,1.18,-0.46,2.27,-12.89541893741458,-129.333723707865,-3.812793759143424,18.65273868538052,28.84639270797678,-18.28024367352588,53.34,-0.126
SL,3.79,5.21,"Lopez, Jacob",682052,ball,L,2,1,-0.93,0.09,1.32,2.22,-3.581926478962029,-111.8880738483135,0.5640496084781175,-7.092252062741296,21.5812555835504,-31.75601398286937,53.63,0.135
SL,3.63,5.13,"Lopez, Jacob",682052,ball,L,1,1,-0.87,0.0,-1.71,1.44,-9.778211964823717,-111.00519781930758,-0.6310313181343331,-5.252993713861772,21.68262906179413,-32.31248955042395,53.53,0.05
SI,3.54,5.35,"Lopez, Jacob",682052,called_strike,L,1,0,1.46,0.7,0.87,2.48,-9.866125193496307,-130.7564340772469,-2.60883282149384,18.93872424798976,29.91546743618534,-23.847153527485965,53.51,-0.058
SL,3.67,5.18,"Lopez, Jacob",682052,ball,L,0,0,-0.63,-0.08,-1.7,1.72,-10.23428576837133,-110.91098675458804,-0.0079819904639675,-3.180324303794733,21.45555856056348,-33.10411813899674,53.78,0.06
SI,3.68,5.19,"Lopez, Jacob",682052,hit_into_play,R,1,0,1.46,1.05,0.48,2.57,-11.123390469865445,-130.71328570462214,-2.713914973195192,19.12037575573144,29.3646614623462,-19.790990961514115,53.65,-0.489
SL,3.68,5.22,"Lopez, Jacob",682052,ball,R,0,0,-0.87,0.02,0.09,3.25,-6.068439169593727,-111.9350236319654,2.871034749062745,-6.137699594477315,21.48973261116984,-32.8323890865634,53.8,0.042
SI,3.47,5.29,"Lopez, Jacob",682052,ball,L,3,0,1.18,0.96,2.11,2.9,-5.926153298702943,-130.4245687715815,-1.9130281822299784,14.745195608427524,29.211744537340987,-21.111717569125062,53.66,0.084
SL,3.62,5.13,"Lopez, Jacob",682052,ball,L,2,0,-0.8,0.27,-1.16,2.67,-8.91790447348668,-113.91094040093093,1.1261792990330202,-5.148730611840571,22.746774345680155,-30.307593876958837,53.72,0.071
SI,3.56,5.35,"Lopez, Jacob",682052,ball,L,1,0,1.5,0.89,1.08,2.08,-9.449988336418295,-130.81528207827847,-3.9896712601939592,19.33464040521224,31.09842646972084,-21.288237012261124,53.62,0.044
SI,3.45,5.31,"Lopez, Jacob",682052,ball,L,0,0,1.48,0.97,1.48,2.72,-8.124529129455398,-131.3275187402018,-2.5049334714060194,18.844310290780303,30.583740282304905,-20.67142518926579,53.69,0.027
SI,3.55,5.34,"Lopez, Jacob",682052,ball,R,3,0,1.37,0.97,1.0,2.93,-9.394452909946184,-131.54904059265044,-2.1160375080030573,17.90573001279511,29.54593733805128,-20.652424645252243,53.63,0.042
SI,3.65,5.27,"Lopez, Jacob",682052,ball,R,2,0,1.43,0.87,1.38,2.75,-8.759024962089903,-129.99850559180197,-2.0117510028541523,18.087910961690085,28.94362239533843,-22.09688032956424,53.34,0.046
SI,3.63,5.3,"Lopez, Jacob",682052,ball,R,1,0,1.22,1.04,1.15,2.72,-8.979958074887216,-132.69860136445277,-2.8273271030541034,16.41709529979742,30.609259050344797,-19.478233352711907,53.58,0.026
SL,3.65,5.31,"Lopez, Jacob",682052,ball,R,0,0,-0.76,0.19,1.21,2.77,-3.8603143894369225,-113.17860523439292,1.0848852284744133,-5.932201933741488,19.60884590173826,-30.89304053752116,53.9,0.016
SL,3.61,5.16,"Lopez, Jacob",682052,hit_into_play,R,1,2,-1.3,-0.04,-0.12,2.33,-5.484237306781344,-109.27876288832256,1.5353529345744408,-9.070192854636334,23.106161223003603,-33.09838779541619,53.57,-0.116
SL,3.68,5.24,"Lopez, Jacob",682052,swinging_strike,R,1,1,-1.13,-0.17,0.31,1.95,-5.061541022992236,-110.64057333450108,0.6882779754521835,-7.95139934819243,24.981461073985145,-33.97669978273408,53.74,-0.04
SL,3.72,5.29,"Lopez, Jacob",682052,called_strike,R,1,0,-0.95,0.12,-0.48,2.41,-7.1911312602454505,-111.36137105788008,0.9058322379636132,-6.211129499281977,24.152667766013412,-31.67664298097081,53.77,-0.031
SI,3.64,5.27,"Lopez, Jacob",682052,ball,R,0,0,1.26,1.08,2.12,2.33,-6.591518927133802,-132.21911684727172,-3.65775054936927,16.25980495830336,34.355498251537504,-19.04035667031283,53.6,0.024
SI,3.8,5.18,"Lopez, Jacob",682052,hit_into_play,R,3,2,1.29,1.0,0.38,1.48,-11.4080708853136,-131.3333825054808,-5.336005321366852,17.638900693750358,33.23989333094417,-19.59268467253245,53.58,-0.297
SL,3.8,5.18,"Lopez, Jacob",682052,ball,R,2,2,-0.74,0.12,-1.46,1.21,-9.983586171607616,-112.95077342954592,-1.680909516155717,-4.138751784359576,24.18037978656969,-31.085564225430232,53.66,0.093
SI,3.5,5.44,"Lopez, Jacob",682052,ball,R,1,2,1.18,0.95,0.62,4.55,-9.847751048808178,-131.4423183252697,1.8030272469198936,15.9056116743785,31.58292173362077,-21.947504852636904,53.49,0.036
SI,3.82,5.26,"Lopez, Jacob",682052,swinging_strike,R,1,1,1.21,0.84,0.9,2.82,-9.771276784502144,-129.0540223635187,-1.5944150227173144,15.704505599268163,31.034813553145863,-22.716182984066783,53.67,-0.049
SL,3.86,5.24,"Lopez, Jacob",682052,called_strike,R,1,0,-0.98,-0.08,0.5,1.78,-5.279601455621734,-109.2987044224021,0.275317668331527,-6.636003266670287,22.87742418938669,-33.096266260832934,53.62,-0.044
SI,3.61,5.27,"Lopez, Jacob",682052,ball,R,0,0,1.09,1.08,-0.98,2.45,-13.83375812059477,-130.26963794741962,-3.1944262478663967,15.65517452207721,31.63368823947823,-19.478509465568685,53.52,0.032
SL,3.82,5.16,"Lopez, Jacob",682052,hit_into_play,R,2,1,-0.46,-0.23,1.37,2.07,-4.367870290086749,-110.87058025083668,0.994347894098176,-2.9997468170741426,19.717016796553825,-34.45320660318897,53.66,-0.389
SI,3.62,5.26,"Lopez, Jacob",682052,ball,R,1,1,0.73,1.02,-0.2,4.51,-10.966786446042288,-128.856981747888,2.1357772838432485,10.407281148679992,25.843106218754595,-21.49857696966702,53.68,0.074
SL,3.65,5.19,"Lopez, Jacob",682052,called_strike,R,1,0,-0.61,-0.13,-0.56,2.17,-7.90468917120184,-112.05466070901512,0.8203137068572728,-3.6957981618947535,20.36555313541499,-33.684900677790125,53.71,-0.054
SL,3.57,5.26,"Lopez, Jacob",682052,ball,R,0,0,-0.48,-0.54,-1.32,2.04,-9.706942561300536,-113.18844334543236,1.0505976930179337,-2.2600372603942604,21.57566125290521,-37.21905787051905,53.67,0.021
SI,3.55,5.29,"Lopez, Jacob",682052,hit_into_play,L,2,1,1.28,1.01,0.53,1.65,-10.36995645758958,-131.8317396774553,-5.372631646671478,17.126228823650298,27.86064846611465,-19.40990880459116,53.64,1.485
SL,3.59,5.14,"Lopez, Jacob",682052,ball,L,1,1,-0.78,-0.09,-0.48,1.42,-7.258128390473192,-111.64797066828132,-0.6756469360117974,-5.142246268280919,20.577820852309166,-33.03927271055352,53.78,0.058
SI,3.31,5.36,"Lopez, Jacob",682052,ball,L,0,1,1.22,0.92,-1.31,2.73,-14.21741831546638,-130.89307286115124,-2.541839795749554,17.019113672655973,27.245224517447934,-21.2577301821372,53.59,0.057
SI,3.43,5.26,"Lopez, Jacob",682052,called_strike,L,0,0,1.11,0.96,0.43,3.35,-9.75155246710034,-128.96373213142317,-0.6195591136813486,14.458157430426612,26.807836682325885,-21.4961882241598,53.69,-0.073
SI,3.62,5.27,"Lopez, Jacob",682052,ball,R,3,2,0.83,1.14,0.17,4.27,-10.33610299681919,-129.4949847938469,1.199926089760429,11.466145701410287,26.393453992731484,-19.794749131028368,53.5,0.113
SL,3.67,5.14,"Lopez, Jacob",682052,foul,R,3,2,-0.84,-0.27,1.18,2.06,-3.823624908553884,-112.94952221739568,0.8604704753449026,-6.445951572402651,20.82504473023807,-34.8988373139894,53.73,0.0
SI,3.49,5.34,"Lopez, Jacob",682052,foul,R,3,2,1.15,0.81,-0.4,2.44,-12.37683060358356,-131.6628873668706,-3.10037371001438,15.982332221893452,26.679429100069747,-22.22249197825974,53.31,0.0
SL,3.62,5.12,"Lopez, Jacob",682052,ball,R,2,2,-0.36,-0.04,-0.65,1.42,-8.600046097772713,-113.24750448472813,-0.9377084300758204,-1.553603187499104,20.805169744963614,-32.58903392270204,53.57,0.064
SL,3.74,5.1,"Lopez, Jacob",682052,foul,R,2,2,-0.61,0.18,0.57,1.92,-5.678730218536028,-112.5328870616346,-0.1615356808667868,-4.14080209814917,20.088648531074288,-30.836035688229742,53.8,0.0
CH,3.49,5.02,"Lopez, Jacob",682052,foul,R,2,2,1.3,0.26,1.51,1.9,-7.034234600403546,-119.20151957673352,-0.9802329034779284,13.766335751421163,23.529081045374635,-29.731756680971003,53.92,0.0
SI,3.48,5.29,"Lopez, Jacob",682052,ball,R,1,2,0.82,1.14,1.2,4.42,-7.51430138020824,-130.9475063741037,1.4123465242383086,10.999310566640222,27.81853779825612,-19.57261170089837,53.42,0.048
SL,3.62,5.18,"Lopez, Jacob",682052,foul,R,1,1,-0.64,-0.23,0.28,2.34,-6.033871389448178,-113.35617844976848,1.2743701065274604,-4.315754306072994,22.008519620600847,-34.59531863524956,53.89,-0.075
SL,3.61,5.16,"Lopez, Jacob",682052,foul,R,1,0,-0.61,0.08,0.85,2.33,-4.831807388197091,-113.2222112075342,0.7131323266674379,-4.366737049792735,20.93299433285961,-31.822761655257217,53.82,-0.049
SI,3.75,5.05,"Lopez, Jacob",682052,ball,R,0,0,1.44,0.74,1.62,1.23,-8.456854216738124,-131.40377045216715,-5.203895431895221,18.534877912372284,28.6450531381225,-22.599632285993707,53.62,0.027
SI,3.51,5.34,"Lopez, Jacob",682052,ball,R,3,2,1.09,1.12,2.28,4.17,-5.5115194128039695,-133.37544356968843,0.5151979328084975,14.2229050459651,29.600804984473463,-19.12740697614576,53.72,0.1
SI,3.52,5.25,"Lopez, Jacob",682052,foul,R,3,1,0.97,1.28,-0.38,2.43,-11.872143657742717,-130.81074861080342,-3.740910875039555,13.746200748712129,29.37096388662889,-16.881692699813048,53.54,-0.035
SL,3.64,5.25,"Lopez, Jacob",682052,ball,R,2,1,-0.59,-0.18,0.95,3.16,-4.7959504545613525,-114.38002355183784,2.723421716264301,-4.210569228916591,22.34529368145733,-34.505210995681296,53.66,0.046
CH,3.62,5.03,"Lopez, Jacob",682052,ball,R,1,1,1.43,0.36,0.48,1.09,-10.06975501186779,-120.67678778921228,-3.187769763427241,16.01421160916206,25.79600321423172,-28.243584260223894,53.79,0.023
SL,3.85,5.17,"Lopez, Jacob",682052,called_strike,R,1,0,-0.47,-0.18,0.66,1.73,-6.128190147100782,-114.83923742914276,-0.3088536035065183,-3.0037044613716897,21.64407079595228,-33.93869065422089,53.65,-0.019
SI,3.6,5.3,"Lopez, Jacob",682052,ball,R,0,0,0.99,1.05,1.88,2.59,-6.355963780947028,-128.71763965895616,-2.708371732289463,12.387469055825475,28.868257760786847,-20.190896379694298,53.49,0.016
SI,3.4,5.38,"Lopez, Jacob",682052,hit_into_play,R,0,0,1.16,0.98,-0.07,1.92,-11.16266703062916,-130.21802288974283,-4.6248619923055605,15.595400203053307,29.03164995306955,-20.213623647030207,53.46,-0.163
SL,3.58,5.26,"Lopez, Jacob",682052,hit_into_play,R,2,0,-0.38,0.35,0.18,2.57,-6.825784005012255,-115.72899491259248,0.2464017254065149,-2.103684306335908,22.42456026035568,-29.31401130899762,53.51,-0.324
CH,3.46,5.1,"Lopez, Jacob",682052,ball,R,1,0,1.36,0.49,-0.26,0.61,-11.250513273939738,-119.9101708442227,-4.689766267843211,15.292158064626916,23.3139131728953,-26.69421579447237,53.53,0.064
SL,3.65,5.17,"Lopez, Jacob",682052,ball,R,0,0,-0.34,0.1,0.41,1.22,-6.53275046325607,-115.4901364954685,-2.021297986273762,-1.7150188019864565,23.066111632238307,-31.1050649746378,53.51,0.032
SI,3.4,5.4,"Lopez, Jacob",682052,hit_into_play,L,0,0,1.22,0.89,0.67,1.91,-9.488188943923912,-130.7283993481042,-4.624005066201137,15.948310997769,26.83032721259501,-21.173091105831148,53.42,-0.1
SI,3.61,5.35,"Lopez, Jacob",682052,hit_into_play,R,1,0,1.1,1.21,0.54,3.49,-10.028760526155816,-130.05632981553404,-1.1073813052499566,14.711820292696858,29.273657366376657,-18.45065304473656,53.47,-0.187
SL,3.77,5.21,"Lopez, Jacob",682052,ball,R,0,0,-0.52,0.24,1.24,2.84,-4.555278504566027,-114.16422036192814,1.289233228617831,-3.729254223092298,20.870025510562463,-30.50073928908929,53.7,0.024
SI,3.51,5.4,"Lopez, Jacob",682052,hit_into_play,R,1,1,0.88,1.2,0.87,2.62,-8.466947852288367,-129.6714313524533,-3.3486102011831704,11.735348257274596,27.758206099599747,-18.181313179353165,53.42,-0.216
SL,3.82,5.1,"Lopez, Jacob",682052,ball,R,0,1,-0.72,-0.01,1.93,2.16,-2.748221271332602,-112.65539851894832,0.6887113496952764,-5.663262765273686,20.710295961569805,-32.56793999079793,53.72,0.021
SL,3.75,5.21,"Lopez, Jacob",682052,called_strike,R,0,0,-0.48,0.16,0.07,2.31,-7.120430183910254,-113.58938026954748,0.371547476399382,-2.8116158311851405,21.21156978177377,-31.089291426441747,53.65,-0.032
SL,3.64,5.21,"Lopez, Jacob",682052,swinging_strike,R,2,2,-0.76,-0.04,-0.72,1.07,-7.910615227850939,-111.6684597647379,-1.6025086525861263,-4.779583770769914,22.118185739360797,-32.441667019809096,53.69,-0.328
SI,3.37,5.4,"Lopez, Jacob",682052,called_strike,R,2,1,1.11,1.15,-0.37,1.93,-11.830163152037162,-131.65094822462072,-5.210836643731639,15.497306537317824,29.50833222831601,-17.811900673960075,53.56,-0.162
SI,3.56,5.15,"Lopez, Jacob",682052,ball,R,1,1,1.17,1.03,1.1,1.95,-8.746432327425365,-131.54573932628807,-4.269300208416226,15.495506356586858,30.049893275583635,-19.443149836422045,53.52,0.058
SL,3.73,5.17,"Lopez, Jacob",682052,ball,R,0,1,-0.72,-0.07,-0.82,1.83,-8.467074761200593,-112.91413494958977,-0.0390777499257397,-4.445992810762996,21.902752105278832,-33.03101974967433,53.89,0.057
SL,3.66,5.18,"Lopez, Jacob",682052,called_strike,R,0,0,-0.52,0.04,-0.01,2.35,-7.182183192019346,-116.70969337951584,0.4225603700340148,-3.3181256103233245,22.73480211915645,-32.13023473276097,53.73,-0.073
SL,3.62,5.18,"Lopez, Jacob",682052,ball,L,3,2,-0.72,-0.01,1.09,1.57,-4.261570865244217,-116.34411216007337,-1.1772848010454902,-5.652745101340239,23.4295811858006,-32.26277231871514,53.74,0.113
SI,3.29,5.31,"Lopez, Jacob",682052,ball,L,2,2,1.2,1.03,-1.19,1.83,-14.068357974115974,-133.20404545651138,-5.177233999935854,17.370746340536797,30.01746556163992,-18.839496124266116,53.56,0.064
SI,3.5,5.18,"Lopez, Jacob",682052,swinging_strike,L,2,1,1.06,1.11,0.32,2.8,-10.242040613228422,-130.5508326365872,-2.24306040637294,14.347559855001588,28.91393250640238,-19.25556721509612,53.46,-0.071
SI,3.23,5.27,"Lopez, Jacob",682052,called_strike,L,2,0,1.0,1.04,-0.67,2.0,-11.949062202975986,-130.75940592565522,-4.35619336546478,14.150169592392007,29.3999697576361,-19.444503538324355,53.47,-0.028
SI,3.27,5.26,"Lopez, Jacob",682052,ball,L,1,0,1.14,0.93,-1.21,2.33,-13.628621516133784,-130.33728144675698,-3.201985593858035,15.94757384234113,28.13707940076969,-21.09958846449685,53.55,0.024
SI,3.39,5.34,"Lopez, Jacob",682052,ball,L,0,0,1.2,0.89,0.97,2.22,-8.708833365376872,-131.6306000674091,-3.7448266065520808,15.82623167646369,29.80634499858193,-21.203338776668165,53.57,0.021
SI,3.55,5.42,"Lopez, Jacob",682052,hit_into_play,R,0,0,1.0,0.94,0.63,3.08,-9.4495211313734,-130.7887608196747,-1.8331968208084863,13.527997318975402,27.77604411312376,-21.167248209686115,53.73,-0.333
SI,3.47,5.25,"Lopez, Jacob",682052,hit_into_play,R,3,2,1.0,1.01,0.24,2.7,-10.329836989422866,-131.60994099351822,-2.5845900547383924,13.814649779721965,28.625384257908784,-20.138066390123303,53.47,-0.424
SI,3.48,5.19,"Lopez, Jacob",682052,called_strike,R,3,1,1.01,0.91,0.36,2.22,-10.056132375816087,-132.21238113144597,-3.4983760310259724,14.00654842799229,27.663260239683414,-20.978514344767092,53.84,-0.042
CH,3.65,5.1,"Lopez, Jacob",682052,ball,R,2,1,1.22,0.26,3.18,3.6,-3.424544615207733,-117.59363368833192,2.8490804546237087,11.990593330627554,22.15863165971049,-30.508939046331776,53.61,0.158
SL,3.52,5.18,"Lopez, Jacob",682052,ball,R,1,1,-0.59,-0.34,-1.53,1.16,-9.882998163014294,-113.32415697692277,-1.0498323735734183,-3.088187797489477,22.539246772771605,-35.08281620805177,53.55,0.074
SL,3.62,5.13,"Lopez, Jacob",682052,foul,R,1,0,-0.59,-0.18,0.19,2.0,-6.3542722803614495,-113.80143291902044,0.5213908833157312,-3.8408306405854975,22.609640464271006,-34.049397585644336,53.78,-0.075
SI,3.49,5.32,"Lopez, Jacob",682052,ball,R,0,0,1.09,1.01,1.05,1.88,-8.495542364001683,-131.7653291983141,-4.84834587018036,14.453204177254747,28.01729010741592,-19.59684601190528,53.6,0.067
SL,3.69,5.13,"Lopez, Jacob",682052,hit_into_play,R,0,1,-0.48,-0.1,0.4,1.86,-6.383602664331486,-115.54760013493733,-0.2165953535600799,-3.126041345830903,20.750994278975533,-33.23268163582851,53.59,0.474
SI,3.49,5.18,"Lopez, Jacob",682052,called_strike,R,0,0,1.09,0.89,0.85,2.18,-9.047678365551103,-131.34096800988905,-3.475757176491064,14.536247620699225,27.18985866356801,-21.273629835676445,53.34,-0.032
SI,3.52,5.22,"Lopez, Jacob",682052,hit_into_play,R,2,0,0.96,0.98,0.24,2.97,-10.274197594209642,-130.5405810245556,-1.6562338919541175,13.14877802684768,26.562316052854417,-20.81651835084517,53.52,1.53
SL,3.56,5.29,"Lopez, Jacob",682052,ball,R,1,0,-0.47,-0.06,-1.58,2.39,-10.316705775986549,-113.2961604572756,0.8425032145998803,-2.060196771888946,21.28506284617365,-33.11267178295738,53.43,0.092
SL,3.53,5.24,"Lopez, Jacob",682052,ball,R,0,0,-0.24,-0.1,-0.99,1.5,-9.514842242530069,-115.176257965427,-1.193126193215405,-0.4102989054636047,21.04106824111094,-33.06134301598194,53.65,0.055
SL,3.27,5.13,"Lopez, Jacob",682052,hit_into_play,L,2,2,-0.66,-0.04,-0.62,1.99,-7.191876366739706,-113.41816200907634,0.2398649326419326,-4.390900075595538,20.936319665100903,-32.79678230458718,53.88,0.7
SL,3.45,5.17,"Lopez, Jacob",682052,called_strike,L,2,1,-0.46,0.1,-0.55,2.73,-7.778730643130705,-112.76107941798328,1.5761179955664175,-2.4799976043620413,20.81280626442078,-31.83071605694217,53.65,-0.075
SI,3.46,5.26,"Lopez, Jacob",682052,ball,L,1,1,1.34,0.65,2.48,2.13,-5.476213360449959,-134.02662579444714,-3.56033778456033,17.395505422461344,29.531842813164737,-23.743627903677773,53.59,0.074
SI,3.46,5.23,"Lopez, Jacob",682052,foul,L,1,0,1.11,1.0,1.21,3.06,-8.13986330498263,-132.7495019307917,-1.704340725246941,14.817018823931432,28.61903490758602,-20.227390380177024,53.58,-0.075
SI,3.29,5.4,"Lopez, Jacob",682052,ball,L,0,0,1.07,0.82,1.48,2.66,-6.979668259578379,-133.62543569826275,-2.8825032620706583,14.364259839875018,29.733875678200175,-21.95034091558597,53.54,0.067
SL,3.45,5.26,"Lopez, Jacob",682052,hit_by_pitch,R,2,2,-0.85,-0.49,-2.81,1.13,-12.097315346656066,-113.651794474956,-1.075474588466287,-4.968889751217172,21.983548583121717,-36.38807458296134,53.36,0.436
SI,3.5,5.45,"Lopez, Jacob",682052,ball,R,1,2,1.29,1.11,1.02,3.76,-9.18778173807928,-133.3236027475176,-0.781069599577833,17.380757570728722,29.784588400249174,-19.01251473334723,53.42,0.036
SI,3.48,5.49,"Lopez, Jacob",682052,swinging_strike,R,1,1,1.17,1.19,0.11,3.21,-11.305669647167877,-135.10404714436982,-2.674042380852949,16.82923421831766,30.353282256826468,-17.244516221597824,53.57,-0.049
SL,3.63,5.29,"Lopez, Jacob",682052,called_strike,R,1,0,-0.66,-0.16,0.21,2.24,-6.277034027092774,-115.58023288285392,0.4057976611321625,-4.689220199479476,22.048312288502206,-33.874312867207166,53.87,-0.044
SI,3.53,5.45,"Lopez, Jacob",682052,ball,R,0,0,1.24,0.83,1.27,2.9,-8.498789077106427,-133.57537108644595,-2.409172152826025,16.684623303705415,29.957947108238404,-21.92183349885657,53.61,0.032
SL,3.56,5.32,"Lopez, Jacob",682052,hit_into_play,R,2,2,-0.83,-0.31,0.1,2.0,-5.957093551302677,-113.42723155003448,0.4383634896307791,-5.8599123080470985,23.189954980063376,-35.1901377253015,53.75,-0.283
SI,3.61,5.45,"Lopez, Jacob",682052,ball,R,1,2,1.05,1.09,2.43,3.88,-5.415513622180149,-134.90286803687397,-0.5824842425884189,14.063028857884376,30.967258232570305,-18.963275750036136,53.43,0.03
SL,3.49,5.33,"Lopez, Jacob",682052,blocked_ball,R,0,2,-0.6,-0.09,-2.32,0.14,-11.58548831523763,-115.06349927225304,-4.338589364534293,-2.9474621023077225,23.414292096691156,-32.21859688636067,54.0,0.026
SL,3.5,5.35,"Lopez, Jacob",682052,swinging_strike,R,0,1,-0.71,-0.13,-0.76,1.11,-7.935406995792947,-114.22552548730545,-2.0680732853994668,-4.658042815754761,22.110756056233612,-33.1434398871458,53.96,-0.045
SL,3.61,5.46,"Lopez, Jacob",682052,called_strike,R,0,0,-0.33,-0.19,0.13,2.56,-6.944784237387157,-113.79434099711874,0.9824639262934416,-1.62330280321124,20.575874508314712,-34.23258197202912,53.75,-0.042
SI,3.43,5.58,"Lopez, Jacob",682052,hit_by_pitch,L,0,0,1.24,0.93,2.88,3.19,-4.137299559499956,-133.61843291502274,-2.1245727072226863,15.731378844402157,34.048609211162066,-20.92515106752114,53.57,0.13
SL,3.52,5.36,"Lopez, Jacob",682052,hit_into_play,R,2,1,-0.83,0.18,0.24,2.29,-5.687555392763292,-115.87726310435902,-0.2235218154493535,-6.080175157759989,25.552245863957417,-30.79908848510756,53.85,-0.193
CH,3.32,5.34,"Lopez, Jacob",682052,ball,R,1,1,1.59,0.97,-1.33,2.08,-14.096879534667144,-121.96174900621686,-2.998420624134153,18.88659594151356,27.492513758827585,-22.05016972995103,53.49,0.037
SI,3.41,5.53,"Lopez, Jacob",682052,ball,R,0,1,1.34,0.96,1.88,3.23,-6.894591518899804,-134.89267565639008,-2.1022095768359903,17.86638713426547,35.37994042137909,-20.36496403374574,53.67,0.017
SL,3.5,5.5,"Lopez, Jacob",682052,called_strike,R,0,0,-0.4,0.26,0.23,3.21,-6.412546625578119,-114.92559217192291,1.3601803366385126,-2.374533309372086,21.65924173401966,-30.32316544018808,53.9,-0.024
SL,3.36,5.42,"Lopez, Jacob",682052,hit_into_play,L,0,1,-0.86,-0.18,-0.45,1.24,-6.764407646744922,-114.9825210933132,-1.8965841623002704,-6.142170274296535,23.89453522967621,-33.61156785424608,53.67,-0.196
SI,3.19,5.61,"Lopez, Jacob",682052,called_strike,L,0,0,1.51,1.07,-0.61,3.11,-13.02188760553895,-132.83087260447354,-2.694079263570765,20.79818052870849,31.55437430217674,-19.18301552054345,53.36,-0.032
