pitch_type,release_pos_x,release_pos_z,player_name,pitcher,description,stand,balls,strikes,pfx_x,pfx_z,plate_x,plate_z,vx0,vy0,vz0,ax,ay,az,release_pos_y,delta_run_exp
SL,2.54,5.22,"Lovelady, Richard",663992,hit_into_play,R,0,0,-0.32,0.07,-0.09,2.84,-5.688388553456053,-125.91002651110124,0.4786144711692714,-2.132271976376252,28.36830264747667,-31.80740103749913,53.57,-0.1
SL,2.42,5.19,"Lovelady, Richard",663992,hit_into_play,L,0,2,-1.18,0.39,0.25,2.98,-2.667093810736312,-119.82179456020756,0.8058850344435903,-10.778016351196175,24.62800195587341,-28.813323545403865,53.38,-0.104
FF,2.4,5.28,"Lovelady, Richard",663992,foul,L,0,2,1.08,1.05,0.15,3.13,-8.219636719793217,-135.1439606228029,-2.007234451722877,15.091759933875467,30.998559184113848,-19.131847838325385,53.65,0.0
SI,2.52,5.29,"Lovelady, Richard",663992,swinging_strike,L,0,1,1.33,0.3,0.18,3.36,-8.921282334082528,-133.83271547159842,0.3822455762700518,17.946663361846483,32.092206318281555,-28.954777598479016,53.62,-0.035
SI,2.49,5.25,"Lovelady, Richard",663992,called_strike,L,0,0,1.29,0.14,-0.6,1.95,-10.824877855448555,-134.405511737772,-2.8386632498397657,18.134948344791155,32.39582211130642,-30.071021415166143,53.56,-0.024
SI,2.36,5.24,"Lovelady, Richard",663992,swinging_strike,L,1,2,0.88,0.81,-0.27,3.06,-8.70974352763586,-134.29091088323943,-1.438175818560424,12.55640929131161,30.881211829958385,-22.362264106200392,53.58,-0.168
SL,2.57,5.32,"Lovelady, Richard",663992,foul,L,1,1,-1.09,0.72,0.59,2.15,-2.401292457862263,-120.17556009644451,-1.9918347793844848,-9.883377736002222,27.80222061481622,-25.11980406693381,53.76,-0.049
SI,2.4,5.15,"Lovelady, Richard",663992,called_strike,L,1,0,1.49,0.53,0.0,1.57,-9.384116965104283,-133.52566604241588,-4.293149576670985,19.945360924521417,33.8998973253643,-25.01308370153777,53.76,-0.044
SL,2.47,5.15,"Lovelady, Richard",663992,ball,L,0,0,0.02,0.38,-1.9,2.31,-10.671627555699548,-126.88844115333644,-1.425843941399434,2.5438602994208037,27.358860835957195,-28.02412309755264,53.63,0.032
FF,2.47,5.23,"Lovelady, Richard",663992,called_strike,R,1,2,0.56,1.37,0.04,2.0,-7.43955725438432,-133.43312424345427,-5.303766841058717,8.327656759361945,30.77334737790575,-14.840667638596504,53.62,-0.071
SL,2.35,5.17,"Lovelady, Richard",663992,ball,R,0,2,-0.28,0.16,-1.63,1.74,-9.075450328987875,-126.52903044032062,-2.31156535855033,-0.8926985083829915,28.57012077747822,-30.21460737887734,53.61,0.009
SL,2.45,5.33,"Lovelady, Richard",663992,foul,R,0,1,-0.24,0.37,-0.4,2.31,-6.436999919960258,-127.15542180644634,-1.808560847851548,-1.1028551164479254,29.93838909681648,-28.0478228936655,53.56,-0.024
SL,2.49,5.3,"Lovelady, Richard",663992,called_strike,R,0,0,-0.46,0.25,-0.1,2.96,-5.304924602749581,-126.2314737605989,0.1537304776449153,-3.707227866716335,28.59068094873965,-29.76032317504411,53.43,-0.015
SL,2.4,5.21,"Lovelady, Richard",663992,swinging_strike_blocked,R,1,2,-0.07,0.45,-0.37,1.23,-6.466261842482322,-124.82146537384968,-4.101125050899763,0.5241024933784226,25.022831956862586,-26.80875462718481,53.73,-0.116
SL,2.37,5.31,"Lovelady, Richard",663992,called_strike,R,1,1,-0.4,0.34,0.88,2.86,-2.6995380081116003,-122.09436422451547,0.0390986111674918,-3.459752374234048,23.125839806495897,-28.95917132639768,53.79,-0.04
SL,2.57,5.25,"Lovelady, Richard",663992,swinging_strike,R,1,0,-0.12,0.06,0.65,2.28,-4.322804839352218,-124.27083316871288,-0.8080125216262053,-0.3253283962449372,25.647540643299436,-31.631810051536736,53.85,-0.031
FF,2.5,5.3,"Lovelady, Richard",663992,ball,R,0,0,0.91,1.26,0.63,1.5,-6.823755254760066,-133.60947014322224,-6.559512289530166,12.441634379588333,30.667347742985868,-15.870947499208569,53.51,0.024
SI,2.41,5.25,"Lovelady, Richard",663992,hit_into_play,L,0,0,1.41,0.31,0.04,2.35,-9.152806013255049,-133.0940043454489,-2.1281013358498866,18.67184743320005,28.426512826725,-28.289431922244148,53.46,-0.228
SL,2.45,5.34,"Lovelady, Richard",663992,swinging_strike,R,1,2,-1.04,0.65,0.72,1.2,-1.9220795364434624,-118.80787643323336,-4.052920914881828,-9.528577432750184,21.75950986037941,-25.474945470312893,53.5,-0.443
FF,2.43,5.35,"Lovelady, Richard",663992,called_strike,R,1,1,0.65,1.0,0.84,1.94,-5.497518439645571,-133.57927707982674,-5.047646464304526,8.866752532480518,26.64758623420036,-19.279351437134466,53.34,-0.137
SL,2.65,5.39,"Lovelady, Richard",663992,called_strike,R,1,0,-0.2,0.3,0.49,3.33,-4.821217129148533,-125.70340618722577,0.6983246502623196,-1.264093859570237,23.82951970689684,-29.265456838575968,53.18,-0.108
SL,2.49,5.41,"Lovelady, Richard",663992,ball,R,0,0,-0.21,0.25,0.96,3.84,-3.2868135663454314,-126.3748497329748,1.8754398357412208,-1.7433562392021027,21.326780976802844,-29.936057645993635,53.3,0.028
SL,2.57,5.27,"Lovelady, Richard",663992,hit_into_play,R,0,2,-0.08,-0.13,0.17,2.37,-5.677117943906659,-126.23088100298284,-0.4748094945286771,0.3230609324799393,25.76704116459245,-33.667600016329416,53.31,1.064
SL,2.55,5.35,"Lovelady, Richard",663992,swinging_strike,R,0,1,-0.42,0.06,0.92,2.39,-3.0809707053672937,-127.13904747274096,-1.0196104573580833,-3.815931574796217,29.38795251409816,-31.539632715334577,53.56,-0.079
SL,2.58,5.44,"Lovelady, Richard",663992,called_strike,R,0,0,-0.64,0.77,0.47,3.28,-3.661801912501398,-122.20296092189837,-0.101012631576009,-5.654013920253887,24.51561966377597,-24.71246225198284,53.42,-0.083
SI,2.52,5.33,"Lovelady, Richard",663992,hit_into_play,L,2,2,1.27,0.41,0.81,3.1,-7.27484929369768,-133.90351197297102,-0.6769126098897293,16.91958778980359,29.82212823421092,-27.32489151938524,53.15,0.522
SL,2.27,5.27,"Lovelady, Richard",663992,ball,L,1,2,-1.17,0.27,-1.76,1.79,-6.976250622525064,-119.7857314240354,-1.9011030391992945,-9.827357969694818,24.2726529104742,-29.39473298387726,53.26,0.054
SL,2.56,5.28,"Lovelady, Richard",663992,swinging_strike,L,1,1,-0.77,0.75,-0.18,2.53,-4.879505069667441,-120.99396663205418,-1.347327030949991,-6.6212198546053305,22.729186738123754,-24.745373344001,53.21,-0.07
SL,2.45,5.27,"Lovelady, Richard",663992,ball,L,0,1,-0.64,0.88,-1.01,2.12,-6.637709102267823,-118.60726760940736,-2.234985078427251,-4.884961763830717,21.740143806242244,-23.646494782452447,53.37,0.031
SI,2.56,5.43,"Lovelady, Richard",663992,foul,L,0,0,1.34,0.8,0.85,2.31,-7.351971523464138,-133.6323870040615,-3.797506030611294,17.67618225080637,32.50872810812798,-21.91913605298408,53.33,-0.042
SI,2.54,5.29,"Lovelady, Richard",663992,hit_into_play,L,1,1,1.12,0.34,1.22,2.92,-5.85228878844997,-133.40633050016112,-0.8000183415541938,14.671881123147008,31.362738771941608,-28.220082782889072,53.32,-0.574
SI,2.41,5.37,"Lovelady, Richard",663992,foul,L,1,0,1.12,0.7,0.33,3.1,-7.74402363386483,-132.75660053393815,-1.2605763038855529,14.944614916890613,31.17299465294297,-23.89639020694734,53.43,-0.049
SI,2.72,5.15,"Lovelady, Richard",663992,ball,L,0,0,1.33,0.47,2.39,2.39,-3.7689312087382816,-133.61267040359448,-2.096976278229705,16.740611729764264,32.02093911656892,-26.3460447833424,53.49,0.047
SL,2.58,5.16,"Lovelady, Richard",663992,swinging_strike,L,3,2,-0.89,0.85,-0.89,2.22,-6.341297096926668,-122.35815644482986,-2.0543910855438248,-7.435970359730563,26.85846275677497,-23.494721403406288,53.73,-0.603
SL,2.54,5.25,"Lovelady, Richard",663992,ball,L,2,2,-1.23,0.46,-2.26,0.99,-8.797551689860283,-122.67199559415226,-4.436797070778937,-10.307061144125354,27.20298628086961,-26.76785870248949,53.62,0.077
SL,2.48,5.16,"Lovelady, Richard",663992,foul,L,2,1,-0.38,0.83,-0.82,3.19,-6.990022846068036,-122.67061756147946,0.2374185955807034,-2.272842232678731,27.266334671527485,-24.174211513769617,53.54,-0.239
SL,2.45,5.22,"Lovelady, Richard",663992,ball,L,1,1,-1.47,0.54,-1.37,2.93,-5.946902115411638,-120.60432731021992,0.2861071379970039,-12.959606651829542,26.329506329288414,-27.256019361624205,53.31,0.07
SI,2.24,5.37,"Lovelady, Richard",663992,ball,L,0,1,1.36,0.4,-1.18,2.63,-11.79835785807409,-133.74796109383502,-1.9992770262325656,18.85679629624537,28.97366520238901,-27.139099471417666,53.4,0.001
SI,2.51,5.32,"Lovelady, Richard",663992,foul,L,0,0,1.44,0.77,0.84,2.98,-7.482035495904986,-133.87761967022243,-1.7016273810278109,18.97760884565069,33.24916175835691,-22.858341964498887,53.46,-0.081
SL,2.58,5.34,"Lovelady, Richard",663992,hit_into_play,R,0,0,-0.03,0.32,0.02,1.88,-6.074150539176837,-124.77339902937096,-2.5564803378471708,0.9750232752133698,26.08380815387658,-28.54486262610517,53.59,-0.046
SL,2.6,5.16,"Lovelady, Richard",663992,hit_into_play,R,1,2,-0.18,0.38,0.07,1.96,-5.748355333814732,-125.7933858732828,-2.2076044661304475,-0.7302673442823703,26.022169770294944,-27.89209793062238,53.37,1.041
FF,2.53,5.17,"Lovelady, Richard",663992,foul,R,1,2,0.62,1.3,-0.03,2.08,-8.088016864170232,-135.4190554072862,-5.055085395678582,9.472437169460507,31.411642514099995,-15.27342516378912,53.23,0.0
FF,2.75,5.14,"Lovelady, Richard",663992,foul,R,1,2,0.98,0.99,1.15,2.95,-6.280738621192863,-133.8848214363888,-1.8506069378760632,13.178359437054914,30.493714510693284,-20.13257870421477,53.47,0.0
FF,2.63,5.16,"Lovelady, Richard",663992,called_strike,R,1,1,1.0,1.07,0.93,2.08,-6.524238613444103,-131.6505824969965,-4.034313162586047,13.093105735323746,29.8553062677964,-19.141042436102357,53.28,-0.116
FF,2.59,5.19,"Lovelady, Richard",663992,ball,R,0,1,0.94,1.09,-0.83,2.35,-10.95319651334984,-134.1199812777898,-3.782792433344212,13.866648200601126,30.930829922098773,-18.3741410234742,53.25,0.057
SL,2.69,5.15,"Lovelady, Richard",663992,called_strike,R,0,0,-0.05,0.25,-0.32,1.89,-7.159088819503783,-125.9186299747544,-2.06896320143762,0.9636039692908686,26.387956245896508,-29.31927479702323,53.54,-0.073
SL,2.6,5.12,"Lovelady, Richard",663992,hit_into_play,R,3,2,-0.13,0.46,0.01,2.47,-5.959662345201768,-125.9256863012827,-0.9689586779440966,-0.0190936342318599,28.38264389851209,-27.379557229054665,53.64,-0.576
FF,2.77,5.04,"Lovelady, Richard",663992,called_strike,R,3,1,0.65,0.9,0.8,2.01,-6.420546076965344,-132.16377593483327,-3.580005704977979,9.10301709310088,30.65954189416816,-21.133880635851952,53.65,-0.119
FF,2.43,5.1,"Lovelady, Richard",663992,called_strike,R,3,0,0.77,1.19,0.38,2.42,-6.829016138539417,-130.95371730339582,-3.1825604474012543,10.36396316748575,30.527545533298746,-18.06000493622476,53.42,-0.138
SL,2.53,5.1,"Lovelady, Richard",663992,ball,R,2,0,-0.47,0.11,-1.33,1.19,-8.091024961758476,-122.21777552449868,-2.802243397798947,-2.8552401573012958,27.794978721661703,-30.71125129800428,53.54,0.207
FF,2.67,5.23,"Lovelady, Richard",663992,ball,R,1,0,0.81,1.02,-1.07,3.32,-11.373946091569104,-133.99532101037605,-1.1975445789524353,12.280414664900476,30.615385872400942,-19.929187406939544,53.69,0.096
SL,2.74,5.18,"Lovelady, Richard",663992,ball,R,0,0,-0.46,0.5,1.02,4.77,-3.143921466085837,-123.7222374837046,4.510144399694879,-3.9438477349261336,28.73402088324265,-28.37479268785006,53.73,0.051
SL,2.72,5.15,"Lovelady, Richard",663992,hit_into_play,R,1,2,-0.5,0.09,-0.3,1.56,-6.193360226961101,-124.02594266356834,-2.200846368246589,-3.5471990351780787,30.533546263945304,-30.928263710785917,53.42,-0.324
SI,2.57,5.11,"Lovelady, Richard",663992,ball,R,0,2,1.11,0.6,-0.41,1.4,-9.827014103862597,-130.10458800810912,-4.36687871658252,14.833324622461587,31.360729794597024,-24.553978157070848,53.46,0.058
SL,2.69,5.12,"Lovelady, Richard",663992,foul,R,0,1,-0.49,0.33,-1.03,2.02,-7.878179944360085,-124.54879644625188,-1.6378096160241304,-3.283189408841815,28.366160457566416,-28.607844146207224,53.55,-0.157
SL,2.73,5.1,"Lovelady, Richard",663992,called_strike,R,0,0,-0.62,0.32,-0.34,2.24,-6.029034028471202,-123.78483215340782,-0.9759591938172576,-4.945932633988867,28.049125764093933,-28.898229642760857,53.49,-0.093
FF,2.55,5.31,"Lovelady, Richard",663992,hit_into_play,R,0,0,0.49,1.1,-0.55,3.33,-9.080642732882357,-134.12318260346785,-1.6073819755775989,7.944944035896404,29.286518920725054,-18.77592548474677,53.45,-0.015
SI,2.65,5.2,"Lovelady, Richard",663992,hit_into_play,L,1,0,1.26,0.13,-0.44,1.95,-10.550784894905696,-131.96689979470585,-2.503346274192718,17.01359424446948,28.88099348222797,-30.298073245211786,53.51,0.643
SI,2.58,5.17,"Lovelady, Richard",663992,ball,L,0,0,1.42,0.29,1.8,3.37,-5.101046626671664,-133.06407071874395,0.7879656818057035,17.93762708604016,29.76044507423682,-29.198945702459955,53.42,0.06
SL,2.76,5.2,"Lovelady, Richard",663992,hit_into_play,R,0,2,-0.47,0.4,0.14,2.04,-5.284884494054822,-124.14364166578892,-1.963488759080037,-3.8045051642254433,24.47622195901222,-27.883162275939423,53.45,1.121
SL,2.66,5.06,"Lovelady, Richard",663992,foul,R,0,1,0.07,0.46,0.02,1.26,-6.584334472534427,-127.1298283855462,-3.954994888384193,2.2226634301432364,28.077008061742912,-26.548988524928596,53.5,-0.087
SL,2.72,5.21,"Lovelady, Richard",663992,swinging_strike,R,0,0,-0.38,0.33,0.2,2.72,-5.138809864442228,-122.28430536501224,0.0445665645981571,-2.6096400360164544,27.27730257857776,-29.118368087668493,53.74,-0.051
SL,2.71,5.29,"Lovelady, Richard",663992,hit_into_play,R,0,1,-0.24,0.3,-0.4,2.92,-6.984668181652494,-125.79449635854054,-0.0319641521890896,-1.1666694753808604,24.93826930970477,-29.2024129067184,53.74,-0.374
SL,2.71,5.07,"Lovelady, Richard",663992,swinging_strike,R,0,0,-0.1,0.38,0.98,3.27,-4.02663194075156,-127.52559336684654,0.9942296131386956,-0.3440654712956377,24.959745813706057,-28.45006070185673,53.56,-0.073
SL,2.62,5.2,"Lovelady, Richard",663992,hit_into_play,L,0,2,-0.65,0.41,0.46,3.08,-3.695714250807277,-120.83533394750488,0.911710119851728,-5.522137805067783,26.40597762393752,-28.680959342736585,53.68,-0.054
SI,2.64,5.21,"Lovelady, Richard",663992,foul,L,0,1,1.39,0.58,0.96,2.51,-7.40036664310045,-134.13272564713074,-2.2842314679397795,18.458322220826773,31.243804193031032,-24.883629724866108,53.47,-0.215
SI,2.61,5.21,"Lovelady, Richard",663992,called_strike,L,0,0,1.47,0.79,0.44,2.38,-8.882025580857647,-134.73096013848465,-3.167193673467847,19.883732383685864,30.538707897247743,-22.08771225468583,53.45,-0.121
SL,2.36,5.15,"Lovelady, Richard",663992,hit_into_play,R,0,0,-0.2,0.25,-0.67,2.39,-6.957394126699137,-126.294458556751,-0.941734265783524,-0.7458222495949182,24.857383859405644,-29.520071897447817,53.44,-0.229
SI,2.54,5.21,"Lovelady, Richard",663992,hit_into_play,R,0,0,1.53,0.4,0.01,2.64,-9.877502557340268,-133.50611639449076,-1.4620493649605728,20.51554935416693,31.776662049079945,-27.28341025527351,53.41,-0.298
SI,2.58,5.27,"Lovelady, Richard",663992,hit_into_play,L,0,1,1.34,0.14,0.47,2.77,-8.341949695498508,-133.20903747285573,-0.6957961090168633,17.84007669880584,31.239183112876656,-30.55530033250809,53.47,0.29
SL,2.65,5.19,"Lovelady, Richard",663992,called_strike,L,0,0,-0.08,0.76,0.71,3.02,-4.4242800716444926,-123.24266912462186,-0.2021013928574158,0.1013517583870167,25.83737853456172,-24.684112142385228,53.71,-0.024
SL,2.64,5.22,"Lovelady, Richard",663992,hit_into_play,R,1,2,-0.66,-0.51,0.13,1.79,-4.583186004768287,-122.56841465456604,-0.5043873673844996,-5.566477961386947,26.957927931852915,-37.41627585911298,53.58,-0.168
FF,2.54,5.4,"Lovelady, Richard",663992,ball,R,0,2,0.55,1.2,0.74,4.16,-5.895861312938522,-134.91282300323098,0.0556549933527946,8.054566166633016,31.208797061710044,-17.87582751598614,53.48,0.019
FF,2.43,5.31,"Lovelady, Richard",663992,swinging_strike,R,0,1,0.81,1.32,0.85,3.63,-5.838110745265605,-133.846552955862,-1.304870180336234,10.96670928020232,29.85069826421242,-16.25670926809348,53.31,-0.047
SI,2.45,5.32,"Lovelady, Richard",663992,foul,R,0,0,1.35,0.28,0.4,2.45,-8.29305006886929,-134.05756887023907,-2.040353311365968,18.17490603487778,31.691618468812017,-28.55445574586054,53.36,-0.032
SI,2.48,5.21,"Lovelady, Richard",663992,hit_into_play,L,3,2,1.28,0.22,0.59,1.97,-7.601586082298578,-132.5994984517869,-2.707569566345404,16.803055019387802,30.16775853179748,-29.15514491536717,53.62,-0.58
SL,2.66,5.21,"Lovelady, Richard",663992,ball,L,2,2,-0.59,0.75,0.23,4.06,-4.507232576984565,-122.22507101300842,2.241710244802963,-5.064884671413739,22.633082488895745,-25.276399518880343,53.71,0.116
SL,2.61,5.18,"Lovelady, Richard",663992,ball,L,1,2,0.09,0.7,-1.12,1.86,-9.106356626176757,-124.72292290029152,-3.0012687053610225,2.817817042567484,25.600295191953112,-24.420172583895912,53.62,0.032
FF,2.49,5.37,"Lovelady, Richard",663992,ball,L,0,2,0.69,1.23,-0.67,4.24,-9.630259834814549,-133.23536340675986,0.3843975150128953,10.227957303839757,28.1485255172066,-17.809312113206886,53.32,-0.046
SI,2.36,5.2,"Lovelady, Richard",663992,foul,L,0,1,1.21,0.59,0.18,2.73,-8.313273661118977,-134.46097141001042,-1.756259919610017,16.544229055780487,31.098837864373724,-24.8250564764375,53.43,-0.09
SI,2.61,5.26,"Lovelady, Richard",663992,swinging_strike,L,0,0,1.34,0.72,0.7,3.44,-7.840203100622421,-133.45808680884974,-0.2174934428207695,17.768032676919916,32.00208965979416,-23.83433966725877,53.45,-0.081
SL,2.67,5.27,"Lovelady, Richard",663992,hit_into_play,R,1,2,-0.13,0.07,-0.4,1.36,-7.181556192820924,-126.11967145575484,-3.301993835370624,0.10102089029884,26.48489775533445,-30.96675511021003,53.32,1.513
SL,2.68,5.27,"Lovelady, Richard",663992,foul,R,1,1,-0.52,0.29,0.48,3.0,-4.244140817420274,-126.05987491622702,0.323116115542967,-4.496819504835095,30.21686583988193,-29.48132119987499,53.46,-0.209
FF,2.59,5.23,"Lovelady, Richard",663992,foul,R,1,0,1.1,1.25,0.21,2.21,-8.514043940896784,-132.55990784434024,-4.443315065420583,14.772496245977225,29.623183347736177,-16.643415561789922,53.21,-0.186
SL,2.69,5.16,"Lovelady, Richard",663992,ball,R,0,0,-0.09,0.44,-1.32,1.48,-9.593185816247624,-126.52203091679937,-3.497371746737445,1.2911944871113057,29.510926602216163,-26.926309735564644,53.25,0.113
SI,2.58,5.22,"Lovelady, Richard",663992,hit_into_play,L,3,2,1.44,-0.03,0.63,2.53,-8.160243069457543,-133.34478635827708,-0.7987435455860442,18.974625211701344,31.72429073114914,-32.60480226400658,53.49,0.805
SI,2.53,5.13,"Lovelady, Richard",663992,foul,L,3,1,1.36,0.32,1.18,2.91,-6.417226530480528,-132.58694071375297,-0.3393490742596449,17.47978905112476,29.63114096334277,-28.53674916280785,53.44,-0.119
SL,2.44,5.12,"Lovelady, Richard",663992,ball,L,2,1,-0.64,0.7,-1.65,2.1,-8.469898838055157,-124.7499662241416,-2.2128040188784555,-4.657494237845631,28.87090577178945,-24.70545324206497,53.42,0.19
SL,2.63,5.09,"Lovelady, Richard",663992,ball,L,1,1,-0.36,0.37,-0.8,1.65,-7.420011045993558,-123.76485607924305,-2.473344990308666,-2.05357596843564,27.052146239710428,-28.08965059325175,53.35,0.081
SI,2.49,5.25,"Lovelady, Richard",663992,ball,L,0,1,1.54,0.43,-0.72,2.15,-11.760919137667504,-134.33091289812336,-3.030609412780679,21.244653767362,30.92903326356968,-26.471165401958253,53.14,0.028
SI,2.58,5.3,"Lovelady, Richard",663992,called_strike,L,0,0,1.52,0.61,0.24,2.1,-9.377501615268722,-133.82113671868638,-3.6168177742766665,20.30672837931133,30.90051158393163,-24.23140709533252,53.3,-0.083
SL,2.56,5.15,"Lovelady, Richard",663992,swinging_strike,L,1,2,-0.11,0.78,-0.23,1.95,-6.50203566026821,-125.3292608977359,-2.9297439687978573,0.3108902997554328,27.52645681588263,-23.562495681579023,53.47,-0.381
SI,2.65,5.26,"Lovelady, Richard",663992,called_strike,L,1,1,1.45,0.61,0.25,1.7,-9.273007341548135,-132.18896206821427,-4.345336742350137,18.98801517910093,30.345763570004447,-24.234104607082585,53.27,-0.155
SI,2.74,5.25,"Lovelady, Richard",663992,foul,L,1,0,1.36,0.72,1.01,3.08,-7.376838311028131,-132.3975981151068,-1.008847258128349,17.661247462810444,32.06398141223652,-23.798184397073687,53.46,-0.125
SL,2.64,5.22,"Lovelady, Richard",663992,ball,L,0,0,-0.08,0.53,-1.53,1.73,-9.66104653154986,-122.819188118524,-2.756912719763705,1.3009657285954557,27.00465996224548,-26.43263069920889,53.56,0.087
FF,2.46,5.29,"Lovelady, Richard",663992,hit_into_play,R,2,1,0.67,1.25,-0.36,2.95,-8.732909805313506,-133.19318889831385,-2.723157215601407,9.92664378638635,31.162329735472337,-17.012325258052535,53.23,-0.12
SL,2.52,5.14,"Lovelady, Richard",663992,ball,R,1,1,-0.46,-0.38,-2.48,-0.28,-11.009365850816083,-123.45744140997982,-5.632116992056572,-2.246212760895953,27.53669937807765,-34.929548807760185,53.08,0.023
SL,2.75,5.26,"Lovelady, Richard",663992,called_strike,R,1,0,-0.36,0.29,0.3,2.68,-5.074386674462552,-123.59192092243218,-0.2400839594408935,-2.6202613530667933,25.673190921507256,-29.430101543788176,53.59,-0.019
FF,2.51,5.33,"Lovelady, Richard",663992,ball,R,0,0,0.55,1.18,-1.62,2.11,-11.892231388315537,-133.68919590537746,-4.944325702712964,9.29319593722671,30.04200745080571,-17.08583520820963,53.26,0.016
SL,2.49,5.2,"Lovelady, Richard",663992,hit_into_play,L,1,0,-1.16,0.1,-0.73,1.88,-5.105124755254693,-119.6970999201537,-1.168536928987318,-10.016942532565736,24.432377748214964,-31.18881537239282,53.67,-0.187
SI,2.58,5.34,"Lovelady, Richard",663992,ball,L,0,0,1.38,0.43,1.52,3.13,-5.777938926903914,-134.27318958097337,-0.6920826070147332,17.937816658195192,31.19697814588219,-27.07191032945258,53.43,0.024
SI,2.54,5.25,"Lovelady, Richard",663992,hit_into_play,L,3,2,1.17,0.22,0.09,2.24,-8.735491261252841,-131.90191621868547,-2.026644578694921,15.569208028214671,30.679132947094597,-29.31678693729164,53.48,-0.297
SI,2.74,5.37,"Lovelady, Richard",663992,foul,L,3,1,1.28,0.37,1.0,2.61,-7.162794105210134,-132.3826117687462,-1.7805810247604763,16.556041679406057,29.924558724747072,-27.615448586690103,53.7,-0.078
SL,2.56,5.16,"Lovelady, Richard",663992,ball,L,2,1,-0.7,0.66,-1.52,1.73,-8.118993502225626,-121.61846281899476,-2.72371929158628,-5.05710663760402,26.81376992196536,-25.286658629606293,53.59,0.108
SI,2.56,5.33,"Lovelady, Richard",663992,ball,L,1,1,1.32,0.4,-0.06,3.71,-9.583383027410132,-132.95676927724762,0.9714568576374676,17.752085596345534,28.97820184998745,-27.941265678323145,53.58,0.05
SI,2.5,5.33,"Lovelady, Richard",663992,foul,L,1,0,1.6,0.65,0.83,2.78,-7.660421632931722,-131.46165410026717,-1.7415424241962785,20.14573359690881,30.230465374123437,-24.4901660822658,53.46,-0.044
SI,2.63,5.34,"Lovelady, Richard",663992,ball,L,0,0,1.47,0.48,0.26,3.55,-9.215910970104416,-132.15358042881505,0.4562846736175298,19.270190350504503,30.047890415653107,-26.87443534787112,53.5,0.032
