pitch_type,release_pos_x,release_pos_z,player_name,pitcher,description,stand,balls,strikes,pfx_x,pfx_z,plate_x,plate_z,vx0,vy0,vz0,ax,ay,az,release_pos_y,delta_run_exp
SL,1.03,6.24,"Poche, Colin",621363,hit_into_play,L,2,1,-0.6,0.37,0.22,3.3,-0.679723034275189,-120.72692473666088,-0.9866362437178846,-5.718636692468789,23.006792428361177,-28.52789767493336,53.32,-0.344
FF,0.91,6.2,"Poche, Colin",621363,ball,L,1,1,-0.05,1.68,-0.3,1.34,-2.970560315110132,-131.91428669901435,-10.025447380686217,0.044160749545132,28.229571499412472,-10.569762197133176,53.11,0.058
FF,1.05,6.27,"Poche, Colin",621363,swinging_strike,L,1,0,-0.65,1.44,-1.19,2.76,-4.304057632764759,-132.2973196733068,-6.043908282327824,-6.643167386669888,30.421134188396504,-14.196664465100602,53.23,-0.055
FF,1.13,6.12,"Poche, Colin",621363,ball,L,0,0,-0.6,1.51,-0.48,0.8,-2.8000905244433456,-132.0097811688067,-10.835221359565294,-6.416370697154282,28.296555163366826,-12.452166132938371,53.1,0.044
SL,0.91,6.22,"Poche, Colin",621363,foul_tip,R,0,2,-0.65,0.41,-0.56,1.47,-2.1547974943028274,-121.67613505352024,-5.523536511388191,-6.177241898091025,19.33568089945931,-27.336280742936825,53.22,-0.23
FF,0.93,6.24,"Poche, Colin",621363,called_strike,R,0,1,-0.2,1.7,-0.51,2.22,-3.230912858105061,-132.1862762672444,-7.919810027685132,-1.6645371763682193,28.644649879453244,-10.73905277011235,53.25,-0.075
FF,1.14,6.22,"Poche, Colin",621363,called_strike,R,0,0,-0.84,1.66,-0.41,2.7,-2.089585496078614,-130.4973922309567,-6.189427694044415,-8.932330006136587,33.67206191718901,-12.241357710548533,53.17,-0.064
FF,0.98,6.24,"Poche, Colin",621363,hit_into_play,L,0,0,-0.01,1.71,-0.17,1.84,-2.9197831738794564,-131.83326072163925,-8.861579814993304,0.534740128901676,28.06155842977582,-10.581089720096315,53.14,0.41
SL,0.94,6.46,"Poche, Colin",621363,hit_into_play,R,3,1,-0.31,0.29,0.1,1.82,-1.3206389289356524,-121.10271504689088,-4.854037212763514,-2.83958587583438,23.07869876685329,-28.590247546843223,53.37,-0.324
FF,1.2,6.36,"Poche, Colin",621363,called_strike,R,3,0,-0.33,1.65,-0.65,1.74,-3.92748596510594,-130.21374136224864,-8.960371638584881,-2.866486488320904,29.575253590972984,-11.746675158131708,53.32,-0.047
FF,0.99,6.37,"Poche, Colin",621363,ball,R,2,0,-0.39,1.56,-1.52,1.38,-5.531238070164714,-131.9785392469092,-10.027249460516591,-3.3379813806146506,29.75881580864497,-11.924869981163432,53.32,0.071
FF,1.13,6.29,"Poche, Colin",621363,ball,R,1,0,-0.07,1.78,0.4,0.99,-1.7155220704111562,-132.33362316356562,-11.40700543665054,-0.4304740711231983,29.81681281629165,-8.99703638201538,53.14,0.044
FF,1.18,6.37,"Poche, Colin",621363,ball,R,0,0,-0.29,1.63,-1.3,1.64,-5.737728035784008,-133.28262068303482,-9.757922305857106,-2.062595284286738,30.761625160006787,-10.766067195351978,53.21,0.027
SL,1.09,6.41,"Poche, Colin",621363,hit_into_play,L,0,1,-0.6,0.56,-0.24,1.14,-1.9516689862484424,-124.21993625011808,-7.33215472867115,-5.840066037869686,24.80529598158544,-25.10903940662891,53.4,0.144
FF,1.22,6.42,"Poche, Colin",621363,called_strike,L,0,0,-0.36,1.44,0.16,3.3,-1.9080514615428623,-132.66823787716393,-5.050686650126879,-3.722508143645903,31.34100979573243,-14.338495301057971,53.39,-0.015
FF,1.33,6.23,"Poche, Colin",621363,hit_into_play,R,3,1,-0.46,1.32,0.13,3.33,-2.00144764455827,-130.53092350640404,-3.9942628611496,-4.819947696558191,29.450358628219696,-16.489999970555555,53.26,-0.4
FF,1.31,6.2,"Poche, Colin",621363,called_strike,R,3,0,-0.49,1.57,-0.33,3.1,-3.1385035417824265,-133.1821621518588,-5.3955715905474415,-5.048273820335737,30.63381945660294,-12.512041743305124,53.31,-0.035
SL,1.15,6.3,"Poche, Colin",621363,ball,R,2,0,-0.57,0.23,0.65,1.29,-0.0135734396726647,-121.81781672348129,-5.680533610478124,-5.711806471097118,24.440537492375928,-28.96539798024372,53.36,0.053
SL,1.12,6.34,"Poche, Colin",621363,ball,R,1,0,-0.59,0.14,-0.18,4.07,-1.8249517287521675,-119.14195672362926,1.18237799384334,-5.220057776141396,23.11190281433208,-31.254525448541823,53.48,0.024
FF,1.26,6.24,"Poche, Colin",621363,ball,R,0,0,-0.44,1.33,-1.44,2.91,-5.955205739494889,-133.0728301412334,-5.447879681087365,-3.875806864198019,29.983274358447844,-15.41622463398318,53.29,0.027
SL,1.15,6.25,"Poche, Colin",621363,hit_into_play,L,1,0,-0.52,0.31,-0.44,2.33,-2.6409390267387405,-120.50254516133248,-3.107274182633166,-4.595266833424604,23.35724735127432,-28.715522471358973,53.23,-0.342
SL,1.17,6.27,"Poche, Colin",621363,ball,L,0,0,-0.76,0.35,-0.42,4.06,-2.12909837433576,-118.3921618738224,1.0006915961633531,-6.732631536824388,22.59989681959908,-29.318875979482637,53.5,0.044
FF,1.25,6.24,"Poche, Colin",621363,ball,R,3,1,-0.2,1.64,-0.3,4.08,-3.5246994482499594,-131.98534014880184,-2.9864811217355896,-1.4890726349811527,29.3979806997182,-12.646211462247829,53.32,0.16
FF,1.25,6.25,"Poche, Colin",621363,ball,R,2,1,-0.11,1.88,0.25,4.1,-2.33132161320106,-133.43886161738186,-3.65512422993483,-0.745750483139959,30.758189634606754,-9.169791332100475,53.29,0.077
SL,1.11,6.35,"Poche, Colin",621363,called_strike,R,2,0,-0.55,0.36,0.62,2.9,-0.0535006755136427,-119.26396688416794,-1.9629012431658197,-5.207986277559884,22.165294574979345,-28.606758107483785,53.49,-0.039
FF,1.32,6.22,"Poche, Colin",621363,ball,R,1,0,0.0,1.83,0.14,1.31,-3.006518013059845,-132.6499405860366,-10.564961095127249,0.6177290700286985,29.760704846110656,-8.488050220230814,53.1,0.045
FF,1.4,6.31,"Poche, Colin",621363,ball,R,0,0,-0.04,1.45,0.39,5.17,-2.4845108404014624,-133.3612334945121,-0.1244245472936553,0.0715872307121678,29.063986583643608,-15.090758622270997,53.34,0.024
SL,1.02,6.3,"Poche, Colin",621363,hit_into_play,R,1,1,-0.42,0.26,-0.34,2.0,-2.334681462919713,-120.58874965191912,-3.907524054448685,-3.62600260411168,22.75717390761011,-29.147476857370407,53.31,-0.216
FF,1.35,6.29,"Poche, Colin",621363,ball,R,0,1,-0.12,1.6,-1.27,4.54,-6.457515310140786,-133.45020465359653,-2.023986802894448,0.000622273517821,30.592358279081804,-12.92267844972524,53.35,0.021
SL,1.0,6.3,"Poche, Colin",621363,foul,R,0,0,-0.41,0.23,-0.75,1.45,-3.253066506780436,-119.95157482739984,-4.968367728925953,-3.230112894336901,25.080885799979864,-29.11609430042954,53.25,-0.032
SL,1.16,6.23,"Poche, Colin",621363,hit_into_play,L,0,1,-0.29,0.43,-0.46,2.48,-3.237655520571604,-122.02486506975066,-3.013502494730602,-2.0565723691070144,29.23552117488512,-27.50950965245761,53.22,-0.188
FF,1.12,6.19,"Poche, Colin",621363,called_strike,L,0,0,-0.71,1.58,-0.52,3.52,-2.630643029840279,-131.8086964610246,-4.06641881285798,-7.413637636193949,34.0235774582948,-13.204895480542936,53.18,-0.042
FF,1.18,6.21,"Poche, Colin",621363,hit_into_play,L,1,0,-0.34,1.21,-0.26,3.25,-2.9167904919537038,-131.091548995634,-3.9750111888864015,-3.146668390071012,31.09057912096545,-17.60207656178535,53.22,-0.342
FF,1.28,6.08,"Poche, Colin",621363,blocked_ball,L,0,0,-0.19,1.6,-0.39,0.07,-3.911237563542679,-133.81103916441572,-13.052393830559554,-1.2811507567175182,33.17442384735285,-10.201461959158989,53.07,0.044
FF,1.2,6.19,"Poche, Colin",621363,swinging_strike,L,2,2,-0.23,1.68,-0.2,2.7,-3.06926258514088,-133.0983870214069,-6.552363827589558,-1.9080068998792552,34.22544363085161,-11.063422846238172,53.25,-0.36
FF,1.36,6.16,"Poche, Colin",621363,foul,L,2,2,-0.28,1.73,-0.1,3.38,-3.124883792262916,-132.20264025497335,-4.722070909268745,-2.4324171402657035,33.18729252963803,-11.244390657365097,53.29,0.0
SL,0.96,6.23,"Poche, Colin",621363,foul,L,2,2,-0.49,-0.12,0.39,1.45,-0.3568018797452481,-117.95064431811151,-3.8602289656227473,-4.492441592583848,22.537397641703237,-32.794965846527795,53.22,0.0
FF,1.1,6.18,"Poche, Colin",621363,swinging_strike,L,2,1,-0.16,1.5,0.04,2.57,-2.3529661170624045,-131.89043372484176,-6.334867608741064,-1.337264231572605,31.861120701714903,-13.589067799890568,53.22,-0.075
FF,1.26,6.23,"Poche, Colin",621363,ball,L,1,1,-0.42,1.45,0.34,4.83,-1.4315352914136656,-131.8393563967106,-0.5500700721349311,-4.475642761656127,34.034573728682545,-15.676012246667929,53.2,0.074
SL,1.13,6.23,"Poche, Colin",621363,ball,L,0,1,-0.53,0.09,-1.44,2.41,-4.873748255439091,-119.5189975070021,-2.2496019317166134,-4.022706647591385,25.50524743933974,-31.08279543456388,53.14,0.057
FF,1.14,6.25,"Poche, Colin",621363,called_strike,L,0,0,-0.25,1.42,-0.05,3.7,-2.482140655885965,-132.11560778079843,-3.5035999528202484,-2.349857479054903,31.25476444179771,-15.045964445727371,53.27,-0.064
FF,1.2,6.14,"Poche, Colin",621363,ball,L,3,2,-0.17,1.87,1.07,1.5,0.0511669110810238,-131.5584259616655,-9.690144514814584,-1.974343257568483,31.660105181640255,-8.60157429934965,53.21,0.343
FF,1.2,6.21,"Poche, Colin",621363,swinging_strike,L,3,1,-0.54,1.8,-0.65,3.07,-3.582703523899548,-133.61216582856272,-6.001442271415039,-5.4375314054543455,34.80599198449401,-9.689908134199868,53.16,-0.078
FF,1.29,6.21,"Poche, Colin",621363,called_strike,L,3,0,-0.5,1.78,-0.14,3.28,-2.56569904970565,-133.1537082519663,-5.339432533769405,-5.1622941128733695,34.27664924441477,-10.138911825469206,53.21,-0.083
FF,1.12,6.16,"Poche, Colin",621363,ball,L,2,0,-0.09,1.81,-0.73,1.39,-4.573734549481196,-133.19059508495425,-10.223066358101704,0.0517538427320477,33.004480594613966,-8.617674968443648,53.0,0.133
FF,1.45,6.25,"Poche, Colin",621363,ball,L,1,0,0.33,1.95,1.45,3.43,-0.7194644540062372,-132.754418444061,-5.389382046971445,4.039039416668429,33.649649696320814,-8.28593662325717,53.32,0.064
FF,1.35,6.15,"Poche, Colin",621363,ball,L,0,0,0.13,1.63,0.76,3.74,-1.8007338525935876,-130.97502646457687,-3.3957315161579604,1.965453480709866,33.05767526398821,-13.136953212132012,53.23,0.032
FF,1.24,6.31,"Poche, Colin",621363,hit_into_play,L,3,1,-0.02,1.45,-0.39,2.19,-4.14279596247083,-132.85283458089532,-7.735590420432812,0.6772104281822106,27.528492144056333,-13.555062945078657,53.29,-0.166
SL,0.96,6.48,"Poche, Colin",621363,ball,L,2,1,-0.18,0.89,-0.65,4.11,-3.4173133077358813,-121.1793677742262,-0.78227061463398,-1.1242656912543072,21.897400959589493,-23.45227197254429,53.42,0.046
FF,1.05,6.41,"Poche, Colin",621363,called_strike,L,2,0,-0.21,1.48,-0.94,2.25,-4.643177148055894,-132.79014296836988,-7.865771686979074,-1.3487111815572594,30.8489586732483,-13.168791210238528,53.18,-0.022
FF,1.18,6.31,"Poche, Colin",621363,ball,L,1,0,-0.17,1.45,-1.31,3.84,-6.057020472016676,-133.4730701261713,-3.5524344854052163,-0.60048249432527,30.260626674773327,-14.312837403170152,53.29,0.026
FF,1.02,6.33,"Poche, Colin",621363,ball,L,0,0,-0.62,1.41,-1.22,1.67,-4.403893268380182,-133.4888730796028,-9.095237999687498,-6.304154855293418,31.67551217394492,-13.47090358000039,53.22,0.016
FF,1.1,6.39,"Poche, Colin",621363,hit_into_play,R,1,1,0.15,1.5,-0.96,2.16,-5.709963802471202,-135.80896297621956,-8.585998228367087,3.057248196547732,29.774415605434346,-11.872590022872869,53.36,-0.156
SL,0.98,6.37,"Poche, Colin",621363,ball,R,0,1,-0.37,0.38,-1.24,1.98,-4.539705922233535,-123.42218959997324,-4.819988167618894,-2.9475106059209777,22.31007506614834,-27.55471103186614,53.22,0.017
FF,1.06,6.29,"Poche, Colin",621363,called_strike,R,0,0,-0.06,1.45,-0.64,1.81,-4.273222655438739,-134.39819944483187,-8.885015336534865,0.1998117383847094,30.24030141478281,-12.876768453077796,53.17,-0.024
FF,1.03,6.32,"Poche, Colin",621363,called_strike,L,3,2,0.08,1.43,-0.53,1.39,-4.216784049971031,-133.7933352713373,-9.974362779274138,1.8626050232350972,27.58292941514518,-13.054509501449989,53.2,-0.297
SL,0.99,6.36,"Poche, Colin",621363,ball,L,2,2,-0.31,0.28,-0.94,0.73,-3.8979252348790983,-121.77102940340453,-7.320514200946341,-2.388242855770955,21.207376444795457,-28.23595928181252,53.27,0.093
FF,1.06,6.4,"Poche, Colin",621363,ball,L,1,2,0.01,1.48,-0.12,4.02,-3.065475269137882,-134.67733094447158,-3.5451455096504403,0.7346789733518456,29.35346177741337,-13.597199935000583,53.33,0.036
SL,0.96,6.37,"Poche, Colin",621363,ball,L,0,2,-0.35,0.29,-1.01,-0.36,-3.976380380514422,-123.30324778980888,-10.122520876638175,-2.822618041731689,24.326876207830512,-27.411454087416416,53.29,0.019
SL,0.92,6.45,"Poche, Colin",621363,foul,L,0,1,-0.41,0.26,-0.53,1.35,-2.5799692638485663,-122.49734842331976,-6.165795391187422,-3.794742906537692,19.86268053739262,-28.68636247456677,53.37,-0.047
FF,1.1,6.39,"Poche, Colin",621363,called_strike,L,0,0,-0.05,1.66,-0.41,2.83,-3.784976048128229,-133.33837851864996,-6.881625764125989,0.2290707331013431,28.015018534405,-11.027253022703205,53.13,-0.032
SL,0.97,6.35,"Poche, Colin",621363,hit_into_play,L,2,2,-0.75,-0.01,-0.91,1.78,-2.838921847544178,-118.5978853169251,-3.723538218292248,-6.538463568310921,21.90505027794015,-31.750387548388257,53.34,-0.088
FF,1.12,6.26,"Poche, Colin",621363,foul,L,2,2,-0.3,1.72,0.1,2.71,-1.9333412658544773,-131.53246534204223,-6.642883954636261,-3.0679892478475805,28.55817290930802,-11.028475645840343,53.3,0.0
FF,1.17,6.32,"Poche, Colin",621363,ball,L,1,2,-0.56,1.51,-0.95,4.37,-4.212049430571856,-133.52666847695988,-2.352249678167735,-5.715437510010314,30.09602187655512,-13.82943340800469,53.36,0.018
FF,1.38,6.35,"Poche, Colin",621363,swinging_strike,L,1,1,-0.21,1.67,0.4,3.85,-2.065922291806843,-133.00687881409794,-4.061222028070809,-1.9820222842083492,29.42757986225929,-11.72942551025302,53.47,-0.026
SL,1.0,6.45,"Poche, Colin",621363,ball,L,0,1,-0.46,0.15,-1.41,0.87,-4.681884285815605,-121.04972385264097,-6.750997618068258,-3.619957439059433,23.300573874448336,-29.55410418523569,53.34,0.011
FF,1.26,6.32,"Poche, Colin",621363,called_strike,L,0,0,-0.19,1.64,0.0,2.81,-2.7972201973920066,-132.44974819073832,-6.542546321705342,-1.6033913760346854,28.22282944950089,-11.656850031806483,53.33,-0.015
FF,1.32,6.31,"Poche, Colin",621363,hit_into_play,R,0,0,-0.14,1.81,0.3,2.68,-2.298758079354211,-131.97829314032342,-7.045025205409702,-1.0147349731750983,32.254806171794854,-9.803402523036166,53.32,-0.163
FF,1.22,6.31,"Poche, Colin",621363,hit_into_play,L,0,0,-0.47,1.75,0.37,3.15,-1.1235085525939372,-130.88571535051065,-5.6265279901426,-5.143194735976019,30.345835104739123,-11.156171941286829,53.18,-0.228
SL,1.08,6.36,"Poche, Colin",621363,hit_into_play,R,1,0,-0.72,0.11,-0.55,2.03,-2.3127228493029253,-119.8361324484837,-3.5181286647012677,-6.483645050363636,24.164067529338293,-30.62953521893632,53.5,-0.116
SL,0.86,6.33,"Poche, Colin",621363,ball,R,0,0,-0.66,0.19,-1.04,2.37,-3.105700930456364,-121.05127723211952,-3.004518451561934,-5.858355939669234,24.209479660666933,-29.917683751392627,53.42,0.016
SL,0.98,6.36,"Poche, Colin",621363,swinging_strike_blocked,R,3,2,-0.73,0.22,-0.18,0.59,-1.2293647639083594,-119.31298268341436,-6.984913033129871,-6.673307216616736,24.646575856404347,-28.84360061009582,53.23,-0.211
FF,1.28,6.31,"Poche, Colin",621363,ball,R,2,2,-0.27,1.62,0.42,4.11,-1.6136435185638736,-133.52398472576056,-3.197768864740463,-2.8717470457387617,31.59289967539905,-12.4074723492395,53.42,0.069
SL,0.99,6.35,"Poche, Colin",621363,ball,R,1,2,-0.79,0.23,-1.26,3.06,-3.5709685470121526,-118.35750677233293,-1.175955610123636,-6.628187798520285,24.65357007417836,-29.996983694509723,53.49,0.026
FF,0.9,6.29,"Poche, Colin",621363,foul,R,1,1,-0.3,1.44,-0.65,3.47,-3.281726751918431,-132.85531724610811,-4.364216280760158,-2.8151523456963825,30.33134630015114,-14.411627434145023,53.34,-0.04
FF,1.06,6.23,"Poche, Colin",621363,foul,R,1,0,0.07,1.6,-0.42,3.22,-3.914059426114749,-132.1579689825128,-5.086826429579658,1.7418948781507306,30.339128672316622,-12.620280540390102,53.34,-0.031
FF,1.19,6.29,"Poche, Colin",621363,ball,R,0,0,0.08,1.58,0.85,3.94,-1.0530642203908784,-132.95052442913715,-3.421873119619444,1.213761649135283,31.02218370990213,-12.99148844972008,53.45,0.024
SL,1.02,6.33,"Poche, Colin",621363,foul_tip,L,0,2,-0.68,0.11,-0.4,1.37,-1.906930504264761,-118.7151023472552,-4.8140115581990965,-6.031403207686225,23.471272951609738,-30.433200856048927,53.41,-0.149
SL,0.98,6.36,"Poche, Colin",621363,called_strike,L,0,1,-0.75,0.08,-0.61,3.39,-2.117734314580426,-117.23225377627163,-0.0366434649458433,-6.498494342330862,23.23770646742597,-31.63308948738297,53.46,-0.047
FF,1.19,6.22,"Poche, Colin",621363,called_strike,L,0,0,-0.02,1.75,0.18,2.14,-2.518463465842016,-131.59187125244472,-8.038790413372267,0.3283436486744022,30.58520387427806,-10.351490672622177,53.26,-0.032
FF,1.09,6.24,"Poche, Colin",621363,called_strike,R,3,2,-0.34,1.77,-0.44,1.35,-3.15263932563322,-132.6708654194681,-10.305747782701914,-3.219098557648461,32.87789711228724,-9.174292808765795,53.2,-0.58
FF,1.28,6.32,"Poche, Colin",621363,called_strike,R,3,1,-0.21,1.61,-0.48,2.47,-4.079349941927682,-133.94520627229747,-7.4754420535498465,-1.497463712914573,32.46605857724954,-11.324705460035457,53.43,-0.119
FF,1.23,6.35,"Poche, Colin",621363,called_strike,R,3,0,-0.37,1.74,-0.21,3.48,-2.879019741606009,-132.25342494343533,-5.018496089720842,-3.5798944581779266,31.7312562055913,-10.918899639898846,53.4,-0.138
FF,1.16,6.41,"Poche, Colin",621363,ball,R,2,0,-0.25,1.84,0.04,4.32,-2.336859859274173,-133.3638670116077,-3.3772373544242424,-2.3552317576167754,32.951786955129,-9.868712967343226,53.22,0.207
SL,1.1,6.34,"Poche, Colin",621363,blocked_ball,R,1,0,-0.24,0.4,0.13,0.87,-1.7636444486519576,-120.07422453735248,-6.779952371544784,-1.9721145795020685,23.91399055594181,-27.13341973345558,53.4,0.096
FF,1.27,6.22,"Poche, Colin",621363,ball,R,0,0,-0.29,1.73,-0.34,1.21,-3.4761967832273197,-132.81144223417022,-10.58589360727609,-2.6607067107129083,30.77122657908095,-9.643290660945512,53.23,0.051
FF,1.23,6.3,"Poche, Colin",621363,hit_into_play,R,2,2,-0.13,1.26,-0.08,2.87,-3.0952397886144656,-133.09184306778354,-5.554663325995477,-0.8072626896640774,29.5270398583392,-16.239395510679156,53.39,0.522
SL,0.89,6.36,"Poche, Colin",621363,ball,R,1,2,-0.73,0.25,-0.56,0.74,-1.905042950501108,-119.8388563691307,-6.770991174116259,-6.647467823633678,24.460962169195827,-28.63334590867226,53.35,0.054
FF,1.04,6.36,"Poche, Colin",621363,foul,R,1,1,-0.1,1.6,0.32,3.28,-1.6142917807845802,-132.8396993859936,-5.368151016914977,-0.7713711967053288,29.863625757336298,-12.317483052504953,53.38,-0.07
SL,0.97,6.29,"Poche, Colin",621363,called_strike,R,1,0,-0.56,0.01,0.09,2.42,-0.9205594342014428,-119.72977770820997,-2.268045972641404,-5.184911889122503,23.96092126693273,-31.8871147283898,53.46,-0.055
FF,1.16,6.27,"Poche, Colin",621363,ball,R,0,0,-0.22,1.44,-1.47,1.62,-6.270394337845891,-133.29375596981998,-9.089620833835012,-1.1299281045867051,30.399246551180887,-13.229292656272102,53.39,0.044
FF,1.28,6.31,"Poche, Colin",621363,ball,L,3,0,-0.01,1.61,0.79,4.12,-1.226563401908596,-131.71491384732445,-2.982185965604011,0.207817101268648,29.095437217034576,-12.994603974376044,53.48,0.113
FF,1.17,6.33,"Poche, Colin",621363,ball,L,2,0,-0.27,1.57,-0.93,2.91,-4.825986503707611,-133.632193355592,-6.294412568175025,-2.115624035343696,29.77664536916803,-12.166125277361454,53.39,0.086
SL,1.24,6.32,"Poche, Colin",621363,ball,L,1,0,-0.42,0.18,1.26,0.01,0.8847690816381438,-121.28870101877456,-8.525712712232524,-4.300620338664282,24.590296833781107,-28.913136996688987,53.24,0.045
FF,1.26,6.16,"Poche, Colin",621363,ball,L,0,0,-0.29,1.59,0.46,0.79,-1.4357309039524833,-133.36849878339953,-11.30001443571662,-3.07055809465192,30.924650225739462,-10.866264901660845,53.26,0.024
SL,1.04,6.27,"Poche, Colin",621363,swinging_strike,L,1,2,-0.45,0.3,-0.21,0.96,-2.0181525848094286,-120.00487912943863,-6.237366465985372,-3.899350717094456,23.694975074053424,-28.27571317998073,53.23,-0.169
FF,1.25,6.28,"Poche, Colin",621363,ball,L,0,2,-0.16,1.73,-1.24,4.29,-6.09107869225826,-134.52320464284048,-3.074045370114216,-0.6158893854472413,30.38800738045305,-10.792152997103395,53.24,0.026
FF,1.38,6.37,"Poche, Colin",621363,foul,L,0,2,-0.24,1.66,-0.3,3.74,-3.862283231704047,-135.62574396682646,-4.668909209986761,-1.9872744116326448,31.79011210748537,-10.94342946330557,53.34,0.0
SL,1.02,6.33,"Poche, Colin",621363,foul,L,0,1,-0.73,0.08,-0.29,2.35,-1.592489683773071,-120.7547778938272,-2.767879438996024,-6.796608874808526,25.46211910146373,-31.04134309819685,53.2,-0.045
FF,1.2,6.31,"Poche, Colin",621363,called_strike,L,0,0,-0.23,1.52,0.03,3.18,-2.45303937913766,-131.6519417437138,-5.13855464584607,-2.1043982115058206,30.002937585141108,-13.702573709108512,53.21,-0.042
FF,1.36,6.27,"Poche, Colin",621363,ball,R,3,0,-0.53,1.51,-0.21,4.96,-2.8589891420329585,-133.27636513489392,-0.6475879896857002,-5.536522749385024,32.4148152205469,-14.384875762103176,53.44,0.042
FF,1.27,6.31,"Poche, Colin",621363,ball,R,2,0,-0.13,1.68,-0.36,4.51,-3.894271452090044,-133.83564118924954,-2.3401477253493503,-0.6511250059984129,32.040142062477976,-11.782111741320625,53.35,0.046
SL,1.19,6.29,"Poche, Colin",621363,ball,R,1,0,-0.5,0.03,-0.34,-0.39,-2.5990566907313557,-122.34886928803743,-9.235689953968064,-4.412580868438445,26.58132675529576,-30.10135855956709,53.31,0.026
SL,1.11,6.35,"Poche, Colin",621363,ball,R,0,0,-0.76,0.28,-0.01,0.13,-1.0919932600506557,-120.3097007261664,-8.289202048282,-7.135559077005176,24.597775329951173,-27.976482201747785,53.48,0.016
SL,1.16,6.31,"Poche, Colin",621363,hit_into_play,L,0,0,-0.6,0.28,0.11,2.95,-1.2465390277175563,-120.74827033434212,-1.772312873378045,-5.629600082323241,23.262446736335825,-29.25548080605089,53.32,-0.163
FF,1.26,6.28,"Poche, Colin",621363,hit_into_play,L,1,0,-0.3,1.78,0.01,3.21,-2.5193396708884763,-131.6065464110693,-5.51623219265838,-2.852058950558196,31.94563995575289,-10.632942680492242,53.27,1.634
SL,1.15,6.28,"Poche, Colin",621363,ball,L,0,0,-0.62,0.38,-0.04,1.13,-1.5374601150738496,-121.46561744717178,-6.253369519411492,-5.813119714189027,24.013687673797588,-27.41610403175524,53.24,0.044
FF,1.04,6.37,"Poche, Colin",621363,swinging_strike,R,1,2,-0.42,1.53,-0.51,4.51,-3.025881527257097,-130.96086550031794,-1.9194550645791475,-4.132907328500652,28.14037439324081,-14.357252075596358,53.19,-0.071
SL,0.98,6.29,"Poche, Colin",621363,swinging_strike,R,1,1,-0.68,0.37,-0.76,0.86,-2.6901784533842616,-120.7888054937906,-6.843290337156159,-6.185422762706021,22.22402895977921,-27.425998670181293,53.13,-0.026
FF,1.16,6.29,"Poche, Colin",621363,called_strike,R,1,0,-0.13,1.36,0.1,2.53,-2.41789581559465,-132.95558299049918,-6.640836266564974,-1.0305648887346552,28.578877435316112,-14.871318524148911,53.17,-0.019
FF,1.04,6.29,"Poche, Colin",621363,ball,R,0,0,-0.12,1.58,-1.39,2.42,-5.946289778946689,-132.2365859558194,-7.332330073489449,-0.1239127789285387,28.37537268444197,-12.204223899632163,53.13,0.016
FF,1.19,6.28,"Poche, Colin",621363,hit_into_play,R,3,2,-0.19,1.48,-0.09,2.27,-2.8212547143326603,-130.79722821514784,-7.2243950479099635,-1.5755029203120847,27.978651574901946,-13.85313568079442,53.26,-0.211
FF,1.24,6.25,"Poche, Colin",621363,ball,R,2,2,-0.2,1.39,-0.2,4.17,-3.2272615070645414,-131.42024128975817,-2.224929477447368,-1.5955333465626094,27.855886002552623,-15.765553721965688,53.23,0.069
FF,1.23,6.36,"Poche, Colin",621363,ball,R,1,2,-0.45,1.57,0.33,5.77,-1.3280754023845758,-132.80382057914338,1.0608120942625607,-4.984455904186198,29.38332692219932,-14.066446120664809,53.31,0.026
SL,0.93,6.32,"Poche, Colin",621363,ball,R,0,2,-0.52,-0.04,-1.66,1.03,-4.853329298205179,-117.36192497677293,-5.121807364178714,-3.93764921749295,21.86981402418236,-31.832467110618563,53.05,0.013
FF,1.2,6.31,"Poche, Colin",621363,foul,R,0,1,-0.35,1.46,-0.62,2.12,-3.918325692807355,-133.5436594149106,-8.033646666385907,-3.2462098974314904,29.918337300652208,-13.171200522866163,53.22,-0.035
SL,1.11,6.34,"Poche, Colin",621363,foul,R,0,0,-0.32,0.24,0.42,3.21,-0.9615543943835256,-119.89402903965264,-1.0799308391363112,-2.938619771065949,22.60723257208168,-29.829553796131894,53.14,-0.024
FF,1.12,6.36,"Poche, Colin",621363,swinging_strike,R,0,2,-0.09,1.46,-0.27,4.43,-3.413030198671948,-134.9676470037446,-2.340113031653817,-0.3207093819370917,30.28814232999066,-14.088119720987471,53.4,-0.149
FF,1.16,6.29,"Poche, Colin",621363,called_strike,R,0,1,-0.11,1.33,0.26,1.95,-2.077491041239372,-133.47162354001463,-8.151004228470798,-0.8279314912424064,28.510330032002173,-14.762613696614052,53.09,-0.047
FF,1.14,6.33,"Poche, Colin",621363,swinging_strike,R,0,0,-0.39,1.44,-0.06,3.89,-2.2263086404160117,-133.7149979905433,-3.480899504342287,-4.182185602160616,30.25192476709738,-14.40773198018188,53.29,-0.032
FF,1.29,6.32,"Poche, Colin",621363,hit_into_play,R,2,0,-0.18,1.78,0.08,2.95,-2.669470381744311,-131.05485328533305,-6.280444065482667,-1.5285651821540438,29.03823137279854,-10.546693398568983,53.18,0.904
FF,1.22,6.2,"Poche, Colin",621363,ball,R,1,0,-0.33,1.56,0.44,0.97,-1.2764113403520423,-130.6200662379605,-10.454243887721436,-3.454385247847684,27.473094045896755,-12.295393656008445,53.24,0.064
FF,1.19,6.32,"Poche, Colin",621363,ball,R,0,0,-0.5,1.52,-0.68,3.66,-3.652540099759555,-131.98973461329516,-4.017301357243224,-5.038638197959752,29.18983254228344,-13.756151340070112,53.29,0.032
FF,1.05,6.36,"Poche, Colin",621363,hit_into_play,R,1,1,0.21,1.46,0.41,2.1,-2.0811463309523,-131.42034832191345,-7.938737541297072,2.893993902250793,26.911778906385223,-13.736384234605966,53.18,-0.218
SL,1.03,6.32,"Poche, Colin",621363,ball,R,0,1,-0.33,0.09,-0.82,1.79,-3.6002269464796712,-119.28512188995406,-3.986660185764479,-2.5762215031339992,21.14823447939069,-30.782221504662697,53.15,0.03
FF,1.15,6.29,"Poche, Colin",621363,called_strike,R,0,0,0.08,1.48,0.66,2.11,-1.4114421312026726,-130.90954859785808,-7.720872498211774,1.2263497961037866,26.230871817572744,-13.714451460601571,53.13,-0.042
SL,1.01,6.36,"Poche, Colin",621363,hit_into_play,L,0,2,-0.45,-0.11,-1.09,1.99,-3.97195051554366,-120.340071375708,-3.3736384703342885,-3.7077353395488415,20.65137500968933,-32.85546517767814,53.24,0.168
SL,1.07,6.33,"Poche, Colin",621363,foul_tip,L,0,1,-0.45,0.07,-1.02,2.54,-4.006169892382681,-122.1627829527412,-2.6203475950647284,-3.8643417336478376,21.447478093548597,-31.19701828896478,53.24,-0.024
FF,1.26,6.26,"Poche, Colin",621363,foul,L,0,0,0.04,1.43,-0.15,2.5,-3.710300861025936,-132.02539583467404,-6.707690003451237,1.244033272818339,25.71639312187668,-14.258813897984323,53.14,-0.015
FF,1.39,6.31,"Poche, Colin",621363,hit_into_play,R,1,2,-0.13,1.58,-0.15,3.83,-3.671147838561864,-133.28190133308053,-3.879581985799707,-0.7300018767806224,28.462781195865425,-12.732544543368082,53.26,-0.116
FF,1.25,6.29,"Poche, Colin",621363,called_strike,R,1,1,-0.3,1.4,-0.51,2.01,-3.829926427531272,-132.01477309224046,-7.946710199089846,-2.7446343319251154,26.484373637911663,-14.330830042456723,53.19,-0.04
FF,1.35,6.32,"Poche, Colin",621363,called_strike,R,1,0,-0.25,1.48,0.37,2.95,-1.964281034737044,-132.7393431307815,-5.882127695553293,-2.515592002456742,27.51440210376652,-13.65929142117744,53.27,-0.031
FF,1.28,6.22,"Poche, Colin",621363,ball,R,0,0,-0.15,1.48,-0.57,0.99,-4.447764095485106,-133.08597667565715,-10.727557300207792,-0.8888571015679854,26.9995490360468,-12.513570581267585,53.13,0.024
FF,1.3,6.32,"Poche, Colin",621363,hit_into_play,L,1,1,-0.14,1.57,0.21,2.55,-2.4608877527259745,-131.8955929267579,-6.962913817524968,-1.080169379962416,28.404417338847207,-12.610045886461569,53.23,-0.216
SL,1.22,6.28,"Poche, Colin",621363,ball,L,0,1,-0.31,0.15,0.13,-0.29,-1.920558680439672,-121.18827444838584,-9.120524043237992,-2.7325691261851213,22.23161823902103,-29.240933039900437,53.2,0.021
FF,1.44,6.25,"Poche, Colin",621363,foul,L,0,0,-0.17,1.49,0.06,2.16,-3.1183750993270074,-130.79686049143774,-7.504198665865126,-1.3062934947026223,25.46139327373148,-13.673433637840509,53.12,-0.032
FF,1.27,6.28,"Poche, Colin",621363,hit_into_play,L,2,2,-0.16,1.55,-0.48,3.25,-4.13140888364542,-133.51045707417242,-5.223746987266655,-1.011011989366996,29.295826038762847,-12.74810995128736,53.28,-0.423
SL,1.03,6.34,"Poche, Colin",621363,blocked_ball,L,1,2,-0.52,0.17,-0.4,0.57,-2.3424710663892774,-122.48719644241604,-7.37933341262887,-4.634946431040969,26.789020166467267,-29.104576988703847,53.32,0.07
FF,1.17,6.4,"Poche, Colin",621363,foul,L,1,2,-0.05,1.6,-0.63,3.32,-4.55803580101665,-134.93160150691727,-5.611387544792216,0.436816566360293,31.35013453831617,-11.602766981578815,53.48,0.0
FF,1.27,6.3,"Poche, Colin",621363,foul,L,1,1,-0.15,1.67,0.22,2.62,-2.383912548192917,-133.3954078875173,-7.14152426129845,-1.2204710882969754,29.643746157362635,-10.954705279608314,53.32,-0.126
FF,1.38,6.33,"Poche, Colin",621363,swinging_strike,L,1,0,-0.22,1.71,0.82,2.61,-0.9548763430546776,-132.88171173829278,-7.248181911593102,-2.3950812932202066,29.918791262844763,-10.523593430972426,53.27,-0.081
FF,1.33,6.3,"Poche, Colin",621363,blocked_ball,L,0,0,-0.15,1.78,0.08,0.36,-2.8696087159247035,-131.77874146908522,-12.921544090304366,-1.0306398404608887,30.07048038530887,-8.789105584716411,53.18,0.056
FF,1.1,6.32,"Poche, Colin",621363,hit_into_play,R,0,0,-0.15,1.54,-0.24,2.41,-3.073215146593534,-132.6096791714182,-7.338752550667854,-1.1135281128415089,30.38701336437001,-12.582489563517496,53.27,-0.1
SL,1.09,6.36,"Poche, Colin",621363,swinging_strike,R,3,2,-0.5,0.3,0.34,2.04,-0.7459342199889392,-121.1638363536966,-4.072826651655768,-4.782947196708812,25.61784598760807,-28.563429879098912,53.27,-0.211
FF,1.13,6.3,"Poche, Colin",621363,foul,R,3,2,-0.15,1.57,-0.23,2.79,-3.138601785373518,-132.26656945274283,-6.299500965831621,-1.0146550904110083,31.02725975551896,-12.584787871188414,53.36,0.0
FF,1.33,6.33,"Poche, Colin",621363,foul,R,3,2,-0.15,1.52,-1.01,2.25,-5.628004299108792,-132.6268883862342,-7.727991211363951,-0.5074533540341529,29.761127495166804,-12.71496641322844,53.39,0.0
SL,1.09,6.28,"Poche, Colin",621363,ball,R,2,2,-0.71,-0.3,0.45,3.36,-0.0697922204337337,-117.79062664300378,0.7444241009798382,-6.527127340339743,23.479257442459524,-35.31222850600519,53.49,0.069
FF,1.28,6.32,"Poche, Colin",621363,foul,R,2,1,-0.24,1.46,-0.64,2.64,-4.368460278971634,-133.27405120279226,-6.601137797587431,-1.780768339102166,33.08754179469145,-13.513733476318723,53.48,-0.051
FF,1.22,6.24,"Poche, Colin",621363,called_strike,R,2,0,-0.18,1.53,0.46,3.14,-1.5159277119026855,-130.12569209223724,-4.838043197848336,-1.6519333095621584,31.57196689407317,-14.036107584403952,53.37,-0.039
FF,1.37,6.26,"Poche, Colin",621363,ball,R,1,0,-0.08,1.66,0.04,1.04,-3.241243429732733,-133.2616989853046,-10.992433431768337,-0.1634072014556884,31.68429150002424,-10.20162480189339,53.32,0.045
FF,1.31,6.25,"Poche, Colin",621363,ball,R,0,0,-0.01,1.75,-0.24,1.01,-3.947826181936575,-132.79744470421468,-11.18877043027888,0.7949134007681198,31.46447139538301,-9.15248209129638,53.39,0.024
FF,1.22,6.28,"Poche, Colin",621363,hit_into_play,R,0,0,-0.02,1.85,-0.48,2.15,-4.2480977286656,-131.04091882519504,-8.304341930853273,0.6908504528181127,29.316389817266504,-9.301709251911785,53.44,-0.228
FF,1.25,6.36,"Poche, Colin",621363,foul_tip,R,1,2,-0.2,1.88,0.06,3.7,-2.6072420800173624,-133.29877911701536,-4.918310069011681,-1.700260025065928,32.309345573217,-9.05148073789144,53.54,-0.236
FF,1.38,6.29,"Poche, Colin",621363,called_strike,R,1,1,-0.26,1.7,0.76,3.08,-1.0210357348852668,-132.28706725016963,-5.884192814149982,-2.809347328639517,29.83544790743764,-11.140723646521584,53.05,-0.048
FF,1.12,6.36,"Poche, Colin",621363,ball,R,0,1,-0.17,1.46,-0.27,4.62,-3.1900949463604755,-132.90392892754272,-1.607590001611798,-1.250247932685368,30.452473712392585,-14.758556869703389,53.53,0.03
FF,1.35,6.3,"Poche, Colin",621363,foul,R,0,0,-0.18,1.84,-0.17,2.4,-3.5755972874877275,-135.22789165361252,-8.316123241962465,-1.2847822492953658,32.16040005907711,-8.013669653244014,53.3,-0.042
SL,1.01,6.33,"Poche, Colin",621363,swinging_strike,L,3,2,-0.58,0.42,0.09,1.34,-0.9970167639131504,-121.74211245095113,-6.018662751875281,-5.565928197146362,24.081216600468988,-27.02182241097232,53.22,-0.365
FF,1.27,6.29,"Poche, Colin",621363,blocked_ball,L,2,2,-0.35,1.5,-1.32,0.43,-5.891759860210122,-133.48508343828118,-12.400116126807587,-2.8348458345143457,29.994607701350944,-11.736166538058512,53.31,0.097
SL,1.16,6.26,"Poche, Colin",621363,blocked_ball,L,1,2,-0.41,0.18,0.32,0.43,-1.1239815305271774,-118.95678147653358,-7.005710629685285,-3.665194634003197,24.15126042632105,-29.27127566672715,53.11,0.054
SL,1.01,6.36,"Poche, Colin",621363,foul,L,1,1,-0.62,0.4,0.06,1.87,-0.9921554249744104,-122.81993808258046,-4.974769530019873,-6.112460927056326,23.478310719636777,-27.353736564279306,53.31,-0.07
FF,1.39,6.32,"Poche, Colin",621363,foul,L,1,0,-0.18,1.6,0.22,3.34,-2.6003333531746278,-133.226068979618,-5.078183658952847,-1.490327547690824,33.15782892942145,-12.346045041321313,53.48,-0.055
FF,1.17,6.36,"Poche, Colin",621363,ball,L,0,0,-0.39,1.57,-1.41,3.59,-5.638588929135051,-130.50593325505255,-4.131570774733495,-3.0284985240770337,31.077570389071845,-13.669763798277266,53.54,0.044
SL,1.03,6.27,"Poche, Colin",621363,hit_into_play,L,1,2,-0.7,-0.28,-0.93,2.65,-3.2116729207631054,-122.30882859371384,-1.426925551490439,-6.365493467109392,25.37582383714357,-34.8883305791714,53.24,-0.071
FF,1.09,6.4,"Poche, Colin",621363,ball,L,0,2,-0.01,1.4,-0.12,5.15,-3.1348494817094874,-135.77944114750298,-0.5214960342466607,0.5777876008316204,31.95224573205545,-15.039804754607506,53.34,0.009
SL,1.06,6.32,"Poche, Colin",621363,called_strike,L,0,1,-0.48,0.26,-0.2,3.46,-2.0071945279775525,-122.9019527094124,-0.8021918137455285,-4.428447397868694,25.039307798957555,-29.64318191463853,53.38,-0.024
FF,1.17,6.33,"Poche, Colin",621363,foul,L,0,0,-0.06,1.25,0.27,1.81,-2.2252821742878885,-134.89184732853306,-8.672666429648707,-0.3083581931435456,26.59191643655778,-15.307727954774911,53.21,-0.015
SL,1.12,6.43,"Poche, Colin",621363,swinging_strike,L,2,2,-0.37,0.5,-0.16,2.42,-2.3046245344177776,-124.30184083715092,-4.25510595114757,-3.440043612080142,22.900544689527138,-26.3961167219034,53.2,-0.142
SL,1.08,6.36,"Poche, Colin",621363,ball,L,1,2,-0.18,0.51,-0.97,1.17,-4.58681643667867,-125.8369158258357,-7.380436881408793,-1.1833011391174908,21.119984404623118,-25.610948067933872,53.37,0.026
SL,1.13,6.3,"Poche, Colin",621363,swinging_strike,L,1,1,-0.19,0.25,0.31,3.07,-1.5490585843445632,-122.53441672823796,-1.6754243999655136,-1.6394597470344006,22.691700167130083,-29.491223818334287,53.21,-0.04
FF,1.22,6.25,"Poche, Colin",621363,foul,L,1,0,0.04,1.39,0.03,2.28,-3.173828567217478,-134.13996513618645,-7.465236793912272,1.1274597514506837,26.35246341285677,-14.051226053053488,53.22,-0.031
SL,1.15,6.34,"Poche, Colin",621363,ball,L,0,0,-0.58,-0.1,0.72,4.05,0.1765391776622573,-121.18960017857246,1.3914732986029732,-5.817873464391819,21.652576550119047,-33.592913317572915,53.05,0.024
FF,1.32,6.3,"Poche, Colin",621363,hit_into_play,R,0,0,0.0,1.62,-0.56,2.33,-4.85500832322121,-133.0869713266032,-7.843094342951887,0.9021635474671976,25.647063099523287,-11.44208332910563,53.04,-0.228
FF,1.25,6.34,"Poche, Colin",621363,hit_into_play,R,0,0,-0.15,1.32,0.07,2.7,-2.693792113479966,-132.11991923581604,-6.234146188811312,-1.2929783268816997,22.541779674551453,-15.606318023295527,53.13,-0.755
FF,1.14,6.28,"Poche, Colin",621363,swinging_strike,L,0,2,-0.35,1.49,-0.54,2.54,-3.5900125117241224,-133.66347534796978,-6.945348458419084,-3.3042867594024736,30.62046650293783,-13.01739044454346,53.12,-0.307
SL,0.95,6.31,"Poche, Colin",621363,called_strike,L,0,1,-0.58,-0.29,0.16,3.13,-0.6745713327276095,-119.01522112933296,-0.0480117005453035,-5.426646027433272,21.836620930755306,-35.131700620417256,53.17,-0.068
FF,1.11,6.28,"Poche, Colin",621363,called_strike,L,0,0,-0.21,1.43,0.1,2.5,-2.1188423539629837,-133.40986275464752,-6.929773641614169,-2.102028917719845,28.912292182079067,-13.792134942556071,53.17,-0.073
FF,1.2,6.38,"Poche, Colin",621363,hit_into_play,R,2,1,-0.47,1.6,0.4,3.39,-1.0192495817896547,-132.90333316660158,-5.1951464634113504,-5.364361238327542,28.18993870252673,-12.2974261500844,53.18,-0.366
FF,1.1,6.33,"Poche, Colin",621363,ball,R,1,1,-0.25,1.38,0.11,4.13,-1.9925762724570664,-132.1270979711105,-2.593661570342132,-2.462487309648447,27.421764490652777,-15.682358039466427,53.17,0.064
FF,1.06,6.26,"Poche, Colin",621363,foul_tip,R,1,0,-0.38,1.56,0.14,2.93,-1.537266881987135,-133.0297660858342,-6.044426912566202,-4.253691196061014,26.733831687441224,-12.505967872829544,53.09,-0.062
FF,1.16,6.26,"Poche, Colin",621363,ball,R,0,0,-0.11,1.49,-1.39,3.94,-6.329246681034993,-133.09682572999498,-3.2795722684831885,0.0204200115756538,27.686151804678182,-13.957360468642452,53.09,0.036
SL,1.07,6.35,"Poche, Colin",621363,hit_into_play,R,1,1,-0.61,-0.18,-0.51,2.88,-2.4333092930184343,-119.0971149013718,-0.9364176590625422,-5.346757485955182,21.86736611230343,-33.92051424114781,53.16,0.426
FF,1.17,6.26,"Poche, Colin",621363,ball,R,0,1,-0.2,1.46,-1.07,3.62,-5.325323008698908,-133.82855584755427,-4.084494444378252,-1.336310876525978,27.71863860116896,-13.968705383291256,53.2,0.017
FF,1.33,6.24,"Poche, Colin",621363,foul,R,0,0,-0.14,1.52,-0.29,1.86,-3.9158069199054726,-134.69427530855813,-8.906305175909504,-0.8354480320005596,28.30423693941254,-11.887118715700074,53.1,-0.024
SL,1.08,6.36,"Poche, Colin",621363,called_strike,R,3,2,-0.59,-0.07,-0.37,3.53,-2.140898206531299,-118.3644844543731,0.4299389006803837,-5.16006839223094,22.832246462081397,-33.09328597390653,53.16,-0.297
FF,1.25,6.3,"Poche, Colin",621363,foul,R,3,2,-0.2,1.44,-0.35,2.91,-3.657009676603118,-132.14663417997934,-5.719279630944838,-1.4421902186783202,30.29138370054,-14.3142030396776,53.09,0.0
FF,1.21,6.38,"Poche, Colin",621363,ball,R,2,2,-0.17,1.47,-0.34,5.79,-3.599407845965612,-133.25706854043997,1.2521341396199277,-1.1891094622281524,30.75818953059576,-15.245011318625258,53.26,0.093
FF,1.23,6.37,"Poche, Colin",621363,foul,R,2,1,-0.28,1.57,-0.32,3.23,-3.377849001533489,-133.4951493499448,-5.5904955698180885,-2.681724879327598,28.032519829415723,-12.420223218049763,53.19,-0.063
SL,1.1,6.35,"Poche, Colin",621363,ball,R,1,1,-0.77,0.03,-0.05,0.82,-1.1216787202750915,-118.23580291950108,-5.95887015226316,-7.019006637430971,21.552402470457096,-30.9814824162903,53.23,0.05
SL,1.19,6.36,"Poche, Colin",621363,called_strike,R,1,0,-0.5,0.31,-0.36,3.1,-2.575390713718988,-119.9966984594202,-1.5157424395335513,-4.414300099876034,22.232784321331213,-29.114452946608157,53.33,-0.044
FF,1.34,6.29,"Poche, Colin",621363,ball,R,0,0,-0.1,1.31,-0.87,3.53,-5.382322957818031,-130.76281336006778,-3.7377282865100527,-0.0663989636052164,26.571515365882536,-16.57272046538496,52.97,0.032
SL,1.18,6.34,"Poche, Colin",621363,hit_into_play,R,0,1,-0.41,0.14,-0.26,2.82,-2.5548825010736262,-122.01267548916904,-2.0845951601912165,-3.658403099451439,21.64058250004165,-30.626712558459182,53.36,-0.085
FF,1.16,6.32,"Poche, Colin",621363,foul,R,0,0,0.04,1.51,-0.26,3.15,-3.765942341832376,-133.71103646132352,-5.573934007073432,1.2913230390181103,26.68388298394241,-13.0585685220587,53.3,-0.015
FF,1.4,6.31,"Poche, Colin",621363,foul_tip,R,2,2,-0.22,1.64,-0.29,3.94,-3.8654082856889582,-134.57427964727393,-3.863848461653985,-1.8956955798034545,29.071769171540485,-11.554862368588475,53.43,-0.142
SL,1.02,6.27,"Poche, Colin",621363,ball,R,1,2,-0.77,0.03,-0.23,0.5,-1.3707939047952835,-121.9847083984868,-7.102780227552062,-7.478745137036515,23.498702970675115,-30.736819743459304,53.3,0.026
FF,1.26,6.34,"Poche, Colin",621363,foul,R,1,1,0.14,1.71,0.29,2.6,-2.84756146250509,-134.75530094151188,-7.596953827833946,2.300874283501899,29.53692357080489,-9.866483371845108,53.3,-0.04
SL,1.02,6.33,"Poche, Colin",621363,called_strike,R,1,0,-0.45,0.64,-0.73,1.8,-3.241079845376404,-123.88566113853857,-5.726527329840695,-4.100513645456293,22.464081056866544,-24.73559139364144,53.31,-0.031
FF,1.25,6.31,"Poche, Colin",621363,ball,R,0,0,-0.07,1.7,-1.22,2.61,-6.281995392419194,-135.15637974992066,-7.557050347997199,0.5174996895370719,29.48157199283792,-9.84541206121254,53.26,0.024
FF,1.24,6.35,"Poche, Colin",621363,called_strike,R,0,2,0.22,1.82,-0.49,2.54,-4.994036264964188,-134.87081880226336,-8.056578097415533,3.781003369557176,29.501155456542087,-8.390437351250087,53.24,-0.149
FF,1.23,6.33,"Poche, Colin",621363,foul_tip,R,0,1,0.01,1.83,0.11,2.81,-2.9050960249963302,-134.10259905344827,-7.247508178520542,0.671262833745095,27.93761410072933,-8.701202004762251,53.16,-0.047
FF,1.29,6.36,"Poche, Colin",621363,called_strike,R,0,0,0.07,1.68,-0.34,3.47,-4.324172763832839,-133.04284409331834,-5.136844029284334,1.696003251240093,26.641263007563182,-11.33318497364313,53.28,-0.032
FF,1.14,6.49,"Poche, Colin",621363,hit_into_play,R,2,2,-0.18,1.53,-0.04,2.26,-2.630939200170593,-132.1380285320177,-8.143358424648314,-1.6092455377113382,25.076796930140503,-12.761799794543558,53.32,-0.342
SL,0.92,6.49,"Poche, Colin",621363,foul,R,2,1,-0.25,0.18,-0.85,2.12,-3.595731653398948,-119.97101464158445,-3.9323378930671593,-1.829856180257034,19.39988194966438,-29.956961451394083,53.4,-0.074
SL,1.16,6.49,"Poche, Colin",621363,foul,R,2,0,-0.76,0.65,-0.68,1.4,-2.8043693184592797,-122.42087975722484,-6.839700982799509,-7.2111482042478015,22.495100521628206,-24.5111575404546,53.38,-0.064
FF,1.16,6.38,"Poche, Colin",621363,ball,R,1,0,-0.07,1.7,-0.4,0.84,-3.7728609213677897,-130.41608281531785,-11.528357141947843,-0.0212109640209981,26.219506572233897,-10.623801317495934,53.23,0.066
FF,1.08,6.5,"Poche, Colin",621363,ball,R,0,0,-0.11,1.8,-0.36,3.65,-3.419144423664892,-131.4727836192811,-5.05443002361115,-0.4549763716603858,29.353248394642176,-10.461453161327848,53.3,0.044
FF,1.18,6.44,"Poche, Colin",621363,hit_into_play,L,1,1,-0.16,1.48,-0.48,2.65,-3.8319200770779616,-131.51317353340684,-6.720340563683759,-1.0953009007163168,27.87580464060877,-13.7731194821646,53.46,-0.368
SL,0.99,6.42,"Poche, Colin",621363,blocked_ball,L,0,1,-0.38,0.27,-0.84,0.14,-3.475976779518933,-119.87911003295316,-8.452065202193447,-3.0890245684128144,21.442527440078493,-28.2738473889509,53.23,0.057
FF,1.12,6.46,"Poche, Colin",621363,called_strike,L,0,0,0.02,1.45,0.08,1.5,-2.6913817970618807,-131.9472059504508,-9.828405526898669,0.7186562625289405,23.34491755740059,-13.492251828521573,53.24,-0.064
FF,1.19,6.48,"Poche, Colin",621363,hit_into_play,R,0,0,-0.39,1.31,-0.44,2.04,-3.2585272546913657,-130.9441860148184,-7.964644659497496,-3.862614233064055,26.453211816224588,-15.60024310793272,53.42,0.442
SL,1.12,6.27,"Poche, Colin",621363,hit_into_play,L,1,2,-0.6,0.15,-0.64,1.62,-2.870952963789077,-119.45508607355085,-4.33676844466059,-5.182225374006172,22.83175573471584,-30.08483921016361,53.21,-0.071
SL,1.17,6.36,"Poche, Colin",621363,called_strike,L,1,1,-0.23,0.45,0.11,2.2,-2.018709373064885,-121.8054203248595,-4.182175769324634,-1.9837391066769188,22.059391955343926,-27.060818422699725,53.22,-0.026
SL,1.3,6.35,"Poche, Colin",621363,foul,L,1,0,-0.17,0.46,-0.24,2.63,-3.284377968035418,-122.57805237555225,-3.1553256094316446,-1.0093509880345766,26.87108335256987,-27.102393282392512,53.34,-0.019
FF,1.37,6.29,"Poche, Colin",621363,ball,L,0,0,-0.17,1.48,-0.01,4.37,-3.219492679965254,-135.01233751818086,-2.3749312744288376,-1.299190970040029,31.28323831634958,-13.779861174055682,53.36,0.016
SL,1.18,6.34,"Poche, Colin",621363,hit_into_play,R,0,0,-0.36,0.47,-0.56,1.89,-3.3914826181155613,-122.5641024565475,-4.92343597889017,-2.88979696731385,24.989366596427136,-26.70788659767987,53.31,-0.163
FF,1.29,6.3,"Poche, Colin",621363,hit_into_play,R,2,1,-0.13,1.73,0.31,2.94,-2.222370744063057,-131.5711345019455,-6.22441367594798,-1.0253181335828592,29.61751338208084,-10.940511042791623,53.2,-0.267
FF,1.33,6.29,"Poche, Colin",621363,ball,R,1,1,0.01,1.73,-0.4,0.49,-4.460279814581679,-133.23906010342114,-12.710986050416702,1.1665536397101994,30.389974654907192,-8.999335149390872,53.16,0.05
SL,1.23,6.35,"Poche, Colin",621363,called_strike,R,1,0,-0.58,0.23,0.36,2.68,-0.846856198982614,-118.36138849846486,-2.0305307528786325,-5.261902960959566,23.82222410055096,-29.863400939222043,53.35,-0.044
FF,1.28,6.34,"Poche, Colin",621363,ball,R,0,0,-0.18,1.87,-0.81,3.76,-4.901297555993847,-130.70571784331597,-4.395108729731075,-0.882127499571547,30.49673266869068,-10.13094278500598,53.26,0.032
SL,0.97,6.32,"Poche, Colin",621363,hit_into_play,R,1,1,-0.61,0.31,-0.15,2.1,-1.3942425157281928,-121.20328664923863,-3.900603290520981,-5.775543178076291,23.56504572806641,-28.521790389270617,53.29,-0.218
SL,1.02,6.22,"Poche, Colin",621363,blocked_ball,R,0,1,-0.23,0.5,-1.3,-0.82,-5.094756332059276,-124.4651211085037,-11.559306447760246,-1.3889758222652862,25.15532462945896,-24.81864257252514,53.17,0.03
FF,1.16,6.19,"Poche, Colin",621363,called_strike,R,0,0,0.2,1.69,-0.42,1.97,-4.506363931612883,-133.0502207957843,-8.544767650412116,3.3594052548061497,29.691987530917917,-10.489303887535629,53.01,-0.042
FF,1.32,6.18,"Poche, Colin",621363,hit_into_play,L,1,2,0.08,1.54,-0.2,2.09,-4.0721412987306405,-133.31225743359957,-7.896849429342422,1.7939477199120288,28.997966128612948,-12.333711569590188,53.29,0.158
SL,1.21,6.22,"Poche, Colin",621363,ball,L,0,2,-0.44,0.33,-0.57,-0.96,-3.269633600627862,-121.83636752732022,-10.86058096527678,-3.643092960653505,27.16962445821517,-26.71513363947112,53.52,0.009
SL,1.21,6.27,"Poche, Colin",621363,foul,L,0,2,-0.66,0.15,0.49,2.3,-0.3536947077790032,-120.06219467630558,-2.820186843659686,-6.291633301751314,23.96381851977627,-30.4060608495684,53.02,0.0
FF,1.38,6.25,"Poche, Colin",621363,called_strike,L,0,1,-0.15,1.68,-0.79,3.08,-5.2105788788477,-132.69495176958705,-5.729468854693841,-0.6286805111923176,30.29565582107862,-11.375892667810469,53.4,-0.024
SL,1.21,6.35,"Poche, Colin",621363,called_strike,L,0,0,-0.73,0.25,0.72,3.61,0.30866327867178,-120.731888121211,-0.2899656983661693,-7.170835443027056,22.777589150185044,-29.894737492026387,53.57,-0.015
FF,1.19,6.25,"Poche, Colin",621363,hit_into_play,R,1,0,0.09,1.71,0.43,2.65,-2.1379433359612023,-133.8968337079042,-7.073333301896163,1.5298572884741948,31.11086764606366,-10.282045919062838,53.37,-0.187
FF,1.35,6.24,"Poche, Colin",621363,ball,R,0,0,0.13,1.75,0.37,3.88,-2.811961639862335,-133.6382180359397,-3.938783653483781,2.155408808934721,30.77492911981728,-10.655445442962884,53.42,0.024
FF,1.22,6.19,"Poche, Colin",621363,hit_into_play,R,1,0,-0.1,1.75,0.15,1.73,-2.487864501063258,-131.04093926170046,-8.991278665806785,-0.6332385112549266,29.39666491906866,-10.253568767520932,53.1,-0.26
FF,1.26,6.23,"Poche, Colin",621363,ball,R,0,0,-0.23,1.76,-1.58,0.96,-6.737210871174106,-132.06717458699637,-11.223907770942173,-1.1456239530322607,29.352709578591607,-9.267164782270802,53.21,0.032
SL,1.06,6.27,"Poche, Colin",621363,swinging_strike,R,0,2,-0.45,0.31,0.3,1.77,-0.8875263585474537,-122.0318836227568,-4.604140078720839,-4.237983717759913,27.11698150353476,-28.31873931129464,53.37,-0.061
FF,1.4,6.25,"Poche, Colin",621363,foul,R,0,1,-0.1,1.56,0.19,3.64,-2.8893587635273934,-134.21579426944632,-4.249615965574413,-0.5812619495869681,30.30651833678455,-12.590834714481703,53.43,-0.024
FF,1.21,6.2,"Poche, Colin",621363,foul,R,0,0,-0.34,1.59,-0.67,1.37,-4.05854319046559,-132.0417057012673,-9.730920272191826,-3.06707451342598,28.44201799667039,-11.661407429083471,53.25,-0.015
SL,1.16,6.32,"Poche, Colin",621363,called_strike,L,1,2,-0.62,0.3,-0.44,2.02,-2.5073737418926254,-122.25480527784477,-4.195340087020442,-5.76973982867978,23.553189608188404,-28.60078214002886,53.5,-0.116
SL,1.25,6.28,"Poche, Colin",621363,swinging_strike,L,1,1,-0.56,0.37,0.4,2.76,-0.8583913566765586,-121.234152138801,-2.415619412335796,-5.353377863209967,23.1763676553613,-28.243380981251143,53.41,-0.04
FF,1.37,6.28,"Poche, Colin",621363,ball,L,0,1,-0.15,1.77,0.17,4.07,-2.7819881169624545,-134.1868624699662,-3.691037103136184,-1.1433443684220996,29.71173684051054,-10.17646915946133,53.39,0.017
FF,1.32,6.26,"Poche, Colin",621363,called_strike,L,0,0,-0.13,1.84,0.59,3.51,-1.564818824989776,-133.352342978594,-5.138351602904183,-1.2647635238969088,28.981144819155745,-9.27686333508357,53.33,-0.024
FF,1.22,6.28,"Poche, Colin",621363,hit_into_play,R,0,0,-0.19,1.6,-0.35,2.8,-3.561524603262624,-131.80682381569142,-6.228019774097461,-1.413775007109362,28.70279623285074,-12.410082834664603,53.45,-0.228
SL,1.03,6.28,"Poche, Colin",621363,hit_into_play,R,1,1,-0.63,0.55,-0.57,2.61,-2.4846419342382844,-119.91487837604856,-2.971200293025941,-5.6161176527102565,21.73065962007731,-26.472348064010426,53.01,-0.431
FF,1.15,6.27,"Poche, Colin",621363,ball,R,0,1,0.05,1.58,0.3,5.22,-2.2687436075237724,-131.56306293301327,-0.0166883441775961,1.0898468999645718,28.404361011542992,-14.008441848089292,53.4,0.057
SL,1.0,6.27,"Poche, Colin",621363,called_strike,R,0,0,-0.72,0.61,-0.51,2.53,-2.09881536145708,-122.28466696348045,-3.5468818286147177,-6.8899428531219735,23.03413294652995,-25.579214245517363,53.32,-0.073
SL,0.99,6.31,"Poche, Colin",621363,blocked_ball,L,3,2,-0.31,0.44,-0.47,0.69,-2.826843697869053,-122.77309002608006,-7.709217362672329,-2.581220525685911,24.1216143174408,-26.439626024882656,53.11,0.113
SL,0.92,6.27,"Poche, Colin",621363,foul,L,3,2,-0.43,0.22,-0.43,2.22,-2.3036524217879366,-120.8258171653178,-3.296537847984445,-3.777653834239454,23.123183828852,-29.56973222536332,53.25,0.0
FF,1.17,6.22,"Poche, Colin",621363,ball,L,2,2,0.05,1.65,-0.47,4.17,-4.352587177668138,-134.6785893130996,-3.019724991690647,1.6305324930691747,31.136087834238023,-11.752027972607276,53.36,0.064
SL,0.96,6.27,"Poche, Colin",621363,ball,L,1,2,-0.28,0.0,-0.75,0.89,-3.462498647835083,-122.03268801469724,-6.118563175681941,-2.1295794148514693,24.43198034331156,-31.12308033226225,53.18,0.03
FF,1.0,6.3,"Poche, Colin",621363,foul,L,1,1,-0.39,1.67,-0.35,2.92,-2.609110484866931,-133.72120403987017,-6.425693909446649,-4.1133922948620905,30.26551798818243,-10.996806522627706,53.16,-0.048
SL,1.02,6.35,"Poche, Colin",621363,swinging_strike,L,1,0,-0.28,0.16,0.06,1.79,-1.6696202319757916,-121.30850926379767,-4.409096209519862,-2.4430625362588567,24.076074491443794,-29.976564262079275,53.25,-0.039
FF,1.08,6.33,"Poche, Colin",621363,ball,L,0,0,-0.39,1.63,-0.9,2.66,-4.234932993244184,-133.59277352671324,-7.085109733458551,-3.7782632065553736,29.115811149882703,-11.318355058376866,53.25,0.027
SL,0.9,6.29,"Poche, Colin",621363,hit_into_play,L,2,2,-0.59,0.4,-0.8,1.98,-2.8071966239366377,-122.31012477673129,-4.488901285804822,-5.420348043496024,22.71142386987854,-27.535064899615875,53.16,-0.271
SL,0.89,6.39,"Poche, Colin",621363,swinging_strike,L,2,1,-0.39,0.61,0.12,0.98,-1.014757136093622,-121.75067923354518,-7.384380268610907,-3.6888842862335807,22.607452899913987,-24.89646878919468,53.49,-0.074
FF,1.17,6.29,"Poche, Colin",621363,ball,L,1,1,-0.41,1.61,0.53,3.88,-0.7311358809112076,-133.7919160129768,-3.795175422039915,-4.801983846860519,29.54445493663091,-12.24405881172413,53.42,0.058
FF,1.13,6.15,"Poche, Colin",621363,foul,L,1,0,0.1,1.61,0.43,1.68,-2.0245422720425936,-132.18468716755493,-8.890207608932235,1.6406414667484006,28.800661278789786,-11.625339433947095,53.1,-0.055
FF,1.14,6.13,"Poche, Colin",621363,ball,L,0,0,-0.03,1.59,0.03,1.15,-2.822311664084854,-133.8554425017933,-10.45837792060567,0.2587050034005324,28.984924970383783,-11.015908239616069,53.04,0.044
FF,1.22,6.28,"Poche, Colin",621363,hit_into_play,R,3,2,-0.13,1.57,0.11,3.28,-2.545414212519132,-131.90123984569436,-4.94172062744859,-0.9130333333443106,29.96146461174597,-13.055240343630675,53.33,-0.558
FF,1.01,6.15,"Poche, Colin",621363,foul,R,3,1,-0.18,1.79,-0.41,1.8,-3.2155650466708314,-131.08895573291582,-8.784652706409224,-1.3507727255508817,28.307294972720584,-9.853085466984917,53.26,-0.042
FF,1.12,6.33,"Poche, Colin",621363,called_strike,R,3,0,-0.26,1.91,-0.16,2.93,-2.7005979756894143,-132.54925260405602,-6.841972768276222,-2.4860374720013825,29.945921080284496,-8.426739471260653,53.11,-0.104
FF,1.11,6.28,"Poche, Colin",621363,ball,R,2,0,-0.29,1.74,0.12,4.45,-1.89732256442714,-132.07376745167616,-2.394224558236144,-2.928332168881876,29.254951859499407,-11.52876321685034,53.24,0.15
FF,1.13,6.26,"Poche, Colin",621363,ball,R,1,0,-0.19,1.78,-0.41,1.16,-3.564855120417979,-133.35690682391484,-11.125496612267996,-1.4545692160922974,28.7242189603296,-8.730752301811837,53.02,0.112
FF,1.1,6.31,"Poche, Colin",621363,ball,R,0,0,-0.23,1.44,-0.27,3.7,-2.9201909587844224,-129.96815753488607,-3.460927952882573,-1.9373512527820815,28.932957546413064,-15.391492409791052,53.29,0.067
FF,1.21,6.16,"Poche, Colin",621363,ball,L,3,2,-0.04,1.62,0.62,1.32,-1.4193503650449362,-133.49253409066958,-10.04782515141295,-0.176354323638895,29.34601621267644,-10.861302900058943,53.2,0.343
SL,1.16,6.43,"Poche, Colin",621363,ball,L,2,2,-0.34,0.97,-0.43,1.12,-3.109244020530002,-124.78183948302006,-8.404022799533637,-2.953189531760474,23.56663052251744,-20.57340367130478,53.49,0.093
FF,1.11,6.33,"Poche, Colin",621363,foul,L,2,2,-0.25,1.82,0.53,2.14,-0.9168539875508817,-134.2367286908275,-8.917400270079812,-2.8669967600488167,29.51941409850555,-8.48563705283741,53.38,0.0
FF,1.28,6.32,"Poche, Colin",621363,called_strike,L,2,1,-0.36,1.72,0.24,3.75,-1.8905472137852,-132.3495763532972,-4.272532820311412,-3.759521393739252,28.689090814051838,-11.281146251489144,53.39,-0.063
SL,0.96,6.28,"Poche, Colin",621363,ball,L,1,1,-0.51,0.45,-0.36,0.03,-2.1238882279641214,-124.65465145272158,-9.551713075106482,-4.9165439443118,25.05526198200485,-25.809846902074383,53.17,0.05
FF,1.26,6.27,"Poche, Colin",621363,ball,L,0,1,-0.08,1.82,0.17,3.58,-2.6500292104840013,-134.67048228228293,-5.062116158117893,-0.4113872201531491,30.97523028720533,-9.216022821831205,53.31,0.021
FF,1.2,6.29,"Poche, Colin",621363,foul,L,0,0,-0.23,1.72,0.19,2.59,-2.07063190548105,-132.994821926549,-7.267538635478134,-2.329904674837884,28.306298930605205,-10.410975576618624,53.36,-0.032
FF,1.17,6.38,"Poche, Colin",621363,hit_into_play,R,0,2,-0.26,1.56,-0.05,3.35,-2.516787868544455,-132.05480638344935,-5.022189317195807,-2.4415914881285063,30.068174987013755,-13.113601866325936,53.43,-0.061
FF,1.31,6.34,"Poche, Colin",621363,foul,R,0,1,-0.38,1.78,-0.54,3.52,-3.8442701027429567,-130.90236962957806,-4.812575111057647,-3.4443382524379014,30.996611897822746,-10.973996122299273,53.41,-0.024
FF,1.13,6.32,"Poche, Colin",621363,called_strike,R,0,0,0.13,1.59,-0.3,2.71,-3.9126401784132994,-131.28120452844612,-6.4680721234540455,2.4424446436083453,29.883472030249248,-12.619350692253343,53.26,-0.015
FF,1.18,6.34,"Poche, Colin",621363,hit_into_play,L,0,0,-0.06,1.45,-0.07,2.83,-3.0205172805753144,-130.68914161603763,-5.83306575188632,0.0152871732615511,29.81093708039668,-14.563369442410414,53.26,-0.163
SL,0.91,6.39,"Poche, Colin",621363,hit_into_play,R,1,2,-0.12,0.31,-0.4,1.45,-2.7602555262678283,-119.09195356428296,-5.262302832591837,-0.655082252700384,22.344040802579688,-28.46336700477294,53.32,1.047
FF,1.16,6.39,"Poche, Colin",621363,foul,R,1,1,-0.2,1.61,-0.53,1.49,-3.873101643132901,-132.13663614614745,-9.876727078745269,-1.3368232173405297,31.62776139442166,-11.30301237952454,53.32,-0.04
SL,1.11,6.43,"Poche, Colin",621363,swinging_strike,R,1,0,-0.19,0.38,0.0,1.6,-2.206956315228989,-120.7378832051556,-5.315998074978188,-1.3510222518995425,25.60584713677976,-27.61152090113689,53.37,-0.031
FF,1.27,6.26,"Poche, Colin",621363,ball,R,0,0,-0.07,1.84,-0.26,1.19,-3.751899767234852,-132.00907711420615,-10.819469702233024,0.1272560582411726,31.69582148696028,-8.512086249161275,53.23,0.024
FF,1.19,6.4,"Poche, Colin",621363,hit_into_play,R,0,0,-0.04,1.6,-0.27,3.37,-3.650059899942712,-132.65942429960106,-5.201042038937179,0.4322685158228011,31.54398405645881,-12.398341277842718,53.27,-0.228
FF,1.2,6.38,"Poche, Colin",621363,hit_into_play,L,0,0,0.0,1.77,0.19,3.42,-2.561186909625572,-131.41116475902408,-5.189978205622301,0.6297566699912418,31.913744203940983,-10.846250017298887,53.3,1.57
FF,1.29,6.4,"Poche, Colin",621363,hit_into_play,R,2,0,-0.17,1.75,-0.16,3.25,-3.2865022883056905,-130.9197905656361,-5.550922590309923,-1.1460419673425788,31.54898598813401,-11.157702902978098,53.43,0.314
FF,1.34,6.35,"Poche, Colin",621363,ball,R,1,0,-0.14,2.05,-0.05,1.09,-3.2140613658099184,-130.84084627440492,-11.531951022839111,-0.7860383238469678,31.00237026548797,-6.374305419076662,53.23,0.064
FF,1.32,6.34,"Poche, Colin",621363,ball,R,0,0,-0.01,1.88,-0.4,1.09,-4.3256008839313065,-131.51710278578153,-11.26399853820305,0.854334296540674,30.94126372965304,-8.089706185243585,53.38,0.032
FF,1.04,6.3,"Poche, Colin",621363,hit_into_play,R,2,0,-0.3,1.43,-0.52,2.34,-3.2608354178601604,-129.85149583553243,-6.848048007164753,-2.680059417626386,26.921052736083013,-14.76746010533856,53.31,-0.48
FF,1.14,6.43,"Poche, Colin",621363,ball,R,1,0,-0.33,1.47,-0.31,4.24,-2.9559533501960207,-132.32332809261044,-2.7748412897909107,-3.2702210150690294,28.65684563519873,-14.492831548226471,53.33,0.066
FF,1.05,6.36,"Poche, Colin",621363,ball,R,0,0,-0.16,1.5,-0.02,1.29,-2.3916607921498176,-132.71211041455183,-10.28795375450012,-1.3964111612039514,29.45062575669198,-12.368420976483256,53.07,0.044
SL,1.01,6.38,"Poche, Colin",621363,hit_into_play,L,1,2,-0.55,0.36,-0.38,1.89,-2.105317111767527,-119.29497354768156,-4.383428661745453,-4.901371575009402,21.5762403154797,-28.13003170518553,53.27,0.313
SL,1.06,6.33,"Poche, Colin",621363,swinging_strike,L,1,1,-0.81,0.29,-0.2,0.76,-1.3220113120633674,-121.24997298601797,-7.019777180632933,-7.731860501867939,23.611723893584365,-28.134621424484997,53.35,-0.04
SL,1.02,6.33,"Poche, Colin",621363,called_strike,L,1,0,-0.55,0.24,0.56,2.53,0.0220939691497262,-116.4074376756259,-2.1616309418256003,-5.044944736607492,20.796128704130076,-29.757410245566213,53.37,-0.031
FF,1.34,6.27,"Poche, Colin",621363,ball,L,0,0,-0.04,1.56,0.75,3.28,-1.3869154712572482,-130.97445034972318,-4.82726287207489,-0.1652945699657061,28.22148951444205,-13.368424906004106,53.38,0.024
FF,1.18,6.37,"Poche, Colin",621363,hit_into_play,L,0,0,-0.15,1.55,-0.37,1.53,-3.560167409668036,-130.43883727182563,-9.44268661016808,-0.9757891294031076,25.9972517730889,-12.699533488398,53.27,-0.228
SL,0.9,6.35,"Poche, Colin",621363,hit_into_play,R,1,2,-0.48,0.26,-0.07,1.79,-1.2957830573460882,-120.41702673057316,-4.432673232274239,-4.335619922718411,25.14851457838949,-28.9398955494631,53.52,-0.317
SL,0.88,6.37,"Poche, Colin",621363,foul_tip,R,1,1,-0.27,0.49,-0.2,3.3,-1.9869258643104009,-121.01084871971456,-1.5648506288644155,-2.243511614791519,23.14614168816219,-27.263580980021683,53.38,-0.116
FF,1.28,6.36,"Poche, Colin",621363,ball,R,0,1,-0.11,1.74,-0.27,4.82,-3.724403630418765,-133.67707471248684,-1.811074712049166,-0.4876900240958087,30.383444108530902,-11.24020359641012,53.41,0.057
FF,1.06,6.36,"Poche, Colin",621363,foul,R,0,0,-0.34,1.7,-0.43,2.37,-3.066347795387254,-132.90819834020513,-7.888150897620042,-3.2344604157942127,31.93649973049089,-10.556602473476502,53.35,-0.073
FF,1.05,6.29,"Poche, Colin",621363,hit_into_play,R,0,0,-0.02,1.38,0.26,2.56,-1.986980789702693,-132.24462319564913,-6.446968684397056,0.267060634801168,30.04407990840776,-14.825971326179364,53.33,0.304
FF,1.07,6.41,"Poche, Colin",621363,swinging_strike,R,1,2,-0.18,1.64,-1.17,3.74,-5.421730654006164,-135.05586861746775,-4.669424952266525,-0.9636008929644028,31.495201318476624,-11.320028743682297,53.31,-0.214
SL,0.93,6.3,"Poche, Colin",621363,blocked_ball,R,0,2,-0.27,0.38,-0.57,-0.75,-2.9424290045993464,-120.04631147271682,-10.411811551352102,-2.0212641228942534,23.946391129091023,-26.60007002662642,53.29,0.02
SL,1.05,6.36,"Poche, Colin",621363,foul,R,0,1,-0.4,0.67,-0.51,1.35,-2.928831854224571,-124.35314406829936,-7.025112898204353,-3.592177411981428,22.766880100700966,-24.064529211488534,53.31,-0.059
SL,1.05,6.42,"Poche, Colin",621363,swinging_strike,R,0,0,-0.53,0.4,-0.25,3.69,-1.9755713248049955,-121.49991610133264,-0.6634136951714691,-4.911804094707595,21.769963764999723,-28.29650621790954,53.47,-0.042
FF,1.15,6.34,"Poche, Colin",621363,hit_into_play,R,1,1,0.21,1.83,-0.38,2.65,-4.374943814746878,-132.7035329562683,-7.458680297689736,3.3883060211110383,26.930371917448998,-9.17493703566979,53.36,-0.368
SL,1.04,6.32,"Poche, Colin",621363,blocked_ball,R,0,1,-0.26,0.61,-1.2,-1.03,-4.830765630495612,-124.20126238571764,-12.442991662428437,-1.693492717258006,26.1436371403532,-23.458425126831525,53.18,0.057
FF,1.21,6.36,"Poche, Colin",621363,called_strike,R,0,0,-0.19,1.88,-0.08,3.36,-2.8468246677110187,-132.08491847430707,-5.622617204136406,-1.502446584676315,31.870877352414496,-9.320654124526492,53.37,-0.064
FF,1.31,6.34,"Poche, Colin",621363,hit_into_play,R,0,0,-0.17,1.49,-0.49,2.54,-4.203613141435423,-132.2459414063123,-6.8179838665412,-0.9827028218470704,31.0044808744276,-13.466517322586387,53.49,0.41
FF,1.06,6.3,"Poche, Colin",621363,hit_into_play,R,2,2,-0.17,1.63,-0.6,2.11,-3.879339325399265,-132.94544374853442,-8.243481995655612,-1.009095982435504,32.46326385225627,-11.242098527833932,53.38,-0.088
SL,0.83,6.32,"Poche, Colin",621363,ball,R,1,2,-0.58,0.3,-0.51,0.43,-1.966777354709124,-120.70311090763715,-7.6673890268864975,-5.237514478070064,25.01841056892907,-27.86043502670202,53.27,0.018
SL,1.08,6.28,"Poche, Colin",621363,ball,R,0,2,-0.44,0.37,-0.23,0.72,-2.2208790757190258,-123.6433472988662,-7.536439245216381,-4.030398596671533,26.00692029538625,-27.00139777482035,53.25,0.009
SL,1.12,6.32,"Poche, Colin",621363,swinging_strike,R,0,1,-0.69,0.33,-0.88,1.29,-3.3870236209945443,-124.8735035117301,-6.352709165825768,-6.429231686130494,26.72616197153131,-27.608387324179205,53.42,-0.024
SL,1.04,6.37,"Poche, Colin",621363,swinging_strike,R,0,0,-0.59,0.34,-0.74,1.77,-3.044851384465772,-124.53670463501912,-5.28690965553474,-5.490040694031622,25.93456847974474,-27.74179241160355,53.44,-0.015
FF,1.07,6.28,"Poche, Colin",621363,hit_into_play,R,1,2,0.03,1.69,-0.3,2.39,-3.576869404435346,-132.97482542031756,-7.6532009645066,1.1634996231563657,29.69093492399169,-10.710200974730029,53.35,-0.116
FF,1.26,6.29,"Poche, Colin",621363,foul,R,1,1,-0.18,1.62,-0.37,2.94,-3.807648552547288,-133.65566990257236,-6.204881588474541,-1.249487275163185,31.02870184392463,-11.686622432326187,53.31,-0.04
SL,1.1,6.36,"Poche, Colin",621363,swinging_strike,R,1,0,-0.51,0.17,-0.02,1.38,-1.5965587514808,-120.84556015904248,-5.301853591005299,-4.621066217662203,24.147259768044325,-29.694417249483497,53.5,-0.031
FF,1.15,6.35,"Poche, Colin",621363,ball,R,0,0,-0.29,1.64,-1.04,3.63,-4.960536639592492,-132.6746421346759,-4.5192696295656685,-2.25078865580448,30.36263030426731,-12.130834915004398,53.3,0.024
FF,1.38,6.27,"Poche, Colin",621363,hit_into_play,R,1,0,-0.38,1.61,0.02,2.09,-2.634124602827318,-131.9549495919163,-8.064673130265147,-3.796875941699873,30.518860993471996,-11.807056092366045,53.26,-0.26
FF,1.04,6.31,"Poche, Colin",621363,ball,R,0,0,-0.43,1.68,-1.8,1.63,-6.253830747512674,-130.86997700213772,-9.302842234883164,-3.4251140698210083,29.971365687512,-11.100632113303105,53.21,0.032
SL,0.91,6.3,"Poche, Colin",621363,called_strike,R,2,2,-0.37,0.34,-0.71,1.6,-2.979790763557702,-119.6907696147118,-4.756755807783315,-2.913957880858411,26.18826828256298,-28.168687218704115,53.41,-0.328
FF,1.01,6.38,"Poche, Colin",621363,ball,R,1,2,0.04,1.62,-0.84,4.5,-4.760786576999565,-131.72425309834702,-2.1968176555599577,1.5871417712525504,30.110359825583725,-13.132214367356628,53.56,0.012
FF,1.06,6.32,"Poche, Colin",621363,foul,R,1,1,-0.05,1.51,-0.84,3.07,-4.688261093281433,-131.10897723406154,-5.312120964901941,0.542999246472202,32.447395119117466,-13.926504925691727,53.34,-0.116
FF,1.26,6.35,"Poche, Colin",621363,swinging_strike,R,1,0,-0.31,1.62,-0.21,4.28,-3.042619352079716,-132.2819218951009,-2.697032784617789,-2.8685188692240207,33.70913862953378,-12.946336097226029,53.53,-0.058
FF,1.16,6.26,"Poche, Colin",621363,ball,R,0,0,-0.14,1.6,0.3,4.12,-1.8611790555996075,-132.53831868653393,-2.8416460094263685,-1.205162328295498,33.16864288963632,-13.09211523510188,53.44,0.042
FF,1.15,6.4,"Poche, Colin",621363,ball,R,3,2,-0.35,1.53,-0.2,3.87,-2.682234346815594,-132.0595306546748,-3.646071137780463,-3.354286303111865,32.745324449583144,-13.78047278162182,53.47,0.184
FF,0.99,6.26,"Poche, Colin",621363,ball,R,2,2,-0.33,1.73,-1.26,2.35,-5.001674333074087,-132.6677318396292,-7.7167786077591,-2.6431682123085958,32.60536626821684,-10.312154575263492,53.32,0.071
SL,0.86,6.3,"Poche, Colin",621363,blocked_ball,R,1,2,-0.46,0.61,-2.23,0.36,-6.500646096705145,-125.45014349463683,-9.244346727059868,-3.493377765443081,26.318060528089745,-23.96835011642676,53.41,0.03
FF,1.21,6.34,"Poche, Colin",621363,ball,R,0,2,-0.03,1.67,-0.77,4.29,-5.052178367088466,-134.62953895330847,-3.065277306602287,0.8629339883115683,32.151376703619675,-11.502578815149214,53.53,0.026
FF,1.04,6.28,"Poche, Colin",621363,foul,R,0,1,-0.15,1.61,-0.74,2.75,-4.239255725614329,-133.89026957867455,-6.69531760018327,-0.8152852844445125,29.61785705089401,-11.53147890189929,53.48,-0.045
FF,1.1,6.38,"Poche, Colin",621363,foul,R,0,0,-0.29,1.73,-0.57,2.95,-3.671801295994448,-133.6174920477805,-6.589325305483911,-2.532535571337524,32.18952827134666,-10.23289655646337,53.51,-0.042
FF,1.2,6.29,"Poche, Colin",621363,foul_tip,L,2,2,-0.08,1.79,-0.56,1.76,-4.397905033944163,-134.46426142496634,-9.728551546182372,0.1541848290183655,32.35368549694834,-8.463462815307928,53.34,-0.268
SL,1.01,6.34,"Poche, Colin",621363,foul,L,2,2,-0.35,0.11,-0.93,2.32,-3.822679239973232,-121.7093798209776,-3.045683576669653,-2.6508295616263786,25.484468913435904,-30.703886528547944,53.56,0.0
FF,1.1,6.31,"Poche, Colin",621363,ball,L,1,2,-0.27,1.74,-1.27,1.35,-5.4483933930813535,-132.4828729763367,-10.39803826417578,-1.9128505033536811,29.548217605730123,-9.643365127870217,53.43,0.054
SL,0.96,6.3,"Poche, Colin",621363,ball,L,0,2,-0.36,0.49,-1.23,1.58,-4.437085467506409,-123.20308685606824,-5.674669490248569,-2.7466294503319166,25.847115582169344,-26.24289261742698,53.5,0.02
SL,0.97,6.37,"Poche, Colin",621363,foul,L,0,2,-0.59,0.31,-0.9,2.96,-3.200474036517419,-122.53852138348144,-2.1435057214561963,-5.321347536768356,24.923720734837843,-28.875661528796044,53.49,0.0
FF,1.19,6.29,"Poche, Colin",621363,foul,L,0,1,-0.16,1.75,-0.58,2.84,-4.191462498265677,-133.95020543185592,-6.72399202240168,-0.8638400498566707,33.3859498153079,-9.90252126862644,53.41,-0.059
FF,1.1,6.28,"Poche, Colin",621363,swinging_strike,L,0,0,-0.37,1.93,-0.39,2.11,-2.992779757966905,-132.9130197541175,-8.802038832504683,-3.4940109120744194,34.94371624242923,-7.582836319945809,53.43,-0.042
FF,1.23,6.28,"Poche, Colin",621363,hit_into_play,R,0,0,-0.12,1.84,0.39,3.65,-1.8721412406188915,-132.42947778745804,-4.588782554106693,-0.920981737908286,33.64580347669626,-9.938872787237855,53.54,-0.376
FF,1.3,6.36,"Poche, Colin",621363,hit_into_play,R,1,2,0.22,1.62,-1.11,3.45,-6.677667265240236,-134.3284602085188,-5.116017844582,4.286216777186489,32.51739793780072,-11.67267407659833,53.58,0.47
FF,1.24,6.33,"Poche, Colin",621363,foul,R,1,1,-0.2,1.78,-0.57,2.4,-4.219322621163067,-134.611591277898,-8.191253180256824,-1.4176432809254946,31.883813393450414,-8.907127765308964,53.45,-0.049
FF,1.15,6.33,"Poche, Colin",621363,called_strike,R,1,0,-0.29,1.74,0.28,2.25,-1.575795825904816,-130.42608093786083,-7.834405578245474,-2.8932821837891014,30.47555358515104,-10.900810084063911,53.35,-0.044
FF,1.25,6.3,"Poche, Colin",621363,ball,R,0,0,-0.02,1.64,-1.34,1.56,-6.548438340781954,-131.89158425983655,-9.545906838743033,1.2800041380526517,31.11302893554925,-11.066087616331156,53.24,0.032
FF,0.83,6.43,"Poche, Colin",621363,hit_into_play,R,0,0,-0.51,1.34,-0.93,2.84,-3.4234292071081467,-133.77999145752528,-6.230120572934008,-5.269255140786488,31.55933613011509,-14.959116630909223,53.12,-0.229
FF,1.05,6.35,"Poche, Colin",621363,hit_into_play,R,2,0,-0.25,1.75,-0.39,2.66,-3.160786028582836,-134.12919839043013,-7.458096687984034,-2.311416856565017,31.470581693184933,-9.6587105316313,53.08,-0.409
FF,0.92,6.38,"Poche, Colin",621363,ball,R,1,0,-0.27,1.6,-1.11,3.57,-4.653936750628505,-133.8880808339897,-4.816502982922359,-2.187328704844957,29.937206903666564,-12.115971275355788,53.19,0.066
FF,1.05,6.43,"Poche, Colin",621363,ball,R,0,0,-0.19,1.67,0.12,5.04,-1.9823209490162503,-135.03259851821514,-1.4110212921294498,-1.8913957996568396,31.391835937503288,-11.749876028537166,53.26,0.044
FF,1.12,6.36,"Poche, Colin",621363,hit_into_play,R,0,0,-0.11,1.58,0.2,2.84,-2.127880121891166,-133.5919663238854,-6.604443427905306,-0.8633495014123059,29.00472974395086,-12.011084190113843,53.18,-0.376
FF,0.96,6.34,"Poche, Colin",621363,blocked_ball,R,3,2,-0.03,1.57,-0.53,0.18,-3.8039340813155818,-134.71223046933193,-13.64187178746658,0.4217483983974269,29.589223729134485,-10.298666334549845,52.97,0.343
SL,0.85,6.33,"Poche, Colin",621363,ball,R,2,2,-0.24,0.44,0.42,-0.4,-0.5201412355696742,-119.54876886600104,-9.824942605429468,-2.184307380271163,21.37100333095171,-26.340016109645862,52.99,0.093
SL,0.86,6.44,"Poche, Colin",621363,swinging_strike,R,2,1,-0.47,0.38,-0.32,1.95,-1.8461449640476837,-123.54914611923216,-5.028230221442392,-4.470222122642306,23.898625414970606,-27.51595944565959,53.3,-0.063
SL,0.97,6.34,"Poche, Colin",621363,ball,R,1,1,-0.31,0.21,-0.41,-1.35,-2.641544627106723,-123.0806610641571,-12.253603888837224,-2.699045664102362,23.707938205459925,-27.826743479667,53.14,0.05
FF,1.1,6.32,"Poche, Colin",621363,ball,R,0,1,-0.13,1.72,-0.42,1.47,-3.686511942512607,-134.561308506058,-10.566211916964768,-0.79929198299899,28.56811229522869,-9.171522551309453,53.03,0.021
SL,0.95,6.35,"Poche, Colin",621363,called_strike,R,0,0,-0.39,0.25,-0.67,1.8,-3.041074168278384,-122.3961212057324,-4.803342429887701,-3.428843084777732,22.12096648761824,-28.92825549968405,52.97,-0.032
FF,1.11,6.24,"Poche, Colin",621363,hit_into_play,R,1,0,-0.25,1.29,-0.36,2.39,-3.2044899606306214,-132.2825873658086,-6.645840719196792,-2.3445918417765883,26.194378804206384,-15.8496604894657,53.28,-0.116
FF,1.0,6.29,"Poche, Colin",621363,ball,R,0,0,-0.32,1.38,-0.74,1.43,-3.786826850341122,-133.4471822502145,-9.66639843700014,-3.139009200879028,23.846903020641346,-13.956356399886111,53.24,0.016
FF,1.16,6.27,"Poche, Colin",621363,called_strike,L,3,2,-0.44,0.96,0.81,2.91,0.0559215323413526,-133.25154917093667,-4.920930855716254,-5.353395441060727,20.15601053436285,-19.94359002267843,53.29,-0.211
FF,0.95,6.24,"Poche, Colin",621363,ball,L,2,2,-0.51,0.9,-2.06,1.32,-6.580652019737791,-132.810177711067,-8.697613951914017,-4.9680972181025,23.40179508299439,-20.02883312891209,53.21,0.069
SL,0.93,6.21,"Poche, Colin",621363,ball,L,1,2,-0.75,-0.13,-1.29,0.08,-3.645619632811167,-120.3351471829035,-7.458725251753616,-6.812879974375737,18.88052668925446,-32.418439529755894,53.24,0.026
FF,1.04,6.34,"Poche, Colin",621363,called_strike,L,1,1,-0.66,0.95,0.0,1.7,-1.2059882884509496,-131.13532767600003,-7.797424296852286,-7.45959201716914,23.206380968151805,-19.89629148048699,53.33,-0.04
FF,1.09,6.27,"Poche, Colin",621363,called_strike,L,1,0,-0.22,1.08,0.07,2.73,-2.120611528664434,-132.52174057835856,-5.540158985272235,-2.351692443382865,20.90974395320625,-18.453185200220503,53.35,-0.031
FF,1.27,6.23,"Poche, Colin",621363,ball,L,0,0,-0.28,0.82,-1.02,1.28,-5.289822292900543,-133.81129778314713,-8.739581545482872,-2.4945196089505752,22.47367512100641,-20.83230415554553,53.33,0.024
FF,1.11,6.31,"Poche, Colin",621363,hit_into_play,R,1,0,-0.21,1.14,-0.11,2.67,-2.6225593591351206,-130.12121067919944,-5.5637401292005535,-2.024290766557476,21.50455991284347,-18.297954368621127,53.23,-0.26
FF,1.13,6.23,"Poche, Colin",621363,ball,R,0,0,-0.11,1.45,0.37,0.3,-1.703071873616112,-132.36411137442795,-12.337154252173043,-0.9663607712794748,26.455630274146408,-12.742222399506742,53.16,0.032
FF,1.19,6.3,"Poche, Colin",621363,hit_into_play,R,0,0,-0.33,1.13,0.08,2.97,-2.0675790159510203,-129.58825678096682,-4.720415476049279,-3.472167601070785,20.652316276913403,-18.633944656346557,53.2,-0.1
FF,1.06,6.35,"Poche, Colin",621363,hit_into_play,R,2,1,-0.42,1.23,-0.88,1.89,-3.9025027624198825,-128.24271524730676,-7.499701605660873,-4.062977076698985,21.370571311643552,-17.31617532273698,53.42,1.744
FF,1.17,6.4,"Poche, Colin",621363,ball,R,1,1,-0.11,0.9,-0.7,4.93,-4.410957962958895,-129.61987061658314,0.4540325117756525,-0.5347910142571628,21.979207221960152,-22.142688919163984,53.56,0.044
FF,1.08,6.41,"Poche, Colin",621363,ball,R,0,1,-0.28,1.13,0.16,3.93,-1.7184511801318596,-130.56245431861623,-2.67468658088688,-2.9177809774729075,21.873065998443654,-18.764561490855183,53.47,0.02
FF,1.03,6.38,"Poche, Colin",621363,foul,R,0,0,-0.36,0.91,-0.72,3.51,-3.6195394869983257,-130.99811625804898,-3.2305665194049404,-3.672746020055397,21.626755238907897,-21.19363691054558,53.22,-0.048
FF,1.19,6.3,"Poche, Colin",621363,hit_into_play,R,3,1,-0.26,1.06,-0.54,2.4,-3.776350075415349,-128.9102598065339,-5.910419952577291,-2.2856318109532223,21.270916332624253,-19.357108770911616,53.07,-0.523
FF,1.17,6.52,"Poche, Colin",621363,ball,R,2,1,-0.29,1.02,0.25,3.94,-1.6706047470399827,-129.40313913077603,-2.613884513570187,-3.095005648649641,19.69136276992632,-20.26915793988446,53.29,0.115
FF,1.38,6.38,"Poche, Colin",621363,swinging_strike,R,2,0,-0.26,0.88,-0.59,3.39,-4.338146164566624,-129.57482053641968,-3.354235187911093,-2.470815446356309,17.637100160116628,-21.722988481506963,53.39,-0.098
FF,1.07,6.37,"Poche, Colin",621363,ball,R,1,0,-0.42,1.02,-0.22,3.71,-2.309072537161028,-129.0628437576703,-2.7655042021837914,-4.385947346195764,19.66736901670279,-20.297459301169333,53.22,0.06
FF,1.31,6.28,"Poche, Colin",621363,ball,R,0,0,-0.16,0.95,-0.18,4.29,-3.406752316113857,-130.91294654823255,-1.1454378256819422,-1.353979553984739,18.81155357034898,-20.92693155556362,53.3,0.03
SL,1.02,6.35,"Poche, Colin",621363,hit_into_play,L,0,1,-0.3,0.16,0.02,2.39,-1.6947714880959404,-118.13256995264176,-2.710391055732601,-2.6134562219395976,18.18993405834304,-30.39589026658161,53.17,1.002
FF,1.23,6.37,"Poche, Colin",621363,foul,L,0,0,-0.32,1.1,-0.15,3.19,-2.788302494342169,-131.08192079220697,-4.4253504051588495,-3.195988003905841,23.53908016084612,-18.778144654984384,53.21,-0.042
FF,1.12,6.33,"Poche, Colin",621363,hit_into_play,R,3,2,-0.18,1.11,-0.45,3.19,-3.5465055944575448,-129.845807286334,-4.176473149579176,-1.4324402774029383,23.699955485255277,-18.8958915447706,53.28,-0.558
FF,0.99,6.31,"Poche, Colin",621363,foul,R,3,2,-0.27,1.25,-0.89,2.99,-4.142075283157661,-130.42011302617726,-5.06884977481723,-2.4384323106688246,21.640257483454945,-16.942678714286625,53.24,0.0
SL,0.96,6.28,"Poche, Colin",621363,blocked_ball,R,2,2,-0.35,-0.02,-0.89,0.39,-3.5207725771326714,-117.97858598720848,-6.780801944174398,-2.826455762347996,16.35997227605876,-31.57065182531108,53.23,0.191
FF,0.85,6.43,"Poche, Colin",621363,ball,R,1,2,-0.13,1.28,-0.26,4.65,-2.527848671975266,-130.0411633474565,-1.1677108681472068,-1.018594538184573,23.67819406892944,-17.470917796015147,53.27,0.077
FF,1.1,6.32,"Poche, Colin",621363,foul,R,1,2,-0.19,1.19,-1.32,2.02,-5.751191583405112,-131.59548282132857,-7.597104173641812,-1.2928186474748615,20.634695982441627,-16.997052033150833,53.16,0.0
FF,1.04,6.32,"Poche, Colin",621363,foul,R,1,1,-0.31,1.04,-0.45,3.56,-3.0457581171706978,-129.4367869444376,-3.049866627686066,-2.9699275501174727,22.53771576726072,-19.948101971269526,53.25,-0.078
SL,0.94,6.27,"Poche, Colin",621363,blocked_ball,R,0,1,-0.34,-0.24,-0.26,0.58,-2.050685654457096,-116.8282891441613,-5.648814607610324,-2.820978628351208,17.85053022863821,-33.68251805041334,53.13,0.057
FF,0.99,6.31,"Poche, Colin",621363,foul,R,0,0,-0.24,1.4,-1.21,2.93,-5.077509782336935,-131.98003959872634,-5.691537864034878,-1.935212168823744,24.62862694373899,-14.729503024867531,53.18,-0.064
FF,1.06,6.38,"Poche, Colin",621363,hit_into_play,L,2,1,-0.41,1.3,-0.24,2.99,-2.38513724199751,-128.7613804327161,-5.104541451702279,-4.171199326483191,21.753675531549604,-16.769890273286748,53.18,0.371
FF,1.08,6.36,"Poche, Colin",621363,called_strike,L,2,0,0.01,1.39,-0.19,1.77,-3.233070806237987,-130.19450288193235,-8.476115155390712,0.6727969330222973,22.523112454351928,-14.877017220669524,53.21,-0.057
FF,0.99,6.37,"Poche, Colin",621363,ball,L,1,0,-0.09,1.29,0.96,2.17,0.1227586925752587,-130.42415765486078,-7.329515652113949,-1.0786622227552023,21.80625247478379,-16.128261710484527,53.27,0.064
FF,1.08,6.36,"Poche, Colin",621363,ball,L,0,0,-0.16,1.1,-0.53,3.95,-3.690162759720925,-129.86692792207043,-2.371835104106672,-1.2207246476119775,20.402312432206024,-19.33503391244119,53.25,0.032
FF,1.26,6.22,"Poche, Colin",621363,hit_into_play,R,2,0,-0.24,1.68,-0.64,2.75,-4.32483733298747,-131.59272901462174,-6.346047828427771,-1.6977344520085644,31.91176655341185,-11.5769111283961,52.95,-0.566
FF,0.95,6.32,"Poche, Colin",621363,ball,R,1,0,-0.6,1.72,-1.18,2.48,-4.163915689333254,-133.4125664851967,-7.660732885425088,-6.135901945452217,32.44824174958541,-10.15170540890941,53.09,0.075
FF,1.1,6.31,"Poche, Colin",621363,ball,R,0,0,-0.36,1.68,-0.58,1.14,-3.5426804233409164,-133.78587765459224,-11.004918771403178,-3.451422701636511,32.52670305303585,-9.691282632699838,53.33,0.042
FF,1.09,6.34,"Poche, Colin",621363,swinging_strike,R,1,2,-0.29,1.59,-0.74,3.92,-4.078478402648716,-133.51836047895253,-3.72193439908249,-2.4988702002293253,32.52106328480813,-12.643261189879205,53.01,-0.362
FF,1.15,6.4,"Poche, Colin",621363,foul,R,1,2,-0.31,1.63,-0.89,3.1,-4.646220653354723,-135.59562066618702,-6.325127702603509,-2.611414318642403,33.10251148084401,-10.868857584767564,53.44,0.0
FF,1.15,6.39,"Poche, Colin",621363,foul,R,1,1,0.01,1.67,0.65,2.69,-1.300552101975376,-132.66114079740012,-7.05704989265056,0.4741827036239966,31.473261518459104,-11.163428649953287,53.25,-0.065
FF,1.18,6.39,"Poche, Colin",621363,foul,R,1,0,-0.12,1.9,0.36,2.31,-1.818034829274012,-132.42121088932416,-8.56889429256116,-0.9970777839824864,30.441583681731466,-8.151061869591398,53.02,-0.106
FF,1.28,6.31,"Poche, Colin",621363,ball,R,0,0,-0.08,1.93,-0.15,1.52,-3.4596152390278148,-131.9238732245524,-10.277874035355358,-0.0847849677815486,30.630559434044184,-7.652331264345245,53.37,0.051
SL,1.0,6.3,"Poche, Colin",621363,hit_into_play,L,0,2,-0.32,0.14,-0.17,2.89,-2.010929883387061,-117.79612757764596,-1.2250952843486218,-2.6064255566647656,23.184520654884917,-30.89431553200889,53.44,1.05
FF,1.15,6.29,"Poche, Colin",621363,foul,L,0,1,-0.49,1.59,-0.66,3.04,-3.54684677324096,-132.8232275229651,-5.727849481725566,-4.953837367818607,31.599475672655927,-12.393711506224168,53.36,-0.068
SL,1.16,6.28,"Poche, Colin",621363,called_strike,L,0,0,-0.64,0.02,0.03,2.82,-1.3100429884986655,-118.6747130716604,-1.212169142267827,-5.780323804463489,23.756902709652643,-31.949336979401515,53.55,-0.073
SL,1.06,6.21,"Poche, Colin",621363,swinging_strike,R,2,2,-0.37,0.24,0.27,1.24,-1.0568574073629342,-118.39593018640628,-5.009930588348135,-3.262036200420212,23.882863648172084,-29.133428161027428,53.61,-0.422
FF,1.27,6.24,"Poche, Colin",621363,ball,R,1,2,-0.05,1.71,0.21,3.99,-2.58763455765885,-132.94044421447347,-3.461552378756552,0.0214374171878203,31.662741772513645,-11.42755434183325,53.51,0.06
SL,1.0,6.3,"Poche, Colin",621363,foul,R,1,1,-0.35,0.52,-0.62,2.85,-3.0886253728862565,-120.75973922544551,-2.458268253520536,-2.781407172204837,23.62571923071122,-26.834574908826664,53.42,-0.065
FF,1.35,6.23,"Poche, Colin",621363,called_strike,R,1,0,0.1,1.59,0.46,3.51,-2.4998138007753723,-132.89539220269552,-4.3983332614746455,1.766640871592028,31.784095355936973,-12.715695928616524,53.38,-0.106
FF,1.31,6.29,"Poche, Colin",621363,ball,R,0,0,0.06,1.6,1.48,4.83,0.3139759120417061,-133.6597148593954,-1.2898232386553772,0.5863866421410353,32.13480581954518,-13.029668416149088,53.52,0.051
FF,1.44,6.35,"Poche, Colin",621363,hit_into_play,R,1,2,-0.09,1.25,0.13,3.31,-3.1335159801114485,-132.81508234888804,-4.4592306082740585,-0.3552326151883319,30.895353230703787,-16.714928866116253,53.6,-0.324
FF,1.34,6.27,"Poche, Colin",621363,swinging_strike,R,1,1,0.13,1.86,-0.84,4.2,-5.837389730549455,-133.4473719357051,-3.376212684799849,2.9118855249845508,32.13950364676211,-9.546169529815527,53.55,-0.155
FF,1.15,6.24,"Poche, Colin",621363,called_strike,R,1,0,0.06,1.85,-0.01,1.71,-3.10156181164518,-133.0048364359225,-9.654649283405814,1.4304745086484143,30.56982557560621,-8.282759455161402,53.26,-0.125
FF,1.34,6.26,"Poche, Colin",621363,ball,R,0,0,-0.16,1.7,-0.05,3.92,-3.1877594832699616,-133.3083302875864,-3.7257375621681534,-1.1962964812775148,31.481651734705828,-11.377699494293624,53.46,0.087
FF,1.31,6.25,"Poche, Colin",621363,hit_into_play,R,2,1,-0.14,1.67,-0.05,2.7,-3.1803977585890117,-132.16924824959918,-6.657601282273525,-0.8753271015036501,29.738454088325547,-11.392741175999102,53.2,0.625
FF,1.35,6.26,"Poche, Colin",621363,foul,R,2,0,-0.19,1.6,-0.91,3.56,-5.399290532690893,-133.99012024764122,-4.525061441840598,-1.0117908999925695,30.47815162664289,-12.10553923246253,53.42,-0.113
SL,1.14,6.37,"Poche, Colin",621363,ball,R,1,0,-0.39,0.2,-0.9,2.51,-3.956969299473792,-120.92011328473144,-2.829690351768683,-3.0742583018086345,22.961979932825614,-29.84860456549065,53.5,0.112
FF,1.35,6.26,"Poche, Colin",621363,ball,R,0,0,-0.2,1.65,-2.09,2.48,-8.360770660992317,-132.54089960535697,-7.262502739914221,-0.5025715132091144,29.37138621368087,-11.356319059879898,53.28,0.067
FF,1.3,6.2,"Poche, Colin",621363,ball,L,3,1,-0.09,1.49,0.38,1.37,-2.136372638983967,-131.95166898490598,-9.47021688780546,-0.5439893047757403,28.499046676396507,-12.942167999763315,53.31,0.265
FF,1.55,6.31,"Poche, Colin",621363,called_strike,L,3,0,-0.28,1.64,-0.29,3.03,-4.091196744810006,-132.6768688253593,-5.932105032824204,-2.3636922388022628,29.849128688069584,-11.763403582943743,53.44,-0.083
SL,1.31,6.33,"Poche, Colin",621363,ball,L,2,0,-0.4,0.33,-0.44,0.83,-3.3088168462330034,-122.62259591582612,-7.065369077717578,-3.276362985495536,25.97418216400276,-27.634762731718,53.66,0.133
FF,1.43,6.1,"Poche, Colin",621363,ball,L,1,0,0.29,1.9,-0.49,0.35,-5.569106813232343,-133.00954466691144,-12.924654711892808,4.664473455360764,29.607107358757727,-6.954168492150783,53.21,0.064
FF,1.28,6.26,"Poche, Colin",621363,ball,L,0,0,-0.02,2.08,-1.6,0.83,-7.295347562173984,-132.19011315537537,-12.306984061011631,1.5032547548001278,30.94457353479999,-5.260537944558258,53.2,0.032
