pitch_type,release_pos_x,release_pos_z,player_name,pitcher,description,stand,balls,strikes,pfx_x,pfx_z,plate_x,plate_z,vx0,vy0,vz0,ax,ay,az,release_pos_y,delta_run_exp
CU,-2.12,5.32,"Ramírez, Erasmo",541640,hit_into_play,R,0,2,0.24,0.11,1.32,0.98,7.296964909495486,-119.35003090537604,-3.442301007146152,0.7670159825071812,24.386839957857838,-30.64632212762273,54.25,-0.061
FC,-1.97,5.25,"Ramírez, Erasmo",541640,foul,R,0,1,0.14,0.88,1.28,1.69,7.689830532614252,-129.60414726772677,-4.49875525643381,-0.2110820951703073,30.04956825396739,-21.540374620386093,54.15,-0.024
FC,-1.87,5.27,"Ramírez, Erasmo",541640,foul,R,0,0,0.38,1.11,0.68,1.57,5.425963854449505,-128.51762451866009,-5.17827197263133,2.920192577986337,29.574491216304818,-18.96749729467517,54.07,-0.015
SI,-2.22,5.22,"Ramírez, Erasmo",541640,hit_into_play,R,0,0,-1.26,0.93,0.14,2.88,8.63641229710457,-132.71906040453732,-1.909688806804606,-16.86223686263607,31.205994130823186,-21.075678552305604,54.31,-0.163
FC,-1.99,5.39,"Ramírez, Erasmo",541640,hit_into_play,L,1,1,0.21,1.24,0.23,1.58,5.014772424147446,-129.6940729925701,-5.897336094169397,1.162430031943997,29.41538052453584,-17.19309213928646,54.22,1.007
SI,-2.29,5.22,"Ramírez, Erasmo",541640,ball,L,0,1,-1.59,0.66,-1.0,1.34,6.67088980641657,-133.6153116064929,-5.304650740292701,-20.48305481873583,32.17540652965984,-23.31960105768165,54.39,0.017
FC,-1.98,5.4,"Ramírez, Erasmo",541640,called_strike,L,0,0,-0.09,1.44,-0.01,2.68,5.083433498815474,-131.03549453457444,-3.765258162404347,-2.2866857827782963,31.003831143173237,-15.065042370105946,54.3,-0.024
FC,-1.89,5.36,"Ramírez, Erasmo",541640,called_strike,R,1,2,-0.14,1.42,0.84,2.84,7.061112671238668,-130.94967504318714,-3.222053072225801,-3.208770773539033,30.87568926618816,-15.429058015185632,54.29,-0.168
SI,-2.19,5.16,"Ramírez, Erasmo",541640,called_strike,R,1,1,-1.74,0.74,0.69,2.09,10.984584841027552,-133.03414493800946,-3.3721288452996827,-23.10575214985578,32.104272604350314,-22.87964583753881,54.37,-0.049
SI,-2.09,5.19,"Ramírez, Erasmo",541640,swinging_strike,R,1,0,-1.6,0.42,-0.18,1.67,8.268213109065636,-132.68206338157137,-3.793296861809972,-20.721524885025627,31.585901016270643,-26.54235351436694,54.1,-0.044
SI,-1.96,5.17,"Ramírez, Erasmo",541640,ball,R,0,0,-1.65,0.59,0.85,1.39,10.599546384124103,-132.62204404739296,-4.828435681291882,-21.902845367881064,32.25512841341445,-24.25313589343129,54.29,0.032
FC,-1.94,5.44,"Ramírez, Erasmo",541640,hit_into_play,L,2,0,-0.25,1.33,-0.3,2.89,4.601272091494812,-131.19233797798333,-3.162839547542279,-3.871594485592148,29.04780470425523,-16.431742333221848,54.27,-0.383
FC,-2.23,5.55,"Ramírez, Erasmo",541640,ball,L,1,0,-0.06,1.32,-1.04,4.01,3.057166103770088,-130.63797386519286,-0.6240314876134804,-1.3533269788398925,28.213347725495996,-17.141431897660013,54.46,0.024
FC,-2.03,5.45,"Ramírez, Erasmo",541640,ball,L,0,0,-0.06,1.39,1.04,1.65,7.728601053690952,-130.7898284047469,-6.381678849403464,-2.3298526574325447,28.741025481295267,-15.009898761353831,54.25,0.021
FC,-2.1,5.42,"Ramírez, Erasmo",541640,hit_into_play,L,0,0,0.18,1.07,0.19,2.3,5.293185343797128,-131.66234084306524,-4.082885995500892,0.9215667737095746,29.99831314878953,-19.082547605313923,54.29,-0.37
FC,-2.01,5.36,"Ramírez, Erasmo",541640,hit_into_play,R,2,2,0.29,1.11,0.54,2.21,5.706413308558434,-130.03740449100115,-4.046896105582399,1.993004044722133,28.991212179125064,-18.960684147058476,54.08,0.287
SI,-2.07,5.23,"Ramírez, Erasmo",541640,foul,R,2,1,-0.9,1.0,-0.04,2.83,7.07440403509823,-133.56377945873362,-2.295995919584137,-12.338412935015214,32.2705359142201,-20.03791237784302,54.32,-0.051
SI,-2.08,5.28,"Ramírez, Erasmo",541640,swinging_strike,R,2,0,-1.19,0.75,-0.72,2.8,6.000597955191768,-132.98668628080569,-1.977943070352726,-15.465913203480335,29.90465535683623,-23.023539983541376,54.1,-0.039
SI,-2.23,5.1,"Ramírez, Erasmo",541640,ball,R,1,0,-1.27,0.61,0.66,0.88,10.022187528065912,-133.27144839169776,-6.1042231933355815,-17.310302803670705,29.977071947402383,-23.65148932485014,54.27,0.045
SI,-2.09,5.22,"Ramírez, Erasmo",541640,ball,R,0,0,-1.09,0.88,-0.07,3.51,7.448358483747701,-133.5389426878922,-0.2968418073840065,-14.69466497816748,33.328042382785945,-21.91842594234433,54.35,0.024
FC,-1.79,5.49,"Ramírez, Erasmo",541640,hit_into_play,L,2,2,-0.09,1.31,-0.16,3.01,4.25833967585126,-131.43021467697287,-2.993083697522042,-1.9752950870548096,29.456194777489443,-16.568072757648146,54.18,-0.204
CH,-1.8,5.38,"Ramírez, Erasmo",541640,ball,L,1,2,-1.34,0.35,-1.76,1.36,2.767696616396826,-122.87064732979422,-3.6594627475142474,-14.100654776566794,25.334242635343912,-28.15282335885832,54.17,0.036
SI,-2.19,5.25,"Ramírez, Erasmo",541640,foul,L,1,2,-1.48,0.82,-1.0,1.91,6.237690653490349,-134.3182157060969,-4.35592878358502,-19.2682273870014,33.861494994349464,-21.540311293595654,54.35,0.0
CH,-1.67,5.3,"Ramírez, Erasmo",541640,ball,L,0,2,-1.22,0.46,-1.23,1.82,3.438926898723594,-121.75245678350674,-2.4256257232257017,-12.82070805847474,27.615266744066695,-27.36390395252666,54.15,0.019
FC,-1.89,5.39,"Ramírez, Erasmo",541640,swinging_strike,L,0,1,0.3,1.0,0.81,2.52,6.012112127568796,-129.46012605579284,-3.0155292868242998,1.8749091900672787,30.524828091695763,-20.596919877212937,54.14,-0.047
FC,-2.11,5.38,"Ramírez, Erasmo",541640,called_strike,L,0,0,0.07,1.11,-0.61,3.16,3.532475812569548,-130.13811624517325,-1.7785296122031138,0.0454826955881041,28.468879638590263,-19.39366688798174,54.34,-0.032
FF,-2.16,5.06,"Ramírez, Erasmo",541640,hit_into_play,L,2,2,-0.76,1.26,0.22,3.04,7.654482591209558,-133.43339694621284,-1.951429163860192,-10.724978073166582,29.85769070968177,-16.920419381548108,54.26,-0.088
FC,-2.0,5.33,"Ramírez, Erasmo",541640,foul,L,2,1,-0.27,0.77,-0.59,2.49,4.016270489890963,-129.67805767111776,-2.562131624735915,-3.8327376146473497,26.380288183087423,-23.18845959257295,54.33,-0.031
FC,-2.21,5.31,"Ramírez, Erasmo",541640,ball,L,1,1,0.23,1.01,-1.15,3.33,2.097760981679857,-129.85547905081296,-0.9953596815823124,2.220972808184444,26.00477086846888,-20.752331876269743,54.24,0.023
CH,-1.71,5.35,"Ramírez, Erasmo",541640,ball,L,0,1,-1.07,0.27,-0.07,0.64,5.9852320749225525,-123.49042753873354,-5.218309034254548,-12.191295568166948,24.980902691756423,-28.55437727983908,54.2,0.011
FC,-2.2,5.43,"Ramírez, Erasmo",541640,called_strike,L,0,0,0.12,0.75,-0.87,2.25,2.985011837037021,-129.38095740003226,-3.323356236724728,0.6975191321039865,27.039067706597372,-23.27219450969712,54.4,-0.015
SI,-2.12,5.21,"Ramírez, Erasmo",541640,hit_into_play,R,0,0,-1.25,0.51,-0.66,2.97,6.288191159931134,-131.29329311149,-0.6632002873034142,-15.844174113990048,29.73544902977083,-26.39821098167601,54.32,-0.163
FF,-2.14,5.15,"Ramírez, Erasmo",541640,hit_into_play,L,1,2,-0.64,0.99,-0.51,2.97,5.432510373430026,-131.79309470555617,-1.5799926627336331,-8.65075152286953,29.923562989936794,-20.61238891575359,54.3,-0.168
CU,-2.04,5.5,"Ramírez, Erasmo",541640,foul,L,1,2,0.38,0.12,-1.09,2.34,1.4158153374005698,-118.34307036571236,-0.7580117375830386,3.309775035372644,20.99263679343862,-31.133178428864035,54.45,0.0
SI,-2.14,5.3,"Ramírez, Erasmo",541640,foul,L,1,1,-1.36,0.46,-0.79,2.38,6.2179264149397,-131.39486269544503,-2.2586720558651363,-17.07206447996374,29.464746478267525,-26.52747326318811,54.46,-0.049
FC,-2.08,5.48,"Ramírez, Erasmo",541640,called_strike,L,1,0,-0.02,0.81,-0.65,2.74,3.5034010637849065,-128.5289853169427,-2.2656131868786176,-0.9512028634637854,27.1229802139103,-22.97912248587556,54.44,-0.044
FC,-2.07,5.48,"Ramírez, Erasmo",541640,ball,L,0,0,-0.28,0.89,-0.28,1.4,4.945607872944941,-129.11404938613163,-5.791047678244136,-4.148432013205707,26.593380262839897,-21.248007481617268,54.36,0.032
FC,-1.63,5.47,"Ramírez, Erasmo",541640,hit_into_play,R,2,2,0.09,0.97,1.04,2.26,6.357160725819046,-129.7430040119541,-3.925719456330724,-0.2333133174150229,26.27598047979857,-20.56538119247672,54.32,-0.402
SI,-1.84,5.21,"Ramírez, Erasmo",541640,ball,R,1,2,-1.46,0.56,-1.23,1.01,4.643630370070647,-132.25453997138092,-5.844463427038244,-18.0938909993441,27.093288795710915,-24.525090479581703,54.2,0.07
SI,-1.93,5.29,"Ramírez, Erasmo",541640,foul,R,1,1,-1.39,0.7,0.0,2.28,7.746280290956836,-131.73184991811394,-3.0647534494290283,-17.824328543462986,28.50579628545503,-23.603619814501016,54.44,-0.126
FC,-1.98,5.44,"Ramírez, Erasmo",541640,ball,R,0,1,0.15,1.05,1.23,1.45,7.485151450356959,-128.71925920712368,-5.855552072141353,0.0798562695370698,27.15185843762788,-19.409514746383067,54.28,0.056
SI,-2.06,5.24,"Ramírez, Erasmo",541640,called_strike,R,0,0,-1.4,0.68,0.06,2.83,8.253725834285147,-132.24584606695743,-1.5530637872176478,-18.239265410518293,29.29333244815846,-24.127895364420105,54.58,-0.081
SI,-2.03,5.35,"Ramírez, Erasmo",541640,hit_into_play,L,1,1,-1.17,0.8,0.73,3.2,9.522699037470698,-133.88508818546518,-1.3326870664361286,-16.161427917229283,30.206329712412487,-22.456636757457616,54.37,-0.217
FC,-1.88,5.48,"Ramírez, Erasmo",541640,called_strike,L,1,0,-0.01,1.13,-0.62,3.1,3.1388307483618902,-130.83695768190913,-2.291192935606162,-0.8267624349017934,28.45826087311041,-18.996247388243965,54.24,-0.039
SI,-2.02,5.33,"Ramírez, Erasmo",541640,ball,L,0,0,-1.29,0.81,-0.95,3.99,5.520039400978385,-134.08089858607678,0.7152314040567905,-16.775573113219064,30.95113355328277,-22.87202817952861,54.24,0.027
FC,-1.85,5.52,"Ramírez, Erasmo",541640,ball,L,3,2,0.19,1.11,-1.13,3.36,1.39423745766539,-130.71106500246185,-1.708623249706367,1.8612205919247795,28.13472437698537,-19.34267767142396,54.2,0.1
FC,-1.7,5.34,"Ramírez, Erasmo",541640,ball,L,2,2,-0.28,1.3,0.63,0.15,6.43236402536627,-132.05664463414814,-9.888618241370718,-4.64345245171067,27.66202436263386,-15.056968730477536,54.06,0.043
SI,-1.78,5.25,"Ramírez, Erasmo",541640,foul,L,2,2,-1.37,0.82,0.22,2.0,8.153926561417858,-135.90181701593642,-4.4049117614978766,-18.751151869162666,30.460294963121544,-21.228138680923628,54.27,0.0
FC,-1.81,5.38,"Ramírez, Erasmo",541640,ball,L,1,2,0.13,0.98,-0.51,1.1,2.9908434846723524,-132.7587456352454,-7.0070156847426,0.9145372212316664,28.388375081337067,-19.342531410056093,54.09,0.018
CH,-1.73,5.4,"Ramírez, Erasmo",541640,foul,L,1,2,-1.18,0.51,-0.79,2.66,4.528008770081351,-122.3710300396891,-0.9463537948870736,-12.757392207874402,25.41819113343144,-27.1258491270706,54.11,0.0
SI,-1.9,5.24,"Ramírez, Erasmo",541640,called_strike,L,1,1,-1.22,0.92,-0.81,1.89,5.446765133978164,-134.20513843456163,-4.649298230492295,-15.962424043548314,31.2512837130638,-20.29265164552616,54.17,-0.026
FC,-1.77,5.46,"Ramírez, Erasmo",541640,called_strike,L,1,0,0.06,1.31,-0.71,3.1,2.553534460568314,-132.31567089835318,-2.784863037815932,0.0814701051461448,29.239439610172973,-16.412741231855815,54.18,-0.019
FC,-1.82,5.37,"Ramírez, Erasmo",541640,ball,L,0,0,0.04,0.99,-1.07,2.19,1.784428334501561,-131.9850662637297,-4.131528735450641,0.091658515531018,29.83131973879324,-19.90489630798398,54.13,0.016
SI,-2.06,5.12,"Ramírez, Erasmo",541640,hit_into_play,R,0,1,-1.16,0.69,-0.26,2.54,7.130572210425575,-134.81935111208722,-2.2708529505858928,-15.698292590406528,30.45030366680175,-23.5253050479201,54.28,-0.139
SI,-1.7,5.21,"Ramírez, Erasmo",541640,foul,R,0,0,-1.48,0.67,0.47,2.37,8.782586417764477,-135.0641592726823,-2.879967002005492,-20.028678505695684,32.2406107082542,-23.542040648788,54.29,-0.024
SI,-1.89,5.24,"Ramírez, Erasmo",541640,hit_into_play,L,3,2,-1.35,0.34,-0.87,1.56,5.544287119766346,-135.42371077189014,-4.354929408828919,-17.77998924551244,32.966487303532936,-27.206145601452494,54.29,-0.297
FC,-2.03,5.47,"Ramírez, Erasmo",541640,ball,L,2,2,0.31,1.1,-1.52,4.11,0.6071107370188357,-131.35766485216578,0.2665259728609148,3.401766669342709,30.56079422606916,-19.76982932238796,54.42,0.093
CU,-1.82,5.52,"Ramírez, Erasmo",541640,foul,L,2,2,0.58,-0.47,-0.66,2.65,1.4993587978290612,-118.25465668340696,1.0591269417463736,5.131381676132213,22.38076937731721,-36.97136286226093,54.33,0.0
CH,-1.7,5.31,"Ramírez, Erasmo",541640,ball,L,1,2,-1.2,0.63,0.12,0.18,6.685142709593752,-123.3963732181986,-6.92078137906462,-13.616928023921258,24.95069406262528,-24.50603577742869,54.01,0.036
SI,-2.0,5.33,"Ramírez, Erasmo",541640,swinging_strike,L,1,1,-1.13,1.07,-0.74,2.61,5.619392463427345,-133.24628995701994,-3.266116346122657,-14.72067284817417,30.23659482800747,-18.99047195750346,54.23,-0.049
SI,-1.92,5.37,"Ramírez, Erasmo",541640,ball,L,0,1,-1.27,1.09,0.11,1.09,7.873019479181465,-133.26900416374957,-7.259199290213083,-16.879871251975594,30.00184723551058,-17.793046859368275,54.24,0.021
FC,-1.86,5.45,"Ramírez, Erasmo",541640,foul,L,0,0,-0.15,1.16,0.02,2.9,4.9730843761488455,-130.26506344546073,-2.713765119630508,-2.7440734748391824,27.69381721945507,-18.652395229738424,54.19,-0.032
SI,-1.8,5.33,"Ramírez, Erasmo",541640,hit_into_play,R,1,1,-1.21,0.77,0.0,1.8,7.134700841683198,-132.95054251650194,-4.620484764079972,-15.934849428439469,30.78648029587445,-22.284920680862413,54.21,-0.217
SI,-1.83,5.32,"Ramírez, Erasmo",541640,ball,R,0,1,-1.41,0.83,0.58,1.27,9.019438922018892,-132.11844273202615,-5.947996160216457,-18.431670821263623,30.13505927188364,-21.29725843482563,54.29,0.03
FF,-1.87,5.41,"Ramírez, Erasmo",541640,called_strike,R,0,0,-0.46,1.28,0.67,1.9,7.271231269180376,-130.7581313246282,-5.402843731688926,-6.864039252674974,28.758110115511784,-16.492288054987707,54.27,-0.042
SI,-2.01,5.19,"Ramírez, Erasmo",541640,hit_by_pitch,R,0,0,-1.25,0.71,-1.66,3.54,3.530672802600014,-132.0289139070366,0.29367002576537,-15.31890307672952,29.864859528683112,-24.161100401092515,54.23,0.13
FC,-1.74,5.34,"Ramírez, Erasmo",541640,hit_into_play,R,0,2,0.22,1.06,-0.61,2.92,2.33853672160316,-131.45197187520472,-2.2762430710506827,1.999946953472052,31.440420044863476,-19.75193904123599,54.15,1.038
FC,-1.77,5.28,"Ramírez, Erasmo",541640,swinging_strike,R,0,1,0.29,1.18,1.11,2.24,6.547374372222924,-130.5766991835843,-3.9771746769065737,1.7473044854484154,29.959028871470167,-18.095297524982303,54.14,-0.024
SI,-1.91,5.16,"Ramírez, Erasmo",541640,called_strike,R,0,0,-1.26,0.62,-0.36,2.49,6.641481024630748,-133.4389913635389,-2.1908980311087176,-16.553361791927177,30.75597350700256,-24.5328330381282,54.21,-0.015
FC,-2.14,5.74,"Ramírez, Erasmo",541640,hit_into_play,L,0,0,0.1,1.04,0.39,2.19,6.104290863181201,-131.4077663958513,-5.10096903876528,-0.1351160934214043,28.44089129427538,-19.1986340943014,54.19,-0.1
SI,-2.26,5.59,"Ramírez, Erasmo",541640,hit_into_play,L,1,1,-1.31,0.93,-0.65,2.0,6.8574572468656045,-133.089440764787,-5.134442283952306,-17.034600330555055,30.20615212116082,-20.233572522454107,54.39,-0.156
FC,-2.06,5.84,"Ramírez, Erasmo",541640,ball,L,0,1,0.16,1.18,1.95,1.93,9.570517273894772,-130.4611443776731,-6.1473392261589,-0.2282544360918659,27.777029420418003,-17.55469556924946,54.26,0.017
FC,-2.16,5.78,"Ramírez, Erasmo",541640,called_strike,L,0,0,0.02,1.34,-0.45,1.86,4.16044107196842,-129.81455538796445,-6.427511020545088,-0.6324256018890689,27.00833837785953,-15.901057356081434,54.26,-0.024
FC,-1.98,5.73,"Ramírez, Erasmo",541640,hit_into_play,R,2,2,0.31,1.07,-0.14,1.65,3.870285314574285,-129.67541005771233,-6.24402643433416,2.6875154106967805,28.44678692978896,-18.979148987013044,54.0,-0.204
SI,-2.1,5.49,"Ramírez, Erasmo",541640,foul,R,2,2,-1.58,0.76,-0.93,2.15,6.378806340731659,-134.08628378252786,-4.247453148847923,-20.45744629507361,31.368014613027047,-22.31274352893861,54.31,0.0
SI,-2.17,5.5,"Ramírez, Erasmo",541640,foul,R,2,2,-1.28,0.9,-0.57,3.2,6.807467595935243,-133.3938126423646,-1.847569261451789,-16.807752396631926,31.53154864959273,-21.240508780256448,54.26,0.0
CU,-2.0,5.65,"Ramírez, Erasmo",541640,ball,R,1,2,0.51,-0.03,1.32,0.22,6.540761309370741,-119.39334631958208,-5.664102810872734,3.512628514248449,24.4668635780513,-31.481011106962683,54.03,0.036
FC,-2.0,5.65,"Ramírez, Erasmo",541640,foul,R,1,1,0.11,1.23,1.22,2.69,7.728789262446851,-130.2534591025206,-3.863016856217817,-0.5607877160786077,29.68313452192319,-17.59050194787056,54.13,-0.049
FC,-1.88,5.69,"Ramírez, Erasmo",541640,ball,R,0,1,-0.23,1.26,0.46,0.38,6.186428278545392,-128.5539858392223,-9.506107211976586,-3.877859657217069,27.6652547837175,-16.332874866168144,54.03,0.021
SI,-2.0,5.68,"Ramírez, Erasmo",541640,foul,R,0,0,-1.55,0.76,0.24,2.76,8.956015027767872,-132.75045340092964,-3.0491766539456977,-20.309922523064618,30.45152934718511,-22.74106793063553,54.28,-0.032
FC,-2.11,5.81,"Ramírez, Erasmo",541640,swinging_strike,R,0,2,0.27,1.06,0.42,2.34,5.642497204579241,-129.6059063124955,-4.675652514694179,1.7988177400870575,28.91906134639749,-19.478737806390164,54.11,-0.061
FC,-2.17,5.75,"Ramírez, Erasmo",541640,swinging_strike,R,0,1,0.21,0.97,0.53,2.35,6.124314436936566,-128.9377054784004,-4.235871578904444,1.0296274118406314,28.02649691779798,-20.659774508621304,54.26,-0.024
SI,-2.21,5.5,"Ramírez, Erasmo",541640,foul,R,0,0,-1.38,0.61,0.31,2.05,9.298283684751484,-132.55872477094047,-4.047581422355901,-18.31572880784732,30.11670143613592,-24.267544800651937,54.13,-0.015
SI,-2.07,5.59,"Ramírez, Erasmo",541640,hit_into_play,R,0,0,-1.52,0.74,-0.74,1.96,6.583771189667458,-132.45307913176796,-4.717371133003219,-19.34891305577012,30.589570419156,-22.671810282739216,54.42,-0.537
FC,-1.92,5.64,"Ramírez, Erasmo",541640,ball,L,3,2,-0.3,1.27,-0.92,3.17,3.0995139823250155,-130.37178352730618,-2.7634534962728163,-4.105007034813696,29.237206715021973,-17.354684538626064,54.19,0.343
SI,-1.98,5.51,"Ramírez, Erasmo",541640,ball,L,2,2,-1.58,0.63,-0.15,1.1,8.023184786853035,-132.73724018361904,-6.55706814621817,-20.3832883068278,30.60118425393172,-23.37977476670278,54.03,0.093
CH,-1.95,5.64,"Ramírez, Erasmo",541640,ball,L,1,2,-1.22,0.44,-0.22,0.45,6.470868513985239,-122.55596010778984,-6.568252863075977,-13.561328161582717,24.550563007357365,-26.636439123774817,54.01,0.036
FC,-2.04,5.64,"Ramírez, Erasmo",541640,foul,L,1,1,-0.06,1.29,-0.03,3.01,5.044421972927866,-128.69781227095152,-3.025890836176764,-1.686804324968267,27.00960490201962,-17.40514431536254,54.12,-0.049
SI,-2.12,5.65,"Ramírez, Erasmo",541640,ball,L,0,1,-1.31,0.85,-0.61,3.64,6.548474471712387,-131.19030197807874,-0.7916794585051565,-16.532702919582338,29.908265023687655,-22.50370545023852,54.26,0.021
FC,-2.08,5.62,"Ramírez, Erasmo",541640,foul,L,0,0,-0.29,1.53,-0.22,2.43,5.1562840514092185,-129.3164111043541,-4.948043797392933,-4.398662136129325,28.79741480570106,-14.17463581094798,54.15,-0.032
SI,-2.2,5.35,"Ramírez, Erasmo",541640,hit_into_play,R,0,0,-1.63,0.65,-0.98,2.89,6.56617920832095,-132.62904211740394,-1.6330167673548757,-20.60192761858729,31.45432368004401,-24.37669709193208,54.16,-0.447
SI,-2.16,5.33,"Ramírez, Erasmo",541640,hit_into_play,R,0,0,-1.49,0.75,-0.49,2.29,7.408618609534136,-132.78846825743906,-3.370627552009024,-19.21309643758801,28.70903031032725,-22.74123301033001,54.31,-0.479
SI,-2.28,5.37,"Ramírez, Erasmo",541640,hit_into_play,R,2,0,-1.46,0.46,-0.75,2.12,6.896017407242029,-130.95733031421352,-3.048175448014403,-18.31199397339737,28.780111733364727,-26.443954510293747,54.24,-0.765
SI,-2.17,5.35,"Ramírez, Erasmo",541640,ball,R,1,0,-1.38,0.77,-0.44,3.41,7.162000785176589,-129.85777319564312,-0.3506717826761057,-17.096573241632388,28.028511891542344,-23.606583662090053,54.03,0.162
SI,-2.15,5.41,"Ramírez, Erasmo",541640,ball,R,0,0,-1.49,0.67,-1.31,2.49,5.242272207944548,-131.1551381143606,-2.702283375231697,-18.34906714839624,28.559363847292808,-24.13194117972891,54.33,0.087
FF,-2.29,5.31,"Ramírez, Erasmo",541640,hit_into_play,L,0,2,-0.57,1.4,0.19,2.74,7.491674149789197,-133.13819005185348,-3.6239110925366393,-8.3798859379018,29.494140712228152,-14.927201454049126,54.19,-0.305
FC,-2.07,5.57,"Ramírez, Erasmo",541640,foul,L,0,1,0.21,1.34,0.56,2.56,6.0425801586279215,-129.91266367971943,-4.171167486237706,0.9951578622715124,28.99184895616568,-16.394622317225306,54.13,-0.068
SI,-2.22,5.37,"Ramírez, Erasmo",541640,called_strike,L,0,0,-1.47,0.54,-0.56,1.68,7.349265981318868,-132.6336449838015,-4.54180694937433,-18.9219129120272,30.053525127648268,-25.00003352333485,53.96,-0.073
FC,-2.0,5.63,"Ramírez, Erasmo",541640,ball,R,3,2,0.29,1.25,-0.54,4.2,2.9900586762759014,-130.84561480447036,-0.1974374493622775,2.72535119612102,28.58810317013739,-18.07416091284293,54.29,0.184
SI,-2.05,5.34,"Ramírez, Erasmo",541640,foul,R,3,1,-1.49,0.77,-0.28,2.83,7.647933577543018,-132.62282252963809,-2.0252292857888583,-19.206953204854283,30.14752245826983,-22.923535439864505,54.11,-0.054
FC,-1.99,5.49,"Ramírez, Erasmo",541640,ball,R,2,1,-0.34,1.3,-0.58,3.32,4.20160379268125,-130.9249222370497,-2.1804022206275944,-4.793113707949654,28.229488329624225,-16.984391582786312,54.18,0.058
SI,-2.16,5.22,"Ramírez, Erasmo",541640,blocked_ball,R,1,1,-1.66,0.52,0.84,0.51,11.130811626314442,-132.3419975223237,-7.0214723537933015,-21.99404060656104,30.72805292896204,-24.534008192464903,54.04,0.049
SI,-2.3,5.27,"Ramírez, Erasmo",541640,swinging_strike,R,1,0,-1.61,0.41,-0.47,1.52,7.973551959158213,-131.4005362345921,-4.198121930717046,-20.37516213611628,30.729268597396597,-26.626413039793636,54.22,-0.039
SI,-2.18,5.29,"Ramírez, Erasmo",541640,ball,R,0,0,-1.56,0.71,-1.07,2.16,6.158459680514641,-132.26930129682847,-3.4100013650287697,-19.661710386277864,31.242432129451828,-23.267069267836145,54.13,0.027
SI,-2.2,5.4,"Ramírez, Erasmo",541640,hit_into_play,L,0,1,-1.35,0.73,-0.65,1.66,6.903896228421594,-134.54150595214884,-5.335115593483997,-17.92202202192406,29.182643639398545,-22.280685987452884,54.12,0.864
FC,-1.9,5.46,"Ramírez, Erasmo",541640,foul,L,0,0,0.02,1.18,0.51,1.82,5.953008350554781,-130.6337233249107,-5.547179172350167,-0.9572563327380272,26.369877721694955,-17.718575321687982,54.01,-0.042
SI,-2.03,5.22,"Ramírez, Erasmo",541640,hit_into_play,R,0,0,-1.48,0.69,-0.6,2.44,6.730004563635081,-131.86319233674195,-2.4654140818600223,-18.754863504196617,29.253461625299163,-23.78488453098608,54.21,-0.333
CH,-2.34,5.45,"Ramírez, Erasmo",541640,hit_into_play,L,0,2,-1.07,0.62,0.25,2.04,7.99326510302244,-120.77260869111416,-2.6355696461468603,-11.909172534041508,19.939946305495663,-25.779614733436127,54.35,-0.307
SI,-2.46,5.41,"Ramírez, Erasmo",541640,foul,L,0,1,-1.21,0.73,0.16,2.76,8.960651334842247,-130.0998404579464,-2.147709385117667,-15.496665448526247,23.856969898146527,-23.552583372094496,54.45,-0.068
FC,-2.14,5.65,"Ramírez, Erasmo",541640,foul,L,0,0,0.17,0.93,0.65,2.05,6.327213907459668,-126.29127980778176,-4.369550572278461,0.6546332486985195,23.34440536661552,-21.475560158303413,54.26,-0.073
SI,-2.47,5.49,"Ramírez, Erasmo",541640,hit_into_play,L,2,1,-1.2,0.53,-0.89,2.13,6.353266109271546,-130.05013058466204,-3.388528403789563,-14.889662484496013,26.08409035367949,-25.62411880131053,54.63,0.267
FC,-2.33,5.71,"Ramírez, Erasmo",541640,ball,L,1,1,0.15,1.12,-1.18,3.09,2.4258518904919524,-126.26427401933675,-2.3995181005161204,1.1906406455100873,23.589920142990163,-19.86181413748637,54.6,0.049
FC,-2.28,5.78,"Ramírez, Erasmo",541640,swinging_strike,L,1,0,0.08,1.1,-0.29,3.12,4.5545639825996345,-126.5206058441058,-2.5034755622852334,0.0726522975699281,22.9057659654794,-19.94370062706243,54.69,-0.039
CU,-2.38,5.69,"Ramírez, Erasmo",541640,ball,L,0,0,0.25,-0.13,-0.67,1.29,3.123728334743636,-111.5271516294691,-2.162159608770132,1.6928710424014113,16.507500071436105,-33.102840897377355,54.47,0.027
FC,-2.25,5.68,"Ramírez, Erasmo",541640,ball,L,3,2,0.08,1.07,-0.97,1.95,2.934189643402128,-128.4908668175907,-5.305913797141205,0.3471970418359296,23.182603663414437,-19.4006783916628,54.33,0.1
FC,-2.09,5.52,"Ramírez, Erasmo",541640,ball,L,2,2,0.08,0.91,1.59,3.41,8.776593250418575,-128.02595723660386,-0.9614518512211738,-0.7271606475875837,23.857782343537,-22.071397660966948,54.21,0.043
SI,-2.37,5.57,"Ramírez, Erasmo",541640,swinging_strike,L,2,1,-1.06,0.94,-0.33,3.01,7.256260742343421,-130.79846215742234,-2.3538588432194287,-13.70272308017236,27.623897293920017,-21.04628689959901,54.53,-0.031
SI,-2.5,5.45,"Ramírez, Erasmo",541640,called_strike,L,2,0,-1.0,0.99,-0.35,1.31,7.387448935089305,-130.36819921987623,-6.311241035741683,-12.915639791364338,27.117926975160227,-19.702614327991224,54.43,-0.022
CH,-2.28,5.59,"Ramírez, Erasmo",541640,ball,L,1,0,-1.02,0.58,-1.9,3.45,2.8260307585575197,-118.7834635328106,0.5937284141084795,-10.208635769305909,21.06089884498696,-26.91024484974722,54.26,0.026
FC,-1.96,5.67,"Ramírez, Erasmo",541640,ball,L,0,0,0.18,1.06,1.45,1.51,7.795626585304552,-126.5122321814442,-6.056540638473723,0.6356167973220582,21.402108173398123,-19.715329711518677,54.31,0.016
CH,-2.24,5.66,"Ramírez, Erasmo",541640,hit_into_play,L,1,0,-1.09,0.77,-0.22,2.6,6.476634084201766,-116.49644676585837,-1.5535716071161136,-11.105571292921438,18.803683068247096,-25.055288902461992,54.46,-0.187
FC,-2.34,5.62,"Ramírez, Erasmo",541640,ball,L,0,0,-0.14,1.02,0.14,1.31,6.276292688572766,-127.476247639221,-6.501082599389662,-2.5580812997810742,21.142742123818564,-19.912272943566094,54.29,0.024
CU,-2.23,5.64,"Ramírez, Erasmo",541640,hit_into_play,L,0,2,0.5,-0.25,0.27,1.63,4.552888272731855,-116.3402836909742,-1.6971167469181694,3.7952129991001966,20.51551388585204,-34.31029863232834,54.34,-0.149
FC,-2.03,5.53,"Ramírez, Erasmo",541640,foul,L,0,1,0.12,0.87,1.26,2.26,7.721010211273049,-127.9805650354777,-3.6978176026439087,0.011878659120782,21.906388312624337,-22.06185541977025,54.25,-0.047
SI,-2.33,5.5,"Ramírez, Erasmo",541640,foul,L,0,0,-1.05,0.92,0.03,1.95,7.897719485522923,-128.50135631336366,-4.464787720202371,-13.280054596267355,26.271476582082474,-21.22169209162185,54.38,-0.032
FF,-2.41,5.25,"Ramírez, Erasmo",541640,swinging_strike,R,1,2,-0.64,1.31,-0.02,3.62,7.401785576520169,-132.33802762335628,-1.0024171987369486,-9.132459457080676,27.721458082455225,-16.727561389318744,53.93,-0.071
SI,-2.27,5.35,"Ramírez, Erasmo",541640,called_strike,R,1,1,-1.06,0.69,0.78,2.56,9.943540934212288,-132.62671375763023,-2.6258827177124338,-14.601133878027431,26.14910819623546,-23.69257217452787,54.22,-0.026
SI,-2.26,5.45,"Ramírez, Erasmo",541640,called_strike,R,1,0,-1.34,0.6,0.29,3.42,9.204142958934902,-131.0899245644154,-0.3945366824331947,-17.330584524585902,25.470808090026534,-25.38824196294796,54.05,-0.019
SI,-2.44,5.34,"Ramírez, Erasmo",541640,ball,R,0,0,-1.54,0.59,1.47,0.7,12.922032545267962,-130.76535891583612,-6.815940833620788,-20.362493589798177,26.9862997483305,-24.065225086347382,54.24,0.016
CU,-2.5,5.48,"Ramírez, Erasmo",541640,hit_into_play,R,0,2,0.24,0.17,0.09,2.86,5.171233265867214,-115.1673110639988,0.6348356548334579,1.3195847624120527,18.34705460823925,-30.908602449952944,54.44,-0.104
SI,-2.55,5.25,"Ramírez, Erasmo",541640,called_strike,R,0,1,-1.04,0.41,0.77,2.14,10.625899107788635,-133.0719934318503,-2.924301167506782,-14.472787161285478,24.93186627235849,-26.902412973146227,54.14,-0.035
SI,-2.6,5.26,"Ramírez, Erasmo",541640,called_strike,R,0,0,-0.99,0.49,1.02,1.89,11.100848414672743,-131.23541419028803,-3.5403959308619,-13.655380328829356,24.472849379092963,-25.91796301429668,54.26,-0.024
CU,-2.33,5.46,"Ramírez, Erasmo",541640,hit_into_play,R,0,1,0.59,-0.41,0.58,2.16,5.355608531375092,-117.62041577961187,0.0293009687802709,4.516673050395412,21.02625433977636,-36.192623767093146,54.28,2.405
SI,-2.25,5.33,"Ramírez, Erasmo",541640,called_strike,R,0,0,-1.26,0.49,0.83,2.1,10.364968234231602,-131.85353727028425,-3.1952633764393488,-16.889210991523445,26.34211041734668,-26.00208942683548,54.35,-0.083
FC,-2.03,5.36,"Ramírez, Erasmo",541640,ball,R,3,2,-0.01,1.08,0.41,1.16,6.0848329053475085,-130.32763255754577,-6.708713055512049,-1.3560400920870257,25.45423692794727,-18.691728639636768,54.03,0.231
SI,-2.24,5.17,"Ramírez, Erasmo",541640,foul,R,3,2,-1.4,0.57,0.7,2.26,10.483504240482898,-133.75505188431168,-2.7957484494310547,-19.06991649343337,28.507128689322524,-24.848585675026484,54.26,0.0
SI,-2.29,5.21,"Ramírez, Erasmo",541640,called_strike,R,3,1,-1.53,0.51,-0.66,2.06,7.360442382398815,-132.6548429838362,-3.1301493331855665,-19.653082641823318,29.15847095791027,-25.62277227572096,54.28,-0.097
FC,-2.06,5.3,"Ramírez, Erasmo",541640,ball,R,2,1,0.17,0.96,1.43,1.38,8.172917920901089,-129.2349605220381,-5.642379127718896,0.4379825600910162,23.35055246506604,-20.375933257990614,54.23,0.107
FC,-2.24,5.33,"Ramírez, Erasmo",541640,swinging_strike,R,2,0,0.25,1.09,0.34,3.0,5.794009550315092,-129.16203098277708,-1.9923488689778348,1.687134211251053,24.15445565862793,-19.68681830323145,54.19,-0.057
SI,-2.15,5.23,"Ramírez, Erasmo",541640,ball,R,1,0,-1.3,0.53,1.12,1.49,10.98296683487818,-132.45393070002342,-4.661788601180926,-17.61004425415235,26.128408829862813,-25.08159874420988,54.4,0.059
SI,-2.29,5.21,"Ramírez, Erasmo",541640,ball,R,0,0,-1.37,0.62,0.27,1.13,9.281075661781433,-131.67240487382406,-5.548803213653909,-17.85630702299467,27.98849103066041,-23.95696880600001,54.25,0.036
CU,-2.1,5.58,"Ramírez, Erasmo",541640,hit_into_play,L,1,1,0.35,-0.25,0.71,1.62,5.3874589572377705,-112.90606269939444,-1.1041879066745903,2.034312287564024,19.88121598083359,-34.37211176400205,54.19,-0.364
CU,-2.2,5.45,"Ramírez, Erasmo",541640,blocked_ball,L,0,1,0.33,-0.05,0.2,0.47,4.70697821980985,-116.86798136980768,-4.273132969955352,2.156030521247971,20.87140726865166,-32.08417097863885,54.02,0.053
FC,-2.02,5.4,"Ramírez, Erasmo",541640,called_strike,L,0,0,-0.38,1.07,0.28,1.52,6.479304444717297,-129.94770985679898,-5.838817042864557,-5.6203870942490095,25.52835639724118,-19.00875559358415,54.12,-0.051
FC,-2.22,5.46,"Ramírez, Erasmo",541640,hit_into_play,L,0,0,-0.02,1.03,-0.3,2.73,4.681293139034236,-128.0451101459289,-2.730725313427358,-1.0681339609624054,22.718560812677214,-20.434098504054607,54.21,1.106
FC,-2.33,5.54,"Ramírez, Erasmo",541640,hit_into_play,L,3,1,0.26,1.06,0.33,2.25,5.869617679082201,-127.01690781232428,-3.959585988346489,1.636872352314939,24.991126617098725,-20.022859398493168,54.22,0.263
SI,-2.29,5.41,"Ramírez, Erasmo",541640,ball,L,2,1,-1.17,0.52,1.19,1.43,11.052406263205135,-130.73585076686177,-5.02207444799352,-15.68926372495533,25.844996085905805,-25.27587660844998,54.36,0.108
FC,-2.25,5.47,"Ramírez, Erasmo",541640,ball,L,1,1,0.24,1.0,-1.13,2.45,2.259718354341447,-128.8769436438045,-3.462803095240176,2.250501020113989,22.99599456348488,-20.5208282334342,54.29,0.05
CH,-2.13,5.36,"Ramírez, Erasmo",541640,ball,L,0,1,-0.91,0.34,-0.85,1.77,4.699346438470332,-120.431630475837,-2.410266275186536,-9.78357912127239,20.83878087507797,-28.65298112362821,54.23,0.021
FC,-2.28,5.34,"Ramírez, Erasmo",541640,called_strike,L,0,0,0.3,0.91,-0.69,2.11,3.230370372867009,-128.20506725679,-3.7189479672867214,2.765860773088799,22.35270494367061,-21.565519284122438,54.17,-0.032
SI,-2.01,5.42,"Ramírez, Erasmo",541640,hit_into_play,R,2,0,-0.9,0.54,0.48,1.91,8.090333535432755,-129.92154638582466,-3.7890180371074,-11.958689605317588,27.68919121069429,-25.415862290176385,53.84,-0.713
FC,-2.03,5.44,"Ramírez, Erasmo",541640,ball,R,1,0,0.07,1.13,0.59,1.21,6.228602467212062,-127.2887473375771,-6.40645288356032,-0.6105473487919573,27.099450032288072,-18.79435259979528,53.76,0.035
FC,-2.15,5.54,"Ramírez, Erasmo",541640,ball,R,0,0,0.13,1.19,-0.63,1.28,3.420066987785082,-127.37819550007748,-6.644638033177901,0.7482595429544087,24.61926221595542,-18.041590444906426,53.97,0.028
FF,-2.24,5.72,"Ramírez, Erasmo",541640,foul_tip,R,2,2,-0.69,1.2,0.55,1.84,8.084218216828516,-126.83322028634733,-5.685445603026547,-8.966361575435837,23.34072029430758,-18.261243856784105,54.32,-0.284
CU,-2.22,5.76,"Ramírez, Erasmo",541640,ball,R,1,2,0.6,-0.46,2.35,-0.43,8.750001158997348,-114.87515874484356,-5.704762310303737,3.5095452381853773,23.615168673695795,-35.25661492050025,54.63,0.07
CU,-2.32,5.79,"Ramírez, Erasmo",541640,ball,R,0,2,0.31,-0.15,1.85,1.26,8.318522942774855,-113.94546175292348,-2.6599295697757723,1.2880962102907876,19.99172980885036,-33.16692694421128,54.79,0.061
FF,-2.35,5.72,"Ramírez, Erasmo",541640,called_strike,R,0,1,-0.47,1.08,0.53,1.74,7.916968582127215,-128.09657207326018,-5.899828414343634,-6.603970762423781,20.979870456425108,-19.202153219179905,54.56,-0.131
SI,-2.45,5.52,"Ramírez, Erasmo",541640,swinging_strike,R,0,0,-0.99,0.59,0.12,2.7,8.161922232951213,-126.667067786561,-1.8267635086919625,-12.303243304401011,25.120158203644586,-25.63120195408734,54.32,-0.081
SI,-2.36,5.57,"Ramírez, Erasmo",541640,hit_into_play,L,1,1,-1.36,0.82,0.0,2.19,8.680970366143075,-130.23178458549071,-4.047819150607543,-17.38605324797994,29.18444806327531,-22.14080532405996,54.2,-0.316
SI,-2.39,5.61,"Ramírez, Erasmo",541640,called_strike,L,1,0,-1.36,0.73,0.44,1.53,9.771773964282692,-128.92241285440443,-5.399438303786963,-17.268543536899312,28.71972791683178,-23.05963950403801,54.1,-0.186
FC,-2.1,5.67,"Ramírez, Erasmo",541640,ball,L,0,0,-0.24,1.14,1.17,1.42,8.407423969936659,-127.79346301293208,-6.5383991624979085,-4.3542801899474455,26.552029676472092,-18.484825658562283,54.21,0.113
SI,-2.35,5.51,"Ramírez, Erasmo",541640,hit_into_play,R,1,2,-1.03,0.67,0.99,2.72,10.484363951824266,-130.9262296285045,-2.385388461917545,-14.1056075605219,27.34859319308358,-24.20186978414921,54.17,1.023
CU,-2.52,5.72,"Ramírez, Erasmo",541640,blocked_ball,R,0,2,0.37,-0.26,1.63,0.65,8.235464729021768,-113.98272473819512,-3.620647850442861,1.8215575146194125,20.14188679539625,-33.96645634903376,54.43,0.042
SI,-2.24,5.64,"Ramírez, Erasmo",541640,called_strike,R,0,1,-1.5,0.67,0.23,2.9,9.088875454895565,-128.20413070990668,-1.9226491481725647,-18.447648094854816,28.92020019581664,-24.577671314683496,54.31,-0.079
SI,-2.44,5.5,"Ramírez, Erasmo",541640,called_strike,R,0,0,-1.45,0.54,0.52,2.43,10.17355514695176,-128.34659344160085,-2.479019140881682,-18.156542276032663,27.31313856422836,-25.937996051619397,54.4,-0.083
SI,-2.27,5.6,"Ramírez, Erasmo",541640,hit_into_play,L,3,2,-1.15,0.59,0.65,1.89,9.436058973227338,-127.16424988481096,-4.0518840235386415,-14.395766400735424,25.158775280126388,-25.1443983178978,54.1,0.476
FC,-2.11,5.59,"Ramírez, Erasmo",541640,ball,L,2,2,-0.05,0.99,0.28,0.92,5.898856199009032,-128.42199646801043,-7.374247145192373,-1.6657294847686075,24.597853396599824,-19.890849286142668,54.31,0.097
SI,-2.18,5.51,"Ramírez, Erasmo",541640,swinging_strike,L,2,1,-1.52,0.67,-0.04,3.39,8.478038154544999,-129.97473886879146,-0.5889002012791944,-18.98532366759549,28.333462180566816,-24.72742624147225,54.12,-0.074
FC,-2.28,5.67,"Ramírez, Erasmo",541640,called_strike,L,2,0,0.06,1.14,0.13,2.05,5.636108332600532,-126.2722673651734,-4.788099042934682,-0.46380409874147,25.052977646907525,-19.227613166298447,54.31,-0.064
FC,-2.41,5.73,"Ramírez, Erasmo",541640,ball,L,1,0,0.29,0.77,-1.81,3.36,0.8541034976705373,-126.51796333585214,-1.181015361446002,3.0418271111122697,21.701651474797707,-23.7709219729887,54.4,0.066
FC,-2.17,5.65,"Ramírez, Erasmo",541640,ball,L,0,0,0.47,0.96,1.26,1.65,7.331375406824539,-128.09918296909996,-5.570340030899417,3.6533662264406352,26.63354350432632,-20.652680047254083,54.29,0.044
SI,-2.45,5.34,"Ramírez, Erasmo",541640,hit_into_play,R,0,1,-1.33,0.57,-0.19,1.66,8.447900715867151,-130.30958816835332,-4.3562881070218165,-16.87124527412028,25.041810009030502,-24.977792336524296,53.78,0.29
FC,-2.17,5.42,"Ramírez, Erasmo",541640,called_strike,R,0,0,-0.13,1.29,-0.13,2.25,5.315817421737386,-129.40288128032367,-4.499750012236879,-2.53616308853802,24.761244744088472,-16.946356325573575,53.72,-0.024
SI,-2.17,5.37,"Ramírez, Erasmo",541640,called_strike,R,2,2,-1.42,0.76,0.82,2.16,10.4335500034935,-129.73950837278562,-3.456034602848028,-18.31440152102382,29.205998782631625,-23.047827276040245,53.73,-0.204
SI,-2.3,5.42,"Ramírez, Erasmo",541640,foul,R,2,2,-1.54,0.33,-0.39,3.31,7.964641550883986,-129.4789544108041,0.2167095013217672,-19.052191493996915,28.63588189614325,-28.719957106709188,53.88,0.0
CU,-2.33,5.58,"Ramírez, Erasmo",541640,ball,R,1,2,0.36,-0.02,1.28,0.98,7.239574032911464,-116.0635874225394,-3.2378781880537604,1.6693350533555575,25.172123058004438,-31.88132784371081,54.26,0.036
CU,-2.36,5.59,"Ramírez, Erasmo",541640,swinging_strike,R,1,1,0.46,0.02,0.92,1.69,6.284600172135371,-114.1707481730284,-1.5633302814362238,2.735796733169924,23.07308662981585,-31.93782648697259,53.82,-0.049
SI,-2.24,5.45,"Ramírez, Erasmo",541640,foul,R,1,0,-1.36,0.73,0.24,1.64,8.913298810128511,-128.8477661770974,-4.777372094734625,-17.0226571778893,27.372447049536586,-23.23360082327801,53.96,-0.044
FC,-2.23,5.53,"Ramírez, Erasmo",541640,ball,R,0,0,-0.21,1.25,0.96,2.59,8.188002540250642,-128.0533415648755,-3.665319645701388,-3.907313884925674,25.30990057153216,-17.79026846905642,54.01,0.032
SI,-2.21,5.39,"Ramírez, Erasmo",541640,hit_into_play,R,1,0,-1.21,0.55,0.25,2.51,8.683037408022807,-130.0536405073211,-2.2697105346863,-15.557634535362425,27.256040060823395,-25.61348209353893,53.79,-0.116
FC,-2.21,5.5,"Ramírez, Erasmo",541640,ball,R,0,0,0.04,1.14,1.38,0.43,8.731974877663454,-128.3995464351317,-8.779295680701892,-1.2251195429856525,24.424220041093907,-17.932189700016185,53.67,0.016
FC,-2.22,5.62,"Ramírez, Erasmo",541640,hit_into_play,L,0,0,0.05,1.0,0.18,1.77,5.726732060262411,-127.38292849895257,-5.274044080406574,-0.5999886660413963,25.5064011508934,-20.342879100600783,53.88,-0.163
SI,-2.03,5.38,"Ramírez, Erasmo",541640,called_strike,R,2,2,-1.13,0.55,0.43,3.1,8.60649727021288,-131.72926212846565,-0.9640024414317944,-14.985585890242849,26.782881218770527,-25.71622884739389,53.85,-0.204
FC,-2.16,5.53,"Ramírez, Erasmo",541640,foul,R,2,2,0.19,1.2,1.26,2.28,7.976198120866501,-127.74046641046635,-4.270441202010814,0.4041261791748364,26.596273447703062,-18.35075833259343,53.65,0.0
SI,-2.25,5.5,"Ramírez, Erasmo",541640,ball,R,1,2,-1.39,0.87,-0.67,3.96,6.878913463735494,-130.59488195527274,0.4079101238600497,-17.389209970524934,31.148564146001878,-22.71622249724405,54.01,0.036
FC,-2.29,5.53,"Ramírez, Erasmo",541640,swinging_strike,R,1,1,0.23,1.11,0.48,1.3,6.268584339950184,-127.7064783447368,-6.416159304191655,1.158053225581548,27.72926951601917,-18.897416026240865,53.82,-0.049
CU,-2.36,5.57,"Ramírez, Erasmo",541640,ball,R,0,1,0.56,-0.42,0.51,1.22,5.276716334279583,-115.6471471869836,-1.8819565724474512,3.7790370760143497,25.438104988522,-35.689134443245976,53.81,0.021
SI,-2.27,5.44,"Ramírez, Erasmo",541640,called_strike,R,0,0,-1.39,0.59,-0.08,2.75,8.530289751815017,-131.62322830700114,-1.998994304160537,-18.043497522268527,30.11642140682457,-25.095517807096854,53.71,-0.032
FC,-2.05,5.56,"Ramírez, Erasmo",541640,hit_into_play,R,1,0,-0.27,1.2,0.19,3.18,6.040305070189049,-128.48568004163724,-2.234697407466862,-4.230438488724992,25.70074361317748,-18.563240671268492,54.09,1.503
FC,-2.19,5.54,"Ramírez, Erasmo",541640,ball,R,0,0,-0.29,1.15,-0.84,3.3,3.894561651171563,-128.9274803711691,-1.7938189036609942,-4.0067304017359495,27.03714406775814,-19.21491359714841,54.26,0.067
FC,-2.15,5.75,"Ramírez, Erasmo",541640,ball,L,3,2,0.0,1.06,-0.63,1.24,3.720052462613349,-128.68922287788095,-7.103062259674624,-0.8672150544407609,28.961204339318535,-19.08894690149412,54.19,0.343
FC,-2.19,5.79,"Ramírez, Erasmo",541640,ball,L,2,2,0.11,0.88,-1.13,3.77,2.329204759162773,-126.77764440419404,-0.4674365112215219,0.6899163546976962,26.70181705668914,-22.82940833578893,54.39,0.093
CH,-2.08,5.69,"Ramírez, Erasmo",541640,ball,L,1,2,-0.95,0.25,-2.04,1.46,1.9333859794152697,-119.75665489818726,-3.6022976003580536,-9.533626170763808,21.122272163794324,-29.343219183087676,54.02,0.036
CH,-2.26,5.68,"Ramírez, Erasmo",541640,ball,L,0,2,-0.91,0.46,-2.21,2.38,1.915798118300923,-120.70224565525405,-1.993667274578132,-9.301093804975688,22.84759892030038,-27.47193479910278,53.8,0.019
FC,-2.34,5.76,"Ramírez, Erasmo",541640,foul,L,0,1,0.54,0.93,-0.13,1.59,4.198585339130813,-126.2895931625961,-5.715457531180863,4.988663571781386,23.600657517668512,-21.305024112802872,54.26,-0.047
FC,-2.28,5.72,"Ramírez, Erasmo",541640,called_strike,L,0,0,0.29,1.06,-0.18,2.74,4.478684741574835,-127.35911355720768,-3.334474999124395,2.3931262408848224,21.65288601533523,-20.04872103935358,54.34,-0.032
CU,-2.31,5.72,"Ramírez, Erasmo",541640,called_strike,L,1,2,0.35,0.28,0.21,1.57,4.996463851548318,-118.45488559091626,-3.267732614405997,2.326119129890313,22.492355631582686,-29.099138955958924,53.9,-0.071
FC,-2.35,5.68,"Ramírez, Erasmo",541640,foul,L,1,1,0.25,1.11,-0.27,2.83,4.65670832290879,-131.3873633356887,-3.5387070895478336,1.8907307410962693,27.021113576433788,-18.71276876967004,54.03,-0.026
SI,-2.4,5.48,"Ramírez, Erasmo",541640,foul,L,1,0,-1.42,0.69,-0.71,2.43,7.378434399830254,-133.84710104282686,-3.3586025648738604,-18.725705767297388,31.222291536062187,-23.336260638794712,54.13,-0.019
FC,-2.33,5.56,"Ramírez, Erasmo",541640,ball,L,0,0,0.08,1.26,-1.04,2.82,3.05543771739172,-131.79828987187582,-3.54992455452999,0.2414624041534933,29.949866427205773,-17.03338689198882,54.03,0.016
SI,-2.41,5.47,"Ramírez, Erasmo",541640,hit_into_play,R,0,1,-1.73,0.53,-1.05,1.05,7.165574377377603,-132.205505303038,-6.273203924148639,-21.833814540637096,31.10819378579768,-24.69926172889473,54.01,-0.139
SI,-2.44,5.37,"Ramírez, Erasmo",541640,called_strike,R,0,0,-1.73,0.68,0.47,2.12,11.100818294825324,-132.99662886141434,-3.7968599047500167,-22.94399154558933,28.593875614207597,-23.40498432432005,54.08,-0.024
FC,-2.42,5.81,"Ramírez, Erasmo",541640,hit_into_play,L,1,0,-0.1,1.34,-0.48,2.69,5.017731372729043,-130.51269754152932,-4.579526104750316,-2.2590529041250567,27.916073940005223,-16.047072657080555,54.12,-0.26
FC,-2.45,5.73,"Ramírez, Erasmo",541640,ball,L,0,0,0.01,1.46,-1.08,2.68,3.355736112721352,-130.0242345378382,-4.569378156561178,-0.6299881500102157,27.74050403761061,-14.844278360712892,54.23,0.032
SI,-2.35,5.35,"Ramírez, Erasmo",541640,hit_into_play,R,1,0,-1.47,0.42,-0.68,2.21,7.412639593814004,-132.9594471529779,-2.859167568852204,-19.0579799509676,31.82870053912686,-26.7823058498702,54.08,-0.256
SI,-2.52,5.2,"Ramírez, Erasmo",541640,ball,R,0,0,-1.5,0.15,-0.47,1.15,8.438495431011233,-132.94900423544104,-4.622604933925602,-19.66427169219754,31.137957407058547,-29.46472085607335,53.98,0.027
SI,-2.14,5.39,"Ramírez, Erasmo",541640,hit_into_play,L,0,1,-1.5,0.64,-0.11,2.66,8.51101437654513,-135.29738905866196,-2.596798725583234,-20.355477817970737,30.76183463511708,-23.975160677377996,54.16,0.144
FC,-2.31,5.64,"Ramírez, Erasmo",541640,called_strike,L,0,0,-0.01,1.29,0.77,2.15,7.730298186805246,-131.4114933688398,-5.496878081044449,-1.7830752455417056,27.98382863990969,-16.287256891637476,53.95,-0.015
CU,-2.28,5.57,"Ramírez, Erasmo",541640,hit_into_play,R,2,2,0.4,0.3,1.05,2.49,6.793015622269958,-119.7154008254582,-1.04249489329014,2.517803852781338,23.79516508221087,-29.28575765965672,54.0,-0.142
FF,-2.19,5.23,"Ramírez, Erasmo",541640,foul,R,2,2,-0.55,1.44,0.23,3.28,7.43803689860103,-134.75990040248166,-2.2911476525116075,-8.42330619906733,32.11823563894264,-14.404609254791986,53.8,0.0
FC,-2.19,5.56,"Ramírez, Erasmo",541640,foul,R,2,2,-0.05,1.17,0.88,2.22,7.900505414475734,-132.52481383679225,-5.053219430126028,-2.283120206386707,28.028695437130477,-17.444765203132302,53.75,0.0
SI,-2.23,5.25,"Ramírez, Erasmo",541640,foul,R,2,2,-1.37,0.68,-0.09,1.85,8.499780127405026,-134.5774893987881,-4.391408502258235,-18.499418648206696,28.941076169784413,-23.07248407987218,53.97,0.0
FF,-2.04,5.25,"Ramírez, Erasmo",541640,ball,R,1,2,-0.84,1.49,-0.41,3.86,6.057084729769908,-135.64742993653462,-1.0628463112348667,-11.77888278124944,31.96333636551589,-13.85238163811345,54.04,0.026
SI,-2.41,5.29,"Ramírez, Erasmo",541640,foul_tip,R,1,1,-1.42,0.61,0.36,2.35,10.319514468339046,-135.65524639511315,-3.2009705852979984,-19.67006547111352,27.254779182055472,-24.08955180857537,53.84,-0.04
SI,-2.45,5.34,"Ramírez, Erasmo",541640,swinging_strike,R,1,0,-1.22,0.49,-0.64,3.15,7.251492754134274,-133.53965925178318,-0.7494394573397956,-16.0935293463519,27.22949023271572,-26.376973357929955,53.91,-0.031
SI,-2.24,5.34,"Ramírez, Erasmo",541640,ball,R,0,0,-1.34,0.84,1.04,1.49,11.289540683376217,-133.82024334257736,-5.743602733242453,-18.53816150323816,30.218821455896823,-20.95891910396472,53.9,0.024
CU,-2.21,5.66,"Ramírez, Erasmo",541640,swinging_strike,L,1,2,0.67,-0.32,0.58,0.82,5.041412263938714,-119.6072027746314,-3.75371190675115,5.332498231910846,24.83191422531061,-34.717256437758174,54.09,-0.168
CH,-2.29,5.58,"Ramírez, Erasmo",541640,foul,L,1,1,-1.44,0.1,-0.66,2.38,6.534020889252195,-120.2102814316287,-1.0018847656119751,-15.262913278764923,21.887317592656625,-31.263646923355417,53.98,-0.049
FC,-2.28,5.55,"Ramírez, Erasmo",541640,called_strike,L,1,0,-0.29,1.27,0.36,2.08,7.306963670087156,-132.02963745637825,-5.583890212310349,-4.85001187418613,25.443845424837008,-16.263747224953864,53.78,-0.044
FC,-2.35,5.63,"Ramírez, Erasmo",541640,ball,L,0,0,-0.18,1.37,-0.48,3.61,5.06525435274425,-131.65726465668814,-2.0508092343001723,-3.185729771976521,27.59594804979253,-15.956296273684096,53.99,0.032
CU,-2.56,5.54,"Ramírez, Erasmo",541640,hit_into_play,R,0,1,0.21,-0.04,0.75,1.73,7.127943616535411,-119.69133570014807,-2.1193376145597997,0.8853334825546584,19.920652063626036,-32.38140355122419,54.02,-0.085
SI,-2.3,5.36,"Ramírez, Erasmo",541640,called_strike,R,0,0,-1.6,0.63,0.28,3.14,10.17259823458896,-135.53523704653367,-1.31174497127377,-21.89281015921701,28.908333128614423,-24.34146411106102,54.04,-0.015
SI,-2.25,5.19,"Ramírez, Erasmo",541640,called_strike,R,2,2,-1.57,0.77,0.64,2.03,10.812578446948551,-134.3836884323636,-3.904167517772216,-21.410144622792632,29.425834099842653,-22.18455042006335,54.01,-0.142
CU,-2.38,5.47,"Ramírez, Erasmo",541640,ball,R,1,2,0.14,0.17,1.85,0.94,9.404863030135967,-120.12604955216112,-4.191964906852847,-0.3380852292620675,21.63298722441326,-29.89308126665483,53.95,0.026
FC,-2.19,5.46,"Ramírez, Erasmo",541640,foul,R,1,1,-0.07,1.21,-0.52,3.43,4.322283935149283,-131.36809534036988,-1.6928975332380003,-1.678360146448092,26.80043924776797,-18.029989471938773,53.96,-0.04
FC,-2.23,5.59,"Ramírez, Erasmo",541640,ball,R,0,1,0.12,1.03,-0.08,3.88,5.138146089309151,-131.51025866480794,-0.5130976291521965,0.3237197278238301,26.986286302529795,-20.327349710482647,53.91,0.017
SI,-2.29,5.32,"Ramírez, Erasmo",541640,foul,R,0,0,-1.26,0.69,-0.23,2.45,8.038389132238974,-134.6568551650593,-3.082923428852817,-16.991757772013305,27.406339917309467,-23.274429720770524,53.96,-0.024
FC,-2.11,5.61,"Ramírez, Erasmo",541640,hit_into_play,L,1,2,0.37,0.98,-0.35,1.69,3.5441430307034265,-129.0964838839256,-5.545232650853794,3.328855015018276,27.26906627697343,-20.308184183839703,54.28,-0.168
CH,-2.06,5.4,"Ramírez, Erasmo",541640,ball,L,0,2,-1.2,0.42,-0.73,0.27,5.528395525308108,-123.02710596239724,-6.466260617150397,-13.27635367079954,24.55048648970632,-26.8176026273317,53.87,0.019
CH,-2.19,5.54,"Ramírez, Erasmo",541640,swinging_strike,L,0,1,-1.17,0.33,-0.16,1.09,7.088189747863773,-122.5941923252698,-4.676399982494694,-13.197896311357525,22.982635451654517,-28.135816731155938,53.9,-0.047
FC,-2.3,5.59,"Ramírez, Erasmo",541640,called_strike,L,0,0,-0.21,1.17,-0.78,2.49,4.176719685788581,-129.48369086197476,-4.096575156317368,-3.1234851865154862,24.382198583844108,-18.295834347717964,54.06,-0.032
