pitch_type,release_pos_x,release_pos_z,player_name,pitcher,description,stand,balls,strikes,pfx_x,pfx_z,plate_x,plate_z,vx0,vy0,vz0,ax,ay,az,release_pos_y,delta_run_exp
FF,-0.85,5.77,"Rodríguez, Manuel",655889,swinging_strike,L,2,2,0.01,1.44,0.14,4.16,2.6650532994953684,-142.39990461138547,-2.153292058445051,-0.4954832421048659,34.291384336991634,-12.364711937051242,53.93,-0.088
FF,-0.86,5.76,"Rodríguez, Manuel",655889,swinging_strike,L,2,1,-0.22,1.36,-0.83,3.43,0.5597784085643465,-140.60846165186237,-3.760487040913412,-2.9838820358804408,33.461909185555285,-13.56245027321738,53.79,-0.031
SL,-1.14,5.61,"Rodríguez, Manuel",655889,foul,L,2,0,0.45,-0.29,0.22,1.97,2.456092737621522,-132.40917030424714,-2.595644995121696,4.736759361648195,28.072364587607414,-35.289933424611384,54.25,-0.022
FF,-0.9,5.75,"Rodríguez, Manuel",655889,ball,L,1,0,-0.56,1.16,-0.92,2.52,1.2438512994015218,-140.84960906735435,-5.753205387537856,-7.773639062969099,32.35747233712068,-15.614801915321005,53.94,0.026
SL,-0.83,5.69,"Rodríguez, Manuel",655889,ball,L,0,0,0.52,0.03,1.3,2.53,4.225191279469768,-132.01813065395478,-2.067601911049794,5.255165579385602,26.98033784244349,-31.600456835303685,53.91,0.016
SI,-1.1,5.62,"Rodríguez, Manuel",655889,hit_into_play,R,0,1,-1.19,0.86,-0.76,3.18,3.655543940313796,-140.5909887697621,-2.9041335949526497,-16.669009633891786,32.165362702821014,-20.36337230550268,53.97,-0.139
SI,-0.98,5.69,"Rodríguez, Manuel",655889,foul,R,0,0,-0.97,0.94,-0.22,3.19,4.232173720182651,-140.7590013316604,-3.260167862511902,-13.80499583718267,31.96568468995857,-19.1510540250778,54.0,-0.024
SL,-0.93,5.81,"Rodríguez, Manuel",655889,called_strike,R,1,2,0.37,0.22,0.72,1.36,3.273588092355288,-129.4013566477674,-5.354008265375319,3.4525948788730774,27.2160923059398,-28.77831243439442,53.95,-0.168
SL,-1.06,5.65,"Rodríguez, Manuel",655889,foul,R,1,2,0.37,0.16,0.39,3.29,2.719885983801674,-126.91492388821916,0.2030170407851427,3.342858650324191,28.804150700086133,-30.71776947239972,54.26,0.0
SL,-1.12,5.48,"Rodríguez, Manuel",655889,ball,R,0,2,0.32,-0.35,1.58,-0.82,5.884570809792206,-127.46355781723716,-8.326988298831694,2.069487815057157,29.571405562180438,-34.20602840946305,53.92,0.019
SI,-1.13,5.67,"Rodríguez, Manuel",655889,called_strike,R,0,1,-1.05,0.81,0.16,2.04,5.818886329585922,-140.11046364759125,-5.90923878818335,-15.123560667105638,32.436797278653906,-20.32922118988696,54.01,-0.047
SL,-1.25,5.79,"Rodríguez, Manuel",655889,called_strike,R,0,0,0.42,-0.19,0.76,2.8,4.017221853097606,-128.8321261589422,-0.8036372988644959,3.7739403110083782,28.45789293769511,-34.321877448201064,54.24,-0.032
SL,-1.14,5.52,"Rodríguez, Manuel",655889,swinging_strike,R,0,2,0.27,-0.15,0.38,1.6,3.223781483619987,-130.92036753026605,-3.4210215489285174,2.341245732889384,28.800264750825733,-33.34291126074185,53.98,-0.061
SL,-0.91,5.62,"Rodríguez, Manuel",655889,swinging_strike,R,0,1,0.36,-0.04,0.85,2.61,3.614021264740374,-131.2258901477061,-1.4555579450054237,3.4784729037688247,26.693635954648617,-32.52257810335434,54.02,-0.024
SI,-0.97,5.68,"Rodríguez, Manuel",655889,foul,R,0,0,-1.11,0.79,-0.68,2.31,3.384323633721312,-144.734206860151,-5.671237433897924,-16.33764589192965,34.226484188772424,-19.95695911431261,54.14,-0.015
SL,-0.86,5.69,"Rodríguez, Manuel",655889,swinging_strike,L,2,2,0.23,-0.01,0.87,1.59,3.854561097181717,-131.81714975594173,-4.299656474267339,1.9175154104295085,27.58052300627811,-31.6054135991173,53.97,-0.142
FF,-0.83,5.69,"Rodríguez, Manuel",655889,foul,L,2,2,-0.45,1.21,-0.18,2.79,2.8579192299347635,-143.6462422555552,-5.2565495596051015,-6.9007615678722845,34.1708219825451,-14.48471882051588,53.85,0.0
FF,-0.84,5.74,"Rodríguez, Manuel",655889,foul,L,2,2,-0.04,1.52,-0.01,3.1,2.3072664209996483,-141.82754988660028,-5.069638414619992,-1.0588010903388885,32.912038368224486,-10.689451547491313,54.16,0.0
SL,-0.94,5.68,"Rodríguez, Manuel",655889,ball,L,1,2,0.34,-0.39,1.89,1.72,6.255006956174697,-129.3569321164401,-2.8429917451988347,2.5180347806054013,27.51289675653871,-36.14412244506549,53.89,0.026
FF,-0.98,5.71,"Rodríguez, Manuel",655889,foul,L,1,1,-0.32,1.3,-0.01,3.06,3.3577305653635343,-142.4868399151821,-4.683747211072034,-5.178573846217376,32.67563919442738,-13.574768100999991,54.11,-0.04
SL,-1.04,5.72,"Rodríguez, Manuel",655889,foul,L,1,0,0.54,0.08,0.95,2.38,3.86262292657373,-133.34742873364502,-2.731534997952702,5.5532051034556815,29.067332870132255,-30.82780263039536,54.25,-0.031
FF,-1.02,5.79,"Rodríguez, Manuel",655889,ball,L,0,0,-0.23,1.17,-0.99,3.8,0.6206306957548153,-142.90819865095116,-2.5665498650394927,-3.3455204558631606,36.0354641561216,-15.797142993328048,54.08,0.024
SL,-1.04,5.71,"Rodríguez, Manuel",655889,swinging_strike,R,0,2,0.36,-0.19,0.35,1.63,2.6899358870860888,-130.77529171445738,-3.741329376007799,3.593743356009603,28.20510180466183,-33.72159935041905,53.92,-0.149
SI,-0.94,5.77,"Rodríguez, Manuel",655889,called_strike,R,0,1,-1.13,0.68,0.28,1.99,5.912858739537366,-141.91474917875536,-6.251970215685238,-16.598432014470895,32.02079657804885,-21.729397656912617,54.05,-0.047
SI,-1.13,5.72,"Rodríguez, Manuel",655889,foul,R,0,0,-1.13,0.81,-0.59,2.58,4.02464266852739,-141.13515861985297,-4.6902386133866685,-16.06626348290286,33.83877863023743,-20.43322172948545,54.22,-0.032
FF,-0.88,5.56,"Rodríguez, Manuel",655889,swinging_strike,L,2,2,-0.43,1.36,-1.24,3.22,0.0030019713631267,-141.49068334518077,-3.858780544773428,-5.738203977772672,33.37156682854408,-13.29808802643015,53.88,-0.199
SL,-0.84,5.42,"Rodríguez, Manuel",655889,foul,L,2,2,0.51,0.1,-0.55,2.53,-0.3688806064847985,-132.9000777917984,-1.6505540540539871,6.133973885278498,27.026252392161734,-30.81203933128723,53.97,0.0
SI,-0.82,5.52,"Rodríguez, Manuel",655889,ball,L,1,2,-1.16,0.89,-1.49,3.91,0.8897934183563421,-143.3311175097048,-0.9655479967462,-16.218245076473874,33.83233985735641,-19.88453100872758,54.08,0.03
SL,-1.0,5.47,"Rodríguez, Manuel",655889,foul,L,1,2,0.24,0.25,0.01,2.63,2.0105227764603444,-130.7343891729594,-1.5271574816383904,2.22242727982993,30.47598292539673,-29.26437175630277,53.94,0.0
FF,-0.8,5.51,"Rodríguez, Manuel",655889,foul,L,1,2,-0.31,1.45,-0.06,1.79,2.718407785218472,-142.5752841529056,-7.925999272226405,-4.8648156482431535,34.43587199618205,-10.762742045735685,53.92,0.0
SL,-0.68,5.58,"Rodríguez, Manuel",655889,foul,L,1,2,0.37,0.07,0.87,1.55,3.132206822543038,-132.69695325728068,-4.373026853282232,3.621145559680041,29.36186499726993,-30.592358551451227,53.89,0.0
SL,-0.81,5.48,"Rodríguez, Manuel",655889,ball,L,0,2,0.46,0.15,-0.15,0.89,0.6614467770821355,-132.49856320107148,-5.962595634927079,5.316286035271304,27.83478841098232,-29.357008284040727,53.98,0.026
SL,-1.05,5.38,"Rodríguez, Manuel",655889,swinging_strike,L,0,1,0.32,0.26,0.08,0.99,2.212170652836845,-135.27261889937756,-6.065837231850729,3.4455479068415844,29.620168166302875,-27.91640905700841,53.89,-0.045
FF,-0.97,5.43,"Rodríguez, Manuel",655889,foul,L,0,0,-0.37,1.44,-0.4,2.6,2.386040204783328,-141.3831615493695,-5.375132204846119,-5.489217507933981,33.233645173820264,-11.898746937684953,53.82,-0.042
SI,-1.15,5.37,"Rodríguez, Manuel",655889,hit_into_play,L,2,1,-1.29,0.65,-0.42,2.09,4.962807516288954,-141.52617464529914,-4.752470851595831,-18.449755572057203,34.174318331448525,-22.557725497016573,53.81,-0.416
FF,-1.0,5.56,"Rodríguez, Manuel",655889,ball,L,1,1,-0.55,1.15,-2.1,2.75,-1.7095973160077331,-140.7358269864739,-4.549207271196968,-6.88133488284148,33.77669916717982,-16.080386364299684,53.93,0.058
SL,-0.77,5.53,"Rodríguez, Manuel",655889,ball,L,0,1,0.35,-0.16,1.35,2.6,4.5767156204298,-132.10945558165506,-1.0223906343013245,3.001648717502517,30.545889165862643,-34.04135419805394,53.91,0.031
FF,-1.08,5.49,"Rodríguez, Manuel",655889,called_strike,L,0,0,-0.41,1.39,-0.32,1.52,2.9731276647348164,-140.29276683144266,-8.150781068538441,-6.04097561651279,32.8412335663582,-12.182470416438234,53.85,-0.042
SL,-0.76,5.51,"Rodríguez, Manuel",655889,hit_into_play,R,0,2,0.31,-0.01,0.82,0.81,3.275002341673383,-130.6991033932893,-5.694760930047361,2.94415528877891,26.404060779653317,-31.328577950793925,53.96,-0.398
SI,-0.8,5.58,"Rodríguez, Manuel",655889,foul,R,0,1,-1.14,0.87,-0.67,2.75,2.9806774059181502,-141.8538013305772,-4.051580114488169,-15.995709071798666,35.584226230402194,-19.773888722793306,53.83,-0.075
SI,-0.78,5.55,"Rodríguez, Manuel",655889,called_strike,R,0,0,-1.33,0.69,-0.12,2.32,4.87017558816604,-141.56430819405838,-4.714104066004111,-19.04281450791878,34.61011464528673,-21.95807707367409,53.9,-0.064
SI,-1.09,5.56,"Rodríguez, Manuel",655889,hit_by_pitch,R,2,1,-1.15,0.64,-2.15,1.99,-0.2075564635488717,-140.90557568039063,-5.430055141296064,-15.21267365725871,33.35677474413454,-22.660159491110136,54.12,0.373
SL,-1.15,5.42,"Rodríguez, Manuel",655889,ball,R,1,1,0.47,-0.01,-0.56,0.95,0.4433310183387121,-130.79542032121358,-5.062872590935031,5.303775786718687,28.66423783319546,-31.45547260754513,53.98,0.05
SI,-0.77,5.69,"Rodríguez, Manuel",655889,ball,R,0,1,-1.21,0.75,-1.07,1.35,1.926394215005964,-138.33164288493202,-7.417808496769554,-15.927053288796245,32.46610084357522,-21.02772088841309,53.97,0.021
SI,-1.06,5.54,"Rodríguez, Manuel",655889,called_strike,R,0,0,-1.22,0.85,0.11,2.62,5.928404164086221,-141.4375398819948,-4.240997249682273,-17.72132044401838,34.40255442138766,-20.02292819343372,54.07,-0.032
SI,-1.03,5.52,"Rodríguez, Manuel",655889,hit_into_play,R,0,0,-1.35,0.93,-0.58,2.59,4.284509926805836,-140.29890269658097,-4.31398297911933,-18.757450550439984,35.39583110747989,-19.104779776311982,53.95,-0.23
SI,-1.17,5.56,"Rodríguez, Manuel",655889,hit_by_pitch,R,0,0,-1.17,0.69,-2.08,3.07,0.2524905935921733,-140.7063768876521,-2.6332606168683554,-15.488722301185607,33.95229728503871,-22.656782720570305,53.98,0.13
FF,-0.97,5.77,"Rodríguez, Manuel",655889,swinging_strike,R,0,2,0.03,1.11,0.06,3.07,2.6918510593013845,-139.65510392701532,-4.025449755719315,-0.314731557797392,33.86387015092903,-16.946718528590473,54.13,-0.104
SI,-1.12,5.54,"Rodríguez, Manuel",655889,called_strike,R,0,1,-1.16,0.75,0.21,2.63,6.229341511117859,-140.6104146353219,-3.891653216372733,-16.82895437951389,32.37045199700998,-21.481808856800853,54.05,-0.035
SI,-1.22,5.54,"Rodríguez, Manuel",655889,swinging_strike,R,0,0,-1.05,0.61,-0.62,2.94,4.005146519928194,-140.64812080585835,-2.766137685335228,-14.89489801812324,31.79809073150457,-23.62517056250504,54.15,-0.024
SI,-1.12,5.7,"Rodríguez, Manuel",655889,hit_into_play,R,0,0,-1.11,1.02,-0.82,3.71,3.263989709580196,-137.72424039737638,-1.7127825663660934,-14.77299880442947,34.71567920902077,-19.087631701337827,54.19,-0.228
SL,-0.8,5.6,"Rodríguez, Manuel",655889,swinging_strike,L,2,2,0.29,-0.03,0.55,1.86,2.7432259548581155,-130.83187942887858,-3.2176654429880243,2.755637253347549,28.80862543918994,-32.037254274084084,53.99,-0.284
SL,-0.97,5.53,"Rodríguez, Manuel",655889,foul,L,2,1,0.46,-0.14,0.47,2.04,2.6096892810068417,-130.61738232858406,-2.37356820974162,4.672093684903668,28.05565501765671,-33.438489638611166,53.91,-0.071
SL,-1.05,5.56,"Rodríguez, Manuel",655889,foul_tip,L,2,0,0.31,-0.04,0.48,2.58,3.1835625126536247,-132.64070240871268,-1.5146406042013527,2.9383255354107543,28.715690234568907,-32.586134245259124,54.12,-0.028
SI,-1.14,5.47,"Rodríguez, Manuel",655889,ball,L,1,0,-1.32,0.98,-1.34,2.81,2.5162397085909425,-142.34386707764398,-3.916514897723848,-18.394797087258645,36.19147438532308,-18.177966713684143,54.09,0.024
SI,-1.07,5.54,"Rodríguez, Manuel",655889,ball,L,0,0,-1.14,0.96,-1.37,3.09,1.8078391966143068,-142.24063462404283,-3.26853060941926,-15.768261961293767,35.528991210351755,-18.70115230731632,53.96,0.021
SL,-0.87,5.53,"Rodríguez, Manuel",655889,hit_into_play,R,2,2,0.37,-0.37,0.02,2.07,1.4400569253675852,-130.76209705409883,-1.756818917165563,3.8952784623944607,30.33997181977413,-36.20093754698894,54.01,-0.266
SL,-0.88,5.49,"Rodríguez, Manuel",655889,blocked_ball,R,1,2,0.49,0.2,1.21,-0.05,4.103885954195236,-129.51992009150345,-7.955722517265706,4.574499857130992,29.77312101768236,-28.338159407272897,53.97,0.034
SL,-0.99,5.6,"Rodríguez, Manuel",655889,called_strike,R,1,1,0.31,-0.07,-0.53,3.39,0.4603210216853844,-127.63132848574466,0.9861130578097212,3.309322460873012,27.60029838069007,-33.42763640707321,54.14,-0.075
SI,-0.99,5.54,"Rodríguez, Manuel",655889,foul,R,1,0,-1.5,0.66,-1.33,2.13,2.524682947278589,-141.4468047377734,-5.044975048167904,-20.54569455828185,36.49250372812836,-22.38969856999895,54.19,-0.062
SI,-0.99,5.46,"Rodríguez, Manuel",655889,ball,R,0,0,-1.32,0.95,1.31,1.73,9.26939647764954,-141.52348410528938,-6.644527888446605,-19.97996806173064,35.678179947734485,-17.98258177928409,53.89,0.036
SL,-1.06,5.63,"Rodríguez, Manuel",655889,hit_into_play,R,0,0,0.26,0.08,0.25,2.47,2.745231090548602,-133.2497467490941,-2.253908008834025,2.4801770395597607,30.04158022483064,-30.987821252360277,54.02,0.736
SI,-1.24,5.48,"Rodríguez, Manuel",655889,hit_into_play,R,1,0,-1.27,0.63,-0.8,2.17,4.1282861511692905,-141.8295719569558,-4.850197608863785,-18.056496890410365,34.16086723693035,-22.70645715812165,53.91,-0.333
SI,-1.06,5.56,"Rodríguez, Manuel",655889,ball,R,0,0,-1.39,0.86,-1.51,3.39,1.9753574422386568,-140.8743018432652,-2.148435779888405,-18.80773028753163,35.33955095797086,-20.56532210248329,54.03,0.06
SI,-0.99,5.61,"Rodríguez, Manuel",655889,hit_into_play,L,1,0,-1.28,0.96,0.09,1.96,5.822907736550315,-141.70130253635537,-6.48925443762952,-18.53334363398025,34.16276494660507,-17.89364505107988,54.16,-0.116
SI,-1.23,5.53,"Rodríguez, Manuel",655889,ball,L,0,0,-1.39,0.79,-2.0,3.19,1.158564560372262,-143.55785594423625,-2.73038502433421,-19.40853737057525,36.241710852173085,-20.808368217580263,54.08,0.016
SI,-0.96,5.65,"Rodríguez, Manuel",655889,hit_into_play,R,0,1,-1.24,0.98,-1.1,3.17,2.4293390007359297,-139.65252978888972,-3.1659254990560344,-16.689810017204895,33.09932800583876,-18.878253498797445,54.19,-0.139
SI,-1.15,5.65,"Rodríguez, Manuel",655889,swinging_strike,R,0,0,-1.11,0.9,-0.9,3.83,3.190423031444989,-139.6733050946982,-1.2397113474567694,-15.2021368642734,33.159281229901765,-20.399172884037892,54.12,-0.024
SI,-1.16,5.6,"Rodríguez, Manuel",655889,hit_into_play,R,1,0,-1.42,0.92,0.0,1.83,6.310752173326537,-140.14808724837638,-6.560573475637874,-20.08390310754567,31.091469856953488,-18.70950682194175,54.1,-0.26
SI,-1.08,5.64,"Rodríguez, Manuel",655889,ball,R,0,0,-1.33,0.93,0.07,1.22,6.162780879246555,-141.36097947492746,-8.463041522928531,-19.27254668161845,32.446247481644825,-17.934837758348223,54.05,0.032
SL,-0.78,5.51,"Rodríguez, Manuel",655889,swinging_strike,R,1,2,0.26,-0.29,1.27,0.76,4.618739727340103,-132.28845750852977,-5.416464954566346,2.078523043002384,28.913025623146574,-34.562203490511294,53.78,-0.071
SI,-0.7,5.66,"Rodríguez, Manuel",655889,foul,R,1,2,-1.1,1.02,-0.6,3.27,2.837889463719636,-142.751261333627,-3.3750560919142245,-15.654414832074412,31.544148639456637,-17.606005771107768,53.93,0.0
SL,-0.7,5.45,"Rodríguez, Manuel",655889,ball,R,0,2,0.26,-0.07,1.43,-0.13,4.738424994974627,-129.49937306418792,-7.649661110476474,2.011054240702016,24.65733097907947,-31.63278693966059,53.66,0.009
SI,-1.03,5.48,"Rodríguez, Manuel",655889,foul,R,0,1,-1.21,0.93,-1.18,2.55,2.376212471008019,-142.403067262754,-4.607406717450108,-17.02012375010777,32.48079360410055,-18.603647061245383,54.05,-0.024
SI,-0.97,5.49,"Rodríguez, Manuel",655889,called_strike,R,0,0,-1.2,0.98,-0.48,3.06,4.078916777755497,-141.64004542671185,-3.271415973500582,-17.069618748841506,31.108949677601306,-18.46032606706199,53.93,-0.015
FF,-1.1,5.42,"Rodríguez, Manuel",655889,hit_into_play,L,0,0,-0.35,1.26,-0.11,1.53,3.488639154040087,-142.53738315670884,-8.014250192215961,-5.552314569122725,31.04605147184956,-13.379794621680736,53.92,-0.163
SL,-1.04,5.49,"Rodríguez, Manuel",655889,hit_into_play,R,3,1,0.29,0.24,0.3,1.95,2.739879480809704,-132.48157211236293,-3.551755661877295,2.878596943825302,26.37714594370066,-28.87523547849216,53.98,-0.375
SI,-1.09,5.42,"Rodríguez, Manuel",655889,called_strike,R,3,0,-1.17,0.7,-0.35,1.83,4.672894496508515,-141.45166117275002,-5.718171772831676,-16.726772507745288,32.07102240717708,-21.735661994369337,53.96,-0.083
SL,-1.22,5.53,"Rodríguez, Manuel",655889,ball,R,2,0,0.43,-0.04,-0.57,4.11,0.7050259143372988,-132.00276645981774,2.427332540266041,4.901928420776136,26.595584637333403,-33.31520765831623,54.13,0.133
SI,-1.03,5.48,"Rodríguez, Manuel",655889,ball,R,1,0,-1.14,0.6,0.52,1.26,6.823115345261323,-141.73526153128302,-7.231874631185449,-16.947567966232988,32.59780454438674,-22.543146469156905,53.9,0.064
SI,-1.12,5.45,"Rodríguez, Manuel",655889,ball,R,0,0,-1.15,0.83,-1.49,2.65,1.6602896607164594,-143.18173096863177,-4.118987626334127,-16.200476179816807,32.61654997895826,-19.969875163918843,53.89,0.032
SL,-1.02,5.5,"Rodríguez, Manuel",655889,hit_into_play,R,0,2,0.34,-0.05,-0.17,2.08,1.3960354674619857,-128.87529868486482,-2.159310586072824,3.4303748875355597,27.84258995170765,-32.45694434555112,53.99,1.079
SL,-1.03,5.53,"Rodríguez, Manuel",655889,called_strike,R,0,1,0.25,-0.19,0.34,3.07,2.858264886096328,-130.01273746946384,0.372870665768872,2.2183779806039907,28.60684430267691,-34.59714001737272,54.06,-0.047
SI,-1.05,5.5,"Rodríguez, Manuel",655889,foul,R,0,0,-1.35,0.61,-0.33,2.29,4.951911377904835,-138.41476715114285,-4.152106851083984,-18.465807489869363,31.396501938514884,-23.63645511681636,53.96,-0.032
SL,-1.26,5.54,"Rodríguez, Manuel",655889,hit_into_play,R,2,1,0.31,-0.04,-0.45,2.11,1.360094418197429,-130.68665430193755,-2.458748873003484,3.370739644379705,24.788776542436377,-32.404546350361066,54.05,0.961
SL,-1.43,5.42,"Rodríguez, Manuel",655889,ball,R,1,1,0.16,-0.12,-0.67,0.8,1.535030680594503,-128.8767655947525,-5.015807607487804,1.4704387153072052,25.389136033072862,-32.710633458793495,54.1,0.05
FF,-1.09,5.48,"Rodríguez, Manuel",655889,ball,R,0,1,-0.81,0.78,-0.49,0.84,3.420864837072864,-138.7954968449617,-8.404000394582008,-11.25360779911352,27.409098697412364,-20.498453579625256,54.07,0.021
SI,-1.24,5.53,"Rodríguez, Manuel",655889,called_strike,R,0,0,-1.08,0.63,-0.64,2.41,4.011101738207607,-138.9298547660723,-4.091116580312194,-14.903024996536825,27.08747947784359,-23.30150364815017,54.03,-0.032
SL,-1.09,5.63,"Rodríguez, Manuel",655889,called_strike,R,1,2,0.35,-0.36,0.48,2.3,3.1407483881275184,-130.16052054118535,-1.4743976316284468,3.4089128150355483,26.17505046244308,-36.158379428776335,54.01,-0.071
SL,-0.91,5.75,"Rodríguez, Manuel",655889,swinging_strike,R,1,1,0.35,0.21,0.66,1.77,3.205263332375961,-131.92742968190734,-4.559015697783105,3.556219829366293,25.1768154146072,-29.009813657780864,53.9,-0.026
SI,-0.83,5.71,"Rodríguez, Manuel",655889,ball,R,0,1,-0.93,0.72,0.59,3.53,5.953311935612275,-141.59160445127003,-2.019509424339771,-13.791899703370513,30.33321624769781,-22.22747288964609,54.04,0.011
SI,-1.07,5.61,"Rodríguez, Manuel",655889,swinging_strike,R,0,0,-1.02,0.67,-0.52,3.54,3.780342957562649,-140.06218383491506,-1.4464397909413569,-14.288215470860212,30.33112785345365,-23.242995058865468,53.86,-0.015
SL,-1.08,5.68,"Rodríguez, Manuel",655889,hit_into_play,L,2,2,0.36,-0.23,0.2,1.93,2.4543849487118328,-132.60965751584234,-3.105494443981401,3.761248330609029,25.13488317972484,-34.47129054728212,54.03,-0.142
SL,-1.22,5.63,"Rodríguez, Manuel",655889,called_strike,L,2,1,0.5,-0.02,-0.39,2.66,1.0157280609399628,-133.9688489258548,-1.7306089563119031,5.9163446005848055,24.95307389318629,-32.333807851636585,54.34,-0.051
FF,-1.01,5.83,"Rodríguez, Manuel",655889,ball,L,1,1,-0.14,1.15,-2.02,3.19,-2.3945719571883224,-142.5321211908655,-4.341291296313704,-1.44237306749254,29.11130021953908,-15.71184025871298,54.13,0.037
SI,-1.1,5.67,"Rodríguez, Manuel",655889,ball,L,0,1,-1.05,0.68,-1.66,2.86,0.8992348204156279,-142.28046395672166,-3.698642841089367,-14.526013933530846,28.93813078408505,-22.308354952236773,54.04,0.017
SL,-1.22,5.72,"Rodríguez, Manuel",655889,called_strike,L,0,0,0.4,0.14,-0.54,2.87,0.8561664909235774,-133.626986280783,-1.7574470663065145,4.661029627986609,24.63274218644733,-30.30558773581005,54.36,-0.024
SI,-0.98,5.72,"Rodríguez, Manuel",655889,hit_into_play,R,1,1,-1.22,0.62,-0.6,2.42,3.82907700634081,-141.418048240269,-4.742338245254844,-17.282848105512173,32.00614140354047,-23.042891712128736,54.07,-0.216
SL,-1.23,5.69,"Rodríguez, Manuel",655889,swinging_strike,R,1,0,0.32,0.02,0.13,1.58,2.7787794499092517,-133.82333880347792,-4.656948780129946,3.262382429127604,26.96953016433885,-31.24061184890184,54.06,-0.044
SI,-1.29,5.75,"Rodríguez, Manuel",655889,ball,R,0,0,-1.0,0.79,-1.57,3.58,1.5414468406335344,-142.12922759135884,-2.164805138253143,-13.893836221562552,31.99017301265369,-21.19179273250351,54.13,0.032
SI,-0.75,5.6,"Rodríguez, Manuel",655889,hit_into_play,R,0,1,-0.77,0.87,-0.34,2.19,2.9128092365467,-142.8994071450262,-5.795132761901025,-11.287701510232928,33.27575631489842,-19.119609328284064,54.07,-0.188
SL,-1.06,5.56,"Rodríguez, Manuel",655889,called_strike,R,0,0,0.38,0.09,-0.21,1.8,1.3374001914123146,-135.22001535403348,-4.08597959215613,4.421347819264762,29.11899612893063,-30.405667927149068,53.74,-0.042
SI,-0.73,5.59,"Rodríguez, Manuel",655889,ball,L,3,2,-0.96,0.92,0.24,1.16,4.834636628364464,-142.22159882845628,-8.610770671411359,-14.10364986582407,31.36330202552559,-17.958010460037208,53.99,0.1
SI,-0.88,5.72,"Rodríguez, Manuel",655889,ball,L,2,2,-0.92,0.92,-1.87,3.58,-0.5294592324780779,-142.54043507491028,-2.424527141191653,-12.419920191142504,33.63570365538824,-19.275060032542584,54.11,0.043
SL,-0.92,5.65,"Rodríguez, Manuel",655889,foul,L,2,2,0.51,-0.11,0.15,2.69,1.578076007969846,-131.90999542753136,-1.2758549996402675,5.653029891022166,26.364996451128462,-33.43338833733061,54.81,0.0
FF,-1.03,5.78,"Rodríguez, Manuel",655889,ball,L,1,2,-0.57,1.11,-0.54,4.6,2.609334993165516,-142.76160222205098,-0.3185230572475861,-8.353473334716863,32.397971286773405,-17.046263294526973,54.34,0.018
SI,-0.96,5.62,"Rodríguez, Manuel",655889,swinging_strike,L,1,1,-0.87,0.55,-0.18,3.24,4.140178490144195,-143.3887261567323,-2.2972020629380463,-13.019098253678688,32.17010206395728,-24.27285940941245,54.2,-0.026
SL,-1.27,5.56,"Rodríguez, Manuel",655889,foul,L,1,0,0.35,-0.17,-0.57,2.44,0.9944335609017227,-132.1635542539884,-1.542234802976591,3.8474402941090826,27.81860984453387,-34.0823919861623,54.35,-0.019
FF,-1.1,5.63,"Rodríguez, Manuel",655889,ball,L,0,0,-0.1,1.32,1.31,2.68,6.737551341930368,-142.2125283521678,-5.503906316632063,-2.8450825174810044,32.38044333548958,-13.194891158600203,54.04,0.016
SI,-1.14,5.67,"Rodríguez, Manuel",655889,hit_into_play,L,1,0,-1.06,0.59,-0.71,2.82,3.5891176063257006,-140.72444803740407,-3.386053735352406,-14.917894706720288,32.07261008007275,-23.72482339141302,54.22,-0.187
SL,-1.42,5.72,"Rodríguez, Manuel",655889,ball,L,0,0,0.27,0.07,-1.14,3.57,0.0960538482268733,-128.59371092587023,0.6501904249124406,3.043243738931708,24.55468942166309,-31.742212694364163,54.37,0.024
SL,-1.15,5.64,"Rodríguez, Manuel",655889,hit_into_play,R,0,2,0.49,-0.45,-0.26,2.79,1.1661334286728884,-129.48729219240724,-0.0368381109970512,5.383920102350992,24.484586708146686,-37.495921908428414,53.77,-0.149
SI,-1.28,5.55,"Rodríguez, Manuel",655889,foul,R,0,1,-0.82,0.35,0.25,2.89,6.05627993529473,-142.23370014408215,-2.5250387115247577,-12.52092927884812,30.237962055900724,-27.014727089532634,53.96,-0.047
SI,-1.26,5.69,"Rodríguez, Manuel",655889,called_strike,R,0,0,-0.71,0.64,-0.78,1.92,2.908529996417291,-140.5629539273947,-5.967390103008428,-10.077074571640146,30.615852180671578,-22.61393133889812,53.95,-0.032
SL,-0.94,5.53,"Rodríguez, Manuel",655889,hit_into_play,L,1,2,0.27,-0.19,0.36,2.19,2.734537148295587,-133.7023520017906,-2.1725238476855875,2.5733250750951653,30.39808000891427,-34.21349792239084,54.08,-0.573
SL,-0.96,5.6,"Rodríguez, Manuel",655889,called_strike,L,1,1,0.37,-0.22,-0.55,3.31,0.2322748855779518,-131.9859049205637,0.7189623637703748,4.283921286562809,30.73460592217743,-35.13652222869446,54.19,-0.145
SL,-0.77,5.51,"Rodríguez, Manuel",655889,blocked_ball,L,0,1,0.3,-0.19,0.89,0.08,3.51420389295762,-132.44687574411557,-7.257452453089085,2.6687590091070352,32.162517789172895,-32.812234401205544,54.1,0.052
FF,-0.87,5.61,"Rodríguez, Manuel",655889,called_strike,L,0,0,-0.29,1.57,0.83,2.24,5.343479670361368,-143.7063265035408,-7.3553959152533155,-5.417693044104055,38.25466534269036,-8.958007108180958,53.87,-0.099
SI,-0.96,5.61,"Rodríguez, Manuel",655889,ball,R,3,2,-1.34,0.86,-0.52,4.06,4.335752696560235,-143.78711837240724,-0.6802647916206201,-19.59341449865997,39.19949301391677,-20.463633027608505,54.18,0.344
SI,-1.01,5.58,"Rodríguez, Manuel",655889,foul,R,3,1,-1.44,0.95,-0.32,2.49,5.211318326976276,-142.35434658748648,-4.971303870207237,-20.76490685385487,37.02725483516175,-18.290886007880133,54.07,-0.131
SI,-0.92,5.62,"Rodríguez, Manuel",655889,ball,R,2,1,-1.11,1.17,1.01,1.38,7.677861564198848,-140.53329429087984,-8.381985412239148,-16.51485505116796,34.05296900015245,-14.910519630251963,54.02,0.083
FF,-1.01,5.61,"Rodríguez, Manuel",655889,swinging_strike,R,2,0,-0.31,1.52,0.29,3.14,4.180589604912942,-140.61777092629757,-4.424822406737831,-5.149845251998929,34.76561344617262,-11.32648777801048,54.05,-0.076
SL,-1.13,5.62,"Rodríguez, Manuel",655889,ball,R,1,0,0.55,-0.25,0.52,1.26,2.928854505673848,-131.60370107234164,-4.409586870141274,5.765739758460461,27.89412648377076,-34.3099733048446,54.21,0.075
SI,-0.89,5.6,"Rodríguez, Manuel",655889,ball,R,0,0,-1.15,0.99,0.84,1.86,7.289001883277907,-141.82554365664006,-6.820353472947316,-17.19999966478246,34.2924400264229,-17.334062037298377,54.2,0.042
SL,-0.93,5.57,"Rodríguez, Manuel",655889,hit_into_play,L,1,2,0.4,-0.3,0.44,2.99,2.53404781423816,-130.19440442291997,0.2709593911000996,4.01180524817977,28.40655428833761,-35.80960985419544,54.08,-0.288
SL,-1.0,5.52,"Rodríguez, Manuel",655889,called_strike,L,1,1,0.26,-0.56,-0.73,2.55,0.1204754672868575,-130.2152668446637,-0.1008080474114929,2.925969253962009,28.44675340629891,-38.69714832766388,54.05,-0.07
SL,-0.91,5.44,"Rodríguez, Manuel",655889,blocked_ball,L,0,1,0.59,0.08,2.04,0.3,6.150834355485665,-132.56351904784097,-7.077500942274765,5.291059999370804,33.14605256752696,-29.726455756038145,54.24,0.031
SI,-0.88,5.53,"Rodríguez, Manuel",655889,called_strike,L,0,0,-1.12,0.9,0.21,2.31,5.562351237410262,-142.62544782866462,-5.279034407280904,-16.564445216493787,34.2129209978535,-18.920108145568825,54.04,-0.042
SL,-0.9,5.52,"Rodríguez, Manuel",655889,hit_into_play,R,3,2,0.53,0.16,-0.43,2.8,0.0313027754246191,-131.88711095585413,-1.1538698983266105,6.102449886775218,31.80605608852146,-30.26641112286033,54.33,-0.558
SL,-0.94,5.51,"Rodríguez, Manuel",655889,ball,R,2,2,0.73,0.07,0.78,1.21,2.694915692587584,-130.04365274369076,-4.649639618471152,7.56067236211774,31.61291049862805,-30.51293282721701,54.13,0.191
SL,-0.86,5.5,"Rodríguez, Manuel",655889,ball,R,1,2,0.35,-0.1,1.49,1.02,5.141099528730792,-131.63106201879344,-4.984592917483813,2.862142336141672,29.293661188758534,-32.44814349510958,54.21,0.077
SL,-0.91,5.56,"Rodríguez, Manuel",655889,foul,R,1,1,0.39,-0.22,0.75,2.18,3.3202469375418,-131.44508097229578,-1.9601101670135008,3.6787514937971775,30.815930916644486,-34.495200565656944,54.1,-0.078
SI,-0.79,5.65,"Rodríguez, Manuel",655889,ball,R,0,1,-1.12,0.9,-0.93,3.93,2.1816628820923185,-140.31000384749512,-0.9912143279182436,-15.273654519643545,35.52767043143832,-20.33675423535235,54.1,0.057
SI,-0.96,5.57,"Rodríguez, Manuel",655889,called_strike,R,0,0,-1.3,0.77,-0.28,2.78,4.84997266038603,-142.62908507965236,-3.814105984221217,-18.83646641079862,35.302005239576,-21.00173374199322,54.12,-0.064
SI,-0.91,5.53,"Rodríguez, Manuel",655889,hit_into_play,R,0,1,-1.34,0.67,-0.57,2.74,3.952442619079092,-140.74640384151928,-3.353500066628341,-18.61397547643281,35.9867076555046,-22.71049492494606,54.25,0.442
SL,-1.06,5.62,"Rodríguez, Manuel",655889,called_strike,R,0,0,0.41,-0.21,0.1,2.69,1.9782882235803203,-129.80354940814334,-0.7192660201266062,4.230298046742639,28.68131490542792,-34.613503142495226,54.1,-0.032
SL,-1.46,5.42,"Rodríguez, Manuel",655889,swinging_strike,R,2,2,0.2,0.2,-0.14,1.8,2.867766474442724,-131.19599238609726,-3.512484934410688,1.8188286652596175,25.32230253661773,-29.383298178059192,53.96,-0.088
FF,-1.29,5.53,"Rodríguez, Manuel",655889,ball,R,1,2,-0.61,1.47,0.82,2.04,6.902943017642461,-137.45612828774867,-6.721900006023296,-9.363376355595843,32.10451942580656,-12.173750654099411,53.89,0.018
SL,-1.36,5.45,"Rodríguez, Manuel",655889,swinging_strike,R,1,1,0.27,0.13,1.17,1.63,5.671455190774448,-129.95122992328757,-3.700462409198128,1.947553983240764,26.38904477316484,-30.120815615929253,53.92,-0.026
SI,-1.41,5.44,"Rodríguez, Manuel",655889,called_strike,R,1,0,-1.11,0.78,-0.2,3.2,5.70373245426328,-138.20371421635053,-1.9846069917380968,-15.505160908945983,30.69177706579929,-21.896671445920735,53.93,-0.019
SI,-1.36,5.39,"Rodríguez, Manuel",655889,ball,R,0,0,-1.22,0.61,1.02,1.01,9.074342351616018,-138.95950982613334,-7.364338677977129,-17.787520164576154,29.746606036177784,-22.75630257061073,53.83,0.016
SL,-1.16,5.51,"Rodríguez, Manuel",655889,foul_tip,R,1,2,0.29,-0.18,1.15,1.89,5.0315225224129225,-127.56859686254484,-2.1839775989359853,1.9572030796691589,28.83062525739295,-33.90342442313772,53.89,-0.116
SI,-1.28,5.43,"Rodríguez, Manuel",655889,foul,R,1,1,-1.43,0.74,-0.13,1.77,6.276279099948594,-138.93279579876358,-5.727677248241743,-19.913703685756403,29.322842494872813,-21.52506309472457,53.9,-0.04
SL,-1.36,5.53,"Rodríguez, Manuel",655889,foul,R,1,0,0.18,-0.36,-0.58,2.61,1.5173045278928874,-125.85230811581827,-0.0049560656284457,1.5442508862379811,26.004256215438097,-36.265345672251456,54.09,-0.031
SI,-1.31,5.37,"Rodríguez, Manuel",655889,ball,R,0,0,-1.23,0.83,1.24,0.63,9.498124565202977,-138.32568506076677,-8.704728712897007,-17.859000920188276,31.0022087498975,-19.639187260294847,53.87,0.024
SL,-1.37,5.51,"Rodríguez, Manuel",655889,hit_into_play,L,0,0,0.43,-0.14,0.31,1.74,3.148892366557434,-126.5645884675438,-2.5909131872448032,4.020302363049826,26.12001706999753,-33.37267825922553,53.93,-0.228
SL,-1.65,5.55,"Rodríguez, Manuel",655889,called_strike,R,3,2,0.35,-0.01,-0.49,2.84,2.1208561617699724,-129.92224531586615,-0.669507505408458,3.5509995332870696,25.51738395486128,-32.339055566158365,54.05,-0.305
SI,-1.31,5.36,"Rodríguez, Manuel",655889,ball,R,2,2,-1.24,0.73,0.43,0.65,7.490397694587283,-139.81529096734664,-8.623818388110797,-17.9810902709826,30.72786649180136,-20.82398187880528,53.79,0.064
ST,-1.31,5.55,"Rodríguez, Manuel",655889,ball,R,1,2,0.76,-0.5,1.43,0.96,5.065918410828306,-126.68782119495476,-3.8574809761233935,7.13354190799801,25.556183921927623,-36.94071542501995,53.69,0.048
SL,-1.28,5.55,"Rodríguez, Manuel",655889,blocked_ball,R,0,2,0.69,-0.06,0.89,0.73,3.819253451853299,-127.32833536843262,-5.360458763396109,6.66940643006465,27.089911691079745,-31.943183394370536,53.81,0.022
SI,-1.23,5.53,"Rodríguez, Manuel",655889,foul,R,0,1,-0.97,0.62,-0.59,2.9,3.867341411293199,-137.4480944971747,-2.5634177852644195,-13.128745736039402,30.48148226028231,-23.941418768801825,53.89,-0.077
SI,-1.48,5.49,"Rodríguez, Manuel",655889,swinging_strike,R,0,0,-0.89,0.42,-0.61,1.22,4.383808998837817,-140.16665521396837,-6.817261691686831,-12.738886783442211,29.024015229839595,-25.41067709177495,53.85,-0.048
SL,-1.21,5.61,"Rodríguez, Manuel",655889,swinging_strike,L,2,2,0.25,-0.04,-0.09,2.37,2.190225139277633,-125.74783170485324,-1.496852263628164,2.246531460071492,23.368319049290783,-32.49373949613343,53.71,-0.278
SL,-1.3,5.57,"Rodríguez, Manuel",655889,foul,L,2,1,0.55,0.08,0.06,1.3,2.172706962090172,-127.69809368317758,-4.393721573431644,5.532303514551924,26.43369816114163,-30.60802352045225,53.73,-0.105
FF,-1.71,5.52,"Rodríguez, Manuel",655889,ball,L,1,1,-0.21,1.02,-2.04,2.31,-0.4126714502486817,-136.01389984858312,-4.86108234209424,-2.5131561864153067,26.249278281557388,-18.70632151191837,53.89,0.064
SL,-1.36,5.58,"Rodríguez, Manuel",655889,swinging_strike,L,1,0,0.47,0.0,-0.53,3.0,1.05940879027157,-127.200903026845,-0.1235617960695306,4.911645997429502,23.20071226147275,-32.378681467045254,53.6,-0.062
FF,-1.68,5.55,"Rodríguez, Manuel",655889,ball,L,0,0,-0.49,1.18,-1.59,2.73,1.3510680035967877,-136.77126160642092,-4.25621658220565,-6.448358878332345,28.778021046461262,-16.63164323125526,53.79,0.036
SL,-1.61,5.54,"Rodríguez, Manuel",655889,hit_into_play,R,2,2,0.27,0.17,0.01,1.8,3.3426393754708057,-125.81071814855952,-3.084128216442973,2.2605682932101168,24.82091432038592,-29.943155338463352,53.8,1.521
SL,-1.74,5.61,"Rodríguez, Manuel",655889,foul,R,2,2,-0.02,-0.06,0.28,2.3,4.930698878445312,-126.84428538127229,-1.676763124772504,-1.2710100153289143,26.32542331357836,-32.675550824611385,53.96,0.0
SI,-1.88,5.55,"Rodríguez, Manuel",655889,foul,R,2,1,-1.08,0.27,-0.39,1.97,6.23064192792496,-135.9119699452166,-4.085826998420843,-14.774838650292995,28.84342324954289,-28.19512920337111,54.02,-0.239
SL,-1.78,5.62,"Rodríguez, Manuel",655889,foul,R,2,0,0.33,-0.18,-0.56,3.07,2.244625865275352,-126.42611871577635,0.3612884688670472,3.18058752343226,21.48145219102907,-34.35721754198354,54.23,-0.098
SI,-1.75,5.53,"Rodríguez, Manuel",655889,blocked_ball,R,1,0,-1.14,0.39,1.17,0.31,9.976893055366368,-134.4668568456628,-8.405369893810814,-16.001857975619682,28.255151441783244,-25.82383712194413,53.99,0.06
SI,-1.52,5.55,"Rodríguez, Manuel",655889,ball,R,0,0,-1.07,0.37,0.91,1.6,8.68917068715056,-136.98008351988358,-5.432357585090231,-15.316135596859082,28.179663451552287,-26.52334410280965,54.1,0.03
SL,-1.41,5.57,"Rodríguez, Manuel",655889,hit_into_play,R,0,0,0.31,-0.42,-0.63,2.42,1.2309042349978274,-126.63673113310604,-0.5738941852710198,3.140489767848253,24.58943377393085,-36.75138882256534,53.83,-0.61
FF,-1.24,5.48,"Rodríguez, Manuel",655889,hit_into_play,L,0,0,-0.36,1.19,-0.92,2.28,1.656426490928059,-138.52741453003895,-5.470362845577182,-4.975630165134018,29.61703548260309,-15.859157426045495,53.92,0.811
SL,-1.15,5.56,"Rodríguez, Manuel",655889,hit_into_play,L,0,2,0.22,-0.24,-0.24,1.68,1.7451455650711556,-126.74963660308808,-2.6898606915892693,2.004951164832574,24.69429352214579,-34.496089642391574,54.08,0.648
SL,-1.23,5.6,"Rodríguez, Manuel",655889,foul,L,0,2,0.09,-0.07,-0.65,2.29,1.2009193189387202,-126.34641558164331,-1.6001239123960198,0.7764882907613349,25.432875795248947,-32.84569067821109,53.65,0.0
FF,-1.07,5.54,"Rodríguez, Manuel",655889,called_strike,L,0,1,-0.36,1.18,0.13,1.82,3.964561295007037,-138.34113422343168,-6.777525154781381,-5.50470110243325,29.45022703294274,-15.727398268961505,54.09,-0.059
FF,-1.26,5.67,"Rodríguez, Manuel",655889,foul,L,0,0,-0.72,1.22,-0.42,2.97,3.870303727332658,-139.0125098495729,-4.275049249735694,-10.140889577425163,30.453363118337155,-15.64170684038565,53.73,-0.042
SL,-1.2,5.56,"Rodríguez, Manuel",655889,hit_into_play,R,1,2,0.51,-0.6,-0.19,2.59,1.418421460212831,-128.69301964558755,0.0751458745451612,5.4235294560058485,26.668720668529293,-39.02999862735481,53.88,-0.071
SI,-1.09,5.46,"Rodríguez, Manuel",655889,foul,R,1,1,-1.13,0.66,-0.15,2.39,5.095140260412093,-140.21701127176908,-4.084547463223927,-16.092408726559242,32.75632404901158,-22.7416078408068,54.01,-0.026
SL,-1.12,5.47,"Rodríguez, Manuel",655889,ball,R,0,1,0.57,-0.53,1.03,1.31,4.003477450077977,-126.68668367872095,-2.7087511977374565,5.268178241858943,27.685970607329367,-37.45014458228855,53.91,0.011
SI,-1.19,5.44,"Rodríguez, Manuel",655889,called_strike,R,0,0,-1.19,0.67,0.51,1.37,7.1976342826501805,-139.2280139593202,-6.616625466682113,-17.165963880995896,33.21820293462948,-22.045660505270785,54.02,-0.015
SL,-1.11,5.56,"Rodríguez, Manuel",655889,swinging_strike,R,1,2,0.54,-0.57,0.84,2.44,3.644294896675104,-129.02690333735654,-0.3213415598117074,5.151251904274441,29.73261759770956,-38.63285759045571,53.94,-0.116
SL,-1.18,5.54,"Rodríguez, Manuel",655889,swinging_strike,R,1,1,0.54,-0.46,0.24,1.96,2.3574048908192484,-128.93481748358437,-1.6795005707858937,5.444585166876524,28.62553595363992,-37.17309469680677,53.92,-0.04
SL,-1.3,5.45,"Rodríguez, Manuel",655889,swinging_strike,R,1,0,0.74,-0.14,0.96,1.33,4.013921641187717,-130.03079574620978,-3.819909754375269,7.476079470480375,29.69279442169316,-33.089185735428536,53.96,-0.031
SI,-1.05,5.47,"Rodríguez, Manuel",655889,ball,R,0,0,-1.17,0.86,1.12,1.57,8.370955392415864,-138.8519802290891,-6.575042255550976,-16.985979476475986,32.60749699254466,-19.728766598116795,54.04,0.024
SL,-1.28,5.58,"Rodríguez, Manuel",655889,hit_into_play,L,0,1,0.36,-0.01,0.06,1.05,2.527556486889311,-128.39391238712898,-4.900597398668955,3.406062370730475,26.625913676440515,-31.5247142321186,54.04,-0.196
FF,-1.24,5.57,"Rodríguez, Manuel",655889,called_strike,L,0,0,-0.77,1.45,-0.18,2.64,4.521006658757277,-138.04837900228594,-5.231009254347765,-10.821585847773004,33.618897624717526,-12.722522817859184,53.82,-0.032
SL,-0.97,5.5,"Rodríguez, Manuel",655889,hit_into_play,R,1,2,0.35,-0.18,0.6,3.3,3.1296939213891504,-128.88343146492062,1.081762637387608,3.302881268380817,26.456589184294263,-34.6441300668543,53.95,1.157
SI,-1.12,5.43,"Rodríguez, Manuel",655889,foul,R,1,2,-1.13,0.87,-1.11,3.39,2.599473808588114,-139.8321429855927,-1.8135308614824588,-15.368618865185583,31.244116644250777,-20.52592872744203,53.94,0.0
SL,-1.11,5.54,"Rodríguez, Manuel",655889,foul,R,1,2,0.46,-0.23,0.36,3.23,2.614441940995933,-127.63589390599432,1.032209060574518,4.470556629692741,26.20099595237045,-35.11076192042523,53.94,0.0
SL,-1.2,5.45,"Rodríguez, Manuel",655889,called_strike,R,1,1,0.47,0.13,0.33,2.96,2.7379528784957072,-128.03916403564756,-0.2546710445268006,4.701529457119123,24.700860410602857,-30.88321290472589,53.97,-0.155
SL,-1.13,5.43,"Rodríguez, Manuel",655889,blocked_ball,R,0,1,0.49,-0.12,1.3,0.66,4.89515995549587,-127.65158213125714,-5.196650667094718,4.402858295815157,25.117096962867016,-32.70596960523873,53.92,0.056
SI,-1.08,5.42,"Rodríguez, Manuel",655889,called_strike,R,0,0,-1.15,0.93,-0.3,2.77,4.694507933151943,-139.24927672891826,-3.491992746713432,-16.071317422362423,30.92817564448582,-19.531135921826262,53.9,-0.093
SL,-1.09,5.43,"Rodríguez, Manuel",655889,hit_into_play,L,1,1,0.38,-0.11,0.21,1.72,2.419549705322841,-130.223525166116,-2.955978528518826,3.8706007784878182,25.270205291176183,-33.102577612898514,53.87,-0.433
SL,-1.02,5.37,"Rodríguez, Manuel",655889,blocked_ball,L,0,1,0.33,-0.16,0.2,0.27,2.3059737432566925,-129.3536200042955,-6.157415510944831,3.220572241651104,26.0341741501932,-32.958643435220075,53.83,0.057
FF,-1.13,5.43,"Rodríguez, Manuel",655889,called_strike,L,0,0,-0.15,1.12,-0.05,1.84,3.26768632790089,-141.7073483231829,-6.753042505299082,-2.738362443859717,32.88354713967193,-15.699200450530745,53.82,-0.073
SI,-1.22,5.31,"Rodríguez, Manuel",655889,hit_by_pitch,R,1,1,-1.23,0.74,-1.9,3.8,0.9978393644971382,-141.20109689954882,-0.1985840171356392,-16.65085852200068,32.92062868031209,-22.49135083644948,54.03,0.157
SL,-1.09,5.44,"Rodríguez, Manuel",655889,swinging_strike,R,1,0,0.43,-0.25,0.37,1.91,2.7024552676845537,-130.065407852174,-2.1772686188937183,4.344726175042513,27.276430013552883,-34.71723884680736,53.97,-0.049
SI,-1.42,5.21,"Rodríguez, Manuel",655889,ball,R,0,0,-1.5,0.51,-1.26,1.32,3.860311247224657,-139.0607055042021,-5.806829636838335,-20.37702585944116,32.125640925471195,-24.405202884695704,53.9,0.021
SI,-1.23,5.32,"Rodríguez, Manuel",655889,hit_into_play,R,0,0,-1.34,0.95,-0.97,1.97,3.797359744935571,-140.87295373437158,-5.579295064251879,-18.696595950244834,31.872028368562816,-18.521620351758585,53.88,-0.65
SL,-1.21,5.45,"Rodríguez, Manuel",655889,ball,L,3,1,0.46,-0.44,-1.46,2.85,-1.567566832327986,-128.74739500351112,0.6060017335834369,5.450794496158991,25.095765832846848,-37.38414341159612,53.9,0.148
FF,-1.04,5.43,"Rodríguez, Manuel",655889,called_strike,L,3,0,-0.5,1.34,-0.5,2.78,2.553088542067272,-138.87922121477584,-4.406026829663106,-7.023330277147957,29.66190031387905,-14.058081646066327,53.92,-0.052
FF,-1.28,5.42,"Rodríguez, Manuel",655889,ball,L,2,0,-0.56,1.36,-1.1,2.61,1.7644439098129772,-141.50848813871292,-5.1895295169659,-7.8908306749235075,30.409072663907587,-12.84614648693615,53.91,0.084
SL,-1.14,5.41,"Rodríguez, Manuel",655889,blocked_ball,L,1,0,0.28,-0.36,0.4,-0.44,3.1744935643615277,-128.56517947278417,-7.382285350989444,2.311332810912259,29.96121690039439,-34.67187606813071,53.97,0.032
SL,-1.06,5.5,"Rodríguez, Manuel",655889,ball,L,0,0,0.42,0.07,1.26,3.03,4.912918364366096,-131.12579799312277,-0.283710812227779,3.692728192189031,29.10504820853536,-31.567566761267067,54.0,0.063
SI,-1.43,5.4,"Rodríguez, Manuel",655889,hit_into_play,R,0,0,-1.22,0.84,-1.72,2.93,1.995455631406476,-139.5752431547138,-2.8419092929217578,-16.3876108480312,31.37027887815325,-20.723549995190723,54.15,-0.046
FF,-0.8,5.63,"Rodríguez, Manuel",655889,foul_tip,R,1,2,-0.56,1.42,-0.68,2.83,1.6103794740662642,-142.22219480721046,-5.323585711872326,-7.896656657541703,35.05515248359135,-11.86610909387091,53.98,-0.236
SL,-0.97,5.54,"Rodríguez, Manuel",655889,foul,R,1,2,0.22,-0.41,1.1,1.97,4.606368211087881,-129.3416587930517,-1.791059618557157,1.4643507958609316,29.18106607288224,-36.59225708481988,54.09,0.0
SL,-1.05,5.48,"Rodríguez, Manuel",655889,ball,R,0,2,0.14,-0.14,0.96,1.51,4.696220172746913,-130.8281675550249,-3.537196231369567,0.6159460546682816,28.55257558309441,-33.263857334012634,53.98,0.022
SL,-0.93,5.55,"Rodríguez, Manuel",655889,foul,R,0,1,0.17,-0.21,0.83,2.08,3.9865467361121976,-128.7715802797345,-1.932503420764613,0.9737089915994166,27.84389820675333,-34.326708755214895,53.95,-0.077
SL,-1.32,5.49,"Rodríguez, Manuel",655889,foul,R,0,0,0.3,-0.02,-0.1,2.3,2.4219195012566184,-132.12862379476798,-2.0047434400941477,2.8955100405257066,30.20235758860665,-32.136055770087864,53.97,-0.048
SI,-1.18,5.39,"Rodríguez, Manuel",655889,hit_into_play,R,2,1,-0.99,1.0,-0.64,2.73,3.713554012570244,-141.34136399169384,-3.858336046707804,-14.117893354802336,34.10506504028092,-18.171861891611343,54.07,0.219
SL,-1.14,5.52,"Rodríguez, Manuel",655889,ball,R,1,1,0.32,-0.13,0.69,1.64,3.8707727458698784,-130.81697646480876,-3.3582743741992536,2.787847635026131,28.412453757119884,-33.136864964495594,54.15,0.023
SL,-1.25,5.59,"Rodríguez, Manuel",655889,ball,R,0,1,0.27,-0.17,-1.93,3.75,-2.252900341347679,-130.70004826264633,1.808426872555927,3.5955468331824894,28.14268028469335,-34.73116523889987,54.15,0.011
SI,-1.23,5.41,"Rodríguez, Manuel",655889,called_strike,R,0,0,-1.1,0.92,0.64,2.15,7.615496579352086,-142.388901400207,-5.436544515242075,-16.759430340308548,34.101740556244366,-18.548951586578664,53.93,-0.015
SL,-1.17,5.56,"Rodríguez, Manuel",655889,hit_into_play,L,2,2,0.52,-0.27,0.04,1.92,1.9077381225712944,-131.50822184049187,-2.511188512939392,5.536729619671807,29.8783808992781,-34.98276276863793,53.95,-0.142
FF,-1.05,5.69,"Rodríguez, Manuel",655889,ball,L,1,2,-0.53,1.45,-1.56,4.4,-0.159750901965038,-140.6572875992788,-1.166365382406831,-6.958810499452419,32.76619530195874,-12.91351471644953,54.19,0.026
SL,-1.11,5.54,"Rodríguez, Manuel",655889,called_strike,L,1,1,0.45,-0.23,0.15,1.55,2.1617883379844507,-130.17170599952902,-3.3118823873673917,4.593566009065885,28.59311201146593,-34.325646533621104,54.2,-0.04
SL,-1.14,5.51,"Rodríguez, Manuel",655889,ball,L,0,1,0.33,-0.12,-0.13,1.55,1.7977669821148168,-131.1845983118071,-3.631899724465749,3.406956695553534,27.73347885572185,-33.00312065943804,54.11,0.017
FF,-1.2,5.55,"Rodríguez, Manuel",655889,called_strike,L,0,0,-0.43,1.52,-0.2,3.04,3.6572446600739386,-140.17752294809998,-4.520756123315172,-6.57919706472694,33.36768091810081,-11.350626227293892,54.11,-0.024
SL,-1.21,5.46,"Rodríguez, Manuel",655889,called_strike,R,1,2,0.3,-0.47,0.7,1.96,4.097522481531992,-130.05785615044945,-1.5484357620993952,2.407153436757426,30.534416279200624,-37.34522335838588,54.12,-0.168
SL,-1.18,5.53,"Rodríguez, Manuel",655889,foul,R,1,1,0.29,-0.16,-0.02,1.47,2.216863579127216,-128.10964038562227,-3.370930040110323,2.667426452115038,28.532326885071846,-33.41235665241517,54.14,-0.049
SL,-1.36,5.52,"Rodríguez, Manuel",655889,called_strike,R,1,0,0.37,0.07,0.7,1.9,4.280373721816195,-129.50118626841046,-2.9738821130178184,3.17629929510826,29.0320331955389,-30.91602470106016,54.16,-0.044
SI,-1.06,5.51,"Rodríguez, Manuel",655889,ball,R,0,0,-1.25,0.91,1.74,1.78,10.198188685423922,-139.01269416975438,-6.231436708277052,-18.59450982541225,33.21971493528486,-19.11519126203464,54.15,0.032
SL,-1.18,5.51,"Rodríguez, Manuel",655889,hit_into_play,R,0,1,0.36,-0.08,0.82,3.03,4.119994448798865,-128.2811283686873,0.3001314347829991,3.005794236918716,28.71393667687021,-33.39764448519337,53.94,-0.188
SI,-1.41,5.35,"Rodríguez, Manuel",655889,called_strike,R,0,0,-1.3,0.57,-0.1,1.72,6.593995776324479,-142.45818927501983,-5.630390311691329,-19.213784540559868,34.04634314341586,-23.30372383910411,53.87,-0.042
FF,-1.19,5.54,"Rodríguez, Manuel",655889,hit_by_pitch,R,2,2,-0.46,1.33,-1.86,3.76,-0.7496229737467053,-139.95742834024475,-2.12409030497525,-5.78169493130784,33.67248536760291,-14.527569433220838,53.96,0.142
SL,-1.19,5.57,"Rodríguez, Manuel",655889,ball,R,1,2,0.47,-0.3,1.1,3.09,4.684428738364677,-129.9935803182981,0.5783294025246466,4.259498323849655,28.61560362894817,-35.93961378723893,53.95,0.018
SL,-0.99,5.62,"Rodríguez, Manuel",655889,ball,R,0,2,0.61,-0.05,1.57,3.73,4.980619848633647,-128.5398886808991,1.6659306643104288,5.582173270893176,29.06417608877049,-33.29503917302406,53.83,0.009
SL,-1.2,5.55,"Rodríguez, Manuel",655889,foul,R,0,1,0.17,-0.3,-0.75,3.08,0.7787887340613341,-130.16771660383802,0.5414294900030978,1.7314226654320368,28.05918403984485,-35.881157324023924,54.12,-0.024
SI,-1.47,5.45,"Rodríguez, Manuel",655889,foul,R,0,0,-1.34,0.7,-0.58,2.18,5.496104921327355,-141.87615822121765,-4.902335202344501,-19.29346198518389,34.10326843444425,-21.761768274618596,53.94,-0.015
SL,-1.32,5.54,"Rodríguez, Manuel",655889,hit_into_play,L,2,2,0.3,-0.27,-0.79,2.8,0.6883760630325022,-130.48675570190883,-0.1584952467153851,3.266193839539673,28.58448108055884,-35.46448338634754,53.89,-0.528
SL,-1.15,5.54,"Rodríguez, Manuel",655889,blocked_ball,L,1,2,0.39,-0.32,1.84,0.64,6.597392927699808,-130.1330364094692,-5.34051414313808,2.8323205909419564,30.10488424761871,-34.791737110390365,53.88,0.077
SL,-1.12,5.61,"Rodríguez, Manuel",655889,swinging_strike,L,1,1,0.39,-0.41,1.02,2.28,4.425559854004444,-129.3175674262259,-1.2140648507961915,3.342598916085636,29.327868335755,-36.64945060333455,54.02,-0.078
SI,-1.27,5.46,"Rodríguez, Manuel",655889,called_strike,L,1,0,-1.35,0.67,0.23,1.94,7.1710086207470685,-141.22532182670665,-5.441439616887185,-19.717652726308422,34.37306411930496,-22.086617688817785,53.83,-0.075
FF,-1.08,5.58,"Rodríguez, Manuel",655889,ball,L,0,0,-0.6,1.31,0.82,3.23,6.449231791252594,-140.71947758268772,-3.692064130407739,-9.49937661023181,34.13638196389672,-14.15179988656794,53.93,0.067
FF,-1.36,5.56,"Rodríguez, Manuel",655889,ball,R,3,0,-0.71,1.36,-0.99,3.69,2.5834139276992203,-139.63204904919576,-2.39872894812292,-9.841647631424555,33.68069298909335,-14.129974974283588,54.12,0.182
SI,-1.38,5.53,"Rodríguez, Manuel",655889,ball,R,2,0,-1.22,0.88,-1.2,2.74,3.2257549077486893,-139.87399862766244,-3.756765222710335,-16.686515392897228,34.137310468269554,-20.048983213174232,54.12,0.133
SI,-1.36,5.52,"Rodríguez, Manuel",655889,ball,R,1,0,-1.4,0.83,-0.95,1.98,4.270812984005438,-139.8999439666443,-5.6313217503222015,-19.357772402458032,34.50433268541194,-20.211142073680875,54.14,0.064
SL,-1.29,5.67,"Rodríguez, Manuel",655889,ball,R,0,0,0.36,-0.15,-1.24,3.19,-0.6378681696843477,-129.11148488748216,0.3295673992264976,4.195629401986088,28.132301699294096,-34.127956400329936,54.29,0.032
SL,-1.05,5.56,"Rodríguez, Manuel",655889,hit_into_play,L,2,2,0.38,-0.26,0.07,2.42,1.9444167577130291,-129.42650366016835,-1.1234058810379504,3.9094538234881937,26.30036105668322,-35.09734063672408,53.9,0.924
SL,-1.06,5.46,"Rodríguez, Manuel",655889,blocked_ball,L,1,2,0.17,-0.21,1.02,0.1,4.649564018612303,-126.14027034856764,-6.219611110121653,0.8316995940690795,26.958312598096505,-33.27173591890256,53.67,0.071
FF,-1.28,5.55,"Rodríguez, Manuel",655889,foul,L,1,2,-0.73,0.99,-0.13,1.63,4.715241312462488,-138.68735831236626,-6.9579620635849135,-10.50081533882829,29.92358962206054,-18.031856907365466,53.77,0.0
FF,-1.17,5.62,"Rodríguez, Manuel",655889,ball,L,0,2,-0.71,1.17,-0.52,4.39,3.309850319056692,-138.0996343064884,-0.191369611877741,-9.833315653812058,29.990952367664622,-17.311161646090408,53.94,0.011
SL,-1.14,5.5,"Rodríguez, Manuel",655889,swinging_strike_blocked,L,0,1,0.41,-0.32,0.63,0.56,3.4627794497330573,-127.46487775102288,-5.168535147755783,3.758146120272463,25.709957145000114,-34.850443443961936,53.77,-0.135
FF,-1.32,5.41,"Rodríguez, Manuel",655889,called_strike,L,0,0,-0.36,1.23,-0.2,2.64,3.833544588561906,-140.16859251116026,-4.603899993833848,-5.648266608764472,31.192057718597,-15.09920989127508,53.87,-0.097
SL,-1.14,5.52,"Rodríguez, Manuel",655889,hit_into_play,L,0,2,0.41,-0.34,-0.11,2.3,1.6614054404641616,-128.1389667286134,-0.9926560046702136,4.168553141515539,27.260472676872222,-35.92370492126009,53.83,0.83
SL,-1.2,5.61,"Rodríguez, Manuel",655889,foul,L,0,2,0.25,-0.19,-0.21,3.29,1.9278158623800203,-128.74711510099104,0.8311141925512553,2.3553366552651105,27.296877835992955,-34.67047193940696,53.76,0.0
FF,-1.22,5.66,"Rodríguez, Manuel",655889,foul,L,0,2,-0.41,1.13,-0.6,3.04,2.5885449965878613,-139.72932438839698,-3.933761414675293,-5.997408543487079,30.166363468223874,-16.627648212051998,54.0,0.0
FF,-1.19,5.54,"Rodríguez, Manuel",655889,foul,L,0,1,-0.32,1.3,0.77,3.11,5.922713663968554,-139.08389447857357,-3.744510711013621,-5.477543759568395,31.208133428576087,-14.671076983006078,53.81,-0.075
SL,-1.36,5.46,"Rodríguez, Manuel",655889,called_strike,L,0,0,0.32,-0.39,-0.65,2.51,1.038356964414257,-125.7156358656792,-0.0011007382489578,3.15202208134508,25.86497075965344,-36.54603547414844,54.18,-0.064
SI,-1.5,5.34,"Rodríguez, Manuel",655889,hit_into_play,R,2,1,-1.25,0.71,-0.5,2.7,5.457297298448729,-138.36688668386645,-2.845955947422363,-17.300070877838035,32.274331953978155,-22.678757017109817,53.83,0.403
SL,-1.36,5.55,"Rodríguez, Manuel",655889,ball,R,1,1,0.55,-0.35,-0.33,4.24,1.3425318853814536,-126.98182237326591,3.751543206871224,5.7207162752133405,25.8082915425958,-36.91462967057281,53.89,0.05
SL,-1.47,5.49,"Rodríguez, Manuel",655889,foul,R,1,0,0.26,-0.31,0.01,2.08,3.0687810358733056,-128.11456072005018,-1.484213799764014,2.176220523551488,28.591168662110807,-35.424277237994005,53.89,-0.044
SL,-1.53,5.49,"Rodríguez, Manuel",655889,ball,R,0,0,0.34,0.29,0.81,3.27,4.996925109506691,-128.07386940161217,0.1388494590456744,2.660835273514052,26.459035868976216,-29.27689206526276,54.01,0.032
SL,-1.17,5.45,"Rodríguez, Manuel",655889,swinging_strike_blocked,L,0,2,0.36,-0.18,0.48,0.48,3.293577766675314,-129.28457355536256,-5.768068217784061,3.364622642223651,28.066281906332925,-33.10906021418562,53.82,-0.555
SL,-1.13,5.46,"Rodríguez, Manuel",655889,swinging_strike,L,0,1,0.42,-0.44,0.97,1.79,4.290025357794087,-129.4313810008295,-2.060407416374349,3.800595058764558,26.87834827412389,-36.85052481907043,54.06,-0.116
SL,-1.27,5.51,"Rodríguez, Manuel",655889,foul,L,0,0,0.52,-0.16,-0.14,2.6,1.7248347904568213,-130.31736029170048,-0.7871810604967406,5.531465671825728,29.430869951987685,-34.07862969168586,53.47,-0.099
SI,-1.34,5.32,"Rodríguez, Manuel",655889,ball,L,3,2,-1.11,0.88,-1.29,2.89,2.6913692513519827,-139.63390870123328,-2.831980332231359,-15.092528581448924,33.2049491957524,-20.205584528730395,53.52,0.767
SL,-1.2,5.48,"Rodríguez, Manuel",655889,ball,L,2,2,0.41,-0.35,1.04,2.0,4.578462447735629,-127.24305935438817,-1.4728029341450095,3.418920155850954,28.592880594895394,-35.81600228362426,53.78,0.279
SI,-1.37,5.35,"Rodríguez, Manuel",655889,foul,L,2,1,-1.21,0.7,-0.94,2.45,3.865935534070615,-138.56137578349737,-3.587236461635361,-16.46024249243576,29.63034706994274,-22.568094352171364,53.88,-0.122
SI,-1.33,5.36,"Rodríguez, Manuel",655889,foul,L,2,0,-1.18,0.6,-0.61,2.42,4.6341485813219885,-139.68402394250455,-3.537390531540692,-16.474177633095056,32.56421279627021,-23.731819553892624,53.79,-0.239
SL,-1.16,5.5,"Rodríguez, Manuel",655889,ball,L,1,0,0.35,0.02,1.07,2.34,4.77685810836218,-129.96771472998606,-1.8045671085071229,2.992532169822228,27.827489343927,-31.79121467906161,53.9,0.226
SL,-1.36,5.6,"Rodríguez, Manuel",655889,ball,L,0,0,0.25,-0.27,-1.32,3.23,-0.4268357830461822,-128.4775765777724,0.916903142790769,2.822793692219161,27.92799010449714,-35.54980355216892,53.91,0.086
FF,-1.05,5.8,"Rodríguez, Manuel",655889,hit_into_play,R,1,2,-0.17,1.46,0.5,3.31,4.505065098869599,-139.0986912472047,-4.277091928360056,-3.2947618045813485,31.84114431624648,-12.413260048218785,53.86,-0.107
SL,-1.41,5.5,"Rodríguez, Manuel",655889,foul,R,1,1,0.29,-0.07,0.59,1.01,4.308712798552874,-129.6588896821581,-4.862454767654938,2.395441613907725,27.341148827186565,-32.1496209512101,54.0,-0.209
SI,-1.15,5.49,"Rodríguez, Manuel",655889,ball,R,0,1,-1.26,0.93,0.83,1.85,8.004425284680993,-137.79901478207276,-5.954498270674609,-17.771018656673885,30.6090874739253,-19.12206701911263,53.89,0.047
SL,-1.27,5.7,"Rodríguez, Manuel",655889,swinging_strike,R,0,0,0.39,-0.25,0.81,2.41,4.267418154261012,-128.26304346919918,-1.3731515066628857,3.430626902304171,26.490060006698155,-34.8950956889103,53.95,-0.121
SI,-1.58,5.39,"Rodríguez, Manuel",655889,hit_into_play,L,1,1,-1.23,0.77,-0.06,2.51,6.815600337379606,-138.5064138196138,-3.670403645589288,-17.38153883886608,30.172005054758603,-21.601932256995763,53.9,-0.378
SI,-1.52,5.47,"Rodríguez, Manuel",655889,called_strike,L,1,0,-1.26,0.67,0.08,1.87,6.911835429109613,-136.18614357064317,-5.058256461926375,-17.164637971008883,29.19817906583433,-22.933075368511027,53.99,-0.134
SI,-1.39,5.52,"Rodríguez, Manuel",655889,ball,L,0,0,-1.02,0.99,1.77,2.94,10.44793434002458,-136.132979305915,-3.137353655697769,-14.85007236785552,28.384443660541987,-19.356992914271483,53.83,0.036
SI,-1.18,5.42,"Rodríguez, Manuel",655889,hit_into_play,R,2,1,-1.03,0.77,-0.47,2.16,4.331742334221165,-141.84309557404933,-5.075700132193875,-14.953937383872528,30.63746334199592,-20.81856055058785,53.77,-0.354
SI,-1.28,5.43,"Rodríguez, Manuel",655889,foul,R,2,0,-1.15,0.75,0.66,2.22,8.007552238198315,-143.2465468469673,-5.0397268325703655,-17.625418403379022,31.690772102413337,-20.91116358653173,53.8,-0.028
SL,-1.39,5.53,"Rodríguez, Manuel",655889,blocked_ball,R,1,0,0.33,0.12,-0.34,0.48,1.906118859065636,-131.14999470050705,-6.91981856966502,3.424706339516641,26.153649896552967,-29.5606660385271,53.94,0.024
SI,-1.39,5.36,"Rodríguez, Manuel",655889,ball,R,0,0,-1.1,1.14,-1.15,1.41,3.191447271696443,-142.06414848760457,-7.809144836752885,-15.621640937699109,33.30526402600584,-15.144041536953734,53.87,0.021
FF,-1.2,5.5,"Rodríguez, Manuel",655889,hit_into_play,L,3,1,-0.63,1.44,-0.2,1.79,4.167006894400188,-142.22810042152636,-7.921481772692385,-9.491667829450984,31.96808637953471,-10.971630766248047,53.65,-0.478
FF,-1.45,5.41,"Rodríguez, Manuel",655889,ball,L,2,1,-0.47,1.43,-1.39,2.8,1.254451839297441,-142.49202276555866,-4.889753663439032,-6.7096234746958485,32.87419918120408,-11.73201869220224,54.01,0.107
SL,-1.27,5.5,"Rodríguez, Manuel",655889,ball,L,1,1,0.28,-0.01,-0.6,-0.54,1.0747911594269728,-131.01977346617622,-9.106944589567922,2.9979139616801085,25.4176861015057,-30.71062108991485,53.92,0.058
FF,-1.42,5.5,"Rodríguez, Manuel",655889,ball,L,0,1,-0.16,1.06,-1.47,2.19,0.257643376039337,-141.97283809550495,-5.898989404620772,-2.273761381917289,30.13371061664041,-16.678217449965025,53.95,0.031
FF,-1.35,5.49,"Rodríguez, Manuel",655889,called_strike,L,0,0,-0.2,1.27,0.12,1.54,4.451373211577968,-141.65144475451223,-8.052683318141101,-3.7284208453681393,31.635324737748743,-13.491435177744464,53.78,-0.042
SI,-1.26,5.49,"Rodríguez, Manuel",655889,hit_into_play,R,2,2,-1.25,0.7,-0.14,1.98,5.929974805847552,-142.40992787547162,-5.646367835942133,-18.361209147651177,31.13040616049585,-21.531404016028198,53.96,0.287
SL,-1.31,5.51,"Rodríguez, Manuel",655889,ball,R,1,2,0.26,-0.24,0.41,1.28,3.70768191797365,-129.84405610439163,-3.938440016541125,2.1761420087882297,25.592909461449697,-34.30428929406354,53.86,0.026
SL,-1.37,5.54,"Rodríguez, Manuel",655889,foul,R,1,2,0.24,0.06,-1.23,2.46,-0.1423217164034955,-129.98945074704315,-1.7720097134149233,2.7395886311137603,24.82190235315401,-31.30318865474703,54.02,0.0
FF,-1.03,5.72,"Rodríguez, Manuel",655889,ball,R,0,2,-0.12,1.38,1.5,3.1,6.865698697351551,-137.30278725958286,-4.217240400890308,-3.046144985190903,30.11711185462151,-13.959434212665393,53.96,0.013
SI,-1.17,5.55,"Rodríguez, Manuel",655889,swinging_strike,R,0,1,-1.13,0.72,-0.44,3.04,4.538102352157375,-141.32026952036716,-2.8594601602377225,-16.166437065983892,31.7502226484824,-22.10432551592858,54.03,-0.035
SI,-1.36,5.52,"Rodríguez, Manuel",655889,called_strike,R,0,0,-1.21,0.61,0.17,3.11,6.7827119270428,-139.15324142405612,-2.1594918049732046,-17.246988292425478,29.701712943473133,-23.92007778151117,54.08,-0.024
SI,-1.36,5.46,"Rodríguez, Manuel",655889,hit_into_play,R,0,0,-1.36,0.64,-0.7,2.88,4.798160895070495,-138.81691239179793,-2.5789607132239123,-18.638198518261326,31.679090134987756,-23.52777582544157,54.17,-0.228
FF,-1.14,5.49,"Rodríguez, Manuel",655889,swinging_strike,L,3,2,-0.12,1.16,-0.79,3.52,1.2328297736193117,-141.79251348057923,-2.57570557403062,-1.909480607880525,26.38919617506428,-15.957174690302628,53.66,-0.51
FF,-1.21,5.44,"Rodríguez, Manuel",655889,called_strike,L,3,1,-0.07,1.31,-1.04,2.41,0.613609047520294,-140.4410118406017,-5.516948189295382,-1.028572586592822,30.902183219500277,-13.848341841950049,53.75,-0.175
SL,-1.01,5.48,"Rodríguez, Manuel",655889,blocked_ball,L,2,1,0.24,-0.51,1.27,0.21,5.150204853566658,-129.73209178724505,-5.93147243059478,1.7564820603096316,24.63305089510937,-37.0745728543104,53.76,0.057
FF,-1.15,5.57,"Rodríguez, Manuel",655889,ball,L,1,1,-0.11,1.05,-1.21,4.08,0.0928277933565892,-140.97667336260494,-0.8854759803156288,-1.5521238346362354,28.322721501682857,-18.00751897216086,53.89,0.075
FF,-1.11,5.5,"Rodríguez, Manuel",655889,called_strike,L,1,0,-0.12,1.25,-0.81,3.03,1.069083828996198,-142.1927558144173,-4.144646661573061,-1.8427289522482813,27.803512139960453,-14.338867209560467,53.83,-0.099
SL,-1.17,5.59,"Rodríguez, Manuel",655889,ball,L,0,0,0.59,-0.31,0.25,3.68,2.239201885432694,-130.3180289146943,1.9142632448369268,6.367767589730833,25.126032981632964,-36.29690049914014,54.11,0.055
SI,-1.04,5.43,"Rodríguez, Manuel",655889,hit_into_play,L,2,1,-0.95,0.5,-0.13,1.97,4.602538540560346,-140.71582645988877,-4.865406933288573,-13.691886560280272,29.104362389336178,-24.70976292350779,53.91,1.063
ST,-0.93,5.55,"Rodríguez, Manuel",655889,ball,L,1,1,0.77,-0.58,1.04,3.26,3.180426954644473,-126.83246915787905,1.8422659765182023,7.723844962818112,24.815209883064213,-39.05051614072613,54.06,0.134
SL,-1.1,5.47,"Rodríguez, Manuel",655889,blocked_ball,L,0,1,0.37,-0.29,0.89,0.11,4.157369549606264,-130.67393063695604,-6.745783512778227,3.449051132808799,25.040994449773525,-34.431191063594056,53.93,-0.001
SI,-1.25,5.35,"Rodríguez, Manuel",655889,called_strike,L,0,0,-1.04,0.43,0.4,2.44,6.91241221120319,-142.61154165291453,-3.46473416999567,-15.762680691610695,27.744687036375517,-25.661047113597952,53.92,-0.098
SL,-1.13,5.58,"Rodríguez, Manuel",655889,hit_into_play,R,2,2,0.52,-0.47,0.83,2.39,3.809007780328679,-131.26160260063082,-1.1571394571521818,5.528031874252172,19.61440518819142,-37.738821889027534,53.78,1.091
SL,-1.03,5.63,"Rodríguez, Manuel",655889,ball,R,1,2,0.27,-0.46,0.57,0.23,3.3969300437444496,-129.43912070500318,-6.3266435749928,2.435386542165845,25.379494129163287,-36.28117032251257,53.72,0.066
SI,-1.14,5.52,"Rodríguez, Manuel",655889,foul,R,1,1,-1.14,0.74,-0.62,1.88,3.949594908558589,-138.42325022353947,-5.627943144828613,-15.530840562529978,30.159288286014437,-21.614615917262107,53.79,-0.155
ST,-1.15,5.57,"Rodríguez, Manuel",655889,ball,R,0,1,0.85,-0.28,1.24,0.59,4.078763193608642,-128.27993974316354,-5.48728402180911,8.649338208690613,24.27354567801234,-34.47349611577888,53.91,0.056
SI,-1.22,5.51,"Rodríguez, Manuel",655889,called_strike,R,0,0,-1.07,0.53,0.2,2.03,6.281020829503306,-140.56758802036336,-4.956396205246442,-15.5984452686886,32.103721755976494,-24.24585738642976,53.7,-0.093
SL,-1.33,5.56,"Rodríguez, Manuel",655889,hit_into_play,L,2,2,0.57,-0.35,-0.24,3.23,1.4578200077526904,-127.37853825440024,1.182626763027969,5.995943978886471,23.18615040531553,-36.430467602491,54.06,0.7
FF,-1.02,5.78,"Rodríguez, Manuel",655889,ball,L,1,2,0.05,1.22,-1.85,3.84,-2.353846793719164,-141.1588299696317,-2.482338233599598,1.2080178350183275,30.54708235153452,-15.451310635321086,54.04,0.077
SL,-1.12,5.56,"Rodríguez, Manuel",655889,ball,L,0,2,0.33,-0.19,-1.03,2.22,-0.4565988094438544,-129.11029785297688,-1.869651945931715,3.8256931421646,19.970560136999477,-34.19489684063243,54.31,0.053
SL,-1.27,5.54,"Rodríguez, Manuel",655889,swinging_strike,L,0,1,0.24,-0.34,0.14,1.1,2.947547096079424,-129.04694786349324,-4.264171665919487,2.292187153488519,19.993704004955323,-35.55616032430846,54.03,-0.075
FF,-1.17,5.62,"Rodríguez, Manuel",655889,foul,L,0,0,-0.01,1.19,0.37,3.91,4.187899593665685,-141.48923359632394,-1.845312643418956,-1.0481361601082293,28.630380933719177,-15.91458811437786,53.85,-0.064
SI,-1.2,5.55,"Rodríguez, Manuel",655889,hit_into_play,R,0,1,-0.95,0.78,0.31,1.99,6.262004495353749,-141.71871390342974,-5.887061559574288,-14.243883203145764,30.35283461585856,-20.547362403687472,53.93,0.442
SL,-1.03,5.71,"Rodríguez, Manuel",655889,called_strike,R,0,0,0.24,-0.08,0.44,2.82,3.0741737167414303,-128.1906562753514,-0.8150833545201714,2.1025667137061874,23.79778468195297,-33.10960206712493,54.17,-0.032
SI,-1.23,5.53,"Rodríguez, Manuel",655889,hit_into_play,L,2,1,-0.77,0.65,-0.38,2.18,3.987120007586956,-139.62176710930297,-4.832985156636335,-10.98412150104847,27.096740619471525,-22.77335239017744,54.07,-0.12
SL,-1.2,5.67,"Rodríguez, Manuel",655889,ball,L,1,1,0.52,-0.29,-0.17,3.38,1.4201755017839863,-129.50183329229458,0.955526498132948,5.693751802596986,23.604104076846244,-35.77674553833729,54.13,0.023
FF,-0.98,5.8,"Rodríguez, Manuel",655889,ball,L,0,1,-0.26,1.07,-1.21,2.93,-0.0253716007805035,-139.1168441219961,-4.425862393559377,-3.396708657209875,26.720204098724327,-17.462589211448055,54.17,0.011
SI,-1.23,5.57,"Rodríguez, Manuel",655889,foul,L,0,0,-0.94,0.75,-0.51,1.94,4.080972487918811,-140.37361784315092,-5.938448494255801,-13.373675723749848,25.255161714226976,-21.18544706213889,53.8,-0.015
FF,-1.16,5.78,"Rodríguez, Manuel",655889,hit_into_play,L,1,1,-0.21,1.08,-0.69,3.58,1.7252092284596583,-141.50226825157313,-2.9537739583661966,-3.145511517306649,25.673550978426977,-17.1073187506595,54.16,-0.156
SI,-1.41,5.67,"Rodríguez, Manuel",655889,swinging_strike,L,1,0,-0.84,0.75,-0.51,2.02,4.316821841183497,-141.20338873085527,-6.035757268148382,-12.221444776728717,27.75412563649506,-21.005290430660605,54.11,-0.031
SI,-1.21,5.57,"Rodríguez, Manuel",655889,ball,L,0,0,-0.92,0.62,1.12,1.0,8.38399551075782,-141.09882146171054,-8.214516508633155,-13.98403266226601,27.05509466209308,-22.333474123617137,53.92,0.024
ST,-1.32,5.69,"Rodríguez, Manuel",655889,hit_into_play,R,0,2,0.77,-0.06,0.57,2.19,2.9613084452634104,-127.2488839820775,-2.238365446635277,7.845645098330643,23.52997780345728,-32.660616286356074,54.17,-0.149
SL,-1.13,5.62,"Rodríguez, Manuel",655889,swinging_strike,R,0,1,0.27,-0.28,1.65,1.49,6.166441527475147,-127.60318407638408,-3.355148659670564,1.9203643256963596,22.74372295293674,-34.85791722909997,54.12,-0.047
SL,-1.18,5.75,"Rodríguez, Manuel",655889,called_strike,R,0,0,0.39,-0.33,0.55,3.13,3.337507532796666,-126.51367528846656,0.5342275985454006,3.538766460865649,24.36669833734901,-36.0707158987348,54.14,-0.032
