pitch_type,release_pos_x,release_pos_z,player_name,pitcher,description,stand,balls,strikes,pfx_x,pfx_z,plate_x,plate_z,vx0,vy0,vz0,ax,ay,az,release_pos_y,delta_run_exp
FA,-0.97,6.19,"Rortvedt, Ben",666163,hit_into_play,R,1,1,-0.94,1.43,0.26,3.5,4.566711331708237,-120.6613259320581,-2.302119863593678,-10.120331404062958,28.81618852881748,-18.184622465303335,55.21,-0.314
EP,-0.77,6.58,"Rortvedt, Ben",666163,ball,R,0,1,0.09,2.31,-1.18,4.05,-0.4405651591712617,-49.09640187151136,11.603556821353305,0.1952606900277471,5.347868716774124,-30.096984881196175,56.79,0.022
FA,-0.72,6.21,"Rortvedt, Ben",666163,called_strike,R,0,0,-0.75,1.55,0.72,2.91,4.5745636982504845,-119.1239568073758,-3.674410900362009,-8.073316473238018,27.31704159651356,-17.031741287933816,55.66,-0.042
EP,-1.03,6.45,"Rortvedt, Ben",666163,hit_into_play,L,1,1,-0.07,1.86,-1.17,4.24,-0.0747308623778097,-53.43821061934527,10.710961647253471,-0.1244612697570212,6.340862256959818,-30.27913910717132,56.58,-0.302
EP,-1.24,6.59,"Rortvedt, Ben",666163,ball,L,0,1,-0.13,1.81,-1.18,5.34,0.1673725711168353,-55.16617226649255,10.973093559176885,-0.2834466331580599,6.287882379275133,-30.08999345595493,56.78,0.021
FA,-0.99,6.23,"Rortvedt, Ben",666163,foul,L,0,0,-1.01,1.47,-0.78,1.87,2.2938928838812465,-115.99887427983528,-5.383493280566802,-9.523052145016738,25.352018401729467,-18.09659327356085,55.76,-0.047
EP,-1.13,6.58,"Rortvedt, Ben",666163,hit_into_play,L,1,0,-0.06,1.75,0.01,4.15,1.2552263174118583,-58.160289187142425,8.893125173356804,-0.2905909413287659,6.891501055558867,-29.61010535328891,56.81,-0.604
EP,-1.24,6.65,"Rortvedt, Ben",666163,ball,L,0,0,-0.19,1.63,-1.39,5.9,0.0141700868700739,-56.69986550241566,11.089958196435337,-0.4052838414840043,6.483849496809875,-30.26702074661654,56.99,0.067
EP,-1.19,6.54,"Rortvedt, Ben",666163,hit_into_play,R,0,0,-0.09,1.59,0.48,3.78,1.8636057445239325,-58.84199030905986,8.413303477617378,-0.4187159030196039,6.628924596397996,-29.736599746320884,56.71,0.41
EP,-1.19,6.58,"Rortvedt, Ben",666163,hit_into_play,R,0,0,-0.48,1.83,0.14,4.21,1.942495332001948,-62.14946031005549,7.74163551709557,-1.45536034095573,7.937952017504694,-28.80340701035069,57.03,1.0
FA,-0.82,6.07,"Rortvedt, Ben",666163,hit_into_play,R,1,0,-0.73,1.49,0.41,2.29,3.849635696368245,-112.61171089099012,-3.6777389052997727,-6.988742550584997,23.81272968601191,-19.084377730837403,55.55,-0.863
FA,-0.85,6.14,"Rortvedt, Ben",666163,ball,R,0,0,-0.71,1.95,1.16,3.73,5.2754368811695445,-109.13064066766532,-1.1346267145674316,-6.728903133787807,22.890225727612385,-16.827447370187105,55.63,0.086
FA,-0.71,6.01,"Rortvedt, Ben",666163,ball,R,3,2,-0.85,1.47,1.77,3.14,7.3536284060244865,-123.81552611815916,-3.242996211694789,-10.279354211542527,28.247938655667323,-16.717618886573472,55.34,0.267
FA,-0.56,6.04,"Rortvedt, Ben",666163,ball,R,2,2,-0.46,1.58,-0.46,4.1,1.1633518322865677,-128.30743721117992,-1.7846317231688489,-5.308578571551139,30.730743637233303,-14.735563864750786,55.36,0.131
FA,-0.63,6.07,"Rortvedt, Ben",666163,called_strike,R,2,1,-0.8,1.59,0.84,3.09,4.909963911547955,-123.76574762648696,-3.709576543493377,-9.235207618636093,28.1987554799237,-15.375451958906485,55.53,-0.084
FA,-0.92,6.16,"Rortvedt, Ben",666163,swinging_strike,R,2,0,-0.76,1.98,0.15,1.64,3.2719626983295016,-103.1417755307784,-4.346726745496957,-5.970322019704264,20.210157346345376,-17.59677619701758,55.65,-0.14
FA,-0.83,6.01,"Rortvedt, Ben",666163,ball,R,1,0,-0.75,1.58,1.01,3.63,5.497175787558008,-119.81602622337536,-1.834875196681238,-8.344371801092093,27.449890871284456,-16.960930484832016,55.45,0.087
FA,-0.77,6.16,"Rortvedt, Ben",666163,ball,R,0,0,-0.9,1.66,0.59,3.98,4.819808723255566,-122.74197940582503,-1.8744921405456287,-10.082903626205171,28.79584450809954,-15.39909385213118,55.55,0.056
FA,-0.79,6.19,"Rortvedt, Ben",666163,ball,L,3,1,-0.83,1.49,-1.24,4.97,0.6040331175407253,-126.5831943083315,0.2719624641602255,-8.928010977585508,30.74091675541887,-16.663363999426853,55.42,0.079
FA,-0.81,6.02,"Rortvedt, Ben",666163,called_strike,L,3,0,-1.09,1.52,-0.35,3.21,3.1337083858325334,-121.18451001412966,-2.849037500813381,-11.348190245198898,27.67244538865933,-16.97046384819036,55.39,-0.03
FA,-0.6,6.14,"Rortvedt, Ben",666163,ball,L,2,0,-1.07,1.67,-0.96,3.48,1.2452162248889684,-123.35703433262331,-3.0738485891880734,-11.036644179690605,28.38190479192061,-14.82282922612142,55.58,0.034
FA,-0.89,6.01,"Rortvedt, Ben",666163,ball,L,1,0,-0.83,1.76,-1.14,2.27,1.0513105317434273,-122.97493088186884,-5.658192838070182,-8.601920388526588,27.39064651515584,-13.498555613836087,55.41,0.076
EP,-1.01,6.55,"Rortvedt, Ben",666163,ball,L,0,0,-0.3,1.41,-0.87,7.52,0.4376276303575749,-60.487997376039104,12.326610606070124,-0.7663123768044335,7.264788223964931,-30.51703336641084,56.41,0.035
FA,-1.03,6.01,"Rortvedt, Ben",666163,hit_into_play,L,2,1,-0.62,1.55,0.13,3.64,3.7752393778277207,-120.97237726628909,-1.883490141685448,-6.863991029821917,26.678432944836,-16.950820415525524,55.43,-0.366
FA,-0.91,6.17,"Rortvedt, Ben",666163,ball,L,1,1,-0.74,1.18,-1.29,2.75,0.5697252343860293,-121.57929203071772,-3.6326846676645936,-7.420962120477077,26.7200446444604,-20.00955519064242,55.61,0.064
CH,-1.09,6.18,"Rortvedt, Ben",666163,called_strike,L,1,0,-0.98,1.85,0.08,1.6,3.411763509592479,-92.73908526608884,-2.2818836373435785,-6.154848183103915,15.63226175963501,-21.4283405784269,55.93,-0.062
FA,-0.95,6.27,"Rortvedt, Ben",666163,ball,L,0,0,-0.91,1.59,-1.17,5.06,1.1966753586936827,-117.24488742033996,0.9599843835562047,-8.637915951115978,23.723125145831048,-18.023622415921672,55.79,0.036
FA,-0.89,6.26,"Rortvedt, Ben",666163,foul_tip,R,3,2,-0.55,1.62,0.38,2.88,3.506325485802241,-110.06400895002186,-2.728594299738657,-5.112200529808224,21.203822052522337,-18.765165399903424,55.84,-0.482
EP,-1.08,6.57,"Rortvedt, Ben",666163,ball,R,2,2,0.19,1.2,-0.5,6.66,0.5003552500508238,-65.85051910401091,10.327222706054402,0.4911356243815934,7.864411751909212,-30.19757406146941,56.39,0.083
FA,-0.7,6.09,"Rortvedt, Ben",666163,ball,R,1,2,-0.63,1.5,1.16,2.51,5.336931180433303,-120.79036490775688,-4.525270517851523,-7.262909243973657,25.20373934043831,-16.796093808657197,55.58,0.082
FA,-1.18,6.32,"Rortvedt, Ben",666163,foul,R,1,1,-0.57,1.67,-0.67,3.81,1.9143059440276284,-105.38302658897577,-0.417719955307166,-4.584315584813627,19.012444719186615,-19.944186932213174,56.09,-0.105
CH,-1.4,6.27,"Rortvedt, Ben",666163,foul,R,1,0,-0.78,1.68,-0.51,2.33,2.485280835207475,-87.49063869390373,0.0866116128013545,-4.378575568930157,14.362863089318026,-23.890155125750116,56.22,-0.058
CH,-1.17,6.27,"Rortvedt, Ben",666163,blocked_ball,R,0,0,-0.82,1.62,1.54,-0.02,5.776920918540412,-93.2418603542865,-4.890884282046414,-5.75086046816666,16.81030546014227,-22.19445818000376,56.37,0.06
CH,-1.38,6.27,"Rortvedt, Ben",666163,hit_into_play,L,2,0,-0.51,1.79,0.49,1.44,3.577103476780215,-85.43429608977426,-1.0362270663334914,-3.030559066580559,13.71094848751654,-23.5765530231152,56.36,0.532
CH,-1.32,6.39,"Rortvedt, Ben",666163,ball,L,1,0,-0.9,1.55,-1.55,4.04,0.797917008346152,-82.20554088122093,3.75287359505928,-4.161244586248833,13.1463457929608,-26.125154597587105,56.35,0.064
EP,-0.9,6.68,"Rortvedt, Ben",666163,ball,L,0,0,0.06,1.34,-1.07,5.36,-0.2468067379832066,-61.783271169279416,9.50770607581423,0.1800533626498849,7.728872349636865,-30.275961265282213,56.73,0.032
