pitch_type,release_pos_x,release_pos_z,player_name,pitcher,description,stand,balls,strikes,pfx_x,pfx_z,plate_x,plate_z,vx0,vy0,vz0,ax,ay,az,release_pos_y,delta_run_exp
FF,2.37,5.85,"Springs, Jeffrey",605488,hit_into_play,L,0,0,0.78,1.23,-0.52,1.87,-8.848533877660469,-129.75811086103673,-6.465957141759328,10.620324503213622,26.87654352552888,-17.03676427555089,53.46,-0.1
FF,2.64,5.72,"Springs, Jeffrey",605488,hit_into_play,R,0,0,0.92,1.23,0.87,2.15,-6.357778560019511,-130.1463203894455,-5.429665203411056,11.759700600502548,27.062396485120853,-17.268025143059948,53.71,-0.163
FF,2.45,5.91,"Springs, Jeffrey",605488,hit_into_play,R,0,1,0.73,1.37,0.46,3.91,-6.444336251723836,-129.7037054510575,-1.81558920895799,9.553965214455346,26.43011923898549,-16.452482690434923,53.94,-0.196
SL,2.54,6.09,"Springs, Jeffrey",605488,called_strike,R,0,0,-0.51,0.5,0.72,2.97,-3.175621471543926,-120.73919019582416,-1.698917624917072,-4.476682860018596,21.12583064633164,-27.18717916812432,54.2,-0.032
CH,2.36,6.15,"Springs, Jeffrey",605488,hit_into_play,R,2,2,0.91,0.18,1.05,2.6,-4.617242654375196,-116.34269270688856,-1.4939017769838796,9.110350305781608,20.328379205255747,-30.508272723287835,54.15,-0.449
CH,2.41,5.99,"Springs, Jeffrey",605488,swinging_strike,R,2,1,0.82,0.19,0.19,1.39,-6.495938532208176,-116.72771941797406,-3.926448326451257,8.606299415823765,19.38841564564205,-29.960362795971932,53.9,-0.14
SL,2.72,5.91,"Springs, Jeffrey",605488,called_strike,R,2,0,-0.3,0.33,0.95,2.73,-3.412508879481432,-119.66225493610294,-1.3332801149547922,-2.274764226607912,22.849435676895457,-28.912619979586275,54.14,-0.017
SL,2.61,5.88,"Springs, Jeffrey",605488,ball,R,1,0,-0.38,0.11,1.04,2.44,-2.779961488203981,-117.76760144513422,-1.2966404956387303,-3.058965366885247,21.3635529801719,-31.06987496688836,54.15,-0.017
CH,2.45,5.98,"Springs, Jeffrey",605488,ball,R,0,0,1.06,0.23,0.33,1.6,-6.774531342484849,-118.01555501911508,-3.647351126026933,11.21172357328092,22.12132918467738,-29.545500013758215,54.06,0.047
SL,2.46,5.84,"Springs, Jeffrey",605488,hit_into_play,R,2,1,-0.55,0.19,0.09,1.96,-4.276865632135006,-118.89838760397268,-2.545466915985501,-4.348722409261199,22.903240628171066,-30.050661452004743,54.16,-0.636
SL,2.48,5.94,"Springs, Jeffrey",605488,called_strike,R,2,0,-0.45,0.33,-0.19,2.03,-5.3167440545948725,-122.57170327694465,-3.393695085537882,-3.540599063704955,23.589159240872256,-28.35104070421262,54.0,-0.122
CH,2.42,6.03,"Springs, Jeffrey",605488,ball,R,1,0,1.11,0.25,1.47,2.25,-4.187299712108997,-116.41106451132694,-2.075058928628944,10.85562865402496,22.76717743804813,-29.685678347719968,54.16,0.096
SL,2.59,5.89,"Springs, Jeffrey",605488,ball,R,0,0,-0.6,0.04,-0.28,1.6,-5.276435377433883,-117.41336425989404,-2.9733138717798893,-4.573151678003194,21.897445220798797,-31.441188129898578,54.0,0.051
CH,2.39,6.2,"Springs, Jeffrey",605488,ball,R,3,2,1.15,0.31,1.44,3.29,-4.141343895795995,-113.25968791894552,0.0634495700708339,10.627646131997484,19.53886794241102,-29.69852103113621,54.18,0.313
FF,2.65,5.83,"Springs, Jeffrey",605488,ball,R,2,2,0.88,1.26,1.12,5.05,-5.637607256439853,-130.07051578754,1.4172884186744548,11.174211433507708,25.652434280307077,-18.347833872835945,54.09,0.097
CH,2.42,6.21,"Springs, Jeffrey",605488,ball,R,1,2,1.01,0.63,1.35,2.67,-4.25731208832367,-116.03617741075094,-2.301123011690063,9.934736554080036,19.86325389355558,-26.25280479532896,54.19,0.054
CH,2.47,6.21,"Springs, Jeffrey",605488,swinging_strike,R,1,1,1.05,0.61,1.12,1.89,-4.901329503301476,-115.5361801658814,-3.892030565442415,10.267158856770894,19.83867939315033,-26.180769588456272,54.33,-0.07
CH,2.49,6.08,"Springs, Jeffrey",605488,ball,R,0,1,1.07,0.65,2.18,1.53,-2.7011972711353445,-117.03935209616958,-4.683715732301528,10.359994467711502,20.27460603490866,-25.540725400742694,54.34,0.031
SL,2.46,5.89,"Springs, Jeffrey",605488,swinging_strike,R,0,0,-0.35,0.4,-0.54,1.2,-6.231849091962979,-121.55098577174152,-5.230863127232135,-2.435305367129044,21.51363191311456,-27.393600351595747,54.03,-0.042
SL,2.56,5.97,"Springs, Jeffrey",605488,hit_into_play,L,0,0,-0.54,0.35,0.45,2.52,-3.8069986429125104,-122.09827146212244,-2.325280161537627,-4.778648086247942,21.597968796632667,-28.44349349944861,54.2,-0.376
CH,2.49,6.11,"Springs, Jeffrey",605488,hit_into_play,R,3,2,1.07,0.3,1.22,2.96,-4.613918341894138,-111.8062954201245,-0.1988720284796027,9.785516376735693,20.66299909988099,-29.881563377999584,54.14,0.341
FF,2.38,5.86,"Springs, Jeffrey",605488,ball,R,2,2,0.74,1.31,0.59,5.31,-6.019593633339839,-130.03180087110078,1.949395700877417,9.677372232986448,29.50704426286535,-18.095908447670222,53.9,0.093
FF,2.46,5.79,"Springs, Jeffrey",605488,foul,R,2,1,0.48,1.27,0.23,3.21,-6.5919064161398575,-130.74557557488984,-3.127889565716509,6.917998744333587,27.597915337836657,-17.10439466203902,53.83,-0.063
CH,2.33,6.21,"Springs, Jeffrey",605488,ball,R,1,1,0.85,0.07,1.48,1.64,-3.498759419197747,-117.02575544975892,-3.60788792495354,8.489077779316055,21.304992198058542,-31.077666141876023,54.2,0.05
SL,2.61,6.05,"Springs, Jeffrey",605488,ball,R,0,1,-0.6,0.33,0.96,1.42,-2.6224621360901543,-120.93165564662074,-4.805596756822312,-5.364945059831336,23.05736008987816,-28.202985921484903,54.2,0.021
FF,2.52,5.85,"Springs, Jeffrey",605488,foul,R,0,0,0.43,1.44,0.29,3.28,-6.335661206609521,-127.45317816720294,-2.9953517703851884,6.157091823582404,29.42457465711977,-16.137516998930277,53.82,-0.032
ST,2.64,5.73,"Springs, Jeffrey",605488,swinging_strike_blocked,L,1,2,-0.58,0.62,-0.09,1.32,-4.879364440130554,-115.54786061863054,-3.9524860526773264,-4.08694038196016,24.931050230192984,-26.069076877443592,54.08,-0.169
FF,2.41,5.78,"Springs, Jeffrey",605488,foul,L,1,1,0.69,1.37,-0.1,3.55,-7.804064577099737,-131.89942529487175,-2.611576997300677,9.7374532121273,27.51463443925788,-15.761943991331432,53.87,-0.048
SL,2.23,6.02,"Springs, Jeffrey",605488,ball,L,0,1,-0.44,0.31,-1.0,2.94,-6.638630521656379,-122.21894456905088,-1.4152321113678967,-3.2276572944549837,21.55552366618638,-28.97417022341789,53.99,0.03
SL,2.56,5.89,"Springs, Jeffrey",605488,called_strike,L,0,0,-0.43,0.32,0.16,3.31,-4.769070810933999,-123.25668758215936,-0.3859599480126304,-3.5794796864080314,21.05536190938836,-29.044050671796874,53.99,-0.042
ST,2.55,5.82,"Springs, Jeffrey",605488,swinging_strike,L,0,2,-0.76,0.31,-0.74,2.07,-5.80609424219889,-115.91273637025002,-2.118555191099399,-5.934749889289973,19.74372788190968,-29.182155992145667,54.16,-0.194
SL,2.26,6.04,"Springs, Jeffrey",605488,foul,L,0,2,-0.42,-0.02,-1.53,2.0,-8.008823756591092,-122.51989612735936,-2.979707456976347,-2.6421130503323336,23.93418485861466,-31.98364151740395,53.98,0.0
FF,2.26,5.79,"Springs, Jeffrey",605488,foul,L,0,1,0.73,1.29,-0.7,3.04,-8.970281562874302,-131.5269127907816,-3.683408044344636,10.354748117635866,28.530552057571253,-16.657273237520656,53.85,-0.059
SL,2.45,5.95,"Springs, Jeffrey",605488,swinging_strike,L,0,0,-0.33,0.39,-0.2,3.01,-5.632878857855273,-125.09491596921548,-1.480604017920622,-2.2705528220965365,25.912044979394157,-28.04464381579176,53.97,-0.042
CH,2.32,6.03,"Springs, Jeffrey",605488,hit_into_play,R,3,2,0.94,0.29,0.22,2.38,-6.482210089713728,-117.21706984938406,-2.073618188452704,9.843029889454325,19.074749617034183,-29.27077374311116,54.0,0.218
FF,2.4,5.68,"Springs, Jeffrey",605488,foul,R,3,2,0.65,1.28,-0.37,2.77,-8.471010022021137,-132.84135003668462,-4.248258951420615,9.433990395907283,27.60622286097493,-16.31745630652011,53.58,0.0
FF,2.31,5.79,"Springs, Jeffrey",605488,foul,R,3,2,0.64,1.34,-1.01,2.7,-9.846369659813464,-132.62096525023628,-4.845779793672087,9.562133146543554,25.73963472158175,-15.441452859253811,53.66,0.0
FF,2.48,5.75,"Springs, Jeffrey",605488,called_strike,R,3,1,0.49,1.46,0.01,2.63,-7.318675491374509,-132.31570393629227,-5.092408476157667,7.2805379349120125,27.808039607687164,-14.102783047000935,53.75,-0.059
SL,2.64,5.97,"Springs, Jeffrey",605488,ball,R,2,1,-0.35,0.28,1.47,2.26,-2.0457238234707047,-123.424230032976,-2.978604941312318,-3.2500265428872046,21.86520495485028,-28.93136766670632,54.16,0.077
CH,2.42,6.21,"Springs, Jeffrey",605488,ball,R,1,1,1.01,0.27,2.01,2.38,-2.819549868577362,-117.29626854406408,-2.3662180630902894,9.834810620536771,21.209801148337952,-29.477832953757662,54.38,0.037
SL,2.49,6.03,"Springs, Jeffrey",605488,swinging_strike,R,1,0,-0.17,0.42,0.98,1.84,-3.238428574184173,-124.7509953156384,-4.535211947638085,-1.1894491157096447,23.305887748301448,-27.07953408860385,54.26,-0.031
FF,2.32,5.97,"Springs, Jeffrey",605488,ball,R,0,0,0.6,1.44,0.05,4.0,-7.110479540644543,-133.34034094492637,-2.244520877360141,8.708516307852685,27.943804019038147,-14.745277671171376,53.81,0.024
FF,2.46,5.74,"Springs, Jeffrey",605488,hit_into_play,R,1,2,0.72,1.27,0.31,3.57,-7.008088639608153,-132.4656663932095,-2.2712482468469943,10.02370755241274,28.99164003403703,-16.964431295833382,53.74,-0.168
CH,2.3,6.24,"Springs, Jeffrey",605488,ball,R,0,2,1.23,0.2,1.79,1.8,-3.400972810337491,-114.7619308246204,-3.1629126878332503,11.492077876373331,22.54283153635264,-30.004818274433845,54.2,0.019
CH,2.29,6.28,"Springs, Jeffrey",605488,foul,R,0,1,1.07,-0.08,1.2,1.96,-4.386665464540261,-116.23200947585994,-2.6120491976546223,10.497092981967796,22.293648248300173,-32.58638996432443,54.33,-0.047
SL,2.61,5.98,"Springs, Jeffrey",605488,called_strike,R,0,0,-0.34,0.2,0.9,3.04,-3.24189583607796,-120.84573333509717,-0.7085622106235689,-2.7023615108191104,22.42091396536748,-30.232357332333645,54.28,-0.032
CH,2.38,6.14,"Springs, Jeffrey",605488,swinging_strike,R,1,2,1.1,0.21,0.35,1.55,-6.6683199121524135,-118.39385779580785,-4.1773835098713406,11.586194163457098,19.35454693591954,-29.68912667036849,54.22,-0.071
CH,2.16,6.24,"Springs, Jeffrey",605488,foul,R,1,2,0.85,0.52,0.24,1.82,-6.025713963251093,-120.2842349313014,-4.658456672664372,9.3974351775767,20.603930926854293,-26.47773060753029,54.31,0.0
FF,2.52,5.95,"Springs, Jeffrey",605488,foul,R,1,1,0.52,1.4,-0.25,3.49,-8.007578744622576,-130.91249003383618,-3.146231921470534,7.598085218340663,26.345585999154142,-15.551597089163092,53.93,-0.026
CH,2.42,6.13,"Springs, Jeffrey",605488,called_strike,R,1,0,0.96,0.22,1.05,2.67,-4.8177895165042095,-116.01452944042472,-1.318400474793724,9.579810577733724,20.675531123038176,-30.130321306951064,54.26,-0.019
SL,2.55,6.02,"Springs, Jeffrey",605488,ball,R,0,0,-0.27,0.17,0.77,4.03,-3.5827496226079467,-121.78610514799313,1.4641459716050034,-2.031687060246754,22.868869825088247,-31.002976935122025,54.24,0.016
FF,2.37,5.82,"Springs, Jeffrey",605488,hit_into_play,R,0,0,0.63,1.31,-0.32,3.14,-7.967606527458799,-129.3766498066666,-3.2836245601076004,8.781714209869136,28.60655264366284,-16.950791906149423,53.75,1.87
FF,2.52,5.85,"Springs, Jeffrey",605488,hit_by_pitch,R,0,0,0.44,1.25,-1.2,3.37,-10.180421968753263,-130.11248615842663,-2.7671848670316592,7.101583394271691,26.466353034319766,-17.578795516966853,53.8,0.13
FF,2.54,5.78,"Springs, Jeffrey",605488,hit_into_play,L,2,1,0.94,1.34,0.41,3.08,-7.364302069844133,-131.60582680347673,-3.697862997946349,12.44200576393192,25.696099427601784,-15.995005077000013,53.93,1.833
SL,2.31,5.85,"Springs, Jeffrey",605488,ball,L,1,1,-0.44,0.06,-1.61,1.57,-8.285709853206686,-122.89731209523582,-3.803471319846772,-3.076793411426342,21.35452256648896,-31.11062113601622,53.89,0.049
SL,2.14,6.06,"Springs, Jeffrey",605488,ball,L,0,1,-0.37,0.15,-1.44,1.09,-7.487074213203907,-120.55847793275456,-5.258177280730736,-2.365226598176069,21.059386081360408,-29.9509684333402,53.91,0.03
FF,2.46,5.8,"Springs, Jeffrey",605488,foul,L,0,0,0.73,1.16,-0.2,2.61,-8.382842393014872,-133.80795765195913,-4.85881884607803,10.478785840498174,25.16980970310905,-17.308500032786426,53.92,-0.042
CH,2.27,6.34,"Springs, Jeffrey",605488,hit_into_play,R,2,2,0.96,0.34,0.44,1.83,-5.8318429737734885,-116.11054225268882,-3.9157075857422825,9.749761395189443,18.98498613247914,-28.577561293335467,54.21,0.141
FF,2.41,5.82,"Springs, Jeffrey",605488,ball,R,1,2,0.72,0.98,-0.25,4.14,-8.339992731833052,-133.52067811255515,-0.5735416567883783,10.209780795111056,25.18651344404372,-20.363756104645525,53.8,0.018
FF,2.3,5.89,"Springs, Jeffrey",605488,foul,R,1,2,0.56,1.3,-0.22,3.26,-7.656116222159631,-133.68308835659852,-3.7133826916287913,8.321958308544447,26.774510420601956,-15.893937545070957,53.91,0.0
CH,2.09,6.23,"Springs, Jeffrey",605488,ball,R,0,2,1.02,0.31,-0.27,0.21,-7.292523674760763,-118.72355544757473,-7.647207477399029,10.9959328898192,20.12223220964917,-28.06862008586457,54.07,0.009
CH,2.28,6.26,"Springs, Jeffrey",605488,swinging_strike,R,0,1,1.1,0.39,0.27,1.31,-6.568842937069391,-117.5823796838247,-5.140384348525411,11.454301861655196,20.99755908491979,-27.7976668977381,54.37,-0.024
FF,2.32,5.91,"Springs, Jeffrey",605488,called_strike,R,0,0,0.59,1.15,-0.74,2.17,-9.029241032524606,-132.905124702413,-6.065447826571,8.918749683478733,27.66310513529256,-17.37328459017515,53.8,-0.015
SL,2.37,6.1,"Springs, Jeffrey",605488,hit_into_play,L,0,1,-0.17,0.29,0.73,2.1,-3.471435837805741,-122.88172817618818,-3.572143449949194,-1.1115296336523393,21.66017860777964,-28.813914819573355,54.22,-0.139
FF,2.31,5.92,"Springs, Jeffrey",605488,called_strike,L,0,0,0.54,1.38,-0.43,2.83,-8.123908104440002,-132.72843197377566,-4.8802984923516775,8.103854625553335,28.18141879469744,-14.965181046450695,53.88,-0.024
FF,2.34,5.9,"Springs, Jeffrey",605488,hit_into_play,L,0,1,0.59,1.32,-0.34,2.03,-7.962417422851437,-131.04882001901152,-6.492616246089128,8.463886539590924,27.142693336988668,-15.738121626443968,53.82,-0.196
FF,2.27,5.97,"Springs, Jeffrey",605488,called_strike,L,0,0,0.59,1.35,-0.28,3.43,-7.715373330851468,-132.40297327816282,-3.4021007193667487,8.512027227779788,27.71537281258368,-15.73843840187189,53.78,-0.032
SL,2.57,5.85,"Springs, Jeffrey",605488,hit_into_play,R,0,0,-0.66,0.18,-0.14,1.24,-4.961991708107206,-121.4500980326678,-4.588830708951245,-5.632518106958279,22.215164478776256,-29.691317183771645,53.98,-0.755
CH,2.29,6.21,"Springs, Jeffrey",605488,ball,R,3,2,0.86,0.27,1.87,3.06,-2.558664364020201,-117.18135162327056,-0.8416005567521199,8.42736474968224,21.82037757598867,-29.712117606250416,54.36,0.404
FF,2.33,5.81,"Springs, Jeffrey",605488,ball,R,2,2,0.77,1.31,0.19,4.37,-7.175623658028543,-134.40262957724278,-0.7236355222935812,10.906072114490623,27.922583325074097,-16.242864150241797,53.93,0.116
FF,2.33,5.85,"Springs, Jeffrey",605488,foul,R,2,1,0.67,1.33,-0.7,3.43,-9.140848560182537,-133.44542432587252,-3.137424024424389,9.930803169531105,28.80086074557264,-15.769944025579736,54.0,-0.134
CH,2.18,6.28,"Springs, Jeffrey",605488,swinging_strike,R,2,0,0.97,-0.06,0.96,1.59,-4.489993093548727,-116.65719411232718,-3.4996783519138184,9.670581131641894,23.28101612442115,-32.218545905049,54.36,-0.115
CH,2.25,6.3,"Springs, Jeffrey",605488,ball,R,1,0,1.12,0.0,1.37,1.86,-4.064495219806973,-116.8005915213962,-3.14485846475044,10.992281689622583,22.11679463322533,-31.74635241608052,54.36,0.035
SL,2.6,6.01,"Springs, Jeffrey",605488,ball,R,0,0,-0.36,-0.04,1.2,2.53,-2.539924621351842,-122.5776126798091,-1.6246248355026296,-3.170815469583009,23.558370899819455,-32.491291005817686,54.27,0.028
CH,2.26,6.17,"Springs, Jeffrey",605488,ball,R,3,1,1.05,-0.09,2.44,1.9,-1.5568288750846453,-115.60492858208852,-2.401665386856445,9.725071867528277,21.73512176793751,-32.783099021156666,54.43,0.148
FF,2.38,5.82,"Springs, Jeffrey",605488,ball,R,2,1,0.54,1.42,-0.15,3.96,-7.561103360202911,-132.7614119195249,-1.828888931629722,8.005917431629188,29.787254215572773,-15.268968219851784,53.88,0.104
FF,2.44,5.74,"Springs, Jeffrey",605488,foul,R,2,0,0.81,1.12,-0.2,2.23,-8.391395656501569,-132.3959742923579,-5.388343520948797,11.176822994474389,25.22668557465953,-18.023575271865283,53.91,-0.073
FF,2.23,5.95,"Springs, Jeffrey",605488,ball,R,1,0,0.43,1.31,-1.14,4.25,-9.506575564238432,-133.5791717555481,-1.3247985122915655,7.130252737412742,27.28048652591293,-16.290227239899462,53.87,0.032
CH,2.36,6.25,"Springs, Jeffrey",605488,ball,R,0,0,0.89,-0.01,1.43,1.65,-3.760470045114825,-117.56087561783384,-3.601803407807526,8.97820615915866,21.806319764692944,-31.761236338278355,54.4,0.063
CH,2.55,6.22,"Springs, Jeffrey",605488,hit_into_play,R,2,0,1.01,0.01,0.85,1.96,-5.602885866405964,-116.12385435731876,-2.720215487782472,10.177401346161052,19.24329581835909,-31.83729398537288,54.47,-0.394
FF,2.34,5.87,"Springs, Jeffrey",605488,ball,R,1,0,0.87,1.38,-1.26,3.64,-10.91041457873662,-131.80508402977208,-2.6066976068646777,12.389228938045996,27.51074601875904,-15.691540293779829,53.89,0.06
FF,2.33,6.01,"Springs, Jeffrey",605488,ball,R,0,0,0.86,1.3,-0.51,3.8,-9.024334320185044,-132.67465324300704,-2.49738618650143,12.059943875202704,27.08814841493476,-16.38765793282543,54.01,0.06
CH,2.27,6.29,"Springs, Jeffrey",605488,hit_into_play,R,2,2,1.07,-0.01,0.15,1.8,-6.593592328676886,-114.81718834014428,-3.0307696005270373,10.62999265205204,18.00265206475235,-31.961872857211244,54.28,0.653
CH,2.32,6.3,"Springs, Jeffrey",605488,called_strike,R,2,1,1.03,0.13,0.38,2.72,-6.113479737247428,-114.79406520922312,-1.2807559753119102,10.190399243161146,19.74076286170259,-30.96798547803298,54.34,-0.063
CH,2.23,6.34,"Springs, Jeffrey",605488,ball,R,1,1,0.91,0.03,-1.02,0.93,-8.674240921952027,-114.30165433263984,-5.021123004437989,9.463038567994396,18.215007271088616,-31.20276156145613,54.41,0.05
FF,2.39,5.9,"Springs, Jeffrey",605488,called_strike,R,1,0,0.68,1.4,-0.37,2.59,-8.350748535853295,-130.54376872886547,-5.2722424165470025,9.472711095473032,25.12183733659592,-15.169256707003594,53.81,-0.044
FF,2.38,6.06,"Springs, Jeffrey",605488,ball,R,0,0,0.48,1.51,1.2,3.97,-4.001509860272926,-133.15221379563934,-2.6587932428682057,6.53595015051428,29.94430739948872,-13.845121703575344,54.13,0.032
CH,2.28,6.22,"Springs, Jeffrey",605488,hit_into_play,R,0,0,1.14,0.02,1.1,2.08,-4.659963270551279,-113.99455217756676,-2.088933043524664,10.829281496845113,22.20102290181463,-31.77659572992925,54.19,0.076
SL,2.38,6.11,"Springs, Jeffrey",605488,hit_into_play,L,0,1,-0.38,0.22,-0.32,1.66,-5.3053417592187655,-118.07817917365035,-3.750056432498323,-2.531858406886903,22.623041527496472,-29.59025334246428,54.25,0.345
SI,2.51,5.87,"Springs, Jeffrey",605488,foul,L,0,0,1.18,1.35,0.9,2.55,-6.382568297008956,-127.9179714589856,-4.686851342244947,14.319818142426174,29.63878935290189,-16.640988158581916,54.05,-0.042
CH,2.52,6.21,"Springs, Jeffrey",605488,hit_into_play,R,1,0,1.1,0.28,0.85,2.15,-5.665812292042883,-115.3840788260168,-2.5837650472750564,10.87660231585675,22.73707437505402,-29.4170431853248,54.47,-0.342
SL,2.8,5.98,"Springs, Jeffrey",605488,ball,R,0,0,-0.13,0.22,1.22,3.19,-3.231911841529764,-116.93182139588087,0.0709837861724327,-0.604876142281196,22.179780060711007,-30.354146730088324,54.41,0.044
SI,2.7,5.81,"Springs, Jeffrey",605488,hit_into_play,R,2,2,0.92,1.33,0.42,2.63,-7.421985003697823,-127.04932773475991,-4.233785066811432,11.584045522031143,28.070054191193982,-17.09077289774737,54.01,-0.367
CH,2.5,6.27,"Springs, Jeffrey",605488,ball,R,1,2,1.05,-0.02,1.49,0.63,-4.095511531652806,-113.4547272571152,-5.049958057304633,9.795916209953068,24.50922131631252,-31.52625661696021,54.42,0.077
CH,2.49,6.15,"Springs, Jeffrey",605488,foul_tip,R,1,1,0.77,0.43,0.34,1.7,-6.124377400170194,-115.18160701986336,-3.6194781348851337,8.067771227672687,24.051756627356344,-27.891285028979272,54.31,-0.078
CH,2.53,6.18,"Springs, Jeffrey",605488,swinging_strike,R,1,0,1.34,0.32,1.46,1.64,-4.7289972573505485,-112.61405663896797,-3.221336343095176,12.2583520222326,23.74958666184228,-29.0497997788404,54.24,-0.075
SL,2.78,6.04,"Springs, Jeffrey",605488,ball,R,0,0,0.02,0.97,0.31,4.86,-5.572541852757476,-118.68338827963753,2.115409733301051,1.3289864038743888,24.86975290145017,-23.75424789213476,54.4,0.067
CH,2.34,6.34,"Springs, Jeffrey",605488,hit_into_play,R,0,1,1.0,0.39,1.02,2.64,-4.754687402683762,-115.43670226855758,-1.9813007109995369,9.893976183532606,23.995871894793154,-28.536483139628334,54.26,0.442
FF,2.3,6.08,"Springs, Jeffrey",605488,called_strike,R,0,0,0.73,1.55,0.81,2.39,-5.136045831158056,-127.7095058627056,-5.97052180342402,9.12829495503294,29.53348856421284,-14.177908997215551,54.04,-0.032
FF,2.56,5.72,"Springs, Jeffrey",605488,hit_into_play,L,3,2,0.66,1.53,-0.46,2.45,-8.968022615998676,-130.9189232519801,-5.387755507580944,9.65408581320246,31.09572282481617,-13.594712171958724,53.84,-0.131
ST,2.75,6.0,"Springs, Jeffrey",605488,ball,L,2,2,-1.65,0.31,-1.04,0.78,-5.1362985347096135,-114.64873749322236,-4.912481402620781,-13.056414721747537,26.93867102638881,-28.57305983442196,54.37,0.043
ST,2.74,5.96,"Springs, Jeffrey",605488,ball,L,1,2,-0.61,0.57,-1.0,0.97,-7.002605022932004,-114.90333126675708,-5.024742888758216,-3.830389636525035,24.409467226460656,-26.31995770916706,54.23,0.018
SL,2.13,6.2,"Springs, Jeffrey",605488,foul,L,1,2,-0.56,0.0,-1.33,2.52,-6.713268214374775,-119.01607128594196,-1.6944310443001298,-3.967655148403399,23.918159212658196,-32.03744778025372,54.21,0.0
SL,2.41,6.08,"Springs, Jeffrey",605488,swinging_strike,L,1,1,-0.55,0.09,-0.82,1.66,-6.345135842098466,-121.19203248698864,-3.8658922437946206,-4.089243745914169,24.474581921253662,-30.685732586780254,54.25,-0.026
FF,2.38,5.98,"Springs, Jeffrey",605488,foul,L,1,0,0.6,1.41,-0.45,3.89,-8.238502167644413,-129.80833562283382,-2.041088319961203,8.651043481120956,30.077538405202084,-16.079623221442127,54.02,-0.019
FF,2.27,6.02,"Springs, Jeffrey",605488,ball,L,0,0,0.41,1.48,-1.3,2.52,-9.71712823637999,-130.5401887453038,-5.78357126618936,6.826210721420108,29.824999382956594,-14.21821750486609,54.0,0.016
FF,2.68,5.79,"Springs, Jeffrey",605488,hit_into_play,R,1,2,0.85,1.3,0.43,3.41,-7.311167963062146,-129.17956748768322,-2.4529698413418264,11.099532566056787,29.0242352701964,-17.389131279394338,54.0,-0.116
CH,2.5,6.19,"Springs, Jeffrey",605488,ball,R,0,2,1.07,0.06,0.17,0.25,-7.225021383968337,-117.65436404136052,-6.685538449206239,11.382468419368193,23.28380750696751,-30.50283346719816,54.3,0.013
FF,2.49,5.93,"Springs, Jeffrey",605488,foul,R,0,1,0.57,1.35,0.24,3.18,-6.702740785733716,-128.91897699580235,-3.398588415934215,7.889602322984559,29.62495394933825,-16.724424759391457,54.07,-0.035
SL,2.73,6.05,"Springs, Jeffrey",605488,called_strike,R,0,0,-0.5,0.28,0.42,2.03,-4.259736305944888,-119.88503072332676,-3.155471470637486,-4.020048003336241,23.33246907867259,-29.067656762408426,54.27,-0.024
FF,2.71,5.9,"Springs, Jeffrey",605488,hit_into_play,R,3,1,0.49,1.41,0.07,2.72,-7.523065280920375,-129.4196469158773,-4.647546580949498,7.271528446328642,30.85015035091161,-15.588988416815027,54.09,-0.375
FF,2.64,5.92,"Springs, Jeffrey",605488,called_strike,R,3,0,0.83,1.3,0.92,2.02,-5.865515042299469,-126.9292287798968,-5.834638932283699,10.294958479477904,29.535654346318815,-17.16867215315805,54.04,-0.083
CH,2.53,6.17,"Springs, Jeffrey",605488,ball,R,2,0,1.32,-0.12,1.57,3.42,-4.498088890082954,-114.2935592231004,1.1531063975023246,12.370894357878209,22.24515640744104,-33.68872826375349,54.34,0.133
CH,2.61,6.25,"Springs, Jeffrey",605488,ball,R,1,0,1.29,0.0,2.38,3.11,-2.874114731029079,-114.17849954963104,0.0951589041584124,11.79000472464573,22.60355565728615,-32.41724315983974,54.5,0.064
FF,2.66,5.95,"Springs, Jeffrey",605488,ball,R,0,0,0.78,1.43,1.63,3.42,-4.065788954594577,-126.16600701904026,-2.7194125258699,9.17441922394252,28.837662822490174,-16.680018126314355,53.97,0.032
CH,2.5,6.06,"Springs, Jeffrey",605488,called_strike,R,3,2,1.26,0.36,0.91,1.36,-5.7177522904960485,-112.74203922336058,-3.6973945434132736,11.812751593620312,22.843636350294997,-28.5858317990462,54.14,-0.348
FF,2.61,5.9,"Springs, Jeffrey",605488,ball,R,2,2,0.77,1.47,0.61,4.1,-6.713842234265608,-132.18268275486136,-1.681095975039942,10.602036585077226,31.629435743376604,-14.945985404125638,53.92,0.064
CH,2.57,6.15,"Springs, Jeffrey",605488,ball,R,1,2,1.28,0.41,1.87,1.91,-3.974917640601289,-116.81853347157306,-3.379076452623077,12.467868605628023,24.594615918238123,-27.97225078253144,54.24,0.048
CH,2.36,6.16,"Springs, Jeffrey",605488,foul,R,1,2,1.31,0.44,0.1,0.78,-7.4900851217651505,-116.58507904422254,-5.968997294014571,13.418303154604276,23.23582184728648,-27.208454972683143,54.12,0.0
CH,2.52,6.15,"Springs, Jeffrey",605488,swinging_strike,R,1,1,1.01,0.49,0.78,1.37,-5.696813459680789,-115.16468957195148,-4.540218903183977,10.02312278495507,21.90796528271485,-27.185831065725026,54.07,-0.075
SL,2.73,5.9,"Springs, Jeffrey",605488,ball,R,0,1,-0.05,0.6,0.32,3.89,-5.511397990928514,-122.51124470638784,0.4940127174402798,0.5298259485093217,23.42879818070537,-26.378253764222745,54.11,0.02
CH,2.66,6.11,"Springs, Jeffrey",605488,called_strike,R,0,0,1.05,0.15,0.63,1.16,-6.350959952150941,-114.47946033059095,-4.17778070266431,10.445435889709328,20.974548072221467,-30.28648304735836,54.29,-0.048
FF,2.53,5.94,"Springs, Jeffrey",605488,hit_into_play,R,1,2,0.6,1.37,0.84,4.16,-5.489274620322021,-131.60893096547784,-1.368259788640669,8.144220582633572,30.61682093746865,-16.302103462329836,54.04,0.268
SL,2.64,5.95,"Springs, Jeffrey",605488,foul,R,1,1,-0.01,0.75,-0.53,3.24,-7.481828943422902,-124.68176916804887,-1.5976901133287202,1.5385838855553076,26.63904716552464,-24.28103103618401,54.1,-0.026
CH,2.49,6.22,"Springs, Jeffrey",605488,ball,R,0,1,1.28,0.17,1.69,2.48,-4.209766987430811,-116.5078146381858,-1.8468741655098384,12.48318736817315,22.84800434515689,-30.478289078786805,54.01,0.011
CH,2.53,6.22,"Springs, Jeffrey",605488,called_strike,R,0,0,1.17,0.19,0.86,2.16,-5.866866072800602,-115.81288081831153,-2.5295298347191237,11.623820632966751,21.48234740442276,-30.18431893313236,54.23,-0.015
FF,2.63,5.76,"Springs, Jeffrey",605488,hit_into_play,L,3,2,1.09,1.2,0.12,2.3,-8.654295457479643,-132.01186050236385,-5.2830901467150575,14.625069680556608,30.452046358825736,-17.215352657792987,53.95,-0.211
ST,2.79,6.0,"Springs, Jeffrey",605488,ball,L,2,2,-1.12,0.15,-2.01,1.38,-8.25132578623983,-113.66688544268318,-3.1881631628313234,-7.680909266498504,25.88127182908285,-30.433041653201464,54.26,0.069
SL,2.75,5.94,"Springs, Jeffrey",605488,ball,L,1,2,-0.18,0.37,-0.04,0.54,-6.166468820556469,-123.43122149838348,-7.033333227445151,-0.5460434389222663,24.973333191656543,-27.16960074053292,54.15,0.026
SL,2.64,5.97,"Springs, Jeffrey",605488,foul,L,1,2,-0.49,0.25,-0.66,2.75,-6.600348612566861,-120.84471104366004,-1.36693287221138,-3.498943067251484,23.993037967378857,-29.70973627714857,54.17,0.0
FF,2.57,5.97,"Springs, Jeffrey",605488,foul,L,1,1,0.71,1.35,-0.19,2.31,-8.325032417341847,-130.0053044602992,-5.849130090027364,9.93629730034218,29.42157751385672,-15.802359682461631,54.01,-0.04
SL,2.67,5.96,"Springs, Jeffrey",605488,ball,L,0,1,-0.31,0.29,-0.96,0.93,-7.909818796306936,-124.0471381658822,-6.09889979265724,-1.6190321919085648,25.447464277142394,-28.13165070713439,54.18,0.017
FF,2.48,5.93,"Springs, Jeffrey",605488,called_strike,L,0,0,0.58,1.49,-0.31,1.86,-8.20012276141134,-131.0351562151191,-7.293655531634553,8.545635184286088,29.742382530540816,-13.66539027417396,53.95,-0.024
CH,2.34,6.22,"Springs, Jeffrey",605488,hit_into_play,R,2,2,0.85,0.23,0.49,1.82,-5.618981861350219,-114.79006613824568,-3.1369779344828577,8.556050015332087,22.95827201362672,-29.76219870879172,54.14,-0.204
FF,2.65,5.88,"Springs, Jeffrey",605488,foul,R,2,2,0.96,1.24,0.52,3.7,-7.481510966927508,-132.64033285057403,-2.2123788668755644,13.028151586795316,30.876462467514177,-17.326796269252892,53.96,0.0
CH,2.5,6.26,"Springs, Jeffrey",605488,called_strike,R,2,1,1.32,0.37,-0.14,1.98,-8.19875775236583,-114.9070015816694,-3.132920995088832,13.284542983666302,23.129749168824524,-28.53443728601797,54.15,-0.063
CH,2.45,6.23,"Springs, Jeffrey",605488,ball,R,1,1,1.08,0.27,-0.2,1.18,-7.800084377412716,-115.60927785614828,-4.770632486085093,11.193245012608829,22.82201307615238,-29.03318394955912,54.3,0.05
CH,2.68,6.03,"Springs, Jeffrey",605488,ball,R,0,1,0.43,0.82,1.19,4.91,-4.365675478445295,-123.5303700038012,2.044263588924212,5.31430782113063,24.72512749505581,-24.36087957436008,54.16,0.021
FF,2.46,5.9,"Springs, Jeffrey",605488,foul,R,0,0,0.77,1.21,0.74,1.84,-5.891202036355971,-130.0494918267732,-6.54721812343309,10.035781731799396,29.29764627902722,-17.195122040022667,53.95,-0.032
CH,2.33,6.19,"Springs, Jeffrey",605488,swinging_strike,R,2,2,1.42,0.21,1.05,1.56,-5.499116161578439,-116.14221254945836,-3.803238692762188,13.882158080635229,23.05911742955295,-29.773527943875457,54.19,-0.199
FF,2.61,5.88,"Springs, Jeffrey",605488,ball,R,1,2,0.72,1.52,0.8,4.04,-6.0413872366214205,-131.0609500979023,-1.80777752138955,9.55528019467096,27.933897605079828,-14.52258638759986,53.87,0.03
CH,2.56,6.09,"Springs, Jeffrey",605488,ball,R,0,2,1.49,0.37,1.82,1.42,-4.511158935926273,-117.9652647215332,-4.485825396441463,14.773620192720504,23.649722577255424,-28.003801624937868,54.24,0.026
CH,2.41,6.17,"Springs, Jeffrey",605488,foul,R,0,1,1.09,0.03,0.67,1.49,-5.831070734816202,-115.38515069617452,-3.498111038499116,10.868940309627003,21.89432787005593,-31.485678230675624,54.25,-0.045
SL,2.6,6.07,"Springs, Jeffrey",605488,called_strike,R,0,0,-0.55,0.36,0.09,3.3,-4.706911008567548,-122.22802927316133,-0.7279313094044589,-4.6169148244069,23.84914296622468,-28.65510647494441,54.24,-0.042
FF,2.55,5.92,"Springs, Jeffrey",605488,ball,R,3,0,0.51,1.36,-0.03,0.92,-7.532610167536571,-130.83520831119762,-9.321050066532992,7.669949845330312,31.80192028267448,-14.590254707659312,53.84,0.042
CH,2.45,6.23,"Springs, Jeffrey",605488,ball,R,2,0,1.15,0.23,1.64,2.47,-3.9357205972525167,-115.68692223860477,-1.8723219561966669,11.046030560025114,22.93525513162417,-30.00238895727605,54.21,0.046
SL,2.57,6.12,"Springs, Jeffrey",605488,ball,R,1,0,-0.42,0.13,1.14,3.74,-2.398320565885706,-118.85036794943348,0.9827570727353644,-3.5130156330468187,23.602407007996263,-31.3654535663274,54.24,0.026
FF,2.48,6.07,"Springs, Jeffrey",605488,ball,R,0,0,0.59,1.35,1.45,2.46,-3.738153033168018,-126.96871448694505,-5.254059787995433,7.2034619775414415,29.97530529337523,-16.706741310486095,53.84,0.016
FF,2.45,5.96,"Springs, Jeffrey",605488,foul_tip,L,0,2,0.48,1.44,-0.55,3.46,-8.56531504782977,-132.38050182904016,-3.372452531081638,7.6311752913311635,32.429065379753524,-14.804458159017065,53.98,-0.104
FF,2.43,6.08,"Springs, Jeffrey",605488,foul_tip,L,0,1,0.46,1.31,-0.01,3.62,-7.134268972299672,-132.23414887227247,-2.9811563183474856,7.127120300912631,32.99858137818185,-16.455284682893065,53.98,-0.035
FF,2.52,5.85,"Springs, Jeffrey",605488,swinging_strike,L,0,0,0.52,1.47,-0.83,2.81,-9.592121687631105,-132.5074787629966,-4.836076660515468,8.3407613167803,32.08021505213938,-14.101644686582246,53.86,-0.024
CH,2.22,6.32,"Springs, Jeffrey",605488,hit_into_play,R,3,2,1.27,0.07,0.17,2.45,-6.949011485503215,-117.12606910983622,-2.0017540531645333,13.055647509714754,23.5956722011386,-31.351985906953733,54.22,1.522
FF,2.54,5.89,"Springs, Jeffrey",605488,ball,R,2,2,0.74,1.55,0.52,3.88,-6.677840377548221,-131.67989429344024,-2.318125585385748,10.19307011470399,32.77775357406996,-14.048962156578373,53.89,0.115
CH,2.53,6.24,"Springs, Jeffrey",605488,ball,R,1,2,1.29,0.0,1.69,2.38,-4.249372696994268,-116.0983987633875,-1.6789796744640175,12.41442176034844,23.81100993855448,-32.06496253407307,54.23,0.034
CH,2.33,6.23,"Springs, Jeffrey",605488,swinging_strike,R,1,1,1.08,0.15,0.31,0.65,-6.584337592397751,-117.92077324433116,-6.072196971494054,11.416069987503311,24.284302457141703,-29.72682958211908,54.26,-0.075
CH,2.41,6.32,"Springs, Jeffrey",605488,swinging_strike,R,1,0,1.36,0.34,0.62,2.78,-6.347570315801899,-113.9256922326096,-1.3391765668049826,13.031573073221107,22.89428265658361,-29.18439625124672,54.32,-0.062
FF,2.49,5.91,"Springs, Jeffrey",605488,ball,R,0,0,1.1,1.31,0.67,3.96,-7.004612534845333,-133.26753463370707,-1.8269142352251015,14.665044463980877,32.06228422896877,-16.468487852804564,53.99,0.044
FF,2.6,5.92,"Springs, Jeffrey",605488,hit_into_play,R,2,1,0.99,1.3,0.69,2.6,-6.855409004359174,-131.09788461291836,-5.063345213815329,12.860947735679623,29.771376882024175,-16.255541986253558,53.94,-0.442
CH,2.48,6.16,"Springs, Jeffrey",605488,ball,R,1,1,1.13,0.01,0.83,1.47,-5.744334576310314,-115.49478584444309,-3.5108302161069966,11.235859632893437,22.221192193873662,-31.58773188015392,54.11,0.074
CH,2.46,6.2,"Springs, Jeffrey",605488,ball,R,0,1,1.28,0.31,0.82,1.34,-5.9718922805144175,-115.2164780300679,-4.366358212507043,12.48882494809864,22.662755942420777,-28.815252280574416,54.28,0.057
FF,2.73,5.88,"Springs, Jeffrey",605488,called_strike,R,0,0,1.12,1.31,0.13,2.55,-8.842904857724406,-130.9724059767657,-5.032129152260907,14.851066448220518,29.799925903612632,-16.249114260087797,54.1,-0.064
FF,2.52,6.0,"Springs, Jeffrey",605488,hit_into_play,R,0,1,0.77,1.36,-0.28,3.36,-8.700791627052952,-131.94305032038974,-3.588665956049291,10.940711634985318,29.667911193846727,-15.775213576949756,53.93,0.442
FF,2.54,5.9,"Springs, Jeffrey",605488,foul,R,0,0,0.83,1.52,0.22,2.94,-7.623043140185906,-132.08707715012207,-4.707803325365146,11.43628750649832,30.25242996795892,-13.638863198262614,53.88,-0.032
