pitch_type,release_pos_x,release_pos_z,player_name,pitcher,description,stand,balls,strikes,pfx_x,pfx_z,plate_x,plate_z,vx0,vy0,vz0,ax,ay,az,release_pos_y,delta_run_exp
FF,-2.97,5.47,"Sterner, Justin",686993,hit_into_play,L,1,1,-0.55,1.68,0.78,2.01,10.801435607873389,-134.75769137839023,-6.755465032113244,-9.02364586905802,28.836349632239283,-10.339451858469989,54.01,-0.097
FF,-2.97,5.52,"Sterner, Justin",686993,ball,L,0,1,-0.73,1.6,1.36,1.79,12.7722977485948,-135.47998212443858,-7.368949479136227,-11.732071653303027,29.676536659507647,-10.94651054644776,53.92,0.011
FF,-2.97,5.54,"Sterner, Justin",686993,swinging_strike,L,0,0,-0.75,1.59,-0.22,3.36,8.665256811157315,-134.68827448794977,-3.225473104376456,-10.986400589797933,29.80470404815713,-12.351571823407848,54.13,-0.015
FF,-2.93,5.54,"Sterner, Justin",686993,hit_into_play,R,2,0,-0.54,1.59,0.48,3.07,9.937692600013849,-134.9096997945803,-4.0061721321846,-8.79093929268171,30.377382546728555,-12.036861468052928,53.92,-0.242
FC,-3.01,5.56,"Sterner, Justin",686993,ball,R,1,0,0.52,0.24,-1.13,5.03,3.250466653353276,-119.2405282876768,4.902622005761965,4.351741868063707,22.932735150856107,-31.06118302200244,54.22,0.032
FF,-3.0,5.55,"Sterner, Justin",686993,ball,R,0,0,-0.56,1.43,-1.27,3.73,5.699072439993514,-134.97903130409557,-1.9817762049466088,-8.166608134935785,30.343370174949182,-14.519446424960869,53.96,0.063
FC,-3.01,5.47,"Sterner, Justin",686993,hit_into_play,L,2,2,0.56,0.37,-0.41,1.54,5.057408779629221,-125.79530202275376,-3.943108404050817,5.003314951181033,24.430323390382284,-27.702398493302987,54.1,-0.252
FF,-2.94,5.55,"Sterner, Justin",686993,ball,L,1,2,-0.71,1.55,-0.4,4.18,8.11912116047875,-136.0303159508236,-1.1585971087367002,-10.628817290727037,32.15976032028641,-12.969065472418729,54.1,0.082
FC,-3.1,5.51,"Sterner, Justin",686993,swinging_strike,L,1,1,0.65,0.17,-0.61,2.37,4.529342899515873,-123.60841267990423,-1.3867256424021168,5.771745637727624,24.20397092157777,-30.34760508902728,54.39,-0.105
FC,-3.07,5.52,"Sterner, Justin",686993,called_strike,L,1,0,0.53,0.52,-0.59,3.31,4.698001001194815,-122.60652372935822,0.203797373001465,4.473858302615554,23.91130453844839,-27.173298915589505,54.15,-0.058
FF,-2.91,5.68,"Sterner, Justin",686993,ball,L,0,0,-0.57,1.52,-0.51,4.09,7.312087172454507,-133.28148724683797,-1.380184830180681,-8.496566670746905,30.66980551006101,-14.057788166558945,54.14,0.06
FF,-2.98,5.65,"Sterner, Justin",686993,hit_into_play,L,0,0,-0.77,1.4,-0.38,3.58,8.241299814479596,-133.13225991869626,-2.362807668227733,-11.008373137516548,29.350575466132756,-15.21417588312671,54.17,0.628
FC,-3.1,5.4,"Sterner, Justin",686993,swinging_strike,R,3,2,0.54,0.36,0.28,1.75,7.034497659439438,-127.34405463782592,-3.4229458793944505,4.4028018584079724,26.389655634952767,-27.746687481850937,54.14,-0.527
FF,-2.85,5.37,"Sterner, Justin",686993,ball,R,2,2,-0.68,1.6,1.42,1.05,12.793375979353597,-137.8824921752939,-9.257373364675836,-11.62417356810111,32.498684499407965,-9.744012662801964,53.75,0.131
FF,-3.01,5.48,"Sterner, Justin",686993,swinging_strike,R,2,1,-0.54,1.64,0.68,2.41,10.792323172801316,-135.88235018197912,-5.769911550945277,-9.231587171627734,32.48690088757196,-10.74118739572246,53.79,-0.084
FF,-2.96,5.46,"Sterner, Justin",686993,called_strike,R,2,0,-0.39,1.64,0.4,1.92,9.66891921916736,-136.66703529962314,-7.103899559262081,-7.187798836873607,32.674713784572056,-10.19357263518616,53.69,-0.14
FF,-2.95,5.5,"Sterner, Justin",686993,ball,R,1,0,-0.53,1.67,1.13,2.62,11.7932688113528,-136.317341811487,-5.412827130325062,-9.366017282372034,31.862415210538057,-10.337550829645169,53.88,0.087
FF,-2.94,5.51,"Sterner, Justin",686993,ball,R,0,0,-0.41,1.55,0.18,4.05,9.04351623642759,-136.2642676712703,-1.4110110804172162,-7.268496013688623,32.60698180620812,-12.9310185986967,53.81,0.056
FF,-2.94,5.47,"Sterner, Justin",686993,hit_into_play,R,1,2,-0.65,1.64,0.09,2.49,9.338279942889487,-136.69049979769528,-5.597366197470738,-10.4140543321608,33.6446061307072,-10.609262552264989,53.89,-0.473
FC,-3.07,5.46,"Sterner, Justin",686993,foul,R,1,1,0.31,0.42,-0.54,2.38,5.420305429731527,-125.13511412815194,-1.9615471181212851,2.3081031677387465,23.09030622967277,-27.60386572876752,53.68,-0.209
FC,-2.94,5.46,"Sterner, Justin",686993,swinging_strike,R,1,0,0.2,0.42,0.96,2.05,9.014015167269411,-126.80326073791176,-2.9199258779278066,0.4113790288639352,24.971658605442823,-27.212407713587798,53.95,-0.186
FC,-2.97,5.5,"Sterner, Justin",686993,blocked_ball,R,0,0,0.36,0.33,0.44,0.06,7.437653049828516,-125.65015522768564,-7.485645396036959,2.33179657816648,24.69627742758999,-27.38825074908604,53.81,0.113
FF,-3.01,5.51,"Sterner, Justin",686993,hit_into_play,L,1,0,-1.02,1.41,-0.16,2.66,9.657980033041396,-136.05139664002584,-4.705405118884493,-14.878951942298158,32.05974984239653,-13.866137316977966,53.95,0.848
FF,-3.01,5.54,"Sterner, Justin",686993,ball,L,0,0,-1.02,1.77,0.92,2.2,12.380322308040792,-135.80884614398403,-6.71394147349067,-15.47123394630685,32.28523017191773,-8.953248781591416,54.03,0.051
FF,-3.03,5.53,"Sterner, Justin",686993,hit_into_play,R,1,2,-0.98,1.43,0.1,3.09,10.465473510684635,-138.48444897019834,-3.9457781142284487,-15.104044673966143,33.13893236118144,-13.106393941561189,53.96,0.576
FC,-2.88,5.51,"Sterner, Justin",686993,ball,R,0,2,0.47,0.55,1.99,1.24,10.80987710963854,-126.4003543498829,-5.256407810071416,2.9062138220709324,25.0016351981874,-25.36707038043727,53.64,0.02
FF,-3.07,5.55,"Sterner, Justin",686993,called_strike,R,0,1,-0.93,1.5,0.44,2.42,11.125867347222686,-135.81713432268708,-5.604454733972496,-13.980528647056753,31.315860405551497,-12.47225999803456,54.01,-0.059
FF,-2.87,5.64,"Sterner, Justin",686993,called_strike,R,0,0,-0.95,1.57,0.36,3.05,10.524705381863493,-136.8609739995629,-4.447847045045235,-14.40671375558994,32.62852192623372,-11.673106970670814,54.08,-0.042
FC,-2.99,5.56,"Sterner, Justin",686993,foul_tip,R,2,2,0.38,0.6,1.54,1.89,10.193030997183168,-126.19091185941367,-3.829782998963643,1.947400268764219,26.04725031503156,-25.14338843765561,53.54,-0.36
FF,-2.93,5.6,"Sterner, Justin",686993,foul,R,2,2,-0.65,1.58,0.77,2.58,11.166303724286188,-137.59958962563874,-5.72367963553041,-10.8517500239702,32.51502269278681,-10.948245183923826,53.87,0.0
FF,-3.08,5.55,"Sterner, Justin",686993,swinging_strike,R,2,1,-0.92,1.3,0.59,2.11,11.493153091204247,-135.68134023414515,-5.969994304053451,-13.888091941794851,30.20688965316848,-14.922780652795865,53.97,-0.075
FF,-2.9,5.59,"Sterner, Justin",686993,ball,R,1,1,-0.9,1.66,1.02,2.07,12.163541996761184,-135.7236223707095,-7.030453053849019,-13.777235324914304,30.4011811334041,-10.213313287900569,53.72,0.074
FC,-3.11,5.53,"Sterner, Justin",686993,ball,R,0,1,0.58,0.31,-0.14,1.1,5.932224274479938,-125.51790827395553,-4.978308997689368,4.9296514694119296,25.2842309303002,-28.037901731014067,53.82,0.057
FF,-2.88,5.72,"Sterner, Justin",686993,swinging_strike,R,0,0,-0.88,1.74,0.27,3.03,9.979240543798278,-134.2775197213205,-4.792985853800496,-12.827017110736714,30.55283965995136,-10.305075646860043,53.87,-0.064
FF,-2.9,5.72,"Sterner, Justin",686993,hit_into_play,L,0,1,-0.75,1.5,-0.15,3.23,8.74629005811484,-135.82204881082458,-3.940257552113912,-11.20725120306907,30.360346992183374,-12.948145270397058,54.09,0.442
FF,-3.05,5.75,"Sterner, Justin",686993,foul,L,0,0,-0.63,1.38,-0.56,3.52,7.718773648927556,-134.1118811849743,-2.8028548803755875,-9.370187048249912,31.46719484426204,-15.135338996116529,54.05,-0.032
FF,-2.99,5.67,"Sterner, Justin",686993,hit_into_play,L,2,2,-0.7,1.62,-0.3,2.97,8.496953001683197,-135.57872359968545,-4.737385119411787,-10.571242478059071,31.17301226517676,-11.35110549634194,53.93,-0.2
FF,-3.14,5.65,"Sterner, Justin",686993,foul,L,2,1,-0.85,1.42,-0.38,1.87,8.88790809837957,-134.14505244651255,-6.8714015973098,-12.291269873336278,32.362677313390684,-13.670167288462125,53.94,-0.067
FF,-2.95,5.62,"Sterner, Justin",686993,ball,L,1,1,-0.76,1.48,0.55,1.52,10.742216273229571,-135.94736155260733,-8.095670906490389,-11.949863631929178,32.866269627680715,-12.068984725208034,53.94,0.049
FC,-3.21,5.59,"Sterner, Justin",686993,foul,L,1,0,0.27,0.31,0.38,1.61,7.98217807483096,-124.84932079583474,-3.78808869496976,1.2125343392286096,25.00174977028753,-28.40827746233324,54.08,-0.039
FF,-3.05,5.68,"Sterner, Justin",686993,ball,L,0,0,-0.6,1.63,0.22,1.0,9.687472101308616,-134.46744159266498,-9.700574026555854,-9.517007007437714,30.649164960721222,-10.338491336679468,53.94,0.027
FC,-3.12,5.59,"Sterner, Justin",686993,swinging_strike,L,0,2,0.16,0.48,0.31,1.01,7.923224120601386,-126.08246257968894,-5.7633167105377,0.1165517303629076,25.10475206487135,-26.04754880161809,53.91,-0.194
FF,-3.01,5.7,"Sterner, Justin",686993,foul_tip,L,0,1,-0.66,1.48,-0.31,2.49,8.384348169958272,-135.04838794132445,-5.6667159411839645,-9.923208746357403,30.113512782245085,-13.036406460081308,54.0,-0.059
FF,-2.99,5.7,"Sterner, Justin",686993,foul,L,0,0,-0.96,1.51,-0.65,2.77,8.115223409551957,-134.97207293729218,-5.004587192800553,-13.574779850271224,32.805031541565114,-12.802898575517457,53.95,-0.042
ST,-2.98,5.69,"Sterner, Justin",686993,hit_into_play,R,1,1,1.65,-0.38,-0.27,1.65,2.795317888320259,-113.53987457397284,-0.990416330611522,13.508522136839868,24.06764152072287,-35.47367482867614,53.96,-0.368
FC,-3.1,5.66,"Sterner, Justin",686993,called_strike,R,1,0,0.62,0.46,-0.07,2.41,5.817541522748981,-122.4834548348603,-2.084598221648008,5.102217692159398,24.61873732462312,-27.30825930548969,53.99,-0.075
FF,-2.99,5.77,"Sterner, Justin",686993,ball,R,0,0,-0.83,1.63,-1.69,2.83,5.108452011494294,-133.84278217303068,-5.1030446792158966,-11.092562265155395,32.26775872402849,-11.78053268667942,53.95,0.067
FC,-3.01,5.77,"Sterner, Justin",686993,hit_into_play,R,1,0,0.55,0.33,0.31,2.5,6.585040974731685,-121.78388275227756,-1.7762287657300817,4.119121993216753,24.14779234725571,-28.757855801373545,54.07,0.378
FC,-2.97,5.84,"Sterner, Justin",686993,ball,R,0,0,0.6,-0.06,-2.14,4.26,0.7399161562221404,-120.16154906908577,3.0004586211533644,5.679811196412479,21.963051796733023,-33.54461486492117,54.29,0.032
FC,-2.91,5.57,"Sterner, Justin",686993,hit_into_play,R,1,1,0.75,0.04,-0.79,2.77,3.502097661198722,-124.2137910772891,-0.4032503212399581,7.161589359822428,22.947410891762654,-31.91639824185141,53.93,-0.431
FC,-2.98,5.58,"Sterner, Justin",686993,foul,R,1,0,0.4,0.25,0.76,1.74,8.023096564692347,-123.9922483310934,-3.23569855368108,2.5474733777914857,24.765068334746758,-29.11822445398965,53.89,-0.058
FF,-2.88,5.63,"Sterner, Justin",686993,ball,R,0,0,-0.39,1.64,0.91,2.54,10.648831882790851,-135.0880754173382,-5.742458179377295,-7.261038607962869,32.66111921430105,-11.009038986127818,53.7,0.042
FC,-2.88,5.51,"Sterner, Justin",686993,swinging_strike_blocked,L,2,2,0.65,0.08,0.91,1.04,7.740299530529685,-125.63327910108656,-4.598983216917479,5.288655687102269,25.747740468875406,-30.598984897331665,53.84,-0.278
FF,-2.94,5.49,"Sterner, Justin",686993,foul,L,2,2,-0.59,1.64,-0.09,2.88,8.806801464318648,-136.98326348942916,-4.753109601109494,-9.432138408142771,30.15768560549109,-10.594995151564902,53.78,0.0
FF,-2.87,5.54,"Sterner, Justin",686993,ball,L,1,2,-0.81,1.73,-0.86,1.99,7.072494585905662,-136.93880163460338,-7.388946683471322,-11.70614829930332,29.978139844417598,-8.969147258113223,53.75,0.034
FC,-3.1,5.53,"Sterner, Justin",686993,ball,L,0,2,0.4,0.3,-1.52,3.15,3.0086617628618564,-127.15863848922228,-0.2747343214171955,3.751581816525845,23.94818291956084,-28.994618439616428,54.0,0.021
FF,-2.98,5.55,"Sterner, Justin",686993,swinging_strike,L,0,1,-0.63,1.56,0.5,3.12,10.43584458737338,-136.14616353926357,-4.009764031474232,-10.090519422291033,30.16744828523406,-12.004369127398078,53.73,-0.075
FF,-2.87,5.53,"Sterner, Justin",686993,foul_tip,L,0,0,-0.56,1.53,-0.02,2.61,8.696121788859246,-137.01565175432822,-5.340126033531091,-8.942049814658821,29.787280344046877,-11.81646830133957,53.84,-0.047
FF,-2.99,5.6,"Sterner, Justin",686993,hit_into_play,R,2,1,-0.4,1.69,-0.34,3.55,7.733878292660052,-135.7020343634552,-3.2524206626661334,-6.61701521455402,30.53228235449033,-10.816547287461782,53.87,0.389
FF,-2.96,5.55,"Sterner, Justin",686993,foul,R,2,0,-0.74,1.54,0.44,1.92,10.352018219734203,-134.26762541800366,-6.808575997341374,-11.178420797488192,29.819749993959142,-12.205868489941226,53.77,-0.039
FC,-2.89,5.56,"Sterner, Justin",686993,ball,R,1,0,0.37,0.59,0.76,1.33,8.093416818115937,-127.1218578017876,-5.340408949261908,2.4932036255652563,24.420906998220666,-24.847473912125896,53.75,0.045
FF,-2.82,5.56,"Sterner, Justin",686993,ball,R,0,0,-0.72,1.62,1.0,2.5,11.46024467632075,-134.91099586233184,-5.583419308546742,-11.388583756545389,30.75951814283183,-11.351703962545542,53.67,0.024
FC,-3.0,5.56,"Sterner, Justin",686993,hit_into_play,L,0,1,0.55,0.59,0.01,1.64,6.150675794287358,-127.10899288318316,-4.548544332936182,4.800698260122118,25.014954138549328,-25.09580700066192,53.88,-0.196
FF,-2.97,5.62,"Sterner, Justin",686993,called_strike,L,0,0,-0.59,1.38,-0.65,2.2,7.165722383122513,-133.2245301218245,-5.761492762535838,-8.598838851461316,30.180937731397652,-14.690895837923774,53.87,-0.032
