pitch_type,release_pos_x,release_pos_z,player_name,pitcher,description,stand,balls,strikes,pfx_x,pfx_z,plate_x,plate_z,vx0,vy0,vz0,ax,ay,az,release_pos_y,delta_run_exp
FC,-1.95,4.94,"Uceta, Edwin",670955,hit_into_play,R,1,1,0.22,0.82,0.19,2.45,4.829009524818083,-131.07608850512284,-1.941444794417637,1.5214802896495845,27.74482254736561,-22.57708582896604,54.41,-0.097
CH,-1.95,4.79,"Uceta, Edwin",670955,swinging_strike,R,1,0,-1.45,0.08,-0.43,1.97,6.689238406884433,-128.52039496089225,-0.9136578597286368,-17.46981929594521,27.95831158902897,-31.35674055887437,54.3,-0.019
SI,-2.0,4.75,"Uceta, Edwin",670955,ball,R,0,0,-1.13,1.16,-0.1,1.38,7.528633839221591,-138.62916543037292,-5.779023789084519,-16.332007766554398,33.67351534528343,-16.06482864942272,54.32,0.016
CH,-2.11,4.69,"Uceta, Edwin",670955,swinging_strike,L,1,2,-1.38,0.03,-0.88,0.85,5.945931061494409,-130.8696986070158,-3.560970476112737,-17.100540758740472,29.73741962942625,-31.218717850712345,54.42,-0.116
CH,-1.82,4.67,"Uceta, Edwin",670955,ball,L,0,2,-1.35,-0.15,0.36,1.07,8.213602826764433,-129.85238379883577,-2.5169130813526013,-17.056665957626002,28.40387829833583,-33.51587806049614,54.16,0.013
FC,-1.93,4.87,"Uceta, Edwin",670955,swinging_strike,L,0,1,-0.22,1.01,0.46,2.94,6.377570601566986,-131.3093891679231,-1.0329214202399934,-3.85337777942164,25.692208882166977,-20.38281031035221,54.56,-0.035
CH,-2.07,4.79,"Uceta, Edwin",670955,foul,L,0,0,-1.54,-0.1,-0.72,2.34,6.328044965563654,-125.78514646957348,0.6247419322750503,-17.652297444597277,27.84916925763303,-33.642204697721624,54.47,-0.024
CH,-2.02,4.72,"Uceta, Edwin",670955,hit_into_play,L,1,1,-1.44,-0.11,-0.69,1.78,6.082901206126002,-126.06869795072028,-0.5279717629326566,-16.59673257725538,28.427806544879,-33.440915895467484,54.48,-0.216
CH,-2.03,4.83,"Uceta, Edwin",670955,ball,L,0,1,-1.4,-0.18,-1.47,1.66,4.254408840653476,-128.78960160458934,-1.2227317947919396,-16.418312228257125,28.77795528682052,-34.128133885173284,54.56,0.021
SI,-1.86,4.7,"Uceta, Edwin",670955,foul,L,0,0,-1.18,1.12,0.14,2.41,7.700687418855303,-135.44619370809943,-2.4580302418434137,-16.30174691251971,35.99299729775012,-18.16003146590699,54.33,-0.032
CH,-2.03,4.73,"Uceta, Edwin",670955,swinging_strike,L,0,2,-1.4,0.06,0.05,1.29,7.995850383935132,-129.14606565686597,-2.4645902080231576,-17.366902365410127,28.392260965978057,-31.188971394320053,54.32,-0.142
CH,-1.97,4.71,"Uceta, Edwin",670955,swinging_strike,L,0,1,-1.49,-0.11,-0.17,1.22,7.376427446929622,-127.42029311527392,-1.9800016760919397,-17.73372881434742,29.042489197234712,-33.13037634678733,54.33,-0.045
SI,-1.85,4.68,"Uceta, Edwin",670955,called_strike,L,0,0,-1.08,1.0,-0.75,2.25,5.114977261973296,-134.3306252434917,-2.5127302301659444,-14.195884757115472,31.478491581608612,-19.716440272477985,54.48,-0.042
CH,-2.09,4.8,"Uceta, Edwin",670955,hit_into_play,R,1,2,-1.55,0.23,-0.31,1.83,7.420153437959861,-126.1022375256926,-1.3140455479010005,-18.03327857489209,28.387089444094677,-29.63250365226185,54.07,-0.288
SI,-1.94,4.73,"Uceta, Edwin",670955,foul,R,1,2,-1.1,1.16,-0.05,2.75,7.258594248992529,-135.9981280054899,-1.8466026753387823,-15.271051208047725,32.748274334978234,-17.681986756015103,54.34,0.0
FC,-1.83,4.96,"Uceta, Edwin",670955,foul,R,1,1,0.43,1.02,0.51,2.46,4.772984258984386,-128.19137516483266,-2.073217119911204,3.7222776761609873,27.097727457445743,-20.728787045982635,54.35,-0.07
CH,-1.88,4.82,"Uceta, Edwin",670955,called_strike,R,1,0,-1.54,0.17,-0.88,1.75,5.502240954389577,-125.67396441019513,-1.3435916393059395,-17.404103434252523,28.999748501107284,-30.35830222296496,54.38,-0.055
FC,-1.77,4.92,"Uceta, Edwin",670955,ball,R,0,0,0.13,0.7,1.88,1.06,8.629242066816259,-128.679463814148,-4.761671528071634,-0.5124036074520352,28.398465810767124,-23.54432026059836,54.26,0.044
SI,-1.82,4.82,"Uceta, Edwin",670955,hit_into_play,R,1,0,-0.97,1.12,0.36,2.33,7.63795735153345,-133.8363992005894,-2.832155721752974,-13.441942513383678,32.41911524622736,-18.34255491632424,54.31,-0.443
CH,-1.99,4.86,"Uceta, Edwin",670955,ball,R,0,0,-1.56,0.11,-2.38,2.86,2.2364523975244204,-123.81147295835586,1.513643691157173,-16.36003169977813,29.42936251870944,-31.662538352527587,54.29,0.067
CH,-1.9,4.83,"Uceta, Edwin",670955,hit_into_play,R,2,2,-1.27,-0.12,0.07,1.99,7.66812722439019,-132.10727082276324,-0.8945161601392206,-16.56799388438569,29.94349151713488,-33.61574428505258,54.16,-0.088
FC,-1.81,4.95,"Uceta, Edwin",670955,foul,R,2,1,0.16,0.93,0.23,2.38,4.757726629326525,-131.29650503858483,-2.444858736612539,0.8659604702862004,26.055573319628284,-21.125909551141056,54.26,-0.031
SI,-1.84,4.82,"Uceta, Edwin",670955,called_strike,R,2,0,-1.1,1.16,0.23,2.44,7.896366490137515,-138.70666012932293,-3.1757377804539417,-15.991296272637182,33.92808113809236,-16.741191812195723,54.11,-0.022
SI,-1.88,4.8,"Uceta, Edwin",670955,ball,R,1,0,-1.18,1.02,0.97,1.88,10.083471430737536,-138.1106107896365,-4.209022423816042,-17.433522561446953,32.76656532269179,-18.40529908535077,54.32,0.026
FC,-1.85,4.98,"Uceta, Edwin",670955,ball,R,0,0,-0.11,0.76,-0.81,2.34,2.819756019888128,-132.7187420567575,-2.392839661929385,-1.827384151195676,26.457352640801933,-22.91662126977986,54.47,0.016
CH,-1.94,4.82,"Uceta, Edwin",670955,swinging_strike,R,2,2,-1.55,-0.08,0.46,0.89,9.151684250261056,-129.75546219438306,-3.447559974030975,-19.418025439106867,28.155109669204325,-32.54218791391547,54.11,-0.142
SI,-1.76,4.79,"Uceta, Edwin",670955,ball,R,1,2,-1.01,1.26,1.88,2.9,11.845825938804934,-139.00296284207803,-2.211274145314288,-15.741225106330193,31.386452929489707,-15.50807708508183,54.18,0.026
FC,-1.8,5.04,"Uceta, Edwin",670955,foul,R,1,2,0.48,0.61,0.09,2.53,3.640802864458048,-129.9671864791057,-1.4478689642957812,4.630398038040876,28.0354386789976,-25.1639116478504,54.2,0.0
CH,-1.74,4.86,"Uceta, Edwin",670955,ball,R,0,2,-1.29,0.13,0.56,1.21,8.495406423069278,-131.28806753058012,-3.312998627445604,-16.766895171777424,31.227304255456563,-30.150171163725005,54.08,0.013
CH,-1.98,4.87,"Uceta, Edwin",670955,swinging_strike,R,0,1,-1.29,-0.05,0.35,1.26,8.534225961507111,-130.843517039426,-2.8110278298201177,-16.705922699590868,31.09217106872265,-32.30280601891013,54.07,-0.035
SI,-1.86,4.84,"Uceta, Edwin",670955,called_strike,R,0,0,-1.04,1.03,-0.68,1.99,5.407834238519584,-139.31336913648482,-4.155593597017978,-14.734949615182146,35.100705640458905,-18.095826223773084,54.56,-0.024
FC,-2.02,5.01,"Uceta, Edwin",670955,hit_into_play,R,1,2,0.12,0.68,-1.45,2.67,1.1420510746079198,-130.11953876980533,-1.137367559995905,1.0697084924663542,29.884601181461157,-24.521364302274364,54.53,-0.168
SI,-2.1,4.82,"Uceta, Edwin",670955,ball,R,0,2,-0.94,1.34,1.3,3.02,10.932202542413757,-137.47602326025586,-1.925139042000501,-14.617499226974166,34.955886451106906,-15.066473251906668,54.29,0.019
SI,-1.89,4.86,"Uceta, Edwin",670955,swinging_strike,R,0,1,-0.8,1.22,-0.58,3.34,5.13069690782676,-137.09908000959535,-0.8890107701495741,-11.324050131034728,34.76267383630891,-16.94896488322181,54.65,-0.047
SI,-1.92,4.8,"Uceta, Edwin",670955,called_strike,R,0,0,-0.94,1.07,0.35,1.9,7.906813107803456,-136.10725838547097,-4.040645093178191,-13.577632163077404,33.19657099125172,-18.172720044079384,54.47,-0.032
SI,-1.84,4.52,"Uceta, Edwin",670955,ball,R,1,2,-1.08,1.35,1.66,2.6,11.479514132194248,-137.8296886125372,-2.315235098220378,-16.398358655329154,31.90554350653729,-14.62481869571023,54.52,-0.201
FC,-1.85,4.71,"Uceta, Edwin",670955,foul,R,1,2,0.42,0.66,0.08,2.91,3.829079631403365,-128.6055030968699,0.3032609657148641,3.859927646421982,25.73793594324371,-25.13292546947636,54.29,0.0
ST,-1.85,4.6,"Uceta, Edwin",670955,foul,R,1,2,1.36,-0.01,0.59,2.38,2.7905568709272077,-115.99636318084582,1.9893184255668164,11.493411826750815,25.350076410838348,-32.98032927622228,54.46,0.0
CH,-2.17,4.49,"Uceta, Edwin",670955,foul,R,1,2,-1.34,-0.07,-0.08,1.37,7.795194545988719,-127.07616526269685,-1.1861291338909,-16.165937707960964,26.89994772300904,-32.912518377439994,54.32,0.0
SI,-1.79,4.44,"Uceta, Edwin",670955,foul,R,1,2,-1.05,1.25,-0.53,3.76,5.542036935506644,-135.94580476965936,1.3417446251407208,-14.29697675225599,36.72804767102524,-17.552417468977595,54.49,0.0
ST,-1.91,4.83,"Uceta, Edwin",670955,called_strike,R,1,1,1.17,-0.29,0.77,2.1,3.677720679404728,-115.8969185958384,1.453359621821713,9.530413735457346,26.84331940702325,-35.31143586726256,54.25,-0.126
FC,-1.83,4.69,"Uceta, Edwin",670955,ball,R,0,1,0.1,0.72,2.04,2.04,9.17263101334044,-128.56679258580408,-1.8253864028874145,-1.000139183382396,29.199651070792104,-23.99974448218513,54.44,0.056
ST,-1.72,4.84,"Uceta, Edwin",670955,called_strike,R,0,0,1.17,-0.28,-0.22,2.97,1.1083017964998327,-116.3468485633795,3.286652225762669,10.152324093142791,27.19760938344477,-35.69194284756392,54.22,-0.081
SI,-1.98,4.42,"Uceta, Edwin",670955,foul_tip,L,2,2,-1.24,1.11,-0.99,3.02,5.226271577442152,-135.54381026133407,-0.1610084393174173,-16.390776997161524,36.313291508561136,-18.907788760770128,54.53,-0.475
CH,-2.13,4.63,"Uceta, Edwin",670955,called_strike,L,2,1,-1.57,-0.03,0.06,1.84,8.297714308797179,-124.38219121164344,-0.1225838789010365,-17.994315609520125,29.290811364295816,-32.72222458393612,54.3,-0.134
SI,-1.85,4.56,"Uceta, Edwin",670955,ball,L,1,1,-1.23,1.28,-1.37,3.1,3.9570592931922,-136.2019873544057,-0.757871735083747,-16.164531652374446,35.562718267249764,-16.46700721637773,54.57,0.028
CH,-2.32,4.41,"Uceta, Edwin",670955,ball,L,0,1,-1.55,-0.28,-1.95,1.19,4.016658878890252,-125.01310388154477,-0.6583324755903067,-17.009759406906618,30.29061596681542,-35.202294492736854,54.18,0.001
CH,-2.09,4.57,"Uceta, Edwin",670955,foul,L,0,0,-1.69,0.03,-0.37,1.61,7.564875327320863,-126.2247459478374,-0.8388169087362262,-19.60924650707113,29.916437016254147,-31.90576761435129,54.22,-0.081
SI,-1.72,4.54,"Uceta, Edwin",670955,swinging_strike,R,1,2,-1.25,1.16,0.28,3.01,7.963985574477626,-137.61004757313626,-0.7893806039481437,-17.738431554030786,35.40297290789675,-17.689353072297404,54.41,-0.374
CH,-1.9,4.64,"Uceta, Edwin",670955,ball,R,0,2,-1.74,0.16,0.97,1.14,10.605964709913763,-128.5481791818442,-2.6737089833867955,-21.606434063806933,31.948056589729003,-29.97823705280749,54.2,0.011
FC,-1.75,4.78,"Uceta, Edwin",670955,called_strike,R,0,1,0.02,0.93,0.9,1.88,6.520488121230493,-130.92389794649827,-3.1500249172568746,-1.2626985959528978,29.839923236796334,-21.00533521065796,54.24,-0.135
ST,-1.94,4.87,"Uceta, Edwin",670955,called_strike,R,0,0,0.98,0.12,0.42,3.02,3.412903285588108,-118.37981477680243,2.328301388210761,8.323539666303715,26.33737357761156,-31.850008824889944,54.3,-0.097
SI,-2.08,4.5,"Uceta, Edwin",670955,hit_into_play,L,3,1,-0.96,1.28,0.46,2.57,8.529757818422224,-134.7112641168989,-1.8307801355834408,-13.723208435526944,33.39226240713124,-16.53914144021281,54.49,0.739
CH,-2.09,4.61,"Uceta, Edwin",670955,ball,L,2,1,-1.59,0.01,-1.39,2.84,4.825029944179326,-125.07525871402272,2.103383177207615,-17.61379538361996,28.415670730444607,-32.84608407724603,54.6,0.324
FC,-1.95,4.75,"Uceta, Edwin",670955,ball,L,1,1,0.21,0.75,-1.55,3.67,0.514579900536863,-126.82737846668476,2.014534764205399,2.183261803674588,26.71479449037898,-24.738195736509567,54.65,0.134
FC,-2.03,4.7,"Uceta, Edwin",670955,foul_tip,L,1,0,0.14,0.99,-0.41,3.15,3.626580995687001,-128.30061888864932,0.2761395884808856,0.7892421499286824,27.694171300519702,-21.511520503988745,54.5,-0.134
CH,-2.12,4.57,"Uceta, Edwin",670955,ball,L,0,0,-1.54,-0.29,-1.82,2.37,3.904244466512941,-127.80000778686592,1.492255924708161,-17.627099180394243,31.1230700146764,-35.944999138458144,54.53,0.036
SI,-2.06,4.62,"Uceta, Edwin",670955,hit_into_play,R,0,1,-1.07,1.04,-0.2,3.17,7.034696088474086,-134.92263076436572,-0.1416007208627799,-14.593689106076758,32.13230675101794,-19.73002882243312,54.51,0.127
ST,-1.92,4.91,"Uceta, Edwin",670955,foul_bunt,R,0,0,1.28,0.04,-0.42,2.14,0.8756459596155672,-114.64616268408142,0.8397525737343652,10.991475126077107,24.22214086149315,-32.27365590472769,54.32,-0.093
CH,-1.99,4.66,"Uceta, Edwin",670955,hit_into_play,L,1,1,-1.49,0.08,-0.32,1.47,6.968678091623494,-125.63168946425463,-1.4518447164435484,-17.200104775469896,27.616582917932178,-31.289864853047906,54.51,0.699
CH,-2.19,4.56,"Uceta, Edwin",670955,ball,L,0,1,-1.47,-0.32,-1.92,2.21,3.587205923348228,-123.7834006528772,1.4972470120421637,-15.756897585692457,27.209626707525327,-35.982002094607665,54.29,0.057
SI,-2.02,4.55,"Uceta, Edwin",670955,called_strike,L,0,0,-1.28,1.2,0.34,2.84,8.572204159135149,-132.7934705119172,-0.9428716964907184,-17.044310847089424,31.14955451526542,-18.140580119112563,54.92,-0.064
FC,-1.94,4.76,"Uceta, Edwin",670955,hit_into_play,L,2,1,0.17,0.66,-0.19,2.8,3.86524816374205,-127.8746177552104,0.0115944911669984,1.0011202896502778,27.345609565112188,-25.21849333584422,54.68,0.371
CH,-2.01,4.63,"Uceta, Edwin",670955,ball,L,1,1,-1.39,0.1,1.0,1.72,10.069402168792282,-126.33493831798968,-0.9490106687995384,-16.92821903958093,26.63311820875254,-31.17369639150828,54.04,0.05
FC,-1.92,4.81,"Uceta, Edwin",670955,ball,L,0,1,-0.08,0.76,-0.06,3.73,4.7060061096844,-129.56654375860322,1.790640054644742,-1.9483806543328437,27.837907082589627,-24.24431077000128,54.54,0.021
CH,-2.0,4.64,"Uceta, Edwin",670955,called_strike,L,0,0,-1.35,0.11,0.63,1.93,8.829191748012368,-123.78066676128446,-0.2450028986999514,-15.704062618173795,25.95035714906815,-31.18279890063434,54.5,-0.032
CH,-1.91,4.75,"Uceta, Edwin",670955,called_strike,R,3,2,-1.36,0.02,0.44,1.86,8.464061642747476,-127.91836614575766,-0.8894371900330824,-16.695494358462714,28.65377295847961,-31.9724609665808,54.44,-0.348
ST,-1.84,4.85,"Uceta, Edwin",670955,ball,R,2,2,1.01,0.18,2.2,1.62,7.053827982731171,-117.29901634804334,-0.7918419833420113,7.794807524244957,24.08350402700128,-30.56690591297504,54.3,0.064
CH,-1.88,4.63,"Uceta, Edwin",670955,ball,R,1,2,-1.28,0.19,0.92,0.76,9.607926613808068,-128.4151194493502,-3.716542667719144,-16.27398285515262,28.46258127433558,-29.44475806827397,53.64,0.048
FC,-1.84,4.9,"Uceta, Edwin",670955,foul,R,1,1,0.16,0.67,-0.21,3.48,3.624103737688761,-128.3488852541735,1.1986642632647944,1.080538542635812,25.0230988958851,-25.12661766773671,54.15,-0.075
FC,-1.65,4.84,"Uceta, Edwin",670955,ball,R,0,1,0.27,0.65,1.07,2.28,6.075691737997715,-128.78276064859136,-1.5333051194715823,1.6741253675484924,27.390669367530336,-24.793221488023782,54.17,0.02
ST,-1.73,5.0,"Uceta, Edwin",670955,called_strike,R,0,0,0.9,-0.2,0.8,2.32,3.889185018534089,-117.2724182709804,1.1102181045591248,7.516043927067182,23.149589318568097,-34.474688987957336,54.52,-0.048
CH,-2.03,4.55,"Uceta, Edwin",670955,swinging_strike,L,0,2,-1.33,-0.06,0.25,1.37,8.072899272373288,-124.90549878887532,-1.1296169201456292,-15.584595993824465,25.56072682453984,-32.77118827871254,54.39,-0.223
SI,-1.83,4.6,"Uceta, Edwin",670955,foul,L,0,1,-1.25,1.03,-0.13,2.54,7.112668983370846,-136.5572282651905,-1.8453674775214923,-17.218327470671206,32.16531832244324,-19.156430441125465,54.52,-0.075
CH,-2.05,4.67,"Uceta, Edwin",670955,foul_tip,L,0,0,-1.45,-0.33,-0.32,1.98,7.114375278876069,-126.83785835575884,0.4848214505460744,-17.188054022166675,29.860414952172174,-36.11533546679197,54.49,-0.047
CH,-2.04,4.73,"Uceta, Edwin",670955,hit_into_play,R,1,2,-1.49,0.01,0.03,1.92,8.148920128671893,-129.35042113014532,-0.8410214825308633,-18.48669960637514,28.513732039948827,-32.07991243460639,54.6,0.466
SI,-1.93,4.65,"Uceta, Edwin",670955,foul,R,1,2,-1.06,1.38,-0.1,3.53,6.96375872708855,-136.16130862450547,-0.1026932930124713,-14.784975493719823,35.63996537669726,-15.447837239655213,54.78,0.0
ST,-1.73,5.03,"Uceta, Edwin",670955,called_strike,R,1,1,1.22,-0.29,0.62,2.05,2.9199477326836187,-117.5087043127216,0.6894793909129806,10.4607530157315,26.224726665571456,-35.26300377738913,54.42,-0.04
CH,-2.18,4.75,"Uceta, Edwin",670955,called_strike,R,1,0,-1.38,0.23,0.4,1.51,8.973149473959374,-126.85120014717856,-1.9994216316567333,-16.870927021330576,29.794437259115927,-29.521429133815563,54.61,-0.031
SI,-1.78,4.72,"Uceta, Edwin",670955,ball,R,0,0,-1.06,1.47,1.8,2.15,11.545387292239813,-136.46407889924254,-4.06869435698877,-16.085201341590622,35.68359957986516,-13.19233671523043,54.48,0.024
SI,-2.07,4.57,"Uceta, Edwin",670955,swinging_strike,L,1,2,-0.9,1.42,-0.43,3.36,6.159349627481282,-135.30390126147907,-0.3335023186737413,-12.451117012719898,35.02047360513583,-15.163592244581029,54.33,-0.168
CH,-2.15,4.73,"Uceta, Edwin",670955,foul,L,1,2,-1.38,0.06,0.36,1.23,8.848332047312788,-127.33019164105168,-2.364888171566786,-16.838893290425975,27.848680731695744,-31.24441521389077,54.45,0.0
SI,-2.06,4.66,"Uceta, Edwin",670955,ball,L,0,2,-0.92,1.32,-1.72,4.24,2.8516261027740395,-135.34009225884606,1.8709999491170004,-11.93254778752827,33.84312900401045,-16.836296088140287,54.81,0.019
CH,-2.13,4.7,"Uceta, Edwin",670955,foul,L,0,1,-1.65,0.08,0.12,1.97,8.73012038808026,-126.95483495549044,-0.4769582504912754,-19.67925119130162,30.57351387005849,-31.47099140725676,54.53,-0.047
SI,-1.97,4.66,"Uceta, Edwin",670955,swinging_strike,L,0,0,-1.07,1.28,0.23,2.92,7.843565748461883,-134.3957523464929,-1.293743482800219,-14.823025158157511,35.21248131995881,-16.762265981355778,54.75,-0.032
CH,-1.9,4.8,"Uceta, Edwin",670955,swinging_strike,R,2,2,-1.58,-0.1,-0.35,1.15,7.212257851195802,-131.5909854286049,-2.8633611489662667,-19.85545942191642,31.915788641689467,-32.88136495777028,54.31,-0.088
ST,-1.81,4.89,"Uceta, Edwin",670955,foul,R,2,2,0.29,0.01,-0.49,2.54,2.425624565172135,-120.3416329794539,1.1489918924923526,2.273847989193415,24.88389041474396,-32.52700834206745,54.4,0.0
CH,-1.88,4.8,"Uceta, Edwin",670955,foul,R,2,2,-1.26,0.17,0.42,1.8,8.186662604603736,-128.2244275744873,-1.474429864403076,-15.701196916445992,29.743138312818637,-30.257568310064254,54.4,0.0
CH,-2.02,4.8,"Uceta, Edwin",670955,swinging_strike,R,2,1,-1.59,-0.02,-1.13,2.07,5.366788104193892,-126.98216824890912,-0.2679462219236805,-18.297497664991266,30.25237622628736,-32.584714007851936,54.73,-0.031
FC,-1.75,4.88,"Uceta, Edwin",670955,ball,R,1,1,0.19,0.85,1.72,1.46,8.273232587011305,-131.68091125963238,-4.41632464908034,0.3712608399370161,28.709860235312725,-21.48581472241328,54.02,0.023
CH,-2.0,4.76,"Uceta, Edwin",670955,swinging_strike,R,1,0,-1.4,0.1,-1.03,2.58,5.206353951937682,-127.52869887502396,0.7081954621519002,-16.358564641529487,29.034749311249406,-31.48429558554952,54.47,-0.019
SI,-1.96,4.6,"Uceta, Edwin",670955,ball,R,0,0,-1.06,1.34,-1.33,2.93,3.928920205964128,-136.57337970662087,-1.505841574892923,-14.061394907314437,34.18101337427196,-15.438852289857047,54.5,0.016
SI,-2.01,4.53,"Uceta, Edwin",670955,swinging_strike,L,2,2,-1.13,1.25,-1.52,2.75,3.7511699271182457,-136.66805253967522,-1.6251965132160977,-14.996326436535163,32.635999925507534,-16.38907837740871,54.34,-0.142
CH,-2.03,4.76,"Uceta, Edwin",670955,foul,L,2,2,-1.5,0.05,-1.05,1.98,5.52912837406747,-128.65443918144015,-0.731886595292442,-17.837071718453256,29.070144838999006,-31.74513918151533,54.11,0.0
SI,-1.9,4.6,"Uceta, Edwin",670955,ball,L,1,2,-1.17,1.09,-1.73,3.83,3.013857872506316,-137.18719192714246,1.3387677714989854,-15.332081175783175,33.86640436195108,-19.089221555433745,54.35,0.026
SI,-1.93,4.65,"Uceta, Edwin",670955,swinging_strike,L,1,1,-1.18,1.08,-0.74,2.83,5.642518885932059,-136.6440980643669,-1.3400674464986904,-16.002637149657414,32.57874956053125,-18.68774380997538,54.67,-0.04
CH,-1.93,4.66,"Uceta, Edwin",670955,ball,L,0,1,-1.23,0.42,1.37,0.54,10.746900577505023,-130.01146989656038,-5.008908228737054,-16.3568324608049,29.569760537439784,-26.48734140166863,54.05,0.017
SI,-1.85,4.71,"Uceta, Edwin",670955,swinging_strike,L,0,0,-0.83,1.38,0.11,2.63,6.896909374682177,-137.6558632436045,-2.723002882211608,-12.219009057066136,35.87636684958273,-14.374164451219915,54.58,-0.024
CU,-1.59,4.98,"Uceta, Edwin",670955,swinging_strike,R,1,2,0.42,-0.61,0.52,0.88,3.939282264445013,-120.01163658561408,-1.5552733795690297,3.137350551008894,25.83496072648147,-37.87546841696687,54.6,-0.168
SI,-2.08,4.68,"Uceta, Edwin",670955,called_strike,R,1,1,-0.95,1.14,0.74,1.99,9.38747312484399,-136.71866183776447,-3.6723038841014417,-14.129534502175238,34.54389467462764,-17.346443168226585,54.28,-0.049
FC,-1.8,4.98,"Uceta, Edwin",670955,ball,R,0,1,0.34,0.82,0.77,3.37,5.570477491322146,-129.50945417012608,0.3669057720522957,2.594325565611517,27.663081761480694,-23.213877256564142,54.3,0.021
SI,-2.03,4.68,"Uceta, Edwin",670955,called_strike,R,0,0,-0.94,1.43,0.5,2.8,8.532293198538136,-135.66029575267277,-2.095469794450765,-13.60343038752914,34.43233578610233,-14.470369411922448,54.54,-0.032
CH,-2.08,4.71,"Uceta, Edwin",670955,swinging_strike,R,2,2,-1.53,-0.11,-1.12,1.79,5.541615888489029,-129.54421796514927,-0.8349726788150744,-18.36344091943252,30.140343471364968,-33.41754844697107,54.49,-0.088
FC,-1.86,4.92,"Uceta, Edwin",670955,called_strike,R,2,1,0.29,0.66,0.06,2.3,4.062734144085753,-128.98591172663546,-1.713546033583386,2.3426913959277798,26.858389402948795,-24.6423049741674,54.44,-0.031
CH,-2.04,4.77,"Uceta, Edwin",670955,swinging_strike,R,2,0,-1.62,-0.15,-0.88,2.2,6.11012371203113,-127.52198368383326,0.2775224759935801,-18.93153731891595,29.737578230530826,-34.08564427113907,54.57,-0.022
FC,-1.75,4.88,"Uceta, Edwin",670955,ball,R,1,0,0.34,0.65,1.32,2.16,6.763171283143334,-128.40384007270322,-1.8936515982068756,2.428444752530902,26.00369842567116,-24.831110687572927,54.17,0.026
SI,-1.92,4.76,"Uceta, Edwin",670955,ball,R,0,0,-1.11,1.21,-1.12,3.24,4.563904499452803,-137.9080080557881,-0.9456528760701264,-15.126641442120734,33.712187555879,-16.792617348994586,54.34,0.016
FC,-1.85,4.84,"Uceta, Edwin",670955,hit_into_play,L,2,2,0.14,0.62,-0.47,2.69,3.041028545337164,-129.46977618907476,-0.5026795702584522,0.9542427233133212,27.723257730696496,-25.3725383934526,54.78,0.287
CH,-2.15,4.59,"Uceta, Edwin",670955,foul,L,2,2,-1.64,-0.08,-0.11,0.99,8.3470973730074,-128.050129824312,-2.392315951936612,-19.78053979948516,29.9369275571712,-32.730254763730805,54.2,0.0
SI,-1.88,4.59,"Uceta, Edwin",670955,foul,L,2,2,-1.0,1.26,0.38,2.99,8.064240772243958,-136.69545917976953,-1.0921236637197684,-14.549617327663077,37.11227116078455,-16.648566670234374,54.43,0.0
CH,-2.14,4.72,"Uceta, Edwin",670955,ball,L,1,2,-1.62,-0.11,-0.04,1.3,8.53550390401201,-128.45858995851847,-1.797742177640577,-19.872213960039964,35.89768998013548,-33.10109441118258,54.1,0.026
CH,-2.28,4.74,"Uceta, Edwin",670955,swinging_strike,L,1,1,-1.55,0.34,-0.94,2.0,6.498873333544661,-128.13573967281098,-1.1622262729033297,-18.465838687917337,31.841179366082045,-28.428141044598107,54.15,-0.04
CH,-2.03,4.83,"Uceta, Edwin",670955,swinging_strike,L,1,0,-1.76,0.05,-0.39,1.9,7.496476755187705,-126.4871052178126,-0.7824237140004047,-20.403034973392103,33.12899756299246,-31.732837407388374,54.55,-0.031
SI,-1.99,4.64,"Uceta, Edwin",670955,ball,L,0,0,-1.0,1.21,0.98,1.88,9.894369022078056,-136.41124477601383,-3.9728693141845306,-14.917998063424497,36.83829006191306,-16.42281996110187,54.15,0.024
FC,-2.07,4.95,"Uceta, Edwin",670955,hit_into_play,R,1,1,0.26,0.7,0.72,2.78,6.229859703401918,-128.33835608428723,-0.514875159638346,1.21184166779868,32.61905213334385,-24.738724226878237,54.34,-0.216
SI,-2.18,4.71,"Uceta, Edwin",670955,ball,R,0,1,-1.0,1.31,0.91,2.6,10.04752912163624,-135.1416506032,-2.3234226728945857,-14.801954960592337,37.84548068853899,-16.081344676115638,54.44,0.021
SI,-2.05,4.77,"Uceta, Edwin",670955,called_strike,R,0,0,-1.02,1.26,0.18,3.08,7.7700677053134655,-133.23646241559896,-0.9872170450999808,-14.06856469105179,36.1154829593823,-17.426537085759865,54.63,-0.032
SI,-1.89,4.57,"Uceta, Edwin",670955,hit_into_play,L,3,2,-1.14,1.21,0.22,3.01,7.960932133571572,-136.80843133441698,-0.938765049624832,-16.22079484216446,34.1232237504554,-17.107065227903878,54.51,-0.131
CH,-2.01,4.67,"Uceta, Edwin",670955,ball,L,2,2,-1.68,-0.04,0.43,0.95,9.359666118256982,-127.88607840225836,-2.732246928144236,-20.450475814236576,30.126834787082725,-32.16960216034349,54.46,0.043
SI,-1.8,4.51,"Uceta, Edwin",670955,foul,L,2,1,-1.09,1.14,1.14,2.73,10.042309716994424,-136.97182065086514,-1.3363286992529133,-16.183016992225998,36.0118061111196,-17.93031937386991,54.22,-0.031
CH,-1.86,4.64,"Uceta, Edwin",670955,swinging_strike,L,2,0,-1.55,0.09,-0.56,2.23,6.329846055044258,-127.34724121072684,0.245385480463395,-18.15580907266385,31.354017652754607,-31.52959268684838,54.13,-0.022
CH,-1.81,4.67,"Uceta, Edwin",670955,ball,L,1,0,-1.25,0.09,0.83,1.29,8.989466562280326,-128.0319170276513,-2.198203283707732,-15.753674573186316,29.71093061913616,-30.911301198224372,54.35,0.026
SI,-1.83,4.54,"Uceta, Edwin",670955,ball,L,0,0,-0.85,1.29,1.42,2.5,10.323392767558502,-136.93150697716032,-2.4178070920710057,-13.044296944940672,32.64642125054744,-15.633318434753194,54.14,0.016
ST,-1.71,4.79,"Uceta, Edwin",670955,called_strike,R,1,2,1.04,-0.21,0.09,2.48,2.0594822901606697,-118.68713033139102,1.8880905745223089,9.225405570588432,26.072192012073412,-34.827763564635724,54.36,-0.116
SI,-1.67,4.58,"Uceta, Edwin",670955,foul,R,1,2,-1.05,1.01,1.08,3.02,9.467665854258788,-137.4887056891506,-0.5311448761209308,-15.680467674743824,36.24925345471095,-19.710182659004168,54.38,0.0
CH,-1.94,4.63,"Uceta, Edwin",670955,swinging_strike,R,1,1,-1.34,-0.11,-0.55,1.34,6.231360502682096,-129.94611754462568,-1.7877238918290714,-16.484443615244608,30.30853783050802,-33.183664724276206,54.29,-0.04
SI,-1.91,4.69,"Uceta, Edwin",670955,ball,R,0,1,-0.73,1.17,1.36,2.66,10.150944409105865,-137.58893559978523,-2.158965639024669,-11.733995150418329,34.320463453402425,-17.111939264791143,54.29,0.017
SI,-1.94,4.59,"Uceta, Edwin",670955,swinging_strike,R,0,0,-0.86,1.28,0.76,2.83,8.899135653394135,-136.6570554338719,-1.56375987730167,-13.051745602390213,36.96707926289747,-16.207318601964282,54.33,-0.024
CH,-1.78,4.7,"Uceta, Edwin",670955,hit_into_play,R,3,2,-1.24,0.07,-0.74,3.25,5.125574539928937,-128.01742814867205,2.5639753362403765,-14.714561155709395,31.07046967173636,-32.32189099516926,54.16,-0.297
SI,-1.75,4.62,"Uceta, Edwin",670955,foul,R,3,2,-0.75,1.29,0.12,3.02,6.517505338043079,-137.37208002905416,-1.218408965517619,-11.106161384789129,37.637643339141306,-16.08294047433254,54.34,0.0
SI,-1.8,4.58,"Uceta, Edwin",670955,ball,R,2,2,-0.93,1.28,1.29,1.97,10.135802053127104,-137.7693326137177,-3.8674525747103674,-14.52477346004675,39.02684009309356,-15.284093569132525,54.2,0.093
CH,-2.11,4.7,"Uceta, Edwin",670955,ball,R,1,2,-1.82,0.03,-0.16,0.64,8.587384848214027,-128.57154922683077,-3.7432292664296223,-22.06255128245588,32.40922125208551,-31.171425426352133,54.06,0.036
ST,-1.77,4.72,"Uceta, Edwin",670955,ball,R,0,2,0.93,0.01,1.95,0.25,6.516779681103151,-118.26256698822591,-3.309121888463112,7.120840596348009,26.59690477750061,-31.549682951641213,54.39,0.019
CU,-1.87,4.77,"Uceta, Edwin",670955,foul,R,0,1,0.49,-0.37,0.9,1.27,5.22610370833439,-117.71765127947344,-0.3674388340854562,3.4270743376650663,24.896951183900377,-35.765299037932664,54.31,-0.047
SI,-1.74,4.64,"Uceta, Edwin",670955,called_strike,R,0,0,-1.01,1.04,0.33,2.96,7.462155234058656,-135.54539132347438,-0.7710239876640635,-14.111730499099698,32.25371515045365,-19.53533732162976,54.56,-0.032
CH,-1.95,4.66,"Uceta, Edwin",670955,swinging_strike,R,1,2,-1.3,0.08,-0.14,1.33,7.107255879238885,-127.40224313079396,-2.0058139368954184,-15.64674303367338,29.5853431984896,-31.05778039568486,53.8,-0.169
SI,-1.94,4.58,"Uceta, Edwin",670955,foul,R,1,2,-1.13,1.26,0.23,3.14,8.109109967082512,-136.84886617987203,-0.6957780799259632,-16.14589375271174,37.90451732117248,-16.685328152037957,54.26,0.0
CH,-1.92,4.7,"Uceta, Edwin",670955,called_strike,R,1,1,-1.66,0.17,0.58,2.42,9.445993561017444,-126.80937635407685,0.4310238448976581,-19.915461227514715,29.0521909143687,-30.734645785888898,54.02,-0.048
FC,-1.65,4.85,"Uceta, Edwin",670955,ball,R,0,1,0.41,0.92,1.24,2.44,6.164712308998361,-127.51872835458964,-1.5871170781524029,3.164736819165186,26.89785530218365,-22.04684399700017,54.02,0.03
SI,-1.86,4.65,"Uceta, Edwin",670955,called_strike,R,0,0,-1.15,1.08,0.3,2.17,8.113870881205376,-136.9274144058012,-3.0411501634625737,-16.32516339180678,34.741156569564374,-18.16193142929306,54.41,-0.042
SI,-1.78,4.61,"Uceta, Edwin",670955,hit_into_play,R,1,1,-1.0,1.23,0.25,2.82,7.411962341620339,-135.27170929424634,-1.4214100907340423,-13.9772505565392,34.68787176221148,-17.114712532008248,54.13,-0.287
CH,-1.9,4.65,"Uceta, Edwin",670955,ball,R,0,1,-1.59,-0.07,1.33,0.71,10.969164136333262,-125.31614893838535,-2.82971486143958,-19.1714626699677,31.353748777669026,-32.47193720512758,53.96,0.031
FC,-1.88,4.75,"Uceta, Edwin",670955,called_strike,R,0,0,-0.09,0.96,-0.32,2.04,4.009891518328294,-129.47386920429665,-2.539847587051669,-1.9603205583674503,30.64059602283784,-21.140804101914878,54.22,-0.042
CH,-1.99,4.58,"Uceta, Edwin",670955,hit_into_play,L,1,2,-1.6,-0.16,-0.53,1.66,6.87546661294728,-127.84548546589656,-0.4947779173595422,-19.02640025987848,32.23049848066019,-34.04138154919454,54.19,-0.451
CH,-1.97,4.66,"Uceta, Edwin",670955,foul,L,1,1,-1.63,0.16,-0.39,2.34,7.141423178618035,-125.85320410536124,0.4363473349960263,-18.797620451106,28.45618736652256,-30.8389618002398,53.93,-0.078
SI,-1.98,4.61,"Uceta, Edwin",670955,foul,L,1,0,-1.14,1.25,-0.27,2.32,6.769517925420571,-133.89514718515338,-2.6003299110964577,-15.221992255341078,32.14887819995937,-16.877474930995167,54.49,-0.075
SI,-2.14,4.54,"Uceta, Edwin",670955,ball,L,0,0,-0.85,1.32,-1.33,3.53,3.900839174839324,-134.37953499266257,0.4264355426851857,-11.186239787378357,33.4310520445382,-16.66448643579469,54.41,0.067
SI,-2.26,4.62,"Uceta, Edwin",670955,ball,R,3,2,-1.1,0.98,-1.34,2.65,4.795449165278093,-137.21554658087726,-1.506588683713257,-14.959050199111116,36.1057659301116,-19.834392484002105,54.57,0.343
FC,-1.92,4.78,"Uceta, Edwin",670955,swinging_strike,R,3,1,0.06,0.44,1.43,2.31,8.027472925772031,-128.4590237125312,-0.8084650177996926,-1.2005279945738632,29.248772492647376,-27.33651546702333,54.27,-0.078
FC,-1.98,4.86,"Uceta, Edwin",670955,ball,R,2,1,0.15,0.75,0.17,3.56,4.887968038932411,-128.99258799841235,1.3263474101608717,0.5855464237058674,28.27666426118076,-24.327028648211023,54.57,0.108
SI,-1.91,4.75,"Uceta, Edwin",670955,ball,R,1,1,-0.7,1.48,0.66,3.87,8.089200558389315,-135.8982008654205,0.3493715218535008,-10.71382689598435,36.51972716440601,-14.569163253471244,54.67,0.05
CH,-1.85,4.72,"Uceta, Edwin",670955,ball,R,0,1,-1.36,-0.03,1.88,0.57,11.91915318282546,-128.33581084947485,-3.861614440330663,-17.635888389877685,29.684861395728447,-31.83025003391574,54.1,0.021
SI,-1.97,4.71,"Uceta, Edwin",670955,called_strike,R,0,0,-1.23,1.62,0.94,3.17,10.084785051232032,-134.8743937313958,-1.583002664871345,-17.447385829422352,34.64305729878014,-12.511306111021288,54.54,-0.032
CH,-1.99,4.64,"Uceta, Edwin",670955,hit_into_play,L,1,2,-1.24,-0.03,-0.09,2.28,7.436861574335183,-132.23614785188812,0.0684679935153873,-16.15942564008395,28.74354426065713,-32.74438670098123,54.11,-0.071
CH,-2.0,4.73,"Uceta, Edwin",670955,foul,L,1,1,-1.21,-0.13,0.22,2.11,7.921970182167703,-127.89575462373556,0.0456982715081284,-14.879487968391398,26.92683777700138,-33.82992716452524,53.85,-0.026
SI,-1.88,4.6,"Uceta, Edwin",670955,called_strike,L,1,0,-0.78,1.16,-0.85,2.85,4.36425061175539,-136.09036894609565,-1.332167206381545,-10.617931417152748,29.774609226034787,-17.725663009245558,54.34,-0.019
SI,-1.81,4.67,"Uceta, Edwin",670955,ball,L,0,0,-0.75,1.22,-1.12,3.29,3.409436006799388,-135.80148073405553,-0.4444104021995446,-9.999463811778456,31.684441209902023,-17.27260594943969,54.41,0.016
CH,-2.01,4.75,"Uceta, Edwin",670955,swinging_strike,R,3,2,-1.02,-0.05,-0.19,2.61,6.617313534709732,-128.576901246265,1.015089478295964,-12.649483459859166,27.40900103599441,-33.196247012385406,53.65,-0.211
FC,-1.67,4.86,"Uceta, Edwin",670955,ball,R,2,2,0.02,0.67,1.87,1.41,8.841949862353808,-131.7519734254627,-4.173048431559238,-1.5619133193560732,26.514491103820315,-23.6131082647306,53.97,0.069
SI,-1.98,4.67,"Uceta, Edwin",670955,ball,R,1,2,-0.67,1.12,1.02,3.57,9.369202623314704,-138.38615035641013,0.2108147714539089,-10.581730179613778,28.406456263752357,-17.905366688642065,54.25,0.026
CH,-2.02,4.71,"Uceta, Edwin",670955,ball,R,0,2,-1.12,-0.05,0.38,1.16,8.429215200315788,-130.11255813740576,-2.674551381458965,-14.524093337717966,27.42225447636422,-32.41140222955443,53.27,0.013
SI,-1.9,4.79,"Uceta, Edwin",670955,foul,R,0,1,-0.79,1.03,-0.24,3.0,6.102727897341157,-137.80851523179194,-1.2975616435963373,-11.482575452554334,31.43722039662351,-19.02741773992004,54.33,-0.035
SI,-2.11,4.71,"Uceta, Edwin",670955,called_strike,R,0,0,-0.7,1.08,0.32,2.77,7.863245093298893,-137.21218486499114,-1.7577399254625663,-10.577555932658164,30.608375814187728,-18.298706707768225,54.32,-0.024
CH,-2.18,4.79,"Uceta, Edwin",670955,hit_into_play,L,1,1,-1.25,0.02,-0.66,2.93,6.244295714559672,-127.88174845904808,1.5682589270959006,-14.977427001518892,27.010613489448517,-32.46939296326754,54.35,-0.216
SI,-2.16,4.58,"Uceta, Edwin",670955,called_strike,L,1,0,-0.96,0.94,0.26,1.81,8.251605733109768,-134.984224924035,-3.369225979003899,-13.481872646263655,29.526577153447658,-20.086845466936666,54.34,-0.044
SI,-2.06,4.69,"Uceta, Edwin",670955,ball,L,0,0,-0.85,1.06,0.83,2.25,9.16496157895534,-134.32310429534647,-2.6812450111632997,-12.315601543444776,29.3551023736896,-18.982288389448968,54.33,0.032
SI,-1.76,4.59,"Uceta, Edwin",670955,swinging_strike,R,1,2,-0.86,1.33,0.97,3.21,9.082885416174902,-138.3175649554173,-0.9124783359901408,-13.164950069298357,33.82347724341356,-15.21756444713043,54.23,-0.169
CH,-1.89,4.75,"Uceta, Edwin",670955,foul,R,1,2,-1.31,0.14,-0.83,2.05,5.270771485310769,-127.24591007157817,-0.5932316106268867,-15.346200938572846,28.037686191082248,-30.77276188747816,53.96,0.0
FC,-1.72,4.86,"Uceta, Edwin",670955,foul,R,1,1,0.3,1.11,0.37,2.87,4.474605108590031,-128.90238710910384,-1.089703506623809,2.38147432648522,28.13232473810509,-19.807084418706424,54.15,-0.048
SI,-1.82,4.64,"Uceta, Edwin",670955,called_strike,R,1,0,-0.77,1.32,0.23,1.82,6.959892136961306,-135.7774804655803,-4.311948259353409,-11.135925983868296,34.50334654466121,-15.15950001801175,54.29,-0.039
SI,-1.7,4.62,"Uceta, Edwin",670955,ball,R,0,0,-0.8,1.32,1.1,3.37,9.035491513179409,-136.9637683188265,-0.3990915206924191,-12.285176703235717,35.40047830493998,-15.871457434823991,54.21,0.027
CH,-1.84,4.67,"Uceta, Edwin",670955,hit_into_play,L,1,2,-1.39,-0.01,-0.32,1.31,6.72200617939637,-131.1331037581623,-2.309790029706192,-17.47172400191888,30.382955549800048,-32.02549520706261,54.3,0.158
FC,-1.76,4.86,"Uceta, Edwin",670955,foul,L,1,1,-0.01,0.77,0.27,3.33,5.084198376567925,-131.3894338564233,0.5092333168899861,-1.2344637291129386,28.16809758334499,-23.62093250351616,54.25,-0.026
CH,-1.86,4.74,"Uceta, Edwin",670955,called_strike,L,1,0,-1.22,-0.1,0.39,1.96,8.018728087893457,-128.0834092091696,-0.423318348080395,-15.070966063952753,26.637528281496863,-33.44832112430873,53.95,-0.019
SI,-1.72,4.62,"Uceta, Edwin",670955,ball,L,0,0,-0.84,1.05,0.67,1.2,8.099469611025375,-138.04107311609832,-5.600894346553114,-12.524871519842984,31.931007544774086,-17.72374773995371,54.44,0.016
FC,-1.71,4.87,"Uceta, Edwin",670955,hit_into_play,L,1,1,0.34,0.91,0.07,2.56,3.640016853949995,-129.7430681595052,-1.5728744086938278,3.115589812644756,25.79947530715932,-21.75031960208961,54.4,-0.156
CH,-1.96,4.73,"Uceta, Edwin",670955,ball,L,0,1,-1.17,-0.2,0.76,0.73,9.131442574999712,-129.7572139148705,-3.387351319398148,-15.123594898151229,26.723715732322084,-33.926034926259284,54.35,0.017
SI,-1.72,4.62,"Uceta, Edwin",670955,called_strike,L,0,0,-0.79,1.15,-0.42,2.85,5.127498836538739,-137.40287440665716,-1.465482030213919,-11.21456985921212,31.02037469902675,-17.453603313602006,54.48,-0.024
CH,-1.9,4.75,"Uceta, Edwin",670955,hit_into_play,L,2,1,-1.46,-0.01,-0.2,2.03,7.076142028111531,-127.16607966411192,-0.2813648075459859,-17.360425950844597,29.917353215745,-32.459054385446024,54.5,-0.267
CH,-1.97,4.78,"Uceta, Edwin",670955,called_strike,L,2,0,-1.33,0.12,0.19,1.77,7.912298279738578,-127.43245591525528,-1.2853501916096943,-16.18417591962487,30.099842668237063,-30.82057328982908,54.44,-0.057
FC,-1.82,4.77,"Uceta, Edwin",670955,ball,L,1,0,0.15,0.95,1.23,2.46,7.159316457671896,-129.0565185765669,-1.5612905929997551,0.1877893921829573,27.62851058245665,-21.4942986761337,54.1,0.064
SI,-1.87,4.72,"Uceta, Edwin",670955,ball,L,0,0,-0.93,1.18,-1.12,2.78,3.93052037973944,-135.01420934507968,-1.6763352533541291,-12.256355983384694,32.99770488701496,-17.67924185527248,54.69,0.032
CH,-1.73,4.7,"Uceta, Edwin",670955,hit_into_play,L,0,1,-1.4,-0.03,0.03,1.55,7.409013955718429,-128.58372077771418,-1.584871881539503,-17.02986556861098,25.61238016223294,-32.38377526625958,52.79,-0.085
SI,-1.94,4.61,"Uceta, Edwin",670955,called_strike,L,0,0,-0.94,1.29,-0.77,2.76,5.057994483515921,-136.70596148306487,-1.8864359167222584,-12.855868250658158,31.91593424784989,-15.80357211516179,54.69,-0.015
FC,-2.05,4.84,"Uceta, Edwin",670955,hit_into_play,L,2,0,0.05,1.03,0.42,3.18,5.931704935831918,-129.86587354419228,-0.2842078137846157,-0.5692137280578532,25.119838381369654,-20.562545478540407,54.71,0.958
CH,-2.14,4.66,"Uceta, Edwin",670955,ball,L,1,0,-1.53,-0.21,0.93,0.83,10.410776550647077,-126.59185623630296,-2.548835114658167,-18.549359539410947,26.40248848326472,-34.098410106603765,54.54,0.026
SI,-1.8,4.55,"Uceta, Edwin",670955,ball,L,0,0,-1.03,1.11,-0.43,3.57,5.83075028999559,-136.76193933237678,0.7329982852867304,-14.24373407905869,31.201069747353536,-18.696467505268743,54.46,0.016
CH,-1.83,4.78,"Uceta, Edwin",670955,called_strike,L,3,2,-1.38,-0.24,0.63,1.66,8.71856065149281,-127.56051524956143,-0.924205100156837,-16.891251142735882,26.14885358594859,-34.77872570999606,54.71,-0.211
SI,-1.95,4.64,"Uceta, Edwin",670955,ball,L,2,2,-1.33,1.11,0.93,2.3,10.293568050152905,-136.52716339420897,-2.772624253320717,-18.989278257803463,31.38885102456984,-17.827933350584264,54.67,0.069
SI,-1.9,4.73,"Uceta, Edwin",670955,called_strike,L,2,1,-1.17,1.19,0.69,2.46,9.04924341507282,-134.4720078123012,-2.536096688807638,-16.125498853715882,29.832992545172488,-17.427190763645097,54.62,-0.051
FC,-1.95,4.85,"Uceta, Edwin",670955,ball,L,1,1,-0.36,1.27,-0.93,2.91,3.280057103499234,-131.38477003809209,-1.6218170427610636,-4.799511620139246,25.593760745424813,-17.230227971244183,54.69,0.037
CH,-2.07,4.77,"Uceta, Edwin",670955,ball,L,0,1,-1.43,0.15,-1.12,2.72,5.269458901638582,-128.1550678131149,0.8248917288250368,-16.83819420446224,27.385376399528507,-30.891507723519613,54.38,0.017
SI,-1.97,4.66,"Uceta, Edwin",670955,called_strike,L,0,0,-1.19,1.16,-0.29,1.87,6.957049046924794,-136.71607810191412,-4.0710366197498296,-16.50036061922363,30.73668765809605,-16.880140228374255,54.54,-0.024
FC,-1.92,4.97,"Uceta, Edwin",670955,hit_into_play,R,3,2,0.15,0.89,0.25,3.08,5.015919049610354,-129.89070758983084,-0.5327816894712324,0.6721892413910119,25.81362700041677,-22.1757365882464,54.26,-0.297
CH,-1.97,4.86,"Uceta, Edwin",670955,foul,R,3,2,-1.58,0.1,-0.83,2.16,6.059168768267722,-128.6559488937069,-0.6556238640607679,-18.833048079625044,28.533346058445428,-31.192227261284994,54.34,0.0
SI,-2.05,4.73,"Uceta, Edwin",670955,foul,R,3,2,-0.83,1.39,0.19,2.74,7.514981423355792,-135.4518073820606,-2.352701679902392,-11.890098858975586,30.85353392178855,-14.728722841223275,54.65,0.0
SI,-2.03,4.78,"Uceta, Edwin",670955,foul,R,3,2,-0.77,1.41,0.35,3.17,7.699614603363836,-134.70211848210334,-1.3582303544924674,-11.118721467845418,30.16125124652475,-14.96553553138743,54.67,0.0
FC,-1.94,4.94,"Uceta, Edwin",670955,ball,R,2,2,0.19,0.96,2.04,1.43,9.328491978933512,-129.7685193149687,-4.617181859100129,0.2571550982784503,26.10372964391425,-20.469669903766444,54.62,0.093
CH,-2.03,4.78,"Uceta, Edwin",670955,ball,R,1,2,-1.38,0.14,-0.38,0.98,6.724675881787703,-126.95822773871755,-3.285039346754964,-16.27803647314241,25.88662876449285,-30.13444338499181,54.61,0.036
SI,-2.17,4.8,"Uceta, Edwin",670955,foul,R,1,1,-0.98,1.37,0.08,3.28,7.824820125482579,-134.6599618806786,-1.0214379067701942,-13.72933504522944,31.463505357470112,-15.541668644489388,54.53,-0.049
FC,-2.12,4.91,"Uceta, Edwin",670955,called_strike,R,1,0,-0.03,1.27,-0.22,2.76,4.643990597374589,-128.5847475871132,-1.8183958541870209,-1.2567397325581924,25.9609557396656,-17.90791054649528,54.66,-0.044
SI,-2.15,4.72,"Uceta, Edwin",670955,ball,R,0,0,-1.13,1.18,-1.29,2.87,4.564706884819542,-133.55074348542226,-1.3212648661855808,-14.449807235499202,30.589594462910515,-18.06220494078774,54.61,0.032
FC,-2.03,4.77,"Uceta, Edwin",670955,hit_into_play,R,3,2,0.04,0.94,-0.5,2.83,3.6836731271878618,-130.4129704827341,-0.8692830617390234,-0.1866402006168608,23.335071034256647,-21.313206258020237,54.39,-0.131
CH,-1.9,4.64,"Uceta, Edwin",670955,ball,R,2,2,-1.37,0.0,1.17,0.6,10.386905697572823,-129.44886459777254,-3.87072973957696,-17.58088870833401,27.379170018050424,-31.5503902079131,54.29,0.043
FC,-1.94,4.83,"Uceta, Edwin",670955,ball,R,1,2,0.36,0.66,1.71,2.44,8.244910169389868,-130.61124340222298,-1.407394648617454,2.688375144184894,24.067995542522876,-24.41942823080809,54.37,0.018
SI,-1.8,4.62,"Uceta, Edwin",670955,ball,R,0,2,-0.83,1.14,1.21,3.14,9.703275949520531,-138.50142418707384,-0.8378677340100322,-12.825086737345814,30.1125346564891,-17.427808142646697,54.4,0.009
CH,-2.06,4.69,"Uceta, Edwin",670955,foul,R,0,1,-1.31,0.25,0.06,2.0,7.969904618404306,-129.96313850085144,-1.1801572418156745,-16.494479813185844,25.787373122370795,-29.26874106982758,54.29,-0.024
FC,-1.82,4.77,"Uceta, Edwin",670955,called_strike,R,0,0,0.19,0.94,0.86,2.15,6.163702569024807,-129.75845379755157,-2.441314295076197,1.0622542245823643,24.312464184335862,-21.138470738703774,54.36,-0.015
FC,-1.99,4.8,"Uceta, Edwin",670955,hit_into_play,L,0,1,0.24,0.56,0.31,2.58,5.13148028506284,-130.1513466257201,-0.6645017258796864,1.667822076022405,26.73914430220341,-25.823511097173647,54.57,-0.139
FC,-1.76,4.78,"Uceta, Edwin",670955,called_strike,L,0,0,0.06,1.0,-0.72,2.5,2.441830152923905,-132.02418652660106,-1.9651789296944835,0.2762471459109701,26.06009360591882,-20.215326273122443,54.5,-0.024
FC,-1.77,4.79,"Uceta, Edwin",670955,swinging_strike,R,2,2,0.01,1.17,0.01,3.46,4.40639501271726,-131.85373995142197,0.0872998186708372,-0.7977143073889735,26.02963032883619,-18.695258056223462,54.49,-0.204
CH,-1.91,4.71,"Uceta, Edwin",670955,foul,R,2,2,-1.4,-0.08,-0.57,2.19,6.237115364144886,-130.58983207440494,-0.0535384765894835,-17.31383703122269,27.987086144902197,-33.32606096194232,54.34,0.0
FC,-1.88,4.79,"Uceta, Edwin",670955,foul,R,2,2,0.0,0.9,0.16,2.3,5.0721198993703664,-131.6132833100417,-2.193905537133407,-1.0882932301251775,27.28860184117568,-21.45745508636079,54.35,0.0
CH,-1.8,4.7,"Uceta, Edwin",670955,ball,R,1,2,-1.41,-0.18,0.26,0.83,7.99572151004616,-129.32060571227962,-3.0170482840557247,-17.53093992666491,28.15270632907709,-33.746597987444666,54.27,0.036
CH,-2.07,4.73,"Uceta, Edwin",670955,called_strike,R,1,1,-1.3,-0.03,0.91,1.48,9.888752052014803,-127.72953160657592,-1.6727840498974345,-16.297018377397023,27.03765530770892,-32.33170558165118,54.3,-0.049
CH,-1.84,4.72,"Uceta, Edwin",670955,ball,R,0,1,-1.55,0.04,0.3,1.0,8.413911949121434,-128.57351295916524,-3.0296801330248906,-18.92055161792,27.70628477333156,-31.325495956784376,54.39,0.021
SI,-1.99,4.72,"Uceta, Edwin",670955,foul,R,0,0,-1.01,1.13,-0.27,2.22,6.523802525234356,-134.2572245830023,-2.9940042430551426,-13.553899200997463,27.63175080926265,-18.00988083438832,54.47,-0.032
CH,-2.04,4.52,"Uceta, Edwin",670955,hit_into_play,L,0,2,-1.35,0.02,-0.51,1.53,6.571441116802151,-129.4128282466992,-1.3974729216178348,-16.520092208347116,25.45988123746405,-31.82009177076513,54.19,-0.271
SI,-1.8,4.61,"Uceta, Edwin",670955,foul,L,0,1,-1.05,1.14,-0.43,2.77,5.837722969332302,-136.36863262023397,-1.5348708035395555,-14.383753488945455,29.87150214126889,-17.843738186703735,54.31,-0.131
CH,-2.07,4.57,"Uceta, Edwin",670955,called_strike,L,0,0,-1.34,0.04,-0.61,2.29,6.260157082515287,-126.89140051946282,0.5846239685796761,-15.786827074115005,24.407627882276422,-32.11471592443275,54.31,-0.081
CH,-2.03,4.63,"Uceta, Edwin",670955,swinging_strike_blocked,R,0,2,-1.43,-0.12,-0.22,0.43,7.321431910292696,-126.78233138893836,-3.7102458103913474,-16.904731829800554,25.45877325336708,-32.90840011788756,53.95,-0.489
CH,-2.13,4.55,"Uceta, Edwin",670955,foul,R,0,2,-1.3,0.22,-1.05,2.12,5.216037278821784,-125.7026885368664,-0.0396683868599535,-14.87617644120325,24.460205256187795,-30.055854420603254,54.31,0.0
CH,-1.83,4.64,"Uceta, Edwin",670955,swinging_strike,R,0,1,-1.34,0.01,0.73,1.2,8.87351099257989,-126.66423340956024,-2.1175367307827138,-16.242604599813774,25.188718430610734,-31.81727003141349,54.23,-0.09
CH,-1.94,4.75,"Uceta, Edwin",670955,called_strike,R,0,0,-1.31,-0.01,-0.55,2.3,5.983881391955837,-126.0865925124784,0.372409048609293,-15.207430357857271,25.99787100253739,-32.60206857468031,54.26,-0.081
FC,-1.78,4.75,"Uceta, Edwin",670955,hit_into_play,L,2,2,0.01,0.87,0.18,3.18,4.817569983056021,-131.18462217052704,0.1375950639960241,-0.7335495427752445,24.4966442631668,-22.229909064953443,54.38,0.522
CH,-1.98,4.59,"Uceta, Edwin",670955,foul,L,2,2,-1.32,-0.07,-0.79,1.71,5.557482189170897,-126.64185189037066,-0.5882534936132066,-15.316364845989645,25.808750676354325,-33.0514985587426,54.19,0.0
CH,-1.8,4.66,"Uceta, Edwin",670955,called_strike,L,2,1,-1.25,0.01,0.93,1.74,9.08609565459981,-126.26087769994228,-0.8142172343405182,-15.186366267648962,25.447784354489496,-32.15654259567418,54.25,-0.074
FC,-1.93,4.78,"Uceta, Edwin",670955,ball,L,1,1,-0.15,1.24,1.52,2.66,8.81017021830854,-130.26765008508005,-1.8667668800078765,-3.4667551727149264,26.48996382692208,-17.786291235411277,54.41,0.058
CH,-1.87,4.63,"Uceta, Edwin",670955,swinging_strike,L,1,0,-1.21,-0.28,0.63,1.53,8.395015809622647,-125.42184413378531,-0.5788645887215537,-14.447291651264528,25.21756108983302,-35.227127585901655,54.19,-0.055
FC,-1.6,4.79,"Uceta, Edwin",670955,ball,L,0,0,0.02,1.05,1.41,2.85,7.3355053624676785,-129.59920682370088,-0.9887904831476848,-1.2077964049771484,25.120443356140367,-20.316410945172283,54.36,0.044
FC,-1.68,4.92,"Uceta, Edwin",670955,hit_into_play,R,0,1,0.06,0.96,0.93,2.85,6.41289283439854,-133.20792566720257,-1.462008100176332,-0.4646962509927946,25.608586833526587,-20.57923851747038,54.4,0.29
SI,-1.88,4.73,"Uceta, Edwin",670955,foul,R,0,0,-1.1,1.11,-0.38,2.45,6.283050425676236,-135.94085414416884,-2.567826006696282,-15.065340639123637,29.79980452580656,-18.01927851645909,54.35,-0.024
FC,-2.04,4.87,"Uceta, Edwin",670955,hit_into_play,R,1,1,0.08,1.08,0.4,1.72,5.8161319954677015,-130.17315735228064,-4.085098857820159,-0.167769906565786,24.8398173390085,-19.17982014758434,54.45,-0.216
FC,-1.79,4.89,"Uceta, Edwin",670955,ball,R,0,1,0.1,0.62,1.29,1.61,7.326007063592818,-129.66302309529965,-3.321853324076512,-0.3787229546539276,27.436053808812385,-24.706636083021632,54.39,0.021
SI,-1.84,4.7,"Uceta, Edwin",670955,called_strike,R,0,0,-0.93,1.21,-0.02,3.15,6.671118052125441,-135.11395265948445,-0.8133613211208888,-12.910024841550443,29.92954529530745,-17.43502268398985,54.54,-0.032
FC,-1.64,4.85,"Uceta, Edwin",670955,hit_into_play,R,2,2,0.21,0.75,0.83,3.48,5.64549568359299,-130.62404760745656,1.001470918406565,1.2215198487480978,27.80591237138013,-24.025295976681463,54.47,-0.088
ST,-1.63,5.04,"Uceta, Edwin",670955,ball,R,1,2,1.23,-0.16,2.26,1.19,6.387061766544399,-118.75603061874526,-1.7091985582381146,10.236443082022832,25.099084280110954,-33.53120049118286,54.24,0.018
CH,-1.88,4.67,"Uceta, Edwin",670955,ball,R,0,2,-1.6,-0.21,-0.09,0.7,7.858421804399255,-130.62248761075725,-3.3122633808808675,-20.011966008402187,32.53303213763809,-33.958070796268096,54.01,0.009
SI,-1.67,4.62,"Uceta, Edwin",670955,foul,R,0,2,-1.16,1.2,0.14,3.86,7.27633671169732,-137.71181400951076,1.0166120083108965,-16.370823357630602,32.308266515376154,-17.385279076281478,54.42,0.0
CH,-1.78,4.82,"Uceta, Edwin",670955,swinging_strike,R,0,1,-1.52,0.19,0.71,1.04,9.379027858495313,-129.3801444514905,-3.622306485613038,-19.03849025103062,27.907464186097968,-29.505146674238567,53.76,-0.024
SI,-1.9,4.62,"Uceta, Edwin",670955,called_strike,R,0,0,-1.22,1.25,-0.58,1.78,6.144216098257497,-136.91119978678742,-4.421340628877601,-16.68415575644495,31.448656530817946,-15.66927218018409,54.07,-0.015
FC,-1.84,4.75,"Uceta, Edwin",670955,hit_into_play,L,1,2,-0.32,0.92,-0.18,2.63,4.839466960273041,-132.29982169808352,-1.3829877856789443,-4.730792924097376,27.86005919330202,-21.21668315576342,54.24,-0.116
CH,-1.92,4.67,"Uceta, Edwin",670955,foul,L,1,2,-1.58,-0.09,-0.78,1.82,6.159712105249954,-130.7435082633528,-0.8525947546990544,-19.46748787871092,29.11533742252304,-33.19308176985019,54.31,0.0
CH,-1.85,4.69,"Uceta, Edwin",670955,ball,L,0,2,-1.63,-0.02,-0.96,1.04,5.766296789581801,-132.76746878889068,-3.255683102847368,-20.57345246557361,28.642202916332643,-31.87378733385842,54.07,0.013
SI,-1.8,4.67,"Uceta, Edwin",670955,foul,L,0,1,-1.16,1.32,-0.83,3.29,5.0877067824190405,-137.82611403402456,-0.7900544446928133,-15.976302754325545,35.56392070048093,-15.620884746785562,54.66,-0.035
SI,-1.92,4.69,"Uceta, Edwin",670955,swinging_strike,L,0,0,-1.03,1.22,0.13,2.78,7.626656937145405,-137.81729286415765,-1.945149834101892,-14.910454802489626,35.6149832431059,-16.57367922744193,54.28,-0.024
FC,-1.83,4.87,"Uceta, Edwin",670955,hit_into_play,R,1,0,-0.11,1.03,0.06,2.31,4.865671580682571,-129.584304783609,-2.396789492111772,-2.286723808183214,27.94994383214125,-20.27287356307233,54.48,-0.26
SI,-1.57,4.78,"Uceta, Edwin",670955,ball,R,0,0,-0.85,1.41,0.83,4.09,7.952125459530135,-135.41500447190194,0.9536400738468191,-12.3445296682858,33.256514670378444,-15.465582712231605,54.66,0.032
SI,-1.85,4.63,"Uceta, Edwin",670955,hit_into_play,L,0,0,-1.26,1.29,0.08,2.85,7.797362502543159,-138.16582067362953,-1.7941745894310803,-17.969247230893295,35.047368883528826,-15.598155107198028,54.62,-0.1
FC,-1.69,4.93,"Uceta, Edwin",670955,hit_into_play,R,0,1,0.08,1.04,1.1,2.67,6.786768014470836,-131.9340842249786,-1.9450543460479317,-0.5282339379516467,27.984736576924465,-19.83929301890369,54.46,-0.139
SI,-1.74,4.68,"Uceta, Edwin",670955,called_strike,R,0,0,-1.24,1.18,0.75,1.93,9.28268663198932,-137.19567934956683,-4.032836539426149,-17.880248774064917,34.5011162469193,-16.591725863048044,54.04,-0.024
SI,-2.01,4.55,"Uceta, Edwin",670955,hit_into_play,L,3,2,-1.37,1.13,-0.38,2.68,7.179349970718846,-135.133536348975,-1.4091864551779651,-18.424943452205262,32.742737578452854,-18.322744409095023,54.25,-0.297
SI,-1.69,4.58,"Uceta, Edwin",670955,ball,L,2,2,-1.23,1.17,2.01,2.19,12.33085337086002,-137.15689124075087,-3.089569226056289,-18.351850511406443,31.93156128924386,-16.881099046774825,54.26,0.093
CH,-2.12,4.66,"Uceta, Edwin",670955,ball,L,1,2,-1.49,-0.16,0.42,1.0,9.180753462313122,-127.28266670024578,-2.321508745949928,-18.063874716335626,27.274111786204507,-33.570608394107786,54.31,0.036
SI,-1.83,4.66,"Uceta, Edwin",670955,ball,L,0,2,-1.26,1.16,-0.64,4.55,5.865985507326043,-137.34856161683462,2.861897132705651,-17.321519244272636,33.01156722534112,-18.56968795697732,54.49,0.019
SI,-1.87,4.76,"Uceta, Edwin",670955,called_strike,L,0,1,-1.28,1.23,0.77,2.86,9.604005482895118,-136.64247419559737,-1.8825273635536828,-18.152988863838356,31.83717274907668,-16.591858525640486,54.49,-0.047
SI,-1.93,4.68,"Uceta, Edwin",670955,called_strike,L,0,0,-1.13,1.32,-0.79,3.21,5.347423286698508,-135.2565508299377,-0.8442774831850227,-15.093056033820671,31.636724257868234,-16.088784155834468,54.74,-0.032
CH,-1.82,4.75,"Uceta, Edwin",670955,hit_into_play,R,1,1,-1.64,0.0,-0.77,1.88,5.903315942955712,-125.8057078080112,-0.5909188919618218,-18.58593941332588,27.05478124794963,-32.23607529584454,53.85,-0.218
FC,-1.61,4.87,"Uceta, Edwin",670955,foul,R,1,0,-0.03,0.84,0.7,2.94,5.595226267478775,-127.69527718536015,-0.3087932827843156,-1.469318903583962,26.333277596730667,-23.09441610383408,54.56,-0.039
SI,-1.66,4.78,"Uceta, Edwin",670955,ball,R,0,0,-1.02,1.3,1.5,1.59,10.42866744306014,-136.93623548725563,-5.39124928697583,-15.332503597089378,33.38977236209823,-14.756096072810786,54.35,0.027
SI,-1.63,4.75,"Uceta, Edwin",670955,swinging_strike,R,0,2,-1.1,1.15,0.47,3.46,7.774282571664806,-135.74109318242657,-0.0391591299948071,-15.371714539037637,32.395938485083256,-18.32909947990563,54.57,-0.194
SI,-1.72,4.74,"Uceta, Edwin",670955,called_strike,R,0,1,-1.28,1.17,0.16,2.18,7.637890157749866,-136.63649259124767,-3.4059448249732607,-17.81505836149743,32.86400769453902,-17.057009351827684,54.64,-0.059
FC,-1.67,4.9,"Uceta, Edwin",670955,foul,R,0,0,0.11,0.97,0.38,2.88,4.729920873781977,-128.41441460190595,-0.8106245630486903,0.1725004781532454,27.517551773797383,-21.54113147359731,54.55,-0.042
SI,-1.77,4.52,"Uceta, Edwin",670955,hit_into_play,L,0,1,-0.8,1.39,0.47,2.4,7.497204527749406,-136.37963389956218,-2.7018954044247563,-11.761468698646691,34.69645065858226,-14.595936453799062,54.75,-0.085
SI,-1.78,4.58,"Uceta, Edwin",670955,swinging_strike,L,0,0,-0.71,1.44,-0.06,3.13,5.981240656481103,-137.05095482368327,-1.189415821127416,-10.3658177377182,34.74613265948164,-14.12480579579717,54.62,-0.015
FC,-1.58,4.87,"Uceta, Edwin",670955,swinging_strike,R,1,2,0.54,0.81,0.53,3.09,4.0656463221699815,-129.8247901890147,0.0075498871751685,5.090725405160587,29.48671579309246,-23.321229399818822,54.43,-0.116
SI,-1.98,4.64,"Uceta, Edwin",670955,ball,R,0,2,-0.83,1.3,-0.1,4.51,6.620856063281951,-135.9326150543669,2.6026302389449807,-11.797650743739018,33.6054328316449,-17.167271755759575,54.63,0.013
ST,-1.72,4.99,"Uceta, Edwin",670955,called_strike,R,0,1,1.18,-0.36,0.1,2.02,1.777678891075777,-116.02917346276448,0.9916671812590592,10.113148516708964,25.81138098165049,-35.83325329711489,54.57,-0.035
SI,-1.88,4.6,"Uceta, Edwin",670955,called_strike,R,0,0,-1.16,1.24,0.47,1.92,8.616905376084183,-136.18857956523763,-3.856768750522504,-16.411237723127286,33.227431016713794,-16.157204042876764,54.2,-0.024
SI,-1.78,4.47,"Uceta, Edwin",670955,hit_into_play,L,0,2,-1.05,1.31,0.41,2.81,7.924693117964689,-136.76234487681216,-1.4018641267183003,-15.079708166476658,35.32941073196663,-15.767217549897325,54.62,-0.149
CH,-1.97,4.68,"Uceta, Edwin",670955,called_strike,L,0,1,-1.44,-0.07,0.57,1.71,9.216658803600794,-128.0000528776939,-0.8866229864660577,-17.84535096393335,29.635685415898724,-32.992814744093806,53.87,-0.047
SI,-1.8,4.59,"Uceta, Edwin",670955,swinging_strike,L,0,0,-0.96,1.41,0.0,2.69,6.656233646742839,-134.8666517746849,-2.054819231876393,-13.220284121296782,33.23192613355086,-14.845383073434828,54.58,-0.032
CH,-1.96,4.58,"Uceta, Edwin",670955,hit_into_play,L,2,2,-1.58,-0.04,-1.67,2.39,4.025274440708072,-129.4429114545681,0.8449635036305296,-18.5569423327582,31.50290396331138,-33.11649241849883,54.35,-0.283
SI,-1.77,4.48,"Uceta, Edwin",670955,foul,L,2,2,-1.22,1.36,-0.04,2.62,7.143321800415529,-136.7195819173735,-2.0472899130838997,-16.955752682149758,33.34239285699976,-14.99657929115346,54.53,0.0
CH,-2.03,4.58,"Uceta, Edwin",670955,blocked_ball,L,1,2,-1.53,-0.06,0.58,0.22,9.486883120444263,-128.1093339951346,-4.28788388511908,-18.900644428546045,28.88523928454291,-32.04544209051361,54.41,0.048
FC,-1.86,4.78,"Uceta, Edwin",670955,foul,L,1,1,0.1,0.88,0.1,2.86,4.557167193686954,-129.14537994120826,-0.4528073463968202,0.1054166900286305,28.041141261081904,-22.52407942219388,54.59,-0.075
CH,-1.83,4.61,"Uceta, Edwin",670955,called_strike,L,1,0,-1.6,-0.15,-0.14,1.88,7.260576333849681,-126.19843764756308,0.0555499158238486,-18.55779294262027,29.40783129941019,-33.97588031655573,54.56,-0.049
SI,-1.77,4.61,"Uceta, Edwin",670955,ball,L,0,0,-1.05,1.19,1.33,2.68,10.29355268399746,-136.3957266449547,-1.822124821086979,-15.487806427325667,33.373807141310984,-17.252286471550303,54.42,0.021
FC,-1.79,4.86,"Uceta, Edwin",670955,swinging_strike,R,1,2,0.32,0.91,1.09,2.62,6.435290885234241,-130.30502940269517,-1.448456853689864,2.275271136327291,28.0673007577206,-21.74229284029898,54.19,-0.244
CH,-1.79,4.69,"Uceta, Edwin",670955,foul,R,1,1,-1.61,0.0,-1.0,2.39,5.219005127765289,-127.2862399742968,0.6616784102222573,-18.53344972214568,28.275179203028245,-32.57311165788416,54.18,-0.075
SI,-1.63,4.72,"Uceta, Edwin",670955,ball,R,0,1,-1.02,1.2,0.12,3.75,6.68430166822724,-135.1990758371375,0.6985042832724233,-14.08314094334713,32.54166134704627,-17.92236118986241,54.61,0.021
SI,-1.81,4.68,"Uceta, Edwin",670955,called_strike,R,0,0,-1.0,1.25,0.65,2.01,8.47565920005662,-135.5028058058316,-3.780091930900766,-14.278266277680636,32.070878838479175,-16.11086720196117,54.42,-0.047
FC,-1.91,4.78,"Uceta, Edwin",670955,hit_into_play,L,0,1,0.08,0.75,0.34,2.35,5.283458038784374,-129.7726325502408,-1.5327346412678482,-0.1901374843304451,26.947423327917186,-23.56936480629944,54.81,0.443
SI,-1.81,4.62,"Uceta, Edwin",670955,called_strike,L,0,0,-1.13,1.42,0.62,2.09,8.705012640424581,-135.86621743850313,-3.852405013515376,-15.969726753371273,31.791259552836564,-13.93780873877509,54.42,-0.024
CH,-1.9,4.71,"Uceta, Edwin",670955,hit_into_play,L,0,1,-1.63,-0.11,-0.6,1.71,6.3606864129807255,-125.91533122073504,-0.6446343123227045,-18.6399322275843,29.16014671829332,-33.39790276680536,54.7,-0.196
SI,-1.96,4.58,"Uceta, Edwin",670955,called_strike,L,0,0,-1.06,1.24,-0.61,2.78,5.659265391115926,-133.96367552072417,-1.3476286482035198,-14.0370557640699,32.36056737012361,-17.286465367044762,54.93,-0.032
CH,-2.1,4.7,"Uceta, Edwin",670955,foul_tip,R,2,2,-1.43,-0.02,-0.87,2.46,6.039422923835689,-128.63275908971028,0.7461595196513735,-17.190816190708535,30.088515735782607,-32.827067856410274,53.83,-0.088
SI,-1.97,4.55,"Uceta, Edwin",670955,foul,R,2,2,-0.96,1.31,0.1,2.77,7.488698326042861,-137.31998176057922,-1.7586110128515955,-13.894559989972336,35.232803888272606,-15.59650656532254,54.36,0.0
SI,-1.97,4.56,"Uceta, Edwin",670955,swinging_strike,R,2,1,-1.0,1.32,0.52,3.39,8.584986941140905,-136.05391065319685,-0.1019820782554474,-14.411263728085766,34.41260178383644,-16.251020699873102,54.33,-0.031
FC,-1.93,4.8,"Uceta, Edwin",670955,ball,R,1,1,-0.03,1.06,1.29,1.4,8.041788614883115,-131.78727743599643,-4.789254287189836,-2.0231356965118947,28.316115973725047,-18.985314476534374,54.53,0.023
CH,-2.0,4.64,"Uceta, Edwin",670955,ball,R,0,1,-1.33,0.07,0.72,0.62,9.420582656273506,-129.445349929802,-3.935389266851399,-16.91594546936449,28.26206147407625,-30.710807461660227,54.38,0.011
FC,-1.83,4.84,"Uceta, Edwin",670955,foul,R,0,0,0.05,1.05,0.7,2.29,6.100790666670331,-129.44419809723055,-2.372850191422528,-0.7494527166446453,28.526318160093588,-20.075191171001777,54.16,-0.015
CH,-2.12,4.56,"Uceta, Edwin",670955,hit_into_play,L,0,2,-1.49,0.1,-0.27,1.53,7.70256241426888,-129.75041170866191,-1.5692681797527217,-18.47805317058675,29.41325268412835,-30.93013480988432,54.08,-0.104
CH,-1.99,4.68,"Uceta, Edwin",670955,swinging_strike,L,0,1,-1.51,0.0,-1.07,2.75,5.34749146344924,-128.19145095483157,1.4604902105740292,-17.72872515756138,29.59965486526469,-32.79439483997404,54.38,-0.035
FC,-1.87,4.81,"Uceta, Edwin",670955,foul,L,0,0,-0.06,0.75,0.84,3.1,6.732233197038538,-128.93855457377342,0.3281938641194112,-2.112843086920984,27.56033711255338,-24.1299518984168,54.33,-0.024
ST,-1.83,4.89,"Uceta, Edwin",670955,hit_into_play,R,1,2,1.39,0.16,0.64,2.48,2.804642488772012,-116.47065389063847,1.1831860099287217,11.916275744892776,24.91700639007705,-31.27238101406709,54.75,-0.168
SI,-1.91,4.59,"Uceta, Edwin",670955,ball,R,0,2,-1.18,1.02,1.66,1.87,11.64314643143316,-135.53211904442094,-3.347402995651679,-17.251793678079043,33.686502394351244,-19.108553051924613,54.65,0.019
ST,-1.82,5.07,"Uceta, Edwin",670955,foul,R,0,1,1.28,-0.21,0.42,2.97,2.4599512079036723,-115.1440397436088,2.71366997985295,10.688615742274804,25.81747143628249,-34.87509489373621,54.48,-0.047
FC,-1.96,4.89,"Uceta, Edwin",670955,foul,R,0,0,0.13,0.91,0.39,2.58,5.40808361526991,-126.82691722156451,-1.24577298795144,0.2983837621765409,26.648411958276768,-22.36090583863969,54.02,-0.032
CH,-2.1,4.61,"Uceta, Edwin",670955,hit_into_play,R,2,0,-1.37,0.03,-0.69,2.15,6.054276260962731,-124.65413204961666,0.4643740885787515,-15.54821249449485,27.75183501336206,-32.1829625561015,54.46,-0.566
FC,-1.93,4.8,"Uceta, Edwin",670955,ball,R,1,0,0.13,1.09,1.73,1.59,8.648572358852842,-128.54140163656103,-4.000652867692466,-0.4192837122610408,27.103905719915744,-19.47018355453119,54.19,0.075
SI,-1.89,4.73,"Uceta, Edwin",670955,ball,R,0,0,-0.88,1.16,0.23,3.63,7.267334289121065,-135.50347514455413,0.4601837545697304,-12.45815052124471,32.55623926010793,-18.34758068048536,54.9,0.042
SI,-2.01,4.57,"Uceta, Edwin",670955,swinging_strike,L,1,2,-1.09,1.3,-0.63,3.84,5.856934418176696,-134.38924366926622,1.1738236737777854,-14.462221511757551,31.872844457710023,-17.101337120322242,54.38,-0.362
CH,-1.98,4.62,"Uceta, Edwin",670955,called_strike,L,1,1,-1.53,-0.02,-0.89,2.0,5.712827791181745,-125.46677463989994,0.0940198674513621,-17.344639093245277,27.396282261603165,-32.66023259414514,54.12,-0.065
CH,-2.17,4.59,"Uceta, Edwin",670955,ball,L,0,1,-1.39,0.15,-2.19,2.62,2.795710523282038,-125.50201363343696,1.3090456024440438,-15.238377602105514,27.50158305168215,-31.1002485288955,54.06,0.028
FC,-1.89,4.79,"Uceta, Edwin",670955,swinging_strike,L,0,0,0.09,0.84,-0.16,2.23,3.985770918503509,-127.54742513071116,-1.811010794382823,0.1342596271212279,25.65300267790195,-22.841676088161567,54.56,-0.083
FC,-2.2,4.82,"Uceta, Edwin",670955,hit_into_play,R,0,0,0.2,1.05,0.42,2.34,5.884814826840128,-128.10336317929284,-2.08251560577565,0.9276673801348974,26.605279207067667,-20.33839510098565,54.66,-0.516
FC,-1.85,4.81,"Uceta, Edwin",670955,ball,R,3,2,0.02,0.86,1.58,2.24,8.203031876907822,-127.65132708986546,-1.84721548772527,-1.5302723977864794,26.380177837069173,-22.62088816106809,54.51,0.377
CH,-2.03,4.73,"Uceta, Edwin",670955,ball,R,2,2,-1.34,-0.09,1.12,1.47,10.260703167426236,-125.73067698844712,-1.3206504958395644,-16.362717119752656,26.57427180777989,-33.06362333710453,54.05,0.083
CH,-1.92,4.61,"Uceta, Edwin",670955,ball,R,1,2,-1.45,-0.13,1.04,1.17,10.085948978992882,-125.66538722047476,-1.6822536169607192,-17.48956178627948,26.59921125166632,-33.39468749928737,53.89,0.082
ST,-1.9,4.93,"Uceta, Edwin",670955,foul,R,1,1,1.27,0.12,0.17,3.41,2.0964427563923613,-113.70279512330124,3.4077841362801693,10.491467725539357,23.68836023466077,-32.10792955116054,54.95,-0.105
FC,-1.84,4.87,"Uceta, Edwin",670955,swinging_strike,R,1,0,0.25,0.98,0.3,3.38,4.625419317376503,-127.75505487972131,0.4767117343196033,1.798261953662134,26.270233528535584,-21.740607168045692,54.39,-0.058
FC,-1.91,4.83,"Uceta, Edwin",670955,ball,R,0,0,-0.18,1.22,0.9,2.19,7.222701575198267,-129.47622754800227,-2.956628454075953,-3.5826794877883743,27.024021872260267,-18.04753433748809,54.69,0.06
SI,-2.08,4.66,"Uceta, Edwin",670955,hit_into_play,L,0,1,-1.34,1.24,-0.07,3.19,8.049400655009794,-134.90165831356038,-0.5998290865801994,-18.18200144589196,33.824197017756525,-17.332044391220304,54.34,0.66
CH,-2.04,4.68,"Uceta, Edwin",670955,called_strike,L,0,0,-1.53,-0.06,-0.4,2.07,6.846800179050472,-123.20606700929024,0.4578970844553567,-16.983609099084227,28.8463253716158,-33.110036740967274,54.47,-0.032
FC,-1.9,4.84,"Uceta, Edwin",670955,swinging_strike,R,0,2,0.34,0.86,0.76,3.48,5.78592277833733,-128.93003911314693,0.9383706171078572,2.6503631066095807,26.49704441545284,-22.937294075904266,53.99,-0.214
FC,-2.05,4.83,"Uceta, Edwin",670955,swinging_strike,R,0,1,0.24,0.97,-0.61,3.71,3.0577911823321533,-130.0602292404328,1.207235018092132,2.095009957202759,25.89598273016768,-21.55440850895104,53.94,-0.045
FC,-2.06,4.79,"Uceta, Edwin",670955,foul,R,0,0,-0.23,1.25,0.02,3.63,5.539519167497048,-127.93316208092588,0.7377132326377168,-3.737678083269706,28.105330026110604,-18.90957412657993,53.88,-0.042
FC,-1.92,4.69,"Uceta, Edwin",670955,foul,R,3,2,-0.09,0.6,0.18,1.38,5.390851629765808,-130.44959441763274,-3.4395822717337308,-2.234429053151964,28.700232627703897,-24.818412280178677,54.22,0.0
CU,-1.82,4.85,"Uceta, Edwin",670955,ball,R,2,2,0.49,-0.51,1.77,0.66,7.098815414972993,-118.5554452927477,-1.7988740216896395,3.1828491078829297,24.20012246212894,-36.84292879550661,54.3,0.043
CH,-2.16,4.72,"Uceta, Edwin",670955,foul,R,2,2,-1.19,0.35,-0.92,2.6,5.342437900329458,-125.6235372311135,0.4866483600873714,-13.659865889735611,27.272002213925507,-28.79659568842632,54.47,0.0
FC,-1.94,4.64,"Uceta, Edwin",670955,ball,R,1,2,0.39,0.9,1.86,2.09,8.395271127355054,-127.78272608505874,-1.874476882116329,2.3335565343087508,28.456926665102827,-22.15410315125557,54.24,0.018
CH,-1.78,4.7,"Uceta, Edwin",670955,ball,R,0,2,-1.4,-0.09,-1.68,1.58,3.2096827068327167,-129.3862814865494,-1.3355602512832032,-16.3404341666066,30.424507071821697,-33.13431067892561,54.2,0.009
FC,-1.88,4.81,"Uceta, Edwin",670955,swinging_strike,R,0,1,0.39,0.76,-0.35,2.92,2.935911592558881,-128.86612598446405,-0.1439146857654554,3.703840262788539,27.665075550510767,-23.88015343203501,54.1,-0.024
SI,-1.89,4.6,"Uceta, Edwin",670955,foul,R,0,0,-0.93,1.34,-0.04,2.76,6.732584936554377,-135.211311201426,-1.8062533334403053,-12.93604607693342,33.53010965962077,-15.631890926927952,54.4,-0.015
FC,-1.94,4.68,"Uceta, Edwin",670955,hit_into_play,R,3,2,0.07,1.12,0.1,2.08,4.927462517054009,-130.49810532064575,-2.800098876742797,-0.3154607889295809,29.23869923954277,-19.03376382999711,53.93,-0.211
SI,-1.92,4.58,"Uceta, Edwin",670955,ball,R,2,2,-0.97,1.2,1.52,2.22,11.05004280385756,-136.6003475382285,-2.969432673267912,-14.786190859066814,33.1592480043693,-16.77706709309704,54.27,0.069
SI,-1.76,4.59,"Uceta, Edwin",670955,ball,R,1,2,-0.74,1.32,1.73,2.86,10.636075963939389,-136.1470080738102,-1.5991271049523654,-11.610778873028844,31.72128870102058,-15.697589904775215,54.25,0.026
FC,-1.91,4.67,"Uceta, Edwin",670955,foul,R,1,1,-0.06,0.89,0.92,2.47,7.134434906705624,-131.2767676961663,-1.410304311129468,-2.195833103168584,27.35163825974064,-21.81683562382393,54.5,-0.04
CH,-2.0,4.63,"Uceta, Edwin",670955,ball,R,0,1,-1.16,0.0,0.36,1.14,8.248183490448348,-130.35361985450217,-2.6063636503569234,-14.986130389912928,27.12439929477995,-31.81322329842523,54.5,0.017
FC,-1.93,4.81,"Uceta, Edwin",670955,called_strike,R,0,0,-0.04,0.79,0.04,2.32,4.979548742387876,-131.0548016007294,-1.923165564534172,-1.431851108276473,26.494445469688,-22.869007217868983,54.03,-0.024
SI,-1.97,4.5,"Uceta, Edwin",670955,swinging_strike,L,1,2,-1.1,1.22,-0.62,3.3,5.823922946810188,-135.98354595258337,-0.0006381192921108,-14.880536819863549,31.49554022564241,-17.272394620707967,54.7,-0.168
CH,-1.98,4.57,"Uceta, Edwin",670955,foul,L,1,1,-1.51,-0.14,0.51,1.02,9.104079555033609,-126.47740468127104,-1.9636701749856975,-18.151488784041653,28.39896495386749,-33.47142080535662,54.02,-0.049
FC,-2.01,4.87,"Uceta, Edwin",670955,ball,L,0,1,0.07,1.2,1.8,2.59,9.245530505267771,-129.8900729680859,-2.1232030788747016,-1.2881214332578912,28.484400671686977,-18.33548130741376,54.1,0.021
FC,-1.78,4.77,"Uceta, Edwin",670955,called_strike,L,0,0,-0.05,0.82,-0.03,3.18,4.335432705223655,-128.62859637705847,0.5072722200520011,-1.466391997291081,27.24935657725309,-23.46795770066637,54.43,-0.032
FC,-1.99,4.95,"Uceta, Edwin",670955,hit_into_play,R,0,1,0.08,0.61,0.03,2.61,4.760008815738182,-129.7579718086635,-0.9660552068301436,-0.2053684182603311,29.044798815381228,-25.297005074772347,54.61,-0.085
FC,-1.93,4.82,"Uceta, Edwin",670955,swinging_strike,R,0,0,0.05,0.94,0.53,2.66,6.021001073593439,-130.2785817343286,-1.3115187114238394,-0.7542766156839891,28.035058326872424,-21.402876721937005,53.81,-0.015
FC,-2.03,4.86,"Uceta, Edwin",670955,hit_into_play,R,1,1,0.07,0.76,0.18,2.06,5.192612717031324,-129.19754909062576,-2.3622856875250893,-0.2438413635464019,26.843565059452462,-23.359426086896708,54.77,-0.156
SI,-1.96,4.72,"Uceta, Edwin",670955,called_strike,R,1,0,-0.94,1.43,0.82,2.94,9.035362499373983,-134.62164491119484,-1.803393557103229,-13.495192586451024,32.30617802775273,-14.685947873036488,54.67,-0.031
FC,-1.96,4.72,"Uceta, Edwin",670955,ball,R,0,0,0.1,1.01,1.09,1.22,7.311244312884902,-129.9041205315473,-4.732649060123968,-0.3795620104862152,27.586195057858085,-19.97260262538448,54.1,0.024
CH,-1.94,4.67,"Uceta, Edwin",670955,swinging_strike,R,1,2,-1.37,-0.17,0.16,0.86,7.8906965982423,-128.32966362490694,-2.7457524502597748,-16.768868479161817,28.44085897622582,-33.670561062413434,54.53,-0.168
CH,-2.07,4.74,"Uceta, Edwin",670955,foul,R,1,2,-1.32,0.01,-0.39,2.52,6.744217220154608,-126.77544432082657,0.8263302677413211,-15.61831754881741,26.432925067033427,-32.465649242974024,54.25,0.0
FC,-2.01,4.86,"Uceta, Edwin",670955,foul,R,1,1,0.17,0.99,0.24,2.77,5.118441867765965,-128.0344959018371,-0.9938172417713276,0.7768563330541105,27.78918886198916,-21.3552991526304,54.08,-0.049
FC,-1.91,4.81,"Uceta, Edwin",670955,ball,R,0,1,-0.1,1.19,1.14,2.35,7.709147376559446,-128.68890194278083,-2.367016332826225,-2.8794693298446523,28.927623722684466,-18.758712379645484,53.8,0.021
SI,-2.06,4.68,"Uceta, Edwin",670955,called_strike,R,0,0,-1.04,1.35,0.89,2.56,9.666114236368829,-133.3473561722687,-2.3201509707715187,-14.64260558062469,33.428113272207405,-15.905534942933784,54.39,-0.032
