pitch_type,release_pos_x,release_pos_z,player_name,pitcher,description,stand,balls,strikes,pfx_x,pfx_z,plate_x,plate_z,vx0,vy0,vz0,ax,ay,az,release_pos_y,delta_run_exp
FC,-0.56,6.36,"Waguespack, Jacob",621097,hit_into_play,L,0,0,0.53,0.18,0.86,2.86,2.2933751411669867,-124.6968307533382,-2.3385828804528277,4.967440813434514,26.794087257049,-30.014018648740983,53.71,-0.338
FC,-0.49,6.36,"Waguespack, Jacob",621097,hit_into_play,L,2,2,0.51,0.39,0.55,1.9,1.4630883891318185,-126.76425256455646,-5.40341151174996,5.1720390533600336,25.78338131946009,-27.051987435182767,53.56,-0.266
FF,-0.18,6.35,"Waguespack, Jacob",621097,foul,L,2,2,-0.2,1.57,0.43,2.92,2.0969684678908136,-138.2492818053176,-6.904646234247196,-3.027402800755886,34.93536774502115,-10.741021091474613,53.03,0.0
FC,-0.59,6.37,"Waguespack, Jacob",621097,swinging_strike,L,2,1,0.47,0.19,-0.23,3.13,-0.0851260562259765,-123.91191249379092,-1.6649742284146114,4.870312066467221,25.55160542906833,-30.08258015789036,53.71,-0.105
FC,-0.61,6.37,"Waguespack, Jacob",621097,swinging_strike,L,2,0,0.45,0.23,-0.13,3.42,0.2273192893720668,-124.72472147976995,-1.167672383157652,4.678271452625722,25.18214571383582,-29.77846005538709,53.72,-0.057
FF,-0.28,6.39,"Waguespack, Jacob",621097,ball,L,1,0,-0.15,1.68,-0.79,3.29,-0.9966547033485488,-134.74188852130143,-5.762602678771098,-1.4976223917499698,33.87193146705096,-10.777337010939265,53.36,0.059
CU,-0.37,6.54,"Waguespack, Jacob",621097,ball,L,0,0,0.41,-1.24,0.4,3.81,0.8578136912644305,-107.2895022768669,4.037282500142571,2.9814599169227325,21.038509828411676,-42.69829397178393,53.96,0.036
FC,-0.52,6.53,"Waguespack, Jacob",621097,hit_into_play,R,0,1,0.4,0.34,0.08,2.7,0.6060243069423644,-124.62690162238243,-3.387949035380334,4.02371410628624,27.77629646648724,-28.172138365106218,53.86,0.443
FC,-0.59,6.47,"Waguespack, Jacob",621097,called_strike,R,0,0,0.49,0.19,0.51,2.01,1.588722591785837,-122.53993346215348,-4.334191495151236,4.583127155980926,26.84732933766876,-29.54799414353219,53.61,-0.024
FC,-0.47,6.51,"Waguespack, Jacob",621097,swinging_strike,R,1,2,0.54,0.22,0.06,3.51,0.1582243369001022,-122.48032176269916,-0.9915517331773098,5.3542241608884895,25.25527142824089,-29.944273309218424,53.71,-0.168
FF,-0.2,6.5,"Waguespack, Jacob",621097,ball,R,0,2,-0.12,1.68,0.15,4.87,1.1582465848134609,-134.99851807294704,-2.032581427111591,-1.68834781547219,32.05024727610919,-11.57076379362992,53.34,0.019
FF,-0.15,6.51,"Waguespack, Jacob",621097,foul,R,0,1,0.0,1.65,0.61,2.16,1.908720636530501,-133.58754069505764,-8.69206897203678,-0.4271463164291614,32.76877561189271,-10.757738611095157,53.97,-0.047
CU,-0.36,6.6,"Waguespack, Jacob",621097,called_strike,R,0,0,0.49,-1.23,0.55,1.73,1.001110006989186,-107.29708658090524,-0.2982525088045109,3.4920312788512478,22.840418696884846,-41.71965441808885,54.55,-0.032
FF,-0.16,6.39,"Waguespack, Jacob",621097,hit_into_play,L,1,1,-0.16,1.67,-0.19,2.53,0.2981495236892155,-135.66879181130926,-7.872368067512443,-2.0433516455911884,35.30519704156376,-9.997074722029591,53.27,-0.359
CH,-0.26,6.4,"Waguespack, Jacob",621097,ball,L,0,1,-0.68,0.32,0.08,0.77,2.2247469982498616,-124.91572121909284,-7.77687378155177,-7.520311533687135,27.110629074846702,-27.41757918028639,53.32,0.031
FC,-0.55,6.39,"Waguespack, Jacob",621097,swinging_strike,L,0,0,0.58,0.1,-0.24,2.58,-0.4337223510572276,-125.52201008319264,-2.970454299016011,6.122743844729543,28.853227959368944,-30.683166866268508,53.66,-0.042
FF,-0.17,6.37,"Waguespack, Jacob",621097,ball,R,3,2,-0.49,1.41,-0.8,1.79,-0.5518269739970232,-136.5259018566344,-9.321355310032285,-5.943708083962219,35.68243232688699,-12.582606415183854,53.19,0.219
FC,-0.5,6.42,"Waguespack, Jacob",621097,ball,R,2,2,0.54,0.44,0.44,0.57,1.1622188409725145,-127.67872025023104,-8.963949823856574,5.667949095665993,27.81199606211248,-25.655826626280515,53.78,0.069
FC,-0.58,6.46,"Waguespack, Jacob",621097,ball,R,1,2,0.63,0.18,0.11,4.7,0.353747604484964,-124.39086780209,1.8566017584374477,6.405078539783999,26.459576188645176,-30.91169792343129,53.66,0.037
FF,-0.12,6.41,"Waguespack, Jacob",621097,foul,R,1,1,-0.26,1.52,0.54,3.09,2.3146118773121027,-136.47206617809027,-6.283699824740173,-3.7555883708679945,32.98724467945554,-12.068362205201996,53.24,-0.15
CU,-0.4,6.48,"Waguespack, Jacob",621097,ball,R,0,1,0.33,-1.19,0.53,1.49,1.3608765870714474,-110.6713752620722,-1.1148674920736394,2.3913569725883743,23.38221986219584,-41.85382537309242,53.7,0.05
FC,-0.43,6.49,"Waguespack, Jacob",621097,swinging_strike,R,0,0,0.54,0.25,0.25,3.42,0.5160933860559469,-125.50536418856646,-1.5291587049175217,5.600597170410243,26.654819801793263,-29.48792296725597,53.75,-0.071
FF,0.01,6.34,"Waguespack, Jacob",621097,hit_into_play,L,3,2,-0.14,1.57,1.13,2.94,3.2419052130554733,-135.43844960283118,-6.494827009267378,-2.421501816931231,31.31411470175868,-11.587221959793442,53.26,-0.616
FF,-0.14,6.38,"Waguespack, Jacob",621097,called_strike,L,3,1,-0.25,1.68,0.13,2.23,1.2386003181939669,-136.10130777634933,-8.64645198058737,-3.372192412604115,35.40658312342848,-9.605487813490212,53.7,-0.042
FC,-0.52,6.41,"Waguespack, Jacob",621097,ball,L,2,1,0.27,0.21,1.25,3.69,3.646631975699498,-123.8035285697084,-0.4538287333409121,1.96985258676805,25.826709901946398,-30.1731967056894,53.71,0.158
FC,-0.62,6.46,"Waguespack, Jacob",621097,ball,L,1,1,0.53,0.32,0.05,4.3,0.5132993242820336,-124.7488557035364,0.5604917775131626,5.396373397908237,27.728191713043422,-29.18042278963201,53.92,0.074
CH,-0.37,6.41,"Waguespack, Jacob",621097,called_strike,L,1,0,-0.93,0.63,-0.52,1.88,1.5438548955982951,-123.65765580519304,-5.553816898016626,-9.846997135083814,26.793764676130547,-24.738459975637863,53.53,-0.075
CH,-0.2,6.53,"Waguespack, Jacob",621097,ball,L,0,0,-0.98,0.6,0.94,2.34,4.575737640283305,-121.74189592980989,-4.421503161273592,-10.616931392808452,24.6647382496278,-25.51338321099236,53.85,0.067
FF,-0.18,6.55,"Waguespack, Jacob",621097,hit_into_play,L,2,1,-0.59,1.66,-0.39,3.77,0.7582143739212825,-134.46623623667782,-4.818091217099345,-7.25284539501571,32.57808041093413,-11.273225560825594,54.19,0.371
CH,-0.23,6.54,"Waguespack, Jacob",621097,ball,L,1,1,-0.67,1.06,0.78,1.34,3.726631147775552,-122.43432559824244,-7.872579582432632,-7.52269829422104,24.417924706336496,-20.13768045787956,53.47,0.05
CU,-0.33,6.5,"Waguespack, Jacob",621097,ball,L,0,1,0.38,-1.39,-0.05,0.75,-0.0937704061445333,-108.15043983075722,-1.9363921936892687,2.952386828568892,23.630713700354693,-42.71160576761909,54.0,0.021
FF,-0.12,6.64,"Waguespack, Jacob",621097,called_strike,L,0,0,-0.01,1.76,-0.23,1.62,-0.2371598502299977,-131.96147133466425,-10.293573959884355,-0.0891921091628151,32.612785671126936,-9.583219909630753,54.27,-0.032
FC,-0.48,6.34,"Waguespack, Jacob",621097,swinging_strike,R,1,2,0.47,0.43,0.04,3.25,0.2720535319498607,-128.8342259816228,-2.394617275930887,5.213550919322652,27.09834149183163,-27.119432759600148,53.75,-0.317
FF,-0.2,6.26,"Waguespack, Jacob",621097,ball,R,0,2,-0.23,1.69,0.01,1.36,1.064033663991924,-136.21322360221762,-10.81852510621177,-3.1338297974318445,33.24278507284214,-8.91362177668689,53.06,0.009
FC,-0.46,6.3,"Waguespack, Jacob",621097,foul,R,0,2,0.58,0.3,1.28,2.05,3.003225638165864,-126.43517795455531,-4.613096328357267,5.521399877648229,28.299417113648023,-28.178180964793697,53.59,0.0
FF,-0.13,6.41,"Waguespack, Jacob",621097,swinging_strike,R,0,1,-0.06,1.64,0.07,3.87,0.6528216734623932,-136.15458589983325,-4.367595205428504,-0.8462188179327486,33.990797115157285,-11.130598875216602,54.07,-0.068
FF,-0.12,6.41,"Waguespack, Jacob",621097,called_strike,R,0,0,-0.13,1.65,0.57,3.43,2.09835894757524,-135.7502068870934,-5.577644558841638,-2.12895480345923,32.93130099063621,-10.84929768704558,53.29,-0.073
FC,-0.47,6.32,"Waguespack, Jacob",621097,hit_into_play,L,3,2,0.25,0.02,0.9,3.15,2.7425213295163524,-124.4124361616038,-1.195245275887682,2.0140884002626875,26.815500160285275,-31.92943962566807,53.74,-0.576
CH,-0.23,6.42,"Waguespack, Jacob",621097,ball,L,2,2,-0.93,0.72,0.8,3.34,4.403204944646473,-124.83914876344768,-2.507002528065489,-10.606389386922494,25.51372203710982,-24.299979909513183,53.3,0.157
FF,-0.08,6.36,"Waguespack, Jacob",621097,foul,L,2,2,-0.39,1.58,-0.69,2.88,-0.7087251927867282,-136.97831073354132,-6.834965254816908,-4.629241643581485,34.160702753072464,-10.99972118242786,53.5,0.0
FF,-0.17,6.35,"Waguespack, Jacob",621097,called_strike,L,2,1,-0.08,1.8,0.4,2.86,1.6877522600208217,-135.65795190075826,-7.22115834302202,-1.4039887563587687,34.05927697607291,-8.586311004130526,53.23,-0.086
CH,-0.27,6.43,"Waguespack, Jacob",621097,ball,L,1,1,-0.25,0.81,1.45,2.7,4.583717367611563,-122.70154527096564,-3.965921024969628,-3.496458747086878,24.856419064393343,-23.39333520183135,53.29,0.081
CH,-0.24,6.31,"Waguespack, Jacob",621097,swinging_strike_blocked,L,1,0,-0.85,1.12,-0.22,0.63,1.7945087956854124,-124.2456723584297,-9.498907073231504,-9.141470653076327,26.024878475538227,-18.82101078685491,53.13,-0.106
FC,-0.37,6.37,"Waguespack, Jacob",621097,ball,L,0,0,0.5,0.27,1.81,2.51,4.179014660697062,-124.41483239250051,-3.373091515283047,4.271143031677361,26.29402348965622,-28.90455711256392,53.56,0.051
FF,-0.15,6.38,"Waguespack, Jacob",621097,ball,L,3,2,-0.06,1.77,-0.58,3.75,-0.9726172296955372,-135.38565711538254,-4.804671751151532,-0.5378279696792734,34.56664912103103,-9.762928848686428,53.69,0.313
FF,-0.1,6.4,"Waguespack, Jacob",621097,foul_tip,L,3,1,0.06,1.67,0.01,2.76,0.1654419459215366,-136.2786166098612,-7.328560162406131,0.7377564687163178,34.30702357795423,-9.941280746600192,53.75,-0.103
FF,-0.1,6.42,"Waguespack, Jacob",621097,called_strike,L,3,0,-0.27,1.63,0.67,3.13,2.578002369595799,-134.93929696737783,-6.161010686436739,-3.8852870020894943,33.13757119140827,-11.148879935110312,53.77,-0.065
FC,-0.37,6.31,"Waguespack, Jacob",621097,blocked_ball,L,2,0,0.36,0.41,0.21,0.96,0.6689339658045691,-127.17562967925488,-7.665975548199353,3.726809616679435,27.807807183919017,-26.27800766189999,53.43,0.128
FF,-0.12,6.48,"Waguespack, Jacob",621097,ball,L,1,0,-0.59,1.67,-1.32,4.49,-1.7743589076724076,-134.59845178082392,-2.86580240065524,-6.696900153133276,33.23452398869444,-11.592032494693315,53.89,0.066
FC,-0.42,6.39,"Waguespack, Jacob",621097,ball,L,0,0,0.48,0.26,0.61,1.23,1.5137363116676974,-126.3467496835591,-6.742843530102583,4.758817993269744,27.487011490429683,-28.210581010815392,53.42,0.044
FF,0.01,6.46,"Waguespack, Jacob",621097,hit_into_play,R,0,2,-0.36,1.66,-0.3,3.22,-0.0234363899234638,-135.9882034086882,-6.256621740232915,-4.398467311699797,31.871729407813103,-10.49446801097416,53.83,0.325
FF,-0.17,6.47,"Waguespack, Jacob",621097,foul,R,0,1,-0.24,1.51,-0.39,3.47,-0.0331439950712469,-135.26885244069442,-5.256700168862234,-2.92536781498426,32.457615340654776,-12.77544526936957,53.25,-0.035
FF,-0.35,6.48,"Waguespack, Jacob",621097,called_strike,R,0,0,-0.15,1.55,0.23,2.14,1.8313542377703276,-135.82084523619403,-8.876038934753575,-2.2780287873524814,32.31713842252693,-11.186782975325931,53.68,-0.024
FF,-0.06,6.5,"Waguespack, Jacob",621097,swinging_strike,R,0,2,0.06,1.53,0.27,4.28,0.7226905060139723,-136.40190091946934,-3.4094127215442365,0.5234688716949213,31.4034015684216,-12.571053233551048,53.52,-0.149
FC,-0.61,6.55,"Waguespack, Jacob",621097,foul,R,0,2,0.45,0.06,0.7,3.64,2.190951331608839,-124.9801636659369,-0.7564113974703214,4.212057225483334,25.62928084437711,-31.58743079559881,54.29,0.0
FF,0.0,6.6,"Waguespack, Jacob",621097,foul,R,0,2,-0.26,1.53,0.14,3.45,0.9449595767270093,-136.19251634011485,-5.738892300119983,-3.493933981324602,31.535382441728707,-12.120502932477116,54.07,0.0
FF,-0.14,6.61,"Waguespack, Jacob",621097,swinging_strike,R,0,1,0.12,1.69,0.48,3.93,1.3386055325875863,-135.47128851888456,-4.808597175025682,1.1897532160803477,31.99016989997835,-10.585330245554555,53.74,-0.047
FF,-0.16,6.61,"Waguespack, Jacob",621097,called_strike,R,0,0,-0.3,1.58,-0.36,3.36,0.1460302771056641,-133.31689996747713,-5.71983890669104,-3.6004404083396864,31.155492190794323,-12.319102586713036,54.12,-0.032
FC,-0.51,6.44,"Waguespack, Jacob",621097,swinging_strike,L,2,2,0.63,0.42,0.71,3.3,1.669484435286287,-128.06150906936426,-2.3363416894942377,6.462103445709678,28.86655819471168,-27.32918687299911,53.82,-0.199
CH,-0.2,6.41,"Waguespack, Jacob",621097,blocked_ball,L,1,2,-0.82,0.97,-0.22,0.02,1.5972561249633257,-123.86422529584466,-10.720112523041225,-8.694817128428411,26.740884620928533,-20.1330211931178,53.54,0.03
FF,-0.03,6.39,"Waguespack, Jacob",621097,called_strike,L,1,1,-0.35,1.67,0.49,1.51,2.151519426044999,-136.48890230765923,-10.59926067774547,-4.924962061411923,35.312833786683335,-9.10321809362649,53.64,-0.048
FC,-0.37,6.4,"Waguespack, Jacob",621097,called_strike,L,1,0,0.39,0.26,0.91,2.54,2.287311274006831,-125.62268180400147,-3.4684182373009764,3.551978157263903,28.425229915917622,-28.865580551650453,53.57,-0.039
FF,-0.2,6.49,"Waguespack, Jacob",621097,ball,L,0,0,-0.12,1.67,1.21,3.61,3.9552622520078864,-137.0248679570555,-5.420565319903096,-2.527026346811651,36.998587319529896,-10.215738548526495,53.75,0.027
FC,-0.5,6.46,"Waguespack, Jacob",621097,hit_into_play,R,0,1,0.4,0.32,0.31,2.14,1.139690751818022,-128.3981657448876,-5.054269086802442,4.115198170808517,29.33746445620963,-27.765376774756,53.66,0.144
FF,0.05,6.49,"Waguespack, Jacob",621097,called_strike,R,0,0,-0.18,1.77,0.8,1.74,2.405221968467314,-136.15665108461613,-10.490711281158896,-2.8780176556979824,35.27831140481715,-8.04020128002702,53.33,-0.015
FF,-0.05,6.48,"Waguespack, Jacob",621097,hit_into_play,L,2,1,0.02,1.68,-0.17,2.35,-0.3512257785517463,-135.64787488987747,-8.51058178809801,0.3267098461315451,33.76865432038562,-9.804973001062969,53.86,-0.193
CU,-0.21,6.43,"Waguespack, Jacob",621097,ball,L,1,1,0.12,-1.18,0.7,-0.09,1.7207392054562878,-110.64247556870411,-4.321852428343808,0.5485806448671848,25.001169013953746,-40.94876724565832,53.61,0.037
FF,-0.18,6.55,"Waguespack, Jacob",621097,called_strike,L,1,0,-0.04,1.79,0.17,3.12,0.9883813447631282,-135.30915434575968,-6.909727314256811,-0.7133705361539283,35.170740823790766,-8.979453321745535,53.56,-0.031
FF,-0.02,6.55,"Waguespack, Jacob",621097,ball,L,0,0,-0.01,1.74,-0.06,3.7,-0.0827958853963893,-136.0700672927849,-5.40985525074619,-0.0645093383788352,35.317354431908285,-9.726582535796704,53.47,0.024
FF,-0.2,6.54,"Waguespack, Jacob",621097,hit_into_play,L,1,0,-0.11,1.86,-0.35,3.18,-0.1322230882581473,-136.21748433648742,-7.024864439707365,-1.350663829038725,34.92119569651811,-7.7986680249671485,53.53,-0.26
FF,-0.14,6.52,"Waguespack, Jacob",621097,ball,L,0,0,-0.36,1.61,-0.24,1.22,0.5272148293460526,-135.4163228678773,-11.419195771034154,-4.54777883805728,33.38182423422253,-9.998681476376651,53.66,0.032
FF,-0.3,6.49,"Waguespack, Jacob",621097,hit_into_play,R,2,2,-0.08,1.53,-0.44,1.9,-0.1843149834216742,-137.31975099458148,-9.788276705460447,-0.9770000386608356,31.674797379330204,-10.848214217436958,53.33,-0.2
CU,-0.31,6.52,"Waguespack, Jacob",621097,foul,R,2,1,0.6,-1.07,0.08,3.55,-0.2719331524721597,-110.49047026456456,2.7653439106205147,4.963841495704416,19.33574079334544,-41.6126896289101,53.87,-0.067
FC,-0.43,6.47,"Waguespack, Jacob",621097,called_strike,R,2,0,0.4,0.29,0.64,2.82,1.7532501176758335,-126.0523917906994,-3.209872243263297,4.037564379542141,22.743140318624143,-28.70011638008521,53.16,-0.033
FC,-0.53,6.5,"Waguespack, Jacob",621097,ball,R,1,0,0.34,0.29,-1.17,2.46,-2.2149549269616484,-124.8054442672404,-3.9786376566405584,4.002132402706974,21.46765012112236,-28.60790649179417,53.83,0.044
FF,-0.41,6.44,"Waguespack, Jacob",621097,ball,R,0,0,-0.29,1.58,-0.8,1.42,-0.3918233133564938,-136.8942904766122,-11.022789456005562,-3.578131608224197,29.2212447968481,-10.059254184302244,53.26,0.027
FF,-0.29,6.44,"Waguespack, Jacob",621097,hit_into_play,R,1,0,0.0,1.65,-0.64,1.9,-0.912778164877494,-136.53011032735984,-9.78903572510276,0.1620016974788027,30.386771794143986,-9.641885844925364,53.37,0.45
CU,-0.33,6.55,"Waguespack, Jacob",621097,blocked_ball,R,0,0,0.39,-1.18,0.99,0.77,2.06521602856284,-109.95409483290705,-2.746181387333062,2.7493670369791663,21.765323442724924,-41.3825594529464,53.8,0.044
CH,-0.38,6.53,"Waguespack, Jacob",621097,hit_into_play,L,0,1,-0.58,0.67,0.07,2.06,2.267720218646813,-124.81978370838712,-5.76595535514008,-6.5372969598159525,23.001817715313507,-24.21329816775747,53.52,0.73
CU,-0.54,6.58,"Waguespack, Jacob",621097,called_strike,L,0,0,0.42,-1.26,0.21,2.27,0.832194955629087,-110.85294863899722,0.3067749165884441,3.271166851133255,20.60573685809384,-42.82658419705216,53.78,-0.047
FC,-0.58,6.58,"Waguespack, Jacob",621097,hit_into_play,R,0,0,0.58,-0.03,0.31,2.29,0.9665729161840232,-124.913822586391,-3.885287265902192,5.874807387869327,23.33280459606233,-31.969676193575683,54.01,0.419
FC,-0.65,6.51,"Waguespack, Jacob",621097,hit_into_play,R,1,0,0.48,0.13,0.4,2.32,1.5430810192426152,-126.6976106234904,-4.194134984169674,4.911527062108479,25.61029219338553,-30.125304662380707,53.7,-0.26
FC,-0.54,6.55,"Waguespack, Jacob",621097,ball,R,0,0,0.57,0.13,1.21,1.0,3.0001155130120045,-124.17480593828492,-7.083261374771558,5.318230243645493,23.81309026910464,-29.706528574384706,53.78,0.032
FC,-0.69,6.42,"Waguespack, Jacob",621097,hit_into_play,R,3,2,0.41,0.24,0.0,1.79,0.8202000699968204,-128.2113486379488,-5.708249248970982,4.372290911629926,26.52437768088415,-28.601986870514708,53.45,-0.533
FF,-0.26,6.46,"Waguespack, Jacob",621097,ball,R,2,2,0.0,1.53,1.02,2.6,3.396666928925023,-137.48505712113507,-7.836328708275358,-0.8221547280907495,32.23847897342703,-11.250290068547308,53.49,0.131
CU,-0.1,6.48,"Waguespack, Jacob",621097,blocked_ball,R,1,2,0.44,-1.3,1.27,0.67,2.1136434109981748,-111.11001090590106,-2.811243175802182,3.189764336465977,21.69108026932647,-42.53828365040658,53.49,0.07
CU,-0.42,6.46,"Waguespack, Jacob",621097,foul,R,1,1,0.4,-1.29,0.11,2.13,0.3729895980752871,-109.81734191753876,0.4748309999935092,3.1730222972213533,21.139553564630116,-42.854129563153926,53.98,-0.126
FC,-0.48,6.44,"Waguespack, Jacob",621097,foul,R,1,0,0.53,0.26,-0.02,2.05,0.0253504038600587,-127.03996771439915,-5.028336688031225,5.716360887994961,25.213725832703588,-28.57189753732714,53.45,-0.081
FC,-0.44,6.41,"Waguespack, Jacob",621097,ball,R,0,0,0.49,0.17,1.25,1.3,3.117902970518456,-128.15906994361964,-6.714871206966906,4.681148707161947,27.371308772249783,-29.13067280249653,53.44,0.056
CU,-0.38,6.51,"Waguespack, Jacob",621097,hit_into_play,L,0,0,0.54,-1.16,-0.07,2.9,-0.3272626116294844,-109.57219578376444,1.7231995441318213,4.415605167733117,18.97600301514508,-42.03348686978091,53.75,0.909
FF,-0.24,6.49,"Waguespack, Jacob",621097,hit_into_play,R,2,2,0.1,1.44,-0.87,3.57,-1.899271565902234,-138.13232771026136,-5.232642717885228,1.695261557689259,32.93139087091767,-12.776203353788944,53.48,0.333
FC,-0.5,6.46,"Waguespack, Jacob",621097,swinging_strike,R,2,1,0.65,0.23,-0.7,3.07,-1.8732259395335396,-128.2853943685339,-2.657384109618558,7.61135990972804,26.16730945434981,-29.35268677267128,53.48,-0.067
FC,-0.44,6.5,"Waguespack, Jacob",621097,swinging_strike,R,2,0,0.5,0.09,-0.19,3.21,-0.4221539457010873,-127.21766181447931,-1.9987599134930571,5.499648604950604,25.70055339856475,-31.00368570573392,53.85,-0.033
FF,-0.28,6.44,"Waguespack, Jacob",621097,ball,R,1,0,0.06,1.34,1.9,2.91,5.611776280694553,-137.33241362687,-6.521250300963382,-0.5209233861911421,31.94972359877705,-14.012200881731369,53.62,0.044
CU,-0.48,6.66,"Waguespack, Jacob",621097,ball,R,0,0,0.05,-1.05,-1.62,4.39,-2.4243546661953346,-107.9270137296663,4.471535081170863,0.8176681853739752,19.481470923723805,-41.38475990543854,54.04,0.027
FC,-0.54,6.43,"Waguespack, Jacob",621097,ball,R,3,2,0.55,0.14,-0.74,1.25,-1.612809371839931,-125.9217555368114,-6.461769240400356,6.14008953112546,25.5760859620768,-29.617869094749736,53.88,0.1
FC,-0.49,6.55,"Waguespack, Jacob",621097,foul,R,3,1,0.53,-0.05,-0.72,3.06,-1.6195926670586809,-125.2101672180544,-1.9869519686277648,5.886953942045362,23.57783253612463,-32.48074568482507,53.91,-0.035
CU,-0.37,6.61,"Waguespack, Jacob",621097,ball,R,2,1,0.39,-1.38,1.15,3.48,2.5349457037033307,-111.48245013743713,3.0131578372807626,2.7398139994966755,21.087535874124047,-44.419113430332985,53.4,0.046
CU,-0.09,6.56,"Waguespack, Jacob",621097,ball,R,1,1,0.3,-1.23,-0.07,1.08,-0.4880663444797272,-110.260977743001,-2.0925758278153404,2.519918255484777,21.464482354810023,-41.9468181556034,53.82,0.023
FC,-0.57,6.58,"Waguespack, Jacob",621097,ball,R,0,1,0.54,0.19,-1.19,2.44,-2.6260819821040964,-127.1613733060854,-4.217462514153156,6.3658252974753005,26.13655904899372,-29.491166188574283,53.75,0.011
CU,-0.17,6.64,"Waguespack, Jacob",621097,called_strike,R,0,0,0.46,-1.22,0.88,2.25,1.368939110904485,-111.20630648635334,0.0363959211291979,3.5629547721899115,21.41056299232032,-42.49266869719112,54.16,-0.015
FC,-0.56,6.57,"Waguespack, Jacob",621097,hit_into_play,R,2,2,0.24,0.35,0.06,2.01,1.0235401646050364,-129.99803136759965,-6.034818033608687,2.5637625524641616,25.38708392942864,-27.257743026311232,53.75,-0.142
FF,-0.12,6.6,"Waguespack, Jacob",621097,ball,R,1,2,-0.09,1.57,-1.15,2.52,-2.4995632485786747,-138.69225586214847,-8.634569526507859,-0.5725747420325832,32.54277001368821,-10.23761249221078,53.75,0.026
CU,-0.2,6.56,"Waguespack, Jacob",621097,ball,R,0,2,0.28,-1.13,0.51,1.03,1.011082710815928,-114.6302714444555,-3.012646151245079,2.2675556181045606,23.553114061795046,-41.69967054883885,53.64,0.013
CU,-0.1,6.62,"Waguespack, Jacob",621097,foul,R,0,2,0.54,-1.32,0.6,1.92,0.5164047559964133,-112.9145220103712,-0.6611594162920245,4.495771815371618,22.53904017910674,-43.4636851784576,53.77,0.0
FC,-0.29,6.46,"Waguespack, Jacob",621097,swinging_strike,R,0,1,0.36,0.13,0.76,0.43,1.8113535633193336,-126.48687828303986,-8.725709992564282,3.5716910963488155,24.04992262128356,-29.3467189035258,53.19,-0.035
CU,-0.32,6.7,"Waguespack, Jacob",621097,called_strike,R,0,0,0.45,-1.09,-0.25,2.1,-0.6643974621792371,-111.28050956409288,-0.7017886999976639,3.843667584579981,20.1962968648897,-41.30025470327361,53.95,-0.024
CU,-0.27,6.57,"Waguespack, Jacob",621097,hit_into_play,R,1,1,0.5,-1.29,0.57,1.19,0.8792947734183691,-112.27895107821108,-2.047632822880886,4.03266194187751,23.116165468067727,-42.78134865194884,53.39,-0.216
FF,-0.14,6.74,"Waguespack, Jacob",621097,ball,R,0,1,-0.44,1.54,-0.96,5.59,-1.1393933223185004,-135.84778077984944,-0.5457340016580909,-5.186803288259494,32.54346114464091,-13.350679242239275,54.16,0.021
FF,-0.06,6.62,"Waguespack, Jacob",621097,called_strike,R,0,0,-0.31,1.56,0.4,1.59,1.9148886524691655,-136.4069847132786,-10.923965963920748,-4.309405235523907,30.92976091127784,-10.417489203615457,53.21,-0.032
FF,-0.04,6.5,"Waguespack, Jacob",621097,called_strike,L,3,2,-0.14,1.53,-0.1,3.55,0.1484264835344127,-139.05477088441066,-5.663825116567967,-1.87384780300459,31.58574660596433,-11.2283174362862,53.52,-0.527
FF,-0.09,6.47,"Waguespack, Jacob",621097,swinging_strike,L,3,1,0.08,1.39,0.71,3.48,1.9516064810832832,-138.91873023612524,-5.44691739547906,0.5706966844887953,31.79233159122705,-13.128875806138662,53.48,-0.109
CH,-0.28,6.44,"Waguespack, Jacob",621097,ball,L,2,1,-0.78,0.61,-0.2,-0.25,1.7955891909717483,-125.79999152030632,-11.167979808697352,-8.666596807252825,23.95233979830785,-23.74175704432548,53.41,0.083
CH,-0.16,6.57,"Waguespack, Jacob",621097,ball,L,1,1,-0.44,0.58,0.94,1.85,3.5818293124095058,-126.08792043135988,-6.368116799965123,-5.393894309772457,24.005163791775907,-24.957928134410416,53.53,0.058
CU,-0.24,6.51,"Waguespack, Jacob",621097,swinging_strike,L,1,0,0.24,-1.5,-0.66,1.42,-1.3381261623759022,-111.96654763566649,-0.9852116674401056,2.302752621976165,23.05841244146453,-44.74026732781007,54.12,-0.058
CU,-0.23,6.5,"Waguespack, Jacob",621097,ball,L,0,0,0.37,-1.28,1.46,1.13,2.920201508124521,-111.07263565219272,-1.874016093321772,2.4744096324196487,22.45971037721398,-42.54475872904471,53.34,0.042
CU,-0.23,6.41,"Waguespack, Jacob",621097,hit_into_play,R,1,2,0.19,-1.24,0.26,1.56,0.7157119979938845,-113.42568939386784,-1.190978466083938,1.5056554429129574,22.376335731162403,-42.816697008814565,53.54,-0.358
CU,-0.27,6.48,"Waguespack, Jacob",621097,ball,R,0,2,0.15,-1.25,-0.75,3.41,-1.286605122385743,-111.08192758680802,2.8417629530182245,1.4893622606782284,20.072969121807112,-43.28722821483285,54.17,0.042
FF,-0.07,6.43,"Waguespack, Jacob",621097,foul,R,0,1,-0.15,1.42,0.54,3.36,1.9549901549181687,-137.82665572656046,-5.5253396836548445,-2.393229626081254,32.312932766056136,-13.069393600562732,53.69,-0.079
FF,-0.14,6.44,"Waguespack, Jacob",621097,called_strike,R,0,0,-0.14,1.42,0.52,3.45,2.051068663529447,-137.67989330631673,-5.305567031817425,-2.300702410846245,31.744692763206608,-13.16885780328019,53.6,-0.083
FF,-0.25,6.43,"Waguespack, Jacob",621097,ball,R,3,2,0.0,1.5,-1.35,2.85,-2.903761501558827,-137.15006785466292,-7.072719828007908,0.6985763328817796,30.265319585107168,-11.821948545117682,53.22,0.231
FF,-0.1,6.48,"Waguespack, Jacob",621097,foul,R,3,2,-0.04,1.34,0.06,2.4,0.515892594442259,-137.38844435963574,-8.062770018667127,-0.5887996208342521,29.53335219676301,-13.693254842286873,53.27,0.0
FC,-0.57,6.41,"Waguespack, Jacob",621097,foul,R,3,2,0.52,0.16,-0.33,3.24,-0.5010049338291236,-126.80380719981603,-1.790171792528261,5.766555522786828,25.474855288204736,-30.321150426229146,53.61,0.0
CH,-0.24,6.48,"Waguespack, Jacob",621097,blocked_ball,R,2,2,-0.45,1.14,0.27,0.71,2.1975944198805126,-128.0020042245125,-10.419874311187568,-5.3617091077372585,26.076554402187824,-17.719429328349356,53.4,0.115
FF,-0.18,6.5,"Waguespack, Jacob",621097,swinging_strike,R,2,1,0.37,1.56,0.75,3.28,1.596743898515535,-136.64319072445204,-6.10890123794924,4.257609078571683,32.006192869579486,-11.532380533293912,53.55,-0.105
CU,-0.28,6.37,"Waguespack, Jacob",621097,blocked_ball,R,1,1,0.17,-0.84,0.84,-0.55,2.1471397595947725,-113.58534526108866,-6.453261563708584,0.971672152751732,23.95341066120225,-38.26248204837472,53.13,0.064
FC,-0.6,6.43,"Waguespack, Jacob",621097,swinging_strike,R,1,0,0.63,0.43,0.69,2.92,1.85676548594223,-127.70513554517646,-3.2809557756816004,6.467365853618416,26.894849518101594,-27.05024925777341,53.56,-0.062
FC,-0.58,6.43,"Waguespack, Jacob",621097,blocked_ball,R,0,0,0.66,0.11,0.48,0.7,1.1670118754938612,-124.18993221886294,-7.546020426617647,6.659160613843773,23.952985572681957,-29.743950101489386,53.33,0.036
FF,-0.08,6.49,"Waguespack, Jacob",621097,swinging_strike,R,2,2,-0.57,1.45,0.89,3.33,3.878949229114261,-138.09732408026034,-5.892884097895182,-8.168809830344342,32.399722007331526,-12.54398864272924,53.49,-0.36
CU,-0.25,6.54,"Waguespack, Jacob",621097,ball,R,1,2,0.68,-1.28,0.3,3.39,-0.0597679844183408,-110.57883309959178,2.8545298661128804,5.556065886245115,21.164794040781388,-43.42773585019543,53.86,0.077
CH,-0.22,6.46,"Waguespack, Jacob",621097,foul,R,1,2,-0.54,0.99,-0.43,1.28,0.624624569908133,-127.06971895460498,-8.481391932883115,-5.986579079673247,24.79207348465422,-19.93715386225301,53.57,0.0
CU,-0.21,6.42,"Waguespack, Jacob",621097,blocked_ball,R,0,2,0.38,-1.15,0.37,-0.19,0.5670719732505262,-113.07771159507884,-5.184404273779776,3.126849535314506,21.235770678367302,-41.22891938552901,53.4,0.053
FC,-0.49,6.51,"Waguespack, Jacob",621097,swinging_strike,R,0,1,0.54,0.19,0.29,3.27,0.7569347217514881,-125.21950372988748,-1.8337990171418068,5.551239379395538,24.10772152836264,-30.06994165175227,53.92,-0.075
FC,-0.37,6.49,"Waguespack, Jacob",621097,called_strike,R,0,0,0.51,0.14,0.28,2.94,0.504917589752838,-125.91219925436413,-2.590954097450938,5.39703885813133,24.474602028504357,-30.341488260223773,53.61,-0.064
FF,-0.22,6.45,"Waguespack, Jacob",621097,ball,L,3,1,-0.16,1.55,-0.47,1.35,-0.2807286445413315,-136.932997314057,-11.104774808829596,-2.005188916679782,31.38093966536132,-10.341705365309844,53.41,0.265
CH,-0.39,6.53,"Waguespack, Jacob",621097,ball,L,2,1,-0.46,0.86,-1.06,0.81,-0.6585570518306032,-123.0932937532199,-8.826645649277427,-4.584823545591487,23.30949228020317,-21.93157950462179,53.63,0.108
CH,-0.43,6.57,"Waguespack, Jacob",621097,ball,L,1,1,-0.76,0.79,1.39,1.68,5.818808550552293,-122.87768614291797,-6.715280443448523,-8.798920935325754,23.39414585530338,-23.08425727000149,53.38,0.05
CU,-0.39,6.57,"Waguespack, Jacob",621097,ball,L,0,1,0.3,-1.32,0.67,0.77,1.698802176798366,-109.45676510130212,-2.476387995713255,2.037293251523617,21.676329558205776,-42.40694312500294,53.76,0.021
FF,-0.13,6.63,"Waguespack, Jacob",621097,called_strike,L,0,0,-0.05,1.48,0.05,3.12,0.5902740422226415,-135.39446305617378,-6.535634984859179,-0.7592799162634423,30.980980400693557,-12.754000191118012,53.58,-0.032
FC,-0.29,6.39,"Waguespack, Jacob",621097,swinging_strike,R,1,2,0.43,-0.07,0.8,2.59,1.756295695938938,-125.80120412011476,-2.802686125142011,4.263160166348929,21.758216558261147,-32.63448044538189,53.59,-0.317
FF,-0.33,6.38,"Waguespack, Jacob",621097,ball,R,0,2,-0.02,1.02,1.38,3.35,4.538779714549944,-136.67888434473846,-4.555267970764833,-0.9947938185542274,23.39427386893105,-18.57065759581473,53.44,0.009
FC,-0.63,6.43,"Waguespack, Jacob",621097,swinging_strike,R,0,1,0.41,0.06,0.27,3.12,1.3418936471566891,-125.6410498268722,-1.943372249871792,4.246504550895095,18.533391682744224,-31.39830506533344,53.52,-0.068
FF,-0.15,6.38,"Waguespack, Jacob",621097,called_strike,R,0,0,-0.23,1.19,0.89,2.73,3.246175422311098,-136.76218419915122,-6.529580014166142,-3.519161567608315,27.0995327265744,-16.031500426289725,53.45,-0.073
CU,-0.18,6.41,"Waguespack, Jacob",621097,hit_into_play,R,0,1,0.29,-1.02,-0.22,2.73,-0.6033640621561779,-109.8147501304298,1.151128411958197,2.444204145030691,15.042466932161664,-40.87690359117403,53.58,-0.395
FC,-0.59,6.24,"Waguespack, Jacob",621097,called_strike,R,0,0,0.3,-0.07,0.82,1.63,2.7993885295300784,-125.0191277555456,-4.783219815791985,2.768823687436435,17.917888869895854,-32.39838370224331,53.13,-0.083
FC,-0.37,6.31,"Waguespack, Jacob",621097,swinging_strike,R,2,2,0.37,0.0,0.06,2.94,0.2851564697648329,-125.33735289208606,-1.869648041652336,3.886172971544685,21.22219109443982,-32.045201193003535,53.37,-0.448
CU,-0.44,6.43,"Waguespack, Jacob",621097,ball,R,1,2,0.33,-1.15,-1.1,3.4,-1.9908524829316736,-110.25192666148854,2.812021510369333,2.9890473484957703,17.38761053414635,-42.25515027622248,53.39,0.066
FF,-0.2,6.33,"Waguespack, Jacob",621097,called_strike,R,1,1,-0.16,1.18,0.53,1.77,2.292003521296381,-136.1702486519831,-8.896851705437149,-2.480770723625268,24.25868779880255,-15.806478670183816,53.2,-0.155
FC,-0.42,6.36,"Waguespack, Jacob",621097,ball,R,0,1,0.56,0.19,1.93,0.92,4.584387733253703,-127.07184822018732,-7.57250085801974,5.310417982495038,22.32852663119952,-28.901279027336543,53.12,0.056
CU,-0.37,6.34,"Waguespack, Jacob",621097,swinging_strike,R,0,0,0.31,-1.2,0.58,1.61,1.4316346285566532,-109.21134590508538,-0.503854637187674,2.245940089637706,18.582639686101757,-41.92790086470514,53.14,-0.093
FC,-0.41,6.36,"Waguespack, Jacob",621097,hit_into_play,R,0,1,0.39,0.18,-0.08,1.5,0.0052321874748869,-125.19627010652522,-5.880936817808278,4.170607646553818,18.44244303794028,-29.532694440541675,53.43,0.755
FC,-0.45,6.38,"Waguespack, Jacob",621097,called_strike,R,0,0,0.5,0.02,0.57,1.61,1.4585892970418095,-126.3302997105313,-5.442510949349299,5.136748785058167,21.91997192119851,-31.165573899460227,53.4,-0.064
CH,-0.35,6.41,"Waguespack, Jacob",621097,hit_into_play,L,0,1,-0.04,0.55,0.78,2.09,2.807737198892269,-124.69904427087104,-5.2333133869969535,-0.9127324359438838,19.51184505173695,-25.673705528988645,53.58,0.442
CU,-0.43,6.41,"Waguespack, Jacob",621097,swinging_strike,L,0,0,0.16,-1.09,-0.04,0.94,0.5410407407595882,-110.53916252967105,-2.5372237554801345,1.2118676413550769,17.46682100428943,-40.95199170716288,53.58,-0.032
CH,-0.33,6.33,"Waguespack, Jacob",621097,hit_into_play,R,3,2,-0.33,0.3,-0.78,2.55,-0.3895686222996738,-125.08486228748664,-3.466228370683609,-3.4667759771914746,19.96007450701128,-28.544376798066995,53.49,1.316
FF,-0.28,6.34,"Waguespack, Jacob",621097,foul,R,3,2,-0.19,1.03,-0.46,3.16,-0.0451702168538978,-137.33092534527023,-4.983463143350966,-2.3859119933402915,27.170557262001594,-18.248022834480533,53.5,0.0
FC,-0.38,6.27,"Waguespack, Jacob",621097,foul,R,3,2,0.4,0.02,0.37,2.23,0.9744446588780584,-124.89477440874624,-3.4672747553868293,4.121207474155128,19.932974720868923,-31.62178545704216,53.46,0.0
FC,-0.42,6.36,"Waguespack, Jacob",621097,called_strike,R,3,1,0.32,0.01,0.98,3.26,2.721126331529418,-125.35174729506453,-1.3004169077702668,2.9889672305918653,18.56581620697052,-31.99895760387427,53.41,-0.126
FF,-0.39,6.41,"Waguespack, Jacob",621097,called_strike,R,3,0,0.13,0.95,0.48,3.05,1.9613000936595184,-135.17258446719956,-5.089749027652661,1.3396119250884886,22.91433732384462,-19.584917957806763,53.32,-0.065
FF,-0.21,6.41,"Waguespack, Jacob",621097,ball,R,2,0,-0.17,1.04,-0.08,4.67,0.730010989811595,-134.41574483967568,-1.0018115298614063,-2.227786063285612,23.05853788279276,-19.323284646109407,53.37,0.131
FC,-0.6,6.42,"Waguespack, Jacob",621097,ball,R,1,0,0.33,0.14,-0.1,3.71,0.548784692009366,-128.01710296373662,-0.9152656247968902,3.571105877202724,18.92613335431833,-30.607888479055013,53.53,0.06
FC,-0.55,6.36,"Waguespack, Jacob",621097,ball,R,0,0,0.46,0.03,1.49,2.36,4.0162690930866844,-127.25190347080932,-3.685588163523129,4.342075032294005,23.179758229744717,-31.31113086073701,53.47,0.067
CH,-0.65,6.32,"Waguespack, Jacob",621097,ball,L,3,2,-0.46,0.53,-0.67,1.23,0.9018319004041612,-127.39151390082012,-7.465663961871192,-5.199234975563607,20.223402010008545,-25.32679201021658,53.49,0.343
CH,-0.33,6.37,"Waguespack, Jacob",621097,called_strike,L,3,1,-0.44,0.62,0.37,2.0,2.592926128785833,-125.15299911293177,-5.5337063396137705,-5.137603964941991,20.98885612769752,-24.80213009396617,53.46,-0.078
FC,-0.7,6.32,"Waguespack, Jacob",621097,ball,L,2,1,0.52,0.03,-0.96,1.43,-1.7246072246621469,-126.24261630003204,-5.677431449873389,5.965048899093676,23.378906259286108,-30.99212115496154,53.52,0.108
FF,-0.38,6.38,"Waguespack, Jacob",621097,ball,L,1,1,-0.21,1.15,-1.63,2.72,-2.780706274380402,-135.83458380646007,-6.311755499349519,-2.053528800720138,26.773283645288757,-16.82595696775197,53.49,0.05
CH,-0.58,6.48,"Waguespack, Jacob",621097,ball,L,0,1,-0.5,0.48,-1.12,2.32,-0.2589924907511258,-124.32589826063436,-4.589149526471701,-5.185263875497487,21.141563673817693,-26.53727488591876,53.62,0.021
FC,-0.54,6.47,"Waguespack, Jacob",621097,called_strike,L,0,0,0.31,0.06,0.05,2.15,0.7800443319866108,-127.30474432932212,-4.525179102670815,3.237606448558904,23.41337828480584,-30.822035677218487,53.59,-0.032
FC,-0.61,6.43,"Waguespack, Jacob",621097,hit_into_play,R,1,1,0.34,-0.01,0.32,2.45,1.5367019424879516,-125.13149090851148,-3.342470355874558,3.397354110095804,18.319093454772258,-31.922954221120374,53.57,-0.097
FC,-0.54,6.34,"Waguespack, Jacob",621097,called_strike,R,1,0,0.38,0.14,0.96,2.11,2.8365194125816227,-125.7072517765647,-4.291403036066077,3.630743298811124,21.37024554909787,-30.115633684956634,53.55,-0.019
FF,-0.16,6.43,"Waguespack, Jacob",621097,ball,R,0,0,-0.18,1.23,1.21,2.85,3.994197879905341,-136.3666918492612,-6.413980804055275,-2.9599164283823853,24.66904676170323,-15.623524156004304,53.59,0.016
CH,-0.31,6.43,"Waguespack, Jacob",621097,hit_into_play,L,3,2,-0.35,0.82,-0.21,1.07,0.9296342932927184,-123.40794959750912,-8.031465122907402,-3.7739259597731385,19.642029497854463,-22.56298814729467,53.6,-0.211
CH,-0.23,6.44,"Waguespack, Jacob",621097,swinging_strike,L,3,1,-0.58,0.44,0.16,1.12,2.096111413681612,-125.80263246917993,-7.475568688047798,-6.568868721794534,20.866132757148588,-26.323150114028977,54.12,-0.059
FF,-0.21,6.43,"Waguespack, Jacob",621097,called_strike,L,3,0,-0.14,1.21,-0.67,3.44,-0.8995928659795078,-135.83845298991102,-4.723496606431199,-1.5091169519012302,27.076257947755977,-16.28508717924475,53.45,-0.048
FF,-0.18,6.47,"Waguespack, Jacob",621097,ball,L,2,0,-0.33,1.07,-0.04,4.17,1.0791172392159014,-135.2745744018602,-2.540892133234485,-4.235230818976495,26.281070723780083,-18.586024456062937,53.39,0.086
CH,-0.37,6.37,"Waguespack, Jacob",621097,ball,L,1,0,-0.53,0.55,0.59,0.23,3.3910635194138483,-124.42200700037394,-9.608863950020806,-6.1035638493261,17.81043732384551,-25.084462349541376,53.38,0.045
FF,-0.07,6.42,"Waguespack, Jacob",621097,ball,L,0,0,-0.1,1.18,0.97,3.13,2.954999423772017,-135.77575990362433,-5.491573873450519,-1.8093630020537408,24.05405083465409,-16.569521316508233,53.28,0.024
FF,-0.01,6.49,"Waguespack, Jacob",621097,swinging_strike,R,1,2,0.06,1.13,0.57,3.61,1.4121139906175884,-137.38483442628294,-4.476814647482826,0.4988335826601384,24.423920431999477,-16.995198486075285,53.39,-0.168
FF,-0.32,6.46,"Waguespack, Jacob",621097,swinging_strike,R,1,1,-0.28,1.35,-0.15,3.11,1.0505118987739162,-135.65691102227527,-6.012919109978132,-3.637460854853249,24.954228005946373,-14.340356059047652,53.26,-0.049
FC,-0.62,6.49,"Waguespack, Jacob",621097,ball,R,0,1,0.27,0.12,1.52,2.81,4.602817079481303,-125.72315515562735,-2.907311841868556,2.0534712819788874,21.869327678496987,-30.60891238764308,53.54,0.021
FF,-0.17,6.44,"Waguespack, Jacob",621097,called_strike,R,0,0,-0.32,1.34,0.75,1.62,3.147919043440042,-136.6362337811106,-10.006474953207537,-4.683209192520367,23.886395672984168,-13.49776554206577,53.26,-0.032
CH,0.0,6.33,"Waguespack, Jacob",621097,foul_tip,R,1,2,-0.7,0.68,0.28,1.86,2.1300456038211086,-124.51948612495414,-5.77019903437845,-7.676248844670701,24.039644610028336,-24.142191743432026,53.14,-0.579
FF,-0.1,6.31,"Waguespack, Jacob",621097,foul_tip,R,1,1,0.1,1.6,0.47,3.01,1.2575157937748642,-136.121212394018,-6.40547618964883,0.992123082578828,31.15545691141908,-11.039571110540244,53.24,-0.145
FC,-0.28,6.28,"Waguespack, Jacob",621097,called_strike,R,1,0,0.69,0.24,0.82,2.93,1.2056422415906258,-125.53784546208638,-2.2209908830484446,7.037934184143281,26.52523478012007,-29.422623180551607,53.5,-0.132
FC,-0.46,6.29,"Waguespack, Jacob",621097,ball,R,0,0,0.64,0.26,0.29,4.0,0.5045155895329578,-126.212451059131,0.171256946381744,6.702949037184726,25.1705589822512,-29.624686589749945,53.46,0.086
FF,-0.03,6.26,"Waguespack, Jacob",621097,ball,R,3,2,-0.13,1.63,1.32,2.85,3.8782413704194334,-137.4304387480725,-6.910084009596309,-2.575070689346349,31.614453381910067,-10.164422650545076,53.32,0.241
FC,-0.38,6.28,"Waguespack, Jacob",621097,foul,R,3,2,0.23,0.3,0.58,2.87,1.8310134012860408,-123.8890499738528,-2.258039075045918,1.9833654993377747,26.91908165000285,-28.86053845221489,53.04,0.0
FF,-0.04,6.28,"Waguespack, Jacob",621097,foul,R,3,2,-0.15,1.58,1.01,3.0,3.1179447798192883,-136.21529156341364,-6.312948864652254,-2.602287220958511,32.74924060109691,-11.387315314365187,52.96,0.0
CH,-0.17,6.34,"Waguespack, Jacob",621097,ball,R,2,2,-0.59,0.64,-0.79,3.92,-0.257389625414886,-123.40461802923316,-0.5616018108690687,-5.991726081652749,26.213365708218078,-25.80592058076304,53.53,0.114
FC,-0.42,6.31,"Waguespack, Jacob",621097,ball,R,1,2,0.47,0.16,1.34,3.83,3.2692357510779115,-125.45182811783756,0.0223569281294597,4.280556138424046,25.977818913067903,-30.70286347052915,53.4,0.056
FC,-0.47,6.29,"Waguespack, Jacob",621097,foul,R,1,2,0.56,0.33,0.66,1.89,1.5860282445075409,-126.22843244374096,-5.081810888083533,5.611815643810732,25.80852677705986,-27.812949505562784,53.23,0.0
FC,-0.31,6.31,"Waguespack, Jacob",621097,swinging_strike,R,1,1,0.73,0.23,0.61,2.95,0.7097771900558907,-124.21097684070794,-2.0641635013769544,7.372459496344555,26.033291225505582,-29.58579038020627,53.13,-0.181
FF,-0.1,6.39,"Waguespack, Jacob",621097,ball,R,0,1,-0.06,1.45,0.74,3.55,2.3230591034902304,-136.30329023739378,-4.8367729061122935,-1.252144688903611,30.18269386277466,-13.302625168917912,53.53,0.1
FC,-0.4,6.28,"Waguespack, Jacob",621097,called_strike,R,0,0,0.45,0.12,0.13,1.72,0.3417993497173864,-125.26195892870808,-4.879245082798269,4.656201184005572,26.21057798787368,-30.144732015232854,53.19,-0.102
FF,-0.05,6.3,"Waguespack, Jacob",621097,hit_into_play,L,1,1,-0.32,1.36,0.47,2.85,2.072016175977414,-135.6732885647785,-6.200370039267197,-4.414926349586813,30.41323074475247,-14.253306515295945,53.24,0.925
FF,-0.05,6.34,"Waguespack, Jacob",621097,foul,L,1,0,-0.21,1.83,0.28,3.83,1.3604626213480306,-135.20141523130405,-4.699921320743999,-2.925446092367092,32.72382407131602,-9.044023092528334,53.06,-0.058
FF,-0.09,6.25,"Waguespack, Jacob",621097,ball,L,0,0,-0.09,1.79,1.1,3.04,3.351832293221952,-136.58090429122464,-6.617198240664445,-1.9446372591225587,33.066039203448696,-8.543683081668666,53.14,0.042
FF,0.03,6.37,"Waguespack, Jacob",621097,ball,R,3,1,0.12,1.5,1.27,2.88,2.9649613628589857,-135.59157640659245,-6.575401513202904,0.7633365810960459,31.911065249384677,-12.432742134177772,53.21,0.06
FC,-0.43,6.25,"Waguespack, Jacob",621097,ball,R,2,1,0.58,0.19,1.15,2.61,2.6221086125150017,-125.62632496957627,-2.860533451169255,5.626662037760124,25.95183807779182,-29.76016679464144,53.26,0.046
FC,-0.31,6.34,"Waguespack, Jacob",621097,called_strike,R,2,0,0.42,0.24,-0.41,2.54,-1.0934027037372394,-124.43934190904189,-3.1898552600952206,4.537676659140677,25.390282665889025,-29.207732678122195,53.17,-0.028
FF,-0.07,6.25,"Waguespack, Jacob",621097,ball,R,1,0,-0.04,1.67,1.07,2.67,3.0964390719082058,-136.395882929724,-7.306783041463338,-1.2758661191359733,33.11446765869625,-9.90875628481704,53.08,0.024
FC,-0.44,6.2,"Waguespack, Jacob",621097,ball,R,0,0,0.61,0.34,1.16,0.17,2.618571697227972,-126.0897706890666,-9.05816639628162,5.927170665012195,26.10047342039804,-26.85767235685148,53.1,0.021
FF,-0.1,6.3,"Waguespack, Jacob",621097,hit_into_play,R,1,1,-0.08,1.53,-0.5,2.62,-0.8513620814219527,-134.94607914730483,-7.002556566967479,-0.8264104913010049,32.260373255251366,-12.23529253320376,53.41,-0.555
FF,-0.03,6.34,"Waguespack, Jacob",621097,swinging_strike,R,1,0,-0.14,1.63,0.01,3.5,0.3915120530047553,-135.13315311423568,-5.072246403085866,-1.7964048144781164,32.30707856435768,-11.331012897379043,53.52,-0.106
FC,-0.49,6.28,"Waguespack, Jacob",621097,ball,R,0,0,0.7,0.2,1.46,2.13,3.2426845518359384,-124.7679871037342,-3.970444154208472,6.651439783877214,26.36708865582216,-29.4382425030663,53.36,0.051
FC,-0.28,6.25,"Waguespack, Jacob",621097,called_strike,R,1,2,0.56,-0.07,0.71,1.72,1.2260837497977155,-124.93132815558272,-4.32286141474707,5.534088417606063,26.98012107674809,-32.16855369169354,53.46,-0.381
CH,-0.13,6.3,"Waguespack, Jacob",621097,blocked_ball,R,0,2,-0.59,0.63,0.27,0.06,2.214020723684196,-125.88895457542183,-10.174158976067975,-6.721722277600696,25.19669179810006,-23.61138482403789,53.04,0.058
FF,-0.02,6.34,"Waguespack, Jacob",621097,foul,R,0,2,-0.28,1.55,0.44,2.95,1.8537456549676308,-136.922233041088,-6.609742094372254,-3.997129723532375,31.755353139860205,-11.420629469951947,53.45,0.0
FC,-0.37,6.27,"Waguespack, Jacob",621097,foul,R,0,2,0.52,0.05,0.63,2.24,1.3444009837755102,-124.76763206820172,-3.365513330069172,5.060978731134622,26.91823089157722,-31.13487733417372,53.21,0.0
FC,-0.36,6.3,"Waguespack, Jacob",621097,called_strike,R,0,1,0.64,0.11,0.53,3.01,0.8432172334452133,-123.93245550123676,-1.5713868899547918,6.3273502591333575,26.937769158813555,-30.982460545056977,53.25,-0.157
FC,-0.5,6.32,"Waguespack, Jacob",621097,called_strike,R,0,0,0.56,0.19,0.14,2.31,0.3836699845846484,-123.85405831436928,-3.4998956211414143,5.626021505706429,25.7935792433467,-29.69779713213719,53.24,-0.093
FF,-0.13,6.31,"Waguespack, Jacob",621097,ball,L,3,0,-0.09,1.57,1.27,2.94,3.8627145542093886,-135.59649950033292,-6.42242932203268,-1.970779261611026,32.043273959418954,-11.624228602105203,53.02,0.281
FC,-0.42,6.25,"Waguespack, Jacob",621097,ball,L,2,0,0.56,0.02,1.24,1.23,2.8027764091031164,-123.1266701606373,-5.455735397852172,5.025872401895669,26.253943173058303,-31.01083525654328,53.25,0.15
FF,-0.1,6.37,"Waguespack, Jacob",621097,ball,L,1,0,-0.15,1.48,0.98,4.16,3.125197668614069,-135.16154063473135,-3.1102244273501487,-2.5493138918193137,31.336976991995773,-13.659015092991904,53.42,0.112
FC,-0.35,6.38,"Waguespack, Jacob",621097,ball,L,0,0,0.52,0.17,1.1,2.74,2.3839646498170173,-122.27708734508975,-2.371944923291552,4.675818825794683,25.476921759575035,-30.248349444352822,53.4,0.067
FF,-0.01,6.4,"Waguespack, Jacob",621097,ball,R,3,2,-0.31,1.57,1.22,4.01,3.910969712543577,-136.29005915541617,-3.921538839066239,-4.696232275625281,31.228746926220023,-12.017319319970142,53.45,0.343
FC,-0.2,6.33,"Waguespack, Jacob",621097,ball,R,2,2,0.44,0.06,1.37,0.29,2.852908386832528,-123.8376087258249,-8.077534744441277,3.874740782007691,26.093704383678432,-30.082884598890093,53.24,0.093
FF,-0.07,6.38,"Waguespack, Jacob",621097,ball,R,1,2,-0.01,1.65,-0.84,4.38,-1.9876055919815216,-136.61735535436614,-3.051909386461622,0.3493514230569572,34.59581375750425,-11.208996619831389,53.63,0.036
FF,-0.19,6.41,"Waguespack, Jacob",621097,swinging_strike,R,1,1,-0.16,1.64,-0.33,3.39,-0.0105289240069214,-134.44520256264445,-5.4316106389541,-1.9388561129145867,33.50560970395602,-11.453300105322736,53.61,-0.049
FF,-0.05,6.42,"Waguespack, Jacob",621097,ball,R,0,1,-0.03,1.66,1.26,2.1,3.4708299448043576,-135.94505245947656,-9.067466347144284,-1.2484065179722856,34.209363674463525,-9.782512209057003,53.66,0.021
FC,-0.46,6.4,"Waguespack, Jacob",621097,called_strike,R,0,0,0.58,0.25,0.53,2.28,1.154954789293977,-122.53092443111665,-3.6646244288758174,5.535241288111997,25.81193442175792,-29.125663455958545,53.63,-0.032
