pitch_type,release_pos_x,release_pos_z,player_name,pitcher,description,stand,balls,strikes,pfx_x,pfx_z,plate_x,plate_z,vx0,vy0,vz0,ax,ay,az,release_pos_y,delta_run_exp
FF,-2.04,5.23,"Zuber, Tyler",676604,foul_tip,R,3,2,-0.57,1.52,-0.63,3.68,4.983918273110639,-138.41308746285813,-1.769575436446257,-8.4729661392223,34.33136357936931,-12.5984188772535,54.16,-0.27
FF,-2.07,5.11,"Zuber, Tyler",676604,foul,R,3,2,-0.7,1.53,-0.14,3.16,6.611038121816906,-137.84393209130877,-2.808872617586907,-10.50278717431647,32.49187250902392,-12.339226936315058,54.29,0.0
FF,-2.18,5.04,"Zuber, Tyler",676604,foul,R,3,1,-0.77,1.37,0.16,2.31,7.85758968625381,-138.69178021593748,-4.564729455221124,-11.742512883419488,34.20108575685356,-13.707422774251365,54.15,-0.054
FF,-2.09,5.06,"Zuber, Tyler",676604,ball,R,2,1,-0.83,1.42,1.08,2.3,10.169732715372117,-138.10206168970035,-4.70222740004922,-13.09351400980496,33.975066485651375,-13.168706793046123,54.19,0.058
ST,-2.13,5.01,"Zuber, Tyler",676604,ball,R,1,1,1.03,0.58,1.43,1.16,6.326839771283095,-124.66935584314464,-3.8828850408389872,9.100544552292396,29.343058776372903,-25.510847730075465,54.2,0.049
ST,-2.1,5.02,"Zuber, Tyler",676604,ball,R,0,1,1.28,0.9,1.28,2.34,5.354352260307751,-124.0354002606604,-1.7207074731940564,11.94920880051383,27.646710398883357,-22.863830243916908,54.24,0.03
FF,-2.13,5.11,"Zuber, Tyler",676604,foul,R,0,0,-0.71,1.41,-0.03,3.11,7.042630855694308,-137.07028749157877,-2.5226688368720533,-10.688565217027952,35.40619273147433,-14.264700134719682,54.22,-0.042
FF,-1.86,5.18,"Zuber, Tyler",676604,ball,R,3,2,-0.6,1.51,0.91,2.19,8.655156512672486,-138.7911016785063,-5.5307322801606205,-9.997856032420252,36.61866547764185,-11.60205784237148,54.22,0.1
FF,-2.06,5.11,"Zuber, Tyler",676604,swinging_strike,R,3,1,-0.72,1.27,-0.18,2.98,6.499365525778295,-137.24488749818917,-2.5830782112828814,-10.686994283338867,35.69806944157775,-15.869480630551914,54.24,-0.035
FF,-2.05,5.13,"Zuber, Tyler",676604,called_strike,R,3,0,-0.69,1.38,0.79,2.46,8.891334973151912,-136.5004971859126,-4.156684634733427,-10.78564625676293,35.65627593870881,-14.275204629421278,54.15,-0.022
FF,-2.11,5.04,"Zuber, Tyler",676604,ball,R,2,0,-0.7,1.27,1.02,1.52,9.735345451666143,-137.5846378842772,-6.255238589887506,-11.299619235749322,35.26764210888636,-14.817755226304602,54.18,0.046
FC,-2.03,5.26,"Zuber, Tyler",676604,ball,R,1,0,0.58,0.19,0.76,1.16,5.561535641123596,-128.11417891342538,-4.153370016528621,5.069966659607387,29.92559224933287,-29.41101310944337,54.25,0.026
FF,-2.05,5.19,"Zuber, Tyler",676604,ball,R,0,0,-0.67,1.31,1.06,1.83,9.630944947496475,-138.29431107953198,-5.991480575411902,-10.974994395509595,35.86556889818749,-14.256248155250695,54.3,0.016
ST,-2.04,5.12,"Zuber, Tyler",676604,hit_into_play,R,1,2,1.12,0.44,0.36,2.25,3.3263407087739587,-123.36864780893112,-1.1106402462238067,10.514582159768658,29.371000329934265,-27.77690925215561,54.37,-0.116
ST,-2.03,5.1,"Zuber, Tyler",676604,ball,R,0,2,1.13,0.33,1.14,1.77,5.074938723940438,-122.51222340804784,-1.9008054622247488,10.037784588419154,28.445703236629505,-28.66391885048451,54.41,0.013
ST,-2.23,5.03,"Zuber, Tyler",676604,called_strike,R,0,1,1.01,0.5,0.45,1.7,4.255408038551248,-124.21921699087312,-2.4740267965973004,9.35702090338318,28.262307050502816,-26.73805964867656,54.22,-0.035
FF,-2.1,5.24,"Zuber, Tyler",676604,called_strike,R,0,0,-0.56,1.36,0.83,2.52,8.840189651587023,-136.8030550601008,-4.333107002460546,-9.139578802879164,32.19793573490224,-14.347349826484416,54.19,-0.024
FF,-2.16,5.14,"Zuber, Tyler",676604,hit_into_play,L,1,0,-0.69,1.37,0.25,3.34,7.728010788413842,-136.00054839820746,-1.8355468118831424,-10.487176409355506,34.86023698681704,-15.13543463231428,54.2,-0.26
FC,-2.21,5.25,"Zuber, Tyler",676604,ball,L,0,0,0.55,0.77,0.08,1.24,4.421417078313581,-128.31116709476697,-5.246385923127479,5.185465287817245,27.11811367765803,-22.77974908726068,54.36,0.032
FC,-2.19,5.31,"Zuber, Tyler",676604,hit_into_play,L,3,2,0.32,0.82,-0.14,2.26,4.435587678932686,-132.53017903204736,-3.5042066906733496,2.825187820977149,28.91756100636568,-22.01064439672836,54.31,-0.347
FF,-2.18,5.31,"Zuber, Tyler",676604,ball,L,2,2,-0.92,1.37,-1.79,4.38,3.1106389784744857,-139.23935109523953,0.1354944686548682,-12.614419772899828,34.08986876281488,-14.708389789701398,54.4,0.064
FF,-2.11,5.13,"Zuber, Tyler",676604,ball,L,1,2,-0.85,1.44,1.56,2.4,11.449953464317902,-137.38352136954694,-4.604810182602602,-13.397737809293847,32.06489447465147,-13.127479009341329,54.27,0.048
FC,-1.95,5.37,"Zuber, Tyler",676604,foul,L,1,2,0.35,0.45,0.6,1.94,5.5855009975805086,-131.97478168543148,-3.59992310709876,2.933499599927233,27.77737021041297,-26.38017457070313,54.53,0.0
FC,-2.28,5.01,"Zuber, Tyler",676604,ball,L,0,2,0.28,0.88,2.02,1.08,9.85573271100218,-128.70064518852053,-5.270594832300671,0.848048591267906,29.766042429370884,-21.489870975589056,54.38,0.026
FC,-2.16,5.37,"Zuber, Tyler",676604,called_strike,L,0,1,0.48,0.56,0.18,2.18,4.775419608237236,-130.99353771666424,-3.139720190780565,4.601146740208724,26.916185740906496,-25.278823834223765,54.33,-0.045
FF,-2.28,5.22,"Zuber, Tyler",676604,foul_tip,L,0,0,-0.97,1.31,0.09,2.39,8.353558030876572,-138.1748733235532,-4.636724190268596,-14.327977321350309,32.88521879060339,-14.535183898226208,54.3,-0.042
ST,-2.22,5.05,"Zuber, Tyler",676604,hit_into_play,R,2,2,1.22,0.17,0.24,1.38,3.316790999820819,-123.00458561585415,-2.416315606856136,11.414873478710351,28.65355421231517,-30.156426759056945,54.25,-0.194
FC,-1.96,5.28,"Zuber, Tyler",676604,ball,R,1,2,0.7,-0.06,0.13,0.11,3.655870082738654,-129.5573022925233,-6.46457592283713,7.04348336523661,28.989235274215165,-31.64405366583816,54.42,0.037
ST,-2.18,5.13,"Zuber, Tyler",676604,foul,R,1,2,0.82,0.81,1.22,2.5,6.43420694994011,-126.15262040592914,-1.718804747667878,7.39891887148688,26.509583998782585,-23.37531919949367,54.34,0.0
FF,-1.94,5.32,"Zuber, Tyler",676604,ball,R,0,2,-0.87,1.36,1.66,1.81,11.332568694684918,-138.07384776627876,-6.555773710687797,-13.67151266275425,31.426102947630355,-13.446146832689738,54.32,0.021
ST,-2.26,5.12,"Zuber, Tyler",676604,foul,R,0,1,0.93,0.81,0.06,2.86,3.5256569493585097,-123.04418023169931,-0.396367367747566,8.51242916602209,29.290511029436903,-24.265466128415667,54.33,-0.075
FF,-2.06,5.24,"Zuber, Tyler",676604,called_strike,R,0,0,-0.87,1.47,0.77,2.57,9.379588495101268,-138.44160389801743,-4.554046726745256,-13.577984731159612,37.70220785708006,-12.49555583666291,54.31,-0.047
ST,-2.16,5.09,"Zuber, Tyler",676604,swinging_strike,R,2,2,1.31,0.83,2.05,3.1,7.130264219617811,-122.16356612522156,0.3013360854699483,11.226398329417252,29.08334002620837,-24.37550407047836,54.36,-0.399
FC,-1.88,5.34,"Zuber, Tyler",676604,ball,R,1,2,0.62,0.28,1.74,2.79,7.521552096396314,-129.0539392662086,-0.7086916071751266,5.1682134180523205,28.954639674414786,-29.13698791294987,54.52,0.082
ST,-2.38,5.06,"Zuber, Tyler",676604,called_strike,R,1,1,1.37,0.66,-0.49,3.05,1.598402714719438,-118.62143794274968,0.8927061158066932,12.439035369299326,26.560794670611457,-26.4316175426754,54.35,-0.105
ST,-2.35,5.1,"Zuber, Tyler",676604,foul,R,1,0,0.94,0.51,1.17,2.57,6.2918635649030925,-122.78191258386786,-0.4822533067435396,8.075305128081505,26.29298975482959,-27.14117237135743,54.37,-0.058
FF,-2.06,5.21,"Zuber, Tyler",676604,ball,R,0,0,-1.04,1.34,1.16,3.27,10.686293378673907,-137.50948681843198,-2.315266077009837,-15.652798405003203,33.45804683442435,-14.949350357278686,54.28,0.067
FC,-2.24,5.28,"Zuber, Tyler",676604,hit_into_play,L,0,0,0.65,0.51,0.2,2.51,4.636849658839914,-130.1026155545668,-1.922381914730418,6.454268664044685,26.65199565426383,-26.133844811402337,54.37,0.41
FC,-2.38,5.37,"Zuber, Tyler",676604,swinging_strike,L,2,2,0.58,0.41,-0.52,2.02,3.352057307166384,-131.253786005587,-3.283964333250692,6.139281808984973,25.211270772183493,-26.98887552486062,54.6,-0.199
FF,-2.25,5.37,"Zuber, Tyler",676604,foul,L,2,2,-0.84,1.33,0.12,1.55,8.030424820445136,-137.78999160895447,-7.267104979918565,-12.50938436936035,30.539888408353747,-13.778066669867163,54.39,0.0
FF,-2.05,5.23,"Zuber, Tyler",676604,called_strike,L,2,1,-0.82,1.17,-0.55,2.03,5.734344241926952,-137.5241870476836,-5.265668831283287,-11.621238606819528,30.303033142738816,-16.33020501399114,54.27,-0.067
FF,-2.22,5.17,"Zuber, Tyler",676604,ball,L,1,1,-0.44,1.07,-0.98,3.42,4.172748582265117,-137.5322740712831,-1.2882485149983078,-6.492699283446738,29.93559472402899,-18.481589274631656,54.49,0.049
FF,-2.44,5.09,"Zuber, Tyler",676604,ball,L,0,1,-0.64,0.98,-1.26,3.43,4.483123427756896,-138.008887516271,-0.8872346457544289,-9.09528796446829,28.40229213673876,-19.600179067936786,54.44,0.03
FF,-2.3,5.2,"Zuber, Tyler",676604,called_strike,L,0,0,-0.86,1.16,-0.73,3.25,5.96671994713229,-137.14096547306505,-1.9186538706487493,-12.200329888748158,30.962246109320045,-17.29159124660178,54.37,-0.042
FC,-1.89,5.37,"Zuber, Tyler",676604,hit_into_play,R,1,1,0.54,0.02,0.22,1.84,4.029776077950822,-129.4220197853668,-2.7016731660500666,5.282131188280447,25.037601605383355,-31.65786969707904,54.48,-0.287
FF,-2.15,5.13,"Zuber, Tyler",676604,ball,R,0,1,-0.35,1.22,1.99,2.34,11.660083886976324,-138.6831001089397,-4.508469043090632,-6.834184823282322,27.029011932225167,-15.512954740139271,54.25,0.031
FF,-2.03,5.18,"Zuber, Tyler",676604,called_strike,R,0,0,-0.46,1.17,0.73,2.66,8.212248417051475,-137.23261818256742,-3.4981391822600894,-7.602745218316743,28.686555288118694,-16.805333518197685,54.14,-0.042
FC,-1.92,5.31,"Zuber, Tyler",676604,hit_into_play,L,3,2,0.56,-0.05,0.18,1.77,3.968380823885177,-129.1523730609558,-2.547378176829019,5.564179242575725,24.54545954661385,-32.4554485654153,54.3,0.218
FC,-1.99,5.33,"Zuber, Tyler",676604,foul,L,3,2,0.59,-0.04,0.29,1.74,4.32809095960009,-129.1846091150882,-2.6891574265329767,5.820778287816554,24.37448501730849,-32.25982082767695,54.43,0.0
ST,-2.23,5.06,"Zuber, Tyler",676604,ball,L,2,2,1.61,0.14,1.14,0.52,4.650880589584475,-122.94175994847744,-4.452238405072143,15.287888659360997,25.67669701664279,-30.036354811761957,54.29,0.069
ST,-2.08,5.41,"Zuber, Tyler",676604,ball,L,1,2,0.84,-0.03,-1.61,1.96,-0.5986857446152467,-129.44322900746124,-2.3991556126524705,9.63124559362054,24.712562101337557,-32.2846871733709,54.54,0.026
ST,-2.31,5.08,"Zuber, Tyler",676604,foul,L,1,1,1.52,0.53,-0.03,1.86,2.2848751204781133,-123.58277361424824,-2.2635585254330715,15.09099715212248,25.30966774867077,-26.478225087362585,54.4,-0.04
FF,-2.08,5.22,"Zuber, Tyler",676604,ball,L,0,1,-0.31,1.44,1.67,3.12,10.527260198435554,-138.5708683620458,-3.106551523193219,-6.378230585380768,30.905135211071894,-13.140091491285716,54.22,0.017
FF,-2.15,5.18,"Zuber, Tyler",676604,called_strike,L,0,0,-0.33,1.36,-0.74,2.23,4.397581191047675,-138.30728612348278,-5.110046691439314,-5.161806386434964,30.07132711084617,-13.815068118579388,54.36,-0.024
ST,-2.07,5.35,"Zuber, Tyler",676604,hit_into_play,R,3,2,1.07,-0.3,0.46,2.22,3.878576587171275,-127.43241986031036,-0.8135949093848066,10.937526767260254,24.959276072249544,-35.51536169177914,54.48,-0.297
ST,-2.14,5.02,"Zuber, Tyler",676604,ball,R,2,2,1.47,0.41,0.92,0.8,4.248958129944548,-125.09426065168353,-4.572676159209361,14.680430996825327,24.587019387085903,-27.20407177087519,54.24,0.093
ST,-2.17,5.1,"Zuber, Tyler",676604,ball,R,1,2,1.43,0.4,1.42,1.53,5.594684210741812,-124.92828763609872,-3.041419129605927,13.950387023252418,23.504406711457417,-27.60043216525887,54.32,0.036
ST,-2.2,5.06,"Zuber, Tyler",676604,swinging_strike,R,1,1,1.73,0.47,0.24,2.43,2.2259211138730484,-123.24259581565288,-0.7263327206730599,17.162993773020332,24.636667790562285,-27.42386803145437,54.26,-0.049
ST,-1.95,5.33,"Zuber, Tyler",676604,ball,R,0,1,0.89,-0.09,0.35,1.69,3.746435342304124,-129.20979208234465,-2.703861611152791,9.280089144420316,26.125469205629827,-32.80924357674787,54.49,0.021
ST,-2.31,5.04,"Zuber, Tyler",676604,called_strike,R,0,0,1.35,0.44,0.65,1.86,4.258766084140708,-124.45211432988684,-2.147918563354509,13.29621871248279,23.87394225335105,-27.33811852416168,54.09,-0.032
FF,-2.22,5.17,"Zuber, Tyler",676604,hit_into_play,L,0,2,-0.57,1.33,0.13,2.44,7.41664596886184,-138.32183723463007,-4.446456956227987,-9.056385484345885,32.11702204507264,-14.3609853117511,54.38,1.079
ST,-2.27,5.04,"Zuber, Tyler",676604,called_strike,L,0,1,0.84,0.47,0.52,1.75,4.798451423190047,-122.37296690142824,-2.129582211609385,7.410825298580237,25.22281907754547,-27.27569839940052,54.29,-0.047
FF,-2.32,5.22,"Zuber, Tyler",676604,foul,L,0,0,-0.24,1.12,-0.37,3.03,5.576652906149481,-136.86417704661196,-2.459782190711758,-4.213792126979357,28.450809025599785,-17.757096126748333,54.45,-0.032
FC,-2.18,5.25,"Zuber, Tyler",676604,called_strike,L,3,2,0.58,0.34,-0.5,1.53,3.0015392729323067,-134.77254639483925,-4.492162133736098,6.583056375797474,25.139610392375342,-27.32526752994447,54.5,-1.0
FC,-2.1,5.19,"Zuber, Tyler",676604,ball,L,2,2,0.52,0.39,0.34,1.46,5.027531384243608,-133.33288599049794,-4.437475002970408,5.26774262679588,26.7151115686784,-26.785090484285853,54.28,0.279
ST,-2.34,5.07,"Zuber, Tyler",676604,foul,L,2,2,1.18,0.49,0.14,2.91,3.5122875303229746,-125.62994251483306,0.0453508570777875,11.82868027802468,24.544481322417667,-27.151785873035163,54.33,0.0
ST,-2.43,5.01,"Zuber, Tyler",676604,ball,L,1,2,0.99,0.39,-1.31,2.17,0.6569260871136441,-126.29178668944536,-1.424392684281336,10.524017473585864,24.77471086272564,-27.942123135059195,54.16,0.142
FF,-2.28,5.13,"Zuber, Tyler",676604,foul,L,1,1,-0.72,1.32,-0.81,3.2,5.478535602589633,-139.12182682971684,-2.476138380875647,-10.551038558768196,30.543556380725555,-14.635341062289816,54.25,-0.145
FF,-2.18,5.13,"Zuber, Tyler",676604,called_strike,L,1,0,-0.58,1.37,-0.29,1.86,6.370769125491916,-141.1680789114014,-6.377230892122091,-9.166520957583312,30.37996153240736,-12.540355685094813,54.19,-0.132
ST,-2.4,5.02,"Zuber, Tyler",676604,ball,L,0,0,1.27,0.41,0.49,1.21,4.23761280614838,-124.0605416270402,-3.490506297241145,12.31410615726255,24.306025848063484,-27.41869451062972,54.27,0.086
FC,-2.04,5.39,"Zuber, Tyler",676604,ball,R,3,1,0.63,0.07,1.11,1.5,6.385190391886872,-129.63966937594523,-3.69461835394404,5.877197124499936,25.45585122145538,-30.83942721001337,54.43,0.214
FF,-2.21,5.15,"Zuber, Tyler",676604,ball,R,2,1,-0.83,1.49,1.69,2.17,11.978571881972051,-137.20011680107322,-5.448592498611219,-12.935255388222815,27.88257287638176,-12.199725548407644,54.1,0.083
ST,-2.28,5.09,"Zuber, Tyler",676604,ball,R,1,1,1.04,0.49,1.46,0.82,6.890250048743052,-128.13738494958605,-5.230840680243709,9.939428558862325,28.10220916078745,-25.901985663993067,54.37,0.058
ST,-2.43,5.07,"Zuber, Tyler",676604,foul,R,1,0,1.22,0.54,-0.11,2.09,2.956467995695835,-122.57019620806626,-1.5821444862375589,11.716039354767036,24.803506472337368,-26.66824862695408,54.27,-0.058
ST,-2.65,4.97,"Zuber, Tyler",676604,ball,R,0,0,1.46,0.59,0.85,0.98,5.207322756290796,-121.85690861317244,-3.953078398849356,13.454589461959095,24.82911223059009,-25.69103007163317,54.11,0.042
