pitch_type,release_pos_x,release_pos_z,player_name,pitcher,description,stand,balls,strikes,pfx_x,pfx_z,plate_x,plate_z,vx0,vy0,vz0,ax,ay,az,release_pos_y,delta_run_exp
FF,-0.38,6.56,"Baker, Bryan",641329,swinging_strike,R,0,2,0.0,1.38,1.02,2.47,3.699734071332152,-139.321963623349,-8.356201612861424,-0.8258523508250286,30.344251520592543,-12.548508019989947,53.98,-0.209
SL,-0.58,6.62,"Baker, Bryan",641329,called_strike,R,0,1,0.72,0.08,0.01,3.48,-0.0557487728011294,-127.76888937035962,-1.7027085514787932,7.955323838251389,23.64201137647099,-31.197588322250112,54.0,-0.065
SL,-0.75,6.65,"Baker, Bryan",641329,called_strike,R,0,0,0.65,0.03,-0.44,3.46,-0.6091896759787458,-127.73001025110418,-1.7544756042827458,7.342862890538816,23.022021337925388,-31.680386007701717,54.07,-0.042
FF,-0.47,6.61,"Baker, Bryan",641329,hit_into_play,L,0,1,-0.14,1.49,-0.07,3.83,1.390572358887382,-140.96498466355808,-5.301466957185252,-2.169722561406301,32.134025122503914,-11.329088044834396,54.06,-0.257
SL,-0.8,6.59,"Baker, Bryan",641329,swinging_strike,L,0,0,0.67,0.69,0.57,2.98,1.9915896131078783,-131.10396427116208,-4.526512270268385,7.314981809756358,25.915168989684464,-23.49198962220978,53.91,-0.071
CH,-0.65,6.64,"Baker, Bryan",641329,hit_into_play,L,1,1,-1.21,0.93,-0.5,3.12,2.6787265665056403,-118.9351666528646,-3.1571590650577104,-11.958089411801827,22.64747949119556,-22.98787639379253,54.0,-0.271
CH,-0.6,6.63,"Baker, Bryan",641329,ball,L,0,1,-1.1,0.99,-1.35,3.41,0.4435707784370707,-122.20678253631314,-3.006010571668283,-11.071125202730569,24.67397613318907,-21.85877031322332,54.04,-0.057
FF,-0.74,6.55,"Baker, Bryan",641329,swinging_strike,L,0,0,-0.16,1.37,0.3,2.29,3.1556342602043004,-141.06066529009243,-9.0271236556226,-2.802174271225722,31.734252601349915,-12.01817575462278,53.93,-0.053
FF,-0.25,6.58,"Baker, Bryan",641329,hit_into_play,R,1,1,-0.11,1.58,-0.49,2.01,-0.3601174123007759,-140.1926487585366,-10.222912831453504,-1.4340262994929889,31.395377342611116,-9.283150013143649,53.8,1.114
SL,-0.54,6.64,"Baker, Bryan",641329,ball,R,0,1,0.84,0.12,1.77,1.92,3.8880488548146346,-128.92288934714267,-5.7699999999472,8.658566690368692,25.15069256181315,-29.851119292480377,54.03,0.057
FF,-0.38,6.66,"Baker, Bryan",641329,called_strike,R,0,0,-0.24,1.55,1.09,2.56,4.485400318756162,-140.6816922708103,-8.957894680522974,-4.247706115086685,32.26044614369658,-9.685544082129711,53.89,-0.064
FF,-0.54,6.62,"Baker, Bryan",641329,hit_into_play,R,2,1,-0.04,1.55,-0.13,2.51,1.1962018852007643,-141.1327860617198,-9.014973515817532,-0.8236452332809978,33.50210463733693,-9.542809788241216,53.98,0.371
FF,-0.35,6.63,"Baker, Bryan",641329,ball,R,1,1,-0.04,1.55,-1.5,2.61,-2.9666766932792163,-140.10264207052305,-8.604334703662634,0.1404758864475889,33.59556250392509,-9.957954850518812,53.97,0.05
SL,-0.72,6.66,"Baker, Bryan",641329,ball,R,0,1,0.78,0.38,1.12,1.33,2.8296107937006454,-126.8138682882504,-7.471380442242624,7.87611643992802,24.60325678569896,-26.7729316033387,54.03,0.021
SL,-0.98,6.56,"Baker, Bryan",641329,called_strike,R,0,0,0.66,0.55,0.85,2.09,3.0516926905662576,-127.4312231633304,-5.861112674471857,6.676584986063551,23.958435613512343,-25.24920914545808,54.08,-0.032
FF,-0.6,6.45,"Baker, Bryan",641329,hit_into_play,L,1,0,-0.17,1.53,0.01,2.58,1.9964769152540345,-138.1978313157275,-7.958969727929191,-2.638539487649404,33.55881739200822,-10.95341345769037,53.59,-0.116
CU,-0.88,6.67,"Baker, Bryan",641329,ball,L,0,0,0.48,-0.29,-0.98,4.02,-1.0608309951838384,-111.04083968079117,2.017290068005507,4.163788803785068,21.267748307361696,-35.16473786825359,54.36,0.016
CH,-0.79,6.49,"Baker, Bryan",641329,swinging_strike,L,1,2,-1.26,0.74,-0.55,2.76,2.9556820825726637,-119.07496089949684,-3.195194761664527,-12.473755826499366,25.51911515181283,-24.749846740822665,54.37,-0.116
FF,-0.58,6.5,"Baker, Bryan",641329,foul,L,1,1,-0.27,1.39,-0.71,2.3,0.2780303150205251,-140.33928877293258,-8.762358465615831,-3.566128725786036,32.708956032458175,-12.031029811706276,54.06,-0.04
CU,-0.79,6.53,"Baker, Bryan",641329,ball,L,0,1,0.53,-0.38,-1.32,2.23,-2.121009434829519,-115.4814150433388,-1.9135068353432327,5.110378830804367,21.63806792958544,-35.453071660564255,54.41,0.017
FF,-0.54,6.49,"Baker, Bryan",641329,foul,L,0,0,-0.36,1.35,0.26,3.19,2.936648660715841,-139.6303702389758,-6.182564668691816,-5.410782708666108,32.227882177784025,-13.313686303058528,54.25,-0.024
FF,-0.5,6.49,"Baker, Bryan",641329,hit_into_play,R,2,2,-0.19,1.36,-0.55,2.95,0.2982880826666854,-138.53856367416714,-6.685667620467433,-2.5179135028881783,31.56443898759862,-13.419160665526654,54.05,-0.204
CH,-0.51,6.56,"Baker, Bryan",641329,ball,R,1,2,-1.11,1.21,1.27,1.89,6.381843738128885,-122.5234121594094,-6.884410417871876,-12.480691599067558,24.6135900394162,-18.83444898255488,53.88,0.036
FF,-0.79,6.52,"Baker, Bryan",641329,foul,R,1,2,-0.38,1.64,0.53,2.26,4.41624894359842,-142.0815951360384,-9.711299411247738,-6.164187597038438,35.43480093977316,-7.847148406160643,54.13,0.0
CH,-0.92,6.53,"Baker, Bryan",641329,ball,R,0,2,-1.11,1.25,0.84,2.98,6.252198382327434,-121.56748010879132,-4.1490196980626415,-12.255049412843046,26.917699352583107,-19.222182602386205,54.1,0.019
SL,-0.89,6.61,"Baker, Bryan",641329,called_strike,R,0,1,0.58,0.52,0.65,2.38,2.5097099257492426,-127.06724611494708,-5.072802292734768,5.697653710725581,27.34174241315384,-25.6392947079302,54.16,-0.047
FF,-0.73,6.6,"Baker, Bryan",641329,called_strike,R,0,0,-0.21,1.64,0.49,2.8,3.6661355176424513,-138.2879256516342,-7.931663832382735,-3.629034274550535,34.381885075226975,-9.587853259720143,54.14,-0.032
SL,-0.54,6.46,"Baker, Bryan",641329,hit_into_play,R,3,2,0.81,0.17,0.01,2.34,-0.3421605652059882,-127.2800402269252,-4.178032931792392,8.921689663778816,25.529660562619476,-29.703906363434136,54.04,-0.131
FF,-0.57,6.46,"Baker, Bryan",641329,foul,R,3,2,-0.05,1.4,-0.15,3.33,1.218369735409062,-139.5900378482299,-5.874496109305574,-0.9007970151511404,32.12194087568562,-12.702111509118147,53.91,0.0
FF,-0.61,6.44,"Baker, Bryan",641329,swinging_strike,R,3,1,-0.16,1.37,0.36,2.35,2.920015793220896,-138.8116482704031,-8.281230488271063,-2.7452894770650285,30.6206970680212,-12.819534602837864,53.8,-0.035
FF,-0.47,6.49,"Baker, Bryan",641329,swinging_strike,R,3,0,-0.21,1.63,-0.43,3.33,0.5871673170466725,-137.74202166309195,-6.217321164563011,-2.747249419429294,31.78734742395012,-10.22103977618602,54.01,-0.022
SL,-0.52,6.46,"Baker, Bryan",641329,ball,R,2,0,0.6,0.62,0.91,1.58,2.254351858207027,-129.76331489781907,-7.372850548579514,6.465817899170675,24.35509467125717,-23.9408185312497,53.87,0.046
CU,-0.63,6.57,"Baker, Bryan",641329,ball,R,1,0,0.21,-0.31,-0.72,3.13,-0.6020101318202596,-117.61394061811347,-0.4371098954281789,2.0372441343982173,21.667218002718965,-35.177076185231634,54.22,0.026
FF,-0.48,6.41,"Baker, Bryan",641329,ball,R,0,0,-0.23,1.45,1.2,0.8,5.053317501513126,-140.6435087718959,-12.858481283012484,-4.123433930232807,30.507043763188275,-10.276447192928885,53.57,0.016
CU,-0.87,6.55,"Baker, Bryan",641329,hit_into_play,L,0,1,0.17,-0.4,-0.46,1.52,0.5913336448218814,-119.32387269459107,-4.049423314664632,1.5575397715244077,22.30856162911983,-35.45839634657917,54.45,-0.139
CU,-0.89,6.57,"Baker, Bryan",641329,called_strike,L,0,0,0.19,-0.29,-0.1,1.89,1.3903337648396166,-118.21646575790317,-3.29524748118484,1.4809471942246273,22.13412293405026,-34.510061758882486,54.34,-0.024
FF,-0.75,6.48,"Baker, Bryan",641329,hit_into_play,R,0,2,-0.37,1.59,-0.88,2.23,0.5103975674055737,-140.15239723626487,-9.313308443773812,-4.99880870663398,33.70395309776469,-9.289415354590783,53.94,-0.149
SL,-0.62,6.58,"Baker, Bryan",641329,foul,R,0,1,0.52,0.58,0.03,2.19,0.5152831185697005,-128.27847312082235,-5.839960140972337,5.633866403152135,23.93517170687797,-24.828215369369836,54.12,-0.047
SL,-1.12,6.53,"Baker, Bryan",641329,foul,R,0,0,0.58,0.75,0.56,2.07,2.861241093446395,-127.6900717991882,-6.304724173047611,5.8566080324409,23.640937927855266,-22.92671798630841,54.0,-0.032
SL,-0.99,6.49,"Baker, Bryan",641329,hit_into_play,L,2,1,0.66,0.47,0.52,3.63,2.2506121828971124,-126.75383705328689,-1.696477927360403,6.72876195064146,24.285986284537035,-26.98270070274334,54.27,-0.598
FF,-0.82,6.54,"Baker, Bryan",641329,ball,L,1,1,-0.08,1.45,-0.95,4.25,-0.1566444236375828,-138.66626493699698,-3.581880501871233,-0.9874941874239818,32.83610498143406,-12.89288858231901,54.36,0.028
SL,-1.19,6.49,"Baker, Bryan",641329,foul,L,1,0,0.47,0.73,-0.56,2.64,0.5474826242191669,-127.38289667867843,-4.702597379637472,5.045362976639261,23.92306732001672,-23.525920004240856,54.26,-0.108
SL,-1.2,6.49,"Baker, Bryan",641329,ball,L,0,0,0.46,0.74,-1.02,3.4,-0.5205185379184006,-127.0611461070099,-2.850292394314817,5.134541865922229,23.967563643697485,-23.771423199307847,54.23,0.028
SL,-0.8,6.54,"Baker, Bryan",641329,hit_into_play,R,3,2,0.59,0.04,-0.53,3.03,-0.5709240563723836,-126.99927868804993,-2.391389926227826,6.579716348280589,24.05678460252,-31.531990328845545,54.15,-0.38
FF,-0.37,6.5,"Baker, Bryan",641329,foul,R,3,2,-0.08,1.47,0.32,2.78,2.0587797527913665,-141.63154350342995,-7.878401880916946,-1.5943363110387376,31.632402761776223,-10.79304959406558,53.9,0.0
SL,-0.81,6.52,"Baker, Bryan",641329,foul,R,3,2,0.64,0.19,0.4,1.52,1.5973768414158886,-126.22771346144324,-6.170217020577702,6.494772303656834,25.34503589085369,-29.10073965138237,54.06,0.0
CH,-0.83,6.53,"Baker, Bryan",641329,ball,R,2,2,-1.13,0.87,0.74,1.42,5.966271634348551,-123.73770401043988,-7.408582198067076,-12.82472820720558,25.206910627122067,-21.87238819579048,54.13,0.115
SL,-0.69,6.58,"Baker, Bryan",641329,foul_tip,R,2,1,0.57,0.47,0.59,1.97,1.9503227097586904,-129.1217643752197,-6.2530819921208805,5.979070908679971,25.4463719542578,-25.915552790070336,54.0,-0.105
SL,-0.54,6.57,"Baker, Bryan",641329,ball,R,1,1,0.6,0.14,1.4,2.38,3.4348538989857493,-127.1405901000868,-4.283335488470367,5.927362101896246,24.04759394913235,-30.046877929638622,54.06,0.064
SL,-0.86,6.57,"Baker, Bryan",641329,ball,R,0,1,0.57,0.23,0.63,1.01,2.463195294422163,-128.43373914225407,-7.968303064987717,5.80219534210265,25.170949070720045,-28.235999941614583,54.12,0.021
FF,-0.81,6.62,"Baker, Bryan",641329,swinging_strike,R,0,0,-0.06,1.24,-0.05,4.05,2.138227114123874,-139.31966557577834,-3.9652841866753343,-1.2087294848873626,31.6324875147912,-15.40624698929817,54.07,-0.047
FF,-0.78,6.58,"Baker, Bryan",641329,swinging_strike,R,2,2,-0.18,1.29,-0.2,4.18,1.9455726702102043,-139.69757694108625,-3.6611766147630704,-2.8358108808677933,30.82940927809066,-14.715578655987308,54.13,-0.399
SL,-1.15,6.6,"Baker, Bryan",641329,foul_bunt,R,2,1,0.57,0.3,0.71,2.44,3.326187837964893,-127.48732907964468,-4.595779019424259,5.642880323937619,23.7750415938957,-28.23524480525667,54.15,-0.074
FF,-0.69,6.58,"Baker, Bryan",641329,ball,R,1,1,-0.04,1.41,1.23,4.16,5.157330328871224,-139.18756497125844,-3.985021053972231,-1.6779344754196015,30.9704414190066,-13.084847882522912,54.1,0.05
SL,-1.03,6.59,"Baker, Bryan",641329,ball,R,0,1,0.65,0.3,2.23,1.57,6.645773150369674,-129.6047870614252,-6.9609695772779725,5.981256704336849,26.55543750833388,-27.53227272779065,54.07,0.053
SL,-0.99,6.65,"Baker, Bryan",641329,foul_bunt,R,0,0,0.5,-0.13,0.51,2.28,2.5657232313283056,-125.8096773019126,-3.97102193875368,4.822576108979574,24.69152583399914,-32.94199008428825,54.2,-0.051
CU,-0.85,6.59,"Baker, Bryan",641329,hit_into_play,R,2,2,0.2,-0.34,0.01,1.74,1.515389690317391,-116.05533928473288,-3.256721585033353,1.473284673274486,22.508656279015756,-34.81269027500665,54.23,0.653
CH,-1.05,6.61,"Baker, Bryan",641329,ball,R,1,2,-0.82,0.89,0.94,3.24,6.073230199290919,-119.23312813023352,-2.787064874319988,-8.96585100388361,21.59223834759856,-23.367724283098838,54.28,0.036
SL,-0.98,6.51,"Baker, Bryan",641329,ball,R,0,2,0.61,0.39,0.86,1.18,3.2296199984686598,-128.86193725373144,-7.847826973034878,6.239354727932618,23.35361562173588,-26.58077053660617,54.11,0.019
CU,-0.99,6.62,"Baker, Bryan",641329,foul,R,0,1,0.52,-0.55,-0.56,2.23,-0.022466978918304,-116.02031223673784,-1.9521126509062217,4.705522961417599,19.58318689804606,-37.00537614045555,54.44,-0.047
SL,-1.18,6.61,"Baker, Bryan",641329,called_strike,R,0,0,0.51,0.61,0.56,2.79,3.100941628905465,-126.06222896529307,-4.242097781906318,4.919105498212811,22.606310576586058,-25.05093516812329,54.26,-0.032
CU,-0.95,6.62,"Baker, Bryan",641329,hit_into_play,R,0,0,0.25,-0.34,-0.35,2.41,0.8658014307656006,-115.73825385069516,-1.8839969389972624,2.0657537571901323,20.335798991042143,-35.083384813424665,54.35,-0.449
FF,-0.69,6.52,"Baker, Bryan",641329,hit_into_play,L,1,1,-0.31,1.19,-0.58,3.45,1.0017233157505403,-139.55087109970387,-5.29551495962392,-4.228116998774928,27.79739080004256,-15.572423031773292,53.94,-0.423
SL,-1.19,6.48,"Baker, Bryan",641329,foul,L,1,0,0.53,0.17,0.44,3.23,2.803042447874801,-125.02041942879126,-1.8733083520727911,5.135327234995523,22.565673921435245,-30.19055158669968,54.01,-0.106
FF,-0.71,6.51,"Baker, Bryan",641329,ball,L,0,0,-0.26,1.35,0.95,3.59,5.011619912713362,-139.15392712510376,-5.191428328946468,-4.499122941688116,30.094623541656876,-13.628863411105318,53.87,0.051
SL,-0.68,6.46,"Baker, Bryan",641329,ball,R,3,2,0.65,0.01,0.49,1.2,1.4495777139037476,-125.25589752661728,-6.271041117371177,6.5899947939041965,23.809665672650805,-31.07576280536277,54.24,0.313
FF,-0.3,6.48,"Baker, Bryan",641329,foul,R,3,2,-0.14,1.37,0.92,2.4,3.561510512377628,-139.74988614717236,-8.364423405228576,-2.645047126109703,30.22406602275627,-12.54984595476994,53.97,0.0
FF,-0.39,6.53,"Baker, Bryan",641329,foul,R,3,2,-0.51,1.52,0.09,2.79,2.4651594997222728,-141.25495041964945,-7.941741708106481,-7.400040911792929,33.450756958812775,-10.276616637337122,54.0,0.0
SL,-0.59,6.6,"Baker, Bryan",641329,ball,R,2,2,0.69,0.29,1.25,2.19,3.0506025229514764,-129.11932394171626,-5.347260926388974,7.148476406249415,26.53611903230512,-27.999902527947,54.04,0.097
SL,-1.02,6.59,"Baker, Bryan",641329,called_strike,R,2,1,0.4,0.56,0.53,1.93,2.9255272524947604,-128.06747311832285,-6.426090975452806,3.856420373772829,24.106515491983,-24.945138163481182,54.08,-0.074
FF,-0.55,6.48,"Baker, Bryan",641329,called_strike,R,2,0,-0.29,1.44,0.87,1.89,4.398355753992349,-138.4954405178379,-9.663232589617714,-4.69194694182389,31.512023841775765,-11.669691803023138,54.01,-0.064
SL,-0.95,6.54,"Baker, Bryan",641329,ball,R,1,0,0.43,0.5,1.34,2.33,4.701745383625268,-128.98626809967752,-5.308747995597912,3.838684665506865,25.87561252340996,-25.758213392000275,54.05,0.066
SL,-0.95,6.51,"Baker, Bryan",641329,ball,R,0,0,0.5,0.53,1.23,1.16,4.240041703204418,-127.58698474037186,-7.91806761891801,4.646540352693097,25.843844806232852,-24.98212118689859,54.23,0.044
CH,-0.72,6.65,"Baker, Bryan",641329,foul_tip,R,1,2,-0.85,0.78,-0.93,3.15,1.1777750894499175,-120.10492568559894,-3.0159858333658067,-8.522884453672225,21.77197216401886,-24.2134581829199,54.12,-0.169
SL,-0.53,6.61,"Baker, Bryan",641329,foul,R,1,1,0.7,0.31,0.19,2.42,0.2964399312503289,-127.08928257677948,-4.647819984370285,7.576479719083922,22.251095114088542,-28.181809790784595,54.08,-0.048
FF,-0.36,6.56,"Baker, Bryan",641329,ball,R,0,1,0.1,1.45,1.25,2.72,4.057795837288997,-139.9531097460564,-7.964398486203604,0.4194913650193541,29.372050918653898,-11.562202202066947,53.95,0.03
SL,-0.67,6.61,"Baker, Bryan",641329,called_strike,R,0,0,0.71,0.13,-0.29,2.0,-0.5464761205044526,-126.50912673222052,-5.257121227011258,7.843197230747674,21.274266068869327,-30.003330261666186,53.98,-0.042
FF,-0.55,6.48,"Baker, Bryan",641329,ball,L,3,2,0.08,1.6,-1.35,2.31,-2.310094551164206,-140.1182928586745,-9.202839954238888,1.4806147308498396,29.30823144509032,-9.294848928694256,53.87,0.1
FF,-0.4,6.49,"Baker, Bryan",641329,foul,L,3,1,0.07,1.43,-0.14,2.27,0.5128359320030551,-138.3518102784202,-8.684115943820357,0.7960606997883976,28.55331126430045,-12.125620266534488,53.94,-0.035
FF,-0.69,6.52,"Baker, Bryan",641329,foul,L,3,0,-0.04,1.46,-0.83,2.77,-0.2604995425356339,-136.8275464754188,-7.310488210777329,-0.4886580143218033,29.0417204680233,-12.41137889549314,53.84,-0.022
SL,-1.07,6.44,"Baker, Bryan",641329,ball,L,2,0,0.7,0.49,0.3,1.17,1.8486033973966964,-125.53483134745191,-7.43459865150615,7.122827075048475,21.725254136425807,-25.83267501389926,53.9,0.046
FF,-0.96,6.52,"Baker, Bryan",641329,ball,L,1,0,-0.23,1.34,-1.31,3.59,-0.3989486997835374,-140.74232810491364,-5.33454851729438,-2.99380632836371,31.654717076111623,-13.298374166449827,53.99,0.026
SL,-1.14,6.47,"Baker, Bryan",641329,ball,L,0,0,0.62,0.36,-1.18,2.07,-1.339621033160774,-125.55698301424208,-5.071162161620653,6.836379196068831,21.561806290948606,-27.67644950287528,54.04,0.016
CU,-0.82,6.63,"Baker, Bryan",641329,swinging_strike,L,3,2,0.54,-0.5,-0.39,3.48,-0.0849557565313045,-113.17635165412932,1.013195752608028,4.729812790275936,18.83577262203766,-36.87524881375169,54.35,-0.211
FF,-0.65,6.54,"Baker, Bryan",641329,foul,L,3,2,-0.11,1.38,-0.2,2.22,1.4585524395226237,-140.1890005987573,-9.11100030718869,-1.713540445788895,29.52154521946353,-12.098167972531936,53.94,0.0
SL,-1.21,6.53,"Baker, Bryan",641329,foul,L,3,1,0.6,0.37,-0.07,1.74,1.5178639437926378,-127.11366824329583,-6.225384150696288,6.251544631067271,23.78206731765836,-27.12663294208677,53.99,-0.059
CH,-1.0,6.62,"Baker, Bryan",641329,ball,L,2,1,-1.08,0.94,-1.25,3.12,1.5314211119931462,-118.68588769314856,-3.0868976001772075,-10.5491160616556,22.42834267858402,-22.930317282050574,54.16,0.077
CU,-1.13,6.67,"Baker, Bryan",641329,ball,L,1,1,0.33,-0.54,-1.62,2.56,-1.6304534740883925,-112.07696496356202,-0.8376907883868135,3.0495786456496887,18.47069356442867,-36.78839585232565,54.45,0.037
CH,-0.94,6.52,"Baker, Bryan",641329,ball,L,0,1,-0.9,0.98,-0.57,1.07,2.654398587900661,-122.0866384418118,-8.147750571410414,-9.504905196277408,23.502101663227887,-21.025662491786772,54.08,0.017
CU,-0.98,6.7,"Baker, Bryan",641329,called_strike,L,0,0,0.36,-0.51,-0.63,2.73,0.09162687299302,-113.31114168114786,-0.754152013650373,3.098441262257983,18.83958417698454,-36.64204269744926,54.37,-0.024
FF,-0.9,6.59,"Baker, Bryan",641329,hit_into_play,R,0,0,-0.11,1.38,-0.82,2.09,0.4434450976942731,-136.63865151619274,-9.043903781633505,-1.4676760012061698,28.49298811286608,-13.111453157879358,54.04,-0.228
SL,-0.6,6.66,"Baker, Bryan",641329,hit_into_play,R,2,2,0.69,0.01,0.53,1.9,1.3227735629559465,-127.3506859841912,-5.416103302148884,7.259823719343101,24.661820436639218,-31.20495826798571,54.07,-0.088
FF,-0.69,6.59,"Baker, Bryan",641329,foul,R,2,2,-0.07,1.38,-1.12,2.8,-1.0092907529793276,-140.9424739907135,-7.721455644599926,-0.6506732268979416,31.900256929215736,-12.298709847146512,54.04,0.0
SL,-1.0,6.59,"Baker, Bryan",641329,called_strike,R,2,1,0.64,0.04,0.35,3.36,1.8757380273500084,-123.31424646910487,-1.3140193055521043,6.180522378000492,23.15120836744145,-31.71104113228909,54.15,-0.031
SL,-0.89,6.57,"Baker, Bryan",641329,ball,R,1,1,0.58,0.39,0.56,1.3,2.2974905437303064,-126.70884356424747,-7.371731675565147,5.91230807508779,23.28331913802669,-26.724787701603283,54.03,0.023
SL,-0.79,6.54,"Baker, Bryan",641329,swinging_strike,R,1,0,0.52,0.29,0.47,2.74,1.9847124039386823,-127.2575635132031,-3.6926108056396014,5.321715037115827,22.699822677161983,-28.56734273793118,54.03,-0.019
SL,-0.96,6.55,"Baker, Bryan",641329,ball,R,0,0,0.53,0.55,0.55,1.15,2.5099971413615405,-126.26568997520364,-7.900275412199424,5.231684154398337,24.478052030331423,-24.90374462841813,54.09,0.016
CH,-0.83,6.65,"Baker, Bryan",641329,hit_into_play,L,2,2,-1.09,0.88,-0.98,3.39,1.800850609965593,-121.5425954466007,-2.8414805488502206,-11.217200474142142,22.98778407315363,-23.095302384820144,54.27,-0.142
FF,-0.67,6.59,"Baker, Bryan",641329,foul,L,2,1,-0.29,1.41,-0.08,2.36,2.2113595626509133,-139.79652085987928,-8.875423483775565,-4.258197393544781,29.42944804645817,-11.94673198486088,53.93,-0.051
FF,-0.8,6.59,"Baker, Bryan",641329,swinging_strike,L,2,0,-0.26,1.36,-0.29,2.01,1.9038330238354677,-138.18411379617373,-9.434550611567165,-3.683014527929065,28.56662465515991,-12.929408254562818,54.06,-0.039
FF,-0.74,6.68,"Baker, Bryan",641329,ball,L,1,0,-0.16,1.43,-1.36,2.72,-1.289750060594624,-140.22580781688373,-8.241160023650572,-1.840084431362074,29.42732996226625,-11.679612202844025,54.05,0.045
CU,-1.06,6.64,"Baker, Bryan",641329,ball,L,0,0,0.24,-0.42,-0.34,1.69,1.1181202165655348,-114.62950236622753,-3.189745859009724,1.9142268090562968,19.900529498175803,-35.52436023711652,54.4,0.024
FF,-0.68,6.7,"Baker, Bryan",641329,swinging_strike,R,1,2,-0.38,1.35,0.15,3.64,3.135134736193933,-142.2064961890953,-5.894099869825497,-5.895169368319667,30.49249211149865,-12.739509084597758,54.11,-0.168
FF,-0.79,6.56,"Baker, Bryan",641329,called_strike,R,1,1,0.05,1.49,0.92,1.94,4.4501254159554575,-140.5740729321037,-10.198024957525888,-0.2311893923895153,29.89930645232502,-10.380647299252594,53.9,-0.049
SL,-0.83,6.71,"Baker, Bryan",641329,ball,R,0,1,0.73,0.44,1.51,2.7,4.077847755906703,-125.4230784495014,-4.243805315678863,6.985051617734939,22.53864604158172,-26.932854615650143,54.27,0.021
FF,-0.75,6.69,"Baker, Bryan",641329,foul,R,0,0,-0.23,1.41,-0.27,2.39,1.7807495549174834,-137.4567542237836,-8.706306384456767,-3.2916844337660858,29.02984878324556,-12.606263917500014,54.14,-0.032
FF,-0.76,6.43,"Baker, Bryan",641329,swinging_strike,R,0,2,-0.42,1.28,0.26,3.38,3.691285465075748,-140.34869453209438,-5.570704345627803,-6.363063716188983,26.72936142456393,-14.100643628528928,54.0,-0.424
FF,-0.42,6.44,"Baker, Bryan",641329,foul_bunt,R,0,1,-0.13,1.44,-0.22,2.49,0.8267255338241439,-139.9081504114707,-8.21148699896329,-1.8380340094619096,29.18241341219409,-11.648817778565585,54.0,-0.215
SL,-0.86,6.38,"Baker, Bryan",641329,foul,R,0,0,0.59,0.27,-0.13,2.2,0.5288862471521041,-124.64270479578062,-4.250843385907869,6.143973340944254,20.739527190457984,-28.838913088041664,54.01,-0.121
FF,-0.44,6.34,"Baker, Bryan",641329,ball,R,3,2,0.02,1.43,-0.47,3.87,-0.1515283804126569,-141.50511612687694,-4.452851359176304,0.3299856359595076,26.896463846757754,-11.986783413220712,54.13,0.404
SL,-0.71,6.36,"Baker, Bryan",641329,foul,R,3,1,0.53,0.1,0.59,1.76,2.041684752359126,-125.57498430167465,-5.032612208666269,5.286022032942587,21.397275386690417,-30.408024219815985,53.95,-0.159
FF,-0.36,6.34,"Baker, Bryan",641329,called_strike,R,3,0,-0.36,1.47,-0.01,1.47,1.753129046176363,-140.46928289436087,-10.826869821685284,-5.207303622997789,28.281687354240024,-10.515185558391384,53.96,-0.153
SL,-0.48,6.31,"Baker, Bryan",641329,ball,R,2,0,0.57,0.12,1.13,1.44,2.7741806545260976,-129.19228791088412,-6.239688000319377,5.9544605395494825,22.66857893948442,-29.88869406449873,53.93,0.178
SL,-0.58,6.38,"Baker, Bryan",641329,ball,R,1,0,0.62,0.36,1.25,2.34,3.189690566389213,-129.50878538410802,-4.734815114084063,6.544068792403944,22.39800956788673,-27.455403519277613,54.0,0.035
SL,-0.57,6.44,"Baker, Bryan",641329,ball,R,0,0,0.59,-0.02,1.42,1.73,3.648950603280439,-129.37839988210337,-5.523272500411538,5.997913111305951,24.497993092897968,-31.58653101999349,53.98,0.028
FF,-0.75,6.39,"Baker, Bryan",641329,swinging_strike,L,2,2,-0.57,1.49,-1.1,2.97,0.3801026730254458,-141.61263983782652,-7.156776149405062,-7.81899768292871,28.83493860346695,-10.647722397977136,54.1,-0.446
CH,-0.95,6.41,"Baker, Bryan",641329,ball,L,1,2,-1.17,0.96,-1.25,3.11,1.581107319084426,-119.52525518525744,-2.912727065469769,-11.602771084488513,18.659676359065152,-22.54690387530923,54.16,0.066
FF,-0.62,6.39,"Baker, Bryan",641329,foul_bunt,L,1,1,-0.36,1.67,-0.03,2.38,2.3749206040442803,-139.92077849648513,-8.810614872148115,-5.225988007428748,33.53302657824652,-8.45467697110061,54.09,-0.155
FF,-0.69,6.48,"Baker, Bryan",641329,foul_bunt,L,1,0,-0.25,1.43,0.13,3.0,2.732272616186848,-138.74266046288028,-6.773804384759087,-3.8516723159463258,28.39739954320189,-12.377223319738569,54.02,-0.125
FF,-0.74,6.42,"Baker, Bryan",641329,ball,L,0,0,-0.4,1.55,-2.03,4.02,-2.481991811153731,-139.22946003943937,-4.220245636613779,-4.709068871795515,30.36374253713424,-11.299425316438445,54.11,0.087
SL,-0.37,6.34,"Baker, Bryan",641329,ball,R,3,2,0.56,0.08,1.4,1.57,3.0999631178203075,-125.95970075588936,-5.429710081724571,5.437952484362977,23.090897307637093,-30.50616198491938,53.81,0.377
CH,-0.3,6.5,"Baker, Bryan",641329,ball,R,2,2,-1.12,0.81,0.4,3.82,3.776272819035005,-120.23490756024655,-1.2665492470753283,-11.634074712074984,20.73379747808194,-24.17556408578229,54.01,0.083
SL,-0.53,6.5,"Baker, Bryan",641329,foul,R,2,2,0.26,0.2,0.03,2.87,0.8529156207143681,-129.15636189475234,-3.319241255429466,2.746065496910564,23.86604671224697,-29.480218809461903,54.05,0.0
FF,-0.46,6.45,"Baker, Bryan",641329,ball,R,1,2,-0.25,1.41,1.47,2.93,5.782979603772719,-141.85695338982487,-7.293575429399175,-4.475036487614787,27.51935577726597,-11.689804167049942,53.95,0.082
FF,-0.5,6.46,"Baker, Bryan",641329,ball,R,0,2,-0.29,1.29,1.66,2.99,6.471137874916633,-141.06294486365752,-6.76729334770471,-5.152052924688699,27.516982228550575,-13.635672616556947,54.03,0.035
FF,-0.53,6.47,"Baker, Bryan",641329,foul,R,0,1,-0.32,1.48,0.24,2.28,2.7453583496890595,-138.41994848332402,-8.773662591898562,-4.71320296082947,27.392047715221768,-11.36536712625114,54.03,-0.087
FF,-0.62,6.46,"Baker, Bryan",641329,called_strike,R,0,0,-0.39,1.53,0.12,2.02,2.824433288345252,-138.71167603717325,-9.50883979293144,-5.658448554576831,28.795562605060084,-10.560369638770636,54.17,-0.051
FF,-0.71,6.46,"Baker, Bryan",641329,hit_into_play,R,1,1,-0.37,1.52,-0.26,2.46,2.0675981950210227,-141.85573564520257,-8.748301922524664,-5.49731390439804,31.239248788633088,-9.917917550673128,54.1,0.64
SL,-0.92,6.47,"Baker, Bryan",641329,called_strike,R,1,0,0.42,0.66,0.87,2.38,3.43188683685381,-126.185780202825,-5.050343866375964,3.974113344008517,20.75585757835408,-24.310526215970764,54.15,-0.044
FF,-0.54,6.56,"Baker, Bryan",641329,ball,R,0,0,-0.43,1.5,0.0,3.97,2.4017050527432624,-139.482039224742,-4.643297463466868,-6.195518037465519,29.975599935417566,-11.733491478488226,54.17,0.032
FF,-1.14,6.42,"Baker, Bryan",641329,swinging_strike,L,0,2,-0.22,1.41,-0.22,2.45,2.9634538446412595,-141.563642535716,-8.436566470542907,-3.538302156435265,29.511293268808718,-11.49436644931398,54.02,-0.061
CH,-0.86,6.54,"Baker, Bryan",641329,called_strike,L,0,1,-1.14,0.74,-0.12,1.87,3.920413163294736,-120.31014871889036,-5.660136418476918,-11.856144217127088,21.14373453268093,-24.13800497127237,53.93,-0.024
CU,-0.91,6.54,"Baker, Bryan",641329,called_strike,L,0,0,0.35,-0.57,-0.06,2.67,1.17569877693627,-113.19405440970512,-0.4029770909105339,2.859280740179124,19.28447292738755,-37.21848253119843,54.13,-0.015
FF,-0.78,6.49,"Baker, Bryan",641329,hit_into_play,L,0,0,-0.02,1.35,-0.34,3.56,1.2122080966078326,-139.38795853610543,-5.209727330076321,-0.556341581806736,30.41816046713897,-13.61633678901407,53.99,1.761
FF,-0.7,6.53,"Baker, Bryan",641329,hit_into_play,L,0,0,0.07,1.37,0.41,1.97,2.7523436284038127,-138.4387138302092,-9.446975977951936,0.3629740271986607,29.724460903367223,-12.638781891518535,53.99,0.239
SL,-0.75,6.53,"Baker, Bryan",641329,hit_into_play,R,0,1,0.51,0.39,0.22,2.13,1.304222914037976,-128.90236285559175,-5.568326788470541,5.4470832999947545,24.424039950150963,-26.909536356122004,54.02,-0.139
FF,-0.51,6.53,"Baker, Bryan",641329,called_strike,R,0,0,-0.4,1.27,-0.04,1.71,2.173940775122842,-140.49504543314967,-10.244445784199709,-5.750801187542436,29.298932501162028,-13.28882543754106,53.95,-0.024
FF,-0.69,6.51,"Baker, Bryan",641329,hit_into_play,R,2,2,-0.19,1.33,0.57,2.37,3.811141614384833,-140.4818736384582,-8.539391433095313,-3.363748894541585,28.08928342684405,-12.92013648160543,54.05,-0.204
CH,-0.55,6.48,"Baker, Bryan",641329,ball,R,1,2,-1.1,0.63,1.72,0.36,7.5747966096002655,-123.73383344817546,-9.40573377472596,-12.793868461805314,22.197309503366636,-24.122910943520804,53.87,0.036
FF,-0.7,6.54,"Baker, Bryan",641329,foul,R,1,2,-0.03,1.44,0.25,1.7,2.601818103773067,-141.64672922758865,-10.790255164284355,-0.9864257019141358,32.56858034498619,-10.57308650120811,53.97,0.0
FF,-0.61,6.61,"Baker, Bryan",641329,swinging_strike,R,1,1,0.04,1.45,-0.12,2.99,1.2187283247345162,-139.51792516744214,-7.2704024999982195,0.2008518984012227,30.736650259099903,-11.793264392532857,54.1,-0.049
SL,-0.85,6.61,"Baker, Bryan",641329,ball,R,0,1,0.71,0.59,1.61,2.09,4.496835507025541,-127.467201085016,-6.072488562420712,6.982441785725773,22.656079886720796,-24.8191276510218,54.12,0.021
SL,-1.12,6.57,"Baker, Bryan",641329,foul,R,0,0,0.7,0.21,0.81,1.91,3.2171961749415603,-126.81402538149165,-5.542836298902086,7.0041780165464,22.817752689032435,-29.02146854114154,54.05,-0.032
SL,-0.61,6.56,"Baker, Bryan",641329,swinging_strike,R,1,2,0.55,0.18,0.66,1.62,1.8794453060918308,-124.62006182867933,-5.849741277742594,5.43348361304786,22.345246475700534,-29.41794719980195,53.97,-0.317
SL,-0.62,6.52,"Baker, Bryan",641329,ball,R,0,2,0.57,0.29,0.99,1.05,2.68148251285606,-125.87639819512783,-7.545241708620824,5.596376699539939,22.78885128926516,-27.834960353178108,53.88,0.009
SL,-0.58,6.55,"Baker, Bryan",641329,swinging_strike,R,0,1,0.44,-0.01,0.45,1.78,1.5538529086430497,-124.75244292085368,-5.051825954044108,4.341411963640951,22.706758272030168,-31.595852081519094,53.95,-0.068
SL,-0.97,6.52,"Baker, Bryan",641329,foul,R,0,0,0.5,0.37,-0.88,2.38,-0.8075454123110559,-125.05730585340372,-4.422828470677176,5.426932206823518,21.93502627517182,-27.61826599242981,53.96,-0.073
SL,-0.94,6.4,"Baker, Bryan",641329,hit_into_play,L,3,2,0.6,0.4,-0.43,1.19,-0.0110931717565394,-125.17047938940902,-6.999969608396997,6.37782322446967,23.08944073343723,-26.86972610369744,53.84,0.262
FF,-0.56,6.35,"Baker, Bryan",641329,foul,L,3,1,-0.19,1.59,-0.46,1.9,0.6871774991930143,-137.48225373836735,-9.512486946839664,-2.542448114960313,29.96569460982875,-10.135200689883067,53.85,-0.054
CH,-0.83,6.55,"Baker, Bryan",641329,ball,L,2,1,-1.12,1.13,-0.77,4.56,2.2029438314994936,-114.46751563982308,0.4297901807340962,-10.263142770212712,21.269932802817294,-22.56326836442415,54.1,0.058
FF,-0.5,6.44,"Baker, Bryan",641329,ball,L,1,1,-0.19,1.46,1.23,3.48,4.953098776567835,-137.5610489936305,-5.331600041530539,-3.436653273177171,29.87804363324716,-12.64277176563468,53.88,0.049
FF,-0.58,6.47,"Baker, Bryan",641329,ball,L,0,1,-0.52,1.58,-0.52,4.25,1.3393754196995855,-139.62818239639284,-3.8571076275547,-7.083832671582586,31.872901674369707,-10.86037147634158,53.96,0.03
CU,-0.76,6.54,"Baker, Bryan",641329,called_strike,L,0,0,0.34,-0.56,0.22,2.63,1.5132993120669185,-115.09535391663265,-0.7525896853706122,2.791139640704553,19.522214190108052,-37.21707169714031,54.1,-0.042
FF,-0.56,6.48,"Baker, Bryan",641329,hit_into_play,L,1,1,-0.35,1.31,-0.94,3.14,-0.2032673762023854,-137.27705618394822,-5.939680670193335,-4.343637271844986,29.072057836137603,-14.491056624377016,53.97,0.788
FF,-0.64,6.46,"Baker, Bryan",641329,ball,L,0,1,-0.44,1.59,0.18,4.5,3.1623020198828717,-139.48004612746698,-3.1649895334563443,-6.429126019481281,31.314716483923917,-10.91685056560844,53.93,0.02
FF,-0.65,6.52,"Baker, Bryan",641329,foul,L,0,0,-0.22,1.45,-0.18,2.85,1.7197579457920766,-137.97544501065948,-7.230390876244289,-3.2086256593270117,29.587464089669712,-12.208132793700404,53.88,-0.048
CH,-0.53,6.54,"Baker, Bryan",641329,called_strike,R,1,2,-0.97,1.1,0.92,1.98,5.200034635474244,-119.6837148089396,-6.037400302722174,-10.345181252795497,20.73994735897857,-20.645294450271507,53.93,-0.244
FF,-0.59,6.48,"Baker, Bryan",641329,foul,R,1,1,-0.21,1.49,0.33,2.7,2.9034640699193885,-139.79486488074068,-7.850207634990995,-3.3526488803743826,30.01251587587461,-11.071402803548716,53.94,-0.075
SL,-0.92,6.58,"Baker, Bryan",641329,foul,R,1,0,0.74,0.33,0.98,2.5,3.0549086375347,-127.37614942267103,-4.448643890189514,7.583830116359525,24.015893221088945,-27.88672128542953,54.06,-0.062
FF,-0.64,6.55,"Baker, Bryan",641329,ball,R,0,0,-0.13,1.45,2.18,3.48,7.797660609322007,-139.74088529245725,-5.85981212291962,-3.361904341811309,29.625942905198876,-12.0262653626203,54.03,0.036
SL,-0.52,6.57,"Baker, Bryan",641329,hit_into_play,R,2,1,0.56,0.4,0.47,2.66,1.2548210188191158,-128.08096800522176,-4.293881819046563,5.992305455303225,22.518941974359247,-27.20223936491877,53.98,-0.325
SL,-1.0,6.56,"Baker, Bryan",641329,foul,R,2,0,0.62,0.23,-0.19,2.38,0.6575452243384525,-124.23616685648628,-4.062620135505099,6.319454953933267,22.419034835347183,-29.23678673014893,54.05,-0.068
FF,-0.74,6.56,"Baker, Bryan",641329,ball,R,1,0,-0.08,1.48,0.28,3.84,2.8822894831156547,-138.97551309833068,-4.879048503648295,-1.616928869127075,30.62205977819328,-12.143257029569428,54.02,0.06
FF,-0.74,6.56,"Baker, Bryan",641329,ball,R,0,0,-0.26,1.57,-0.11,3.77,2.265455303423335,-138.74867355771616,-5.238992368681504,-3.8697839270833296,30.778888241769508,-10.98467475729625,54.06,0.06
FF,-0.96,6.53,"Baker, Bryan",641329,hit_into_play,L,0,0,-0.03,1.61,-0.56,2.58,1.1213103504918265,-136.800710954165,-8.146052358303177,-0.6789311102974351,29.123445442490112,-10.332583014587266,53.96,0.628
FF,-0.8,6.45,"Baker, Bryan",641329,hit_into_play,L,3,2,0.08,1.37,0.5,3.1,3.255402906022314,-138.80218808014524,-6.338326291528969,0.3327231265183863,27.77494384296251,-13.265505622368725,53.83,-0.131
CH,-0.88,6.51,"Baker, Bryan",641329,ball,L,2,2,-1.01,0.99,0.93,1.84,6.123462527029109,-120.25039859206451,-6.146958984432267,-10.95662951119647,21.26731033862996,-21.55817380399433,53.94,0.043
CH,-0.92,6.35,"Baker, Bryan",641329,ball,L,1,2,-1.09,0.9,-0.26,0.39,3.6763336112336655,-121.19439254950684,-9.11590243527649,-11.420383953687304,21.741588610992952,-21.798535058291304,53.88,0.018
CH,-0.9,6.47,"Baker, Bryan",641329,called_strike,L,1,1,-1.04,0.74,0.07,3.33,4.205388561765351,-118.97665158676084,-1.9989874546222943,-10.718938677725818,20.67077910878027,-24.92719028961271,54.06,-0.026
CU,-0.85,6.53,"Baker, Bryan",641329,called_strike,L,1,0,0.33,-0.5,-0.2,3.05,0.7898868761241498,-112.30187362530197,0.4109864199678525,2.713359609664474,18.66905243858598,-36.66748913885832,54.21,-0.019
CU,-0.82,6.62,"Baker, Bryan",641329,ball,L,0,0,0.35,-0.45,-0.66,3.4,-0.2791818457299173,-114.94033682219786,0.5474963625325155,3.13506727257293,18.897404563825987,-36.4829618734833,54.23,0.016
FF,-0.73,6.4,"Baker, Bryan",641329,hit_into_play,L,3,2,-0.33,1.46,-1.0,1.73,0.0245042898761733,-140.39711725742555,-10.255517744601155,-4.403834460828457,30.887429546081083,-10.81513821815321,53.83,-0.211
CH,-0.74,6.52,"Baker, Bryan",641329,ball,L,2,2,-1.13,0.77,0.22,0.31,4.434191785369346,-120.9751048035908,-9.367235784649711,-11.984540515648112,21.699118534120316,-23.048834499993895,54.01,0.069
FF,-0.69,6.45,"Baker, Bryan",641329,foul,L,2,2,-0.43,1.42,-0.41,2.38,1.7221704260164408,-141.65457789672004,-8.72679863783869,-6.168361495203572,31.12084658325215,-11.226804382652825,53.94,0.0
FF,-0.99,6.55,"Baker, Bryan",641329,ball,L,1,2,-0.04,1.51,-0.53,5.44,1.320337680755134,-141.01117582842403,-0.8636390107846162,-0.7707446209133176,31.58478297981112,-12.072072787659632,54.19,0.026
CH,-1.04,6.51,"Baker, Bryan",641329,called_strike,L,1,1,-1.23,1.03,-0.23,2.16,4.3445673028884775,-122.33311365103422,-5.746373550683508,-13.20967554956575,24.777531768866567,-20.885436487886885,53.97,-0.04
CH,-0.83,6.51,"Baker, Bryan",641329,swinging_strike,L,1,0,-1.15,0.99,-0.87,2.27,2.165383621317273,-121.3941319729166,-5.265009303271572,-11.809168843948632,24.15749335932301,-21.56124295399237,54.02,-0.031
FF,-0.94,6.53,"Baker, Bryan",641329,ball,L,0,0,-0.32,1.49,-0.94,3.75,0.7544673100207006,-139.95095624708222,-5.194745613558279,-4.411438123378525,30.26537892316184,-11.632091055762356,54.11,0.024
FF,-0.7,6.53,"Baker, Bryan",641329,hit_into_play,R,0,2,-0.3,1.4,-0.1,2.23,2.3105941339721543,-141.12968474963515,-9.185888221783411,-4.539346612253141,30.78502546534008,-11.591035531966568,54.1,0.489
SL,-1.04,6.58,"Baker, Bryan",641329,foul,R,0,1,0.55,0.66,-0.13,2.07,1.0645293050398184,-128.41146047859658,-6.344987723611866,5.928270950575465,22.193398615832063,-23.851688048253443,54.07,-0.047
FF,-0.82,6.59,"Baker, Bryan",641329,foul,R,0,0,-0.27,1.44,-0.07,2.75,2.5688522910560496,-138.61113589710243,-7.698688999343727,-4.007646912516243,30.496704138639128,-12.133692866795936,54.12,-0.032
FF,-0.88,6.48,"Baker, Bryan",641329,hit_into_play,L,1,0,-0.26,1.4,0.01,2.66,2.96632902095588,-140.30257903552388,-7.798246852502109,-4.052413275147441,31.840852345829333,-12.070899576990817,53.95,-0.116
FF,-0.89,6.52,"Baker, Bryan",641329,ball,L,0,0,-0.39,1.48,-1.35,1.5,-0.3453235826720637,-141.60561080656433,-11.412401097466526,-5.231967861283785,30.281445524212987,-9.948480321666144,53.89,0.016
FF,-0.74,6.55,"Baker, Bryan",641329,called_strike,R,0,2,-0.3,1.45,-0.37,2.23,1.7029941663038228,-142.67112928501112,-9.615300018529808,-4.523017762121503,30.465195552322363,-10.380523671158317,54.09,-0.104
FF,-0.73,6.55,"Baker, Bryan",641329,swinging_strike,R,0,1,-0.36,1.47,-0.59,3.51,1.1985179573148446,-141.19681033805975,-6.004922294359986,-5.137542332044158,30.806616219974813,-11.305475740444509,54.03,-0.035
SL,-0.86,6.59,"Baker, Bryan",641329,foul,R,0,0,0.69,0.21,0.34,2.23,1.4687274407663833,-127.22858080211176,-4.876937972810974,7.282680134171401,23.71707695199253,-29.16598066430978,54.08,-0.024
SL,-1.01,6.55,"Baker, Bryan",641329,hit_into_play,R,1,1,0.7,0.64,0.17,1.83,1.4156849002512482,-129.3220602607447,-6.927114235574264,7.690047998484282,23.5006153500947,-23.848358718228145,54.07,-0.216
FF,-1.04,6.46,"Baker, Bryan",641329,ball,R,0,1,-0.3,1.44,-0.27,1.22,2.749773392556284,-140.8046490199549,-11.745058806173688,-4.566251373470184,32.940312539865,-10.479739448135454,54.02,0.021
FF,-0.93,6.61,"Baker, Bryan",641329,called_strike,R,0,0,-0.29,1.52,-0.27,2.4,2.427056946758076,-140.56911428689295,-9.143056406476887,-4.377659720039393,32.277685635973114,-10.088153137659509,54.04,-0.032
FF,-0.81,6.55,"Baker, Bryan",641329,hit_into_play,L,2,2,-0.36,1.44,-0.37,2.77,1.941040884543464,-137.339824148651,-7.370690183753077,-4.956721857207824,30.345387708521013,-12.55601701256974,54.02,-0.088
FF,-0.9,6.61,"Baker, Bryan",641329,foul,L,2,2,-0.1,1.31,-0.45,3.51,1.4102894207435082,-138.92692596418877,-5.517489148065493,-1.6259793807599738,29.96254074601354,-14.158430786192998,54.12,0.0
FF,-0.86,6.55,"Baker, Bryan",641329,foul,L,2,2,-0.1,1.6,0.52,2.45,3.9129379270849327,-139.9348649507285,-8.966755223146269,-2.2746237611551026,33.7736627213694,-9.264593236425664,53.82,0.0
FF,-0.72,6.6,"Baker, Bryan",641329,foul,L,2,1,-0.18,1.44,0.48,2.58,3.564898932033352,-139.37132341177232,-8.26323886380615,-3.1118501349303216,31.460691858690907,-11.800336653683589,54.01,-0.031
CH,-0.73,6.59,"Baker, Bryan",641329,ball,L,1,1,-1.29,1.13,-0.15,0.28,3.939096676994852,-122.12297883094844,-10.486251031495462,-13.653502649268804,26.410693580620293,-18.840387950915044,53.8,0.023
FF,-1.02,6.49,"Baker, Bryan",641329,foul,L,1,0,-0.31,1.47,-0.24,2.1,2.7661340702345663,-139.03154455599807,-9.280080331217109,-4.596148171758341,32.70935290099146,-11.180882965506685,53.87,-0.019
FF,-0.97,6.58,"Baker, Bryan",641329,ball,L,0,0,-0.62,1.47,-0.36,1.12,3.0404494679492133,-140.41368901637713,-12.366552663822985,-8.837940206841019,33.28065663034065,-10.043471826992128,53.93,0.016
SL,-0.73,6.56,"Baker, Bryan",641329,hit_into_play,R,3,2,0.62,0.32,-0.33,1.69,-0.306804148767573,-124.965620769545,-6.021220193601865,6.626383097719076,23.03518818422061,-27.83895781660988,53.84,-0.211
SL,-0.79,6.6,"Baker, Bryan",641329,foul,R,3,2,0.63,0.06,1.19,2.35,3.439029256311442,-125.3165139076112,-3.979546061104399,5.90019367846909,25.15768584757092,-30.995855262395057,54.07,0.0
CH,-0.64,6.54,"Baker, Bryan",641329,ball,R,2,2,-1.39,0.99,2.03,-0.2,9.087591936366662,-122.85372783685736,-11.38472341342477,-15.962709094836391,26.226054555226742,-19.828270754169367,53.69,0.069
FF,-0.69,6.62,"Baker, Bryan",641329,foul,R,2,1,-0.18,1.64,-0.78,2.75,0.1475910076120996,-138.60764043035363,-8.167667400909464,-2.3282329849480368,34.89242699383404,-9.413252418100637,53.91,-0.051
FF,-0.57,6.6,"Baker, Bryan",641329,ball,R,1,1,-0.48,1.62,-0.08,0.87,2.412456564686449,-139.76271110199275,-13.238697054125575,-6.896222580952197,35.561163663889054,-7.96411525242788,54.03,0.037
FF,-0.75,6.66,"Baker, Bryan",641329,called_strike,R,1,0,-0.37,1.61,-0.63,1.99,1.1511250383639489,-139.41651791175838,-10.34973192121636,-5.059391701159465,34.81426918849071,-8.995253292771558,54.0,-0.031
FF,-0.8,6.6,"Baker, Bryan",641329,ball,R,0,0,-0.33,1.61,-0.56,1.63,1.4146188671522657,-141.28531773862852,-11.47529048363657,-4.734483179736708,36.43908227410524,-8.08009760195315,53.85,0.024
SL,-0.96,6.57,"Baker, Bryan",641329,hit_into_play,R,1,1,0.58,0.44,0.86,1.59,3.1973687891681117,-127.70895212354743,-6.889513258226352,5.747838062886218,25.93088339123779,-26.134390614342287,54.0,-0.216
FF,-0.79,6.54,"Baker, Bryan",641329,ball,R,0,1,-0.3,1.59,0.32,1.2,3.612325423765367,-138.89074279421138,-11.970610380695954,-4.776070291316195,34.7551258090975,-9.048877557501696,53.97,0.021
SL,-0.98,6.59,"Baker, Bryan",641329,called_strike,R,0,0,0.52,0.71,0.74,1.63,3.0785039844896622,-127.15043828192776,-7.323711648371419,5.0560036041719085,24.53243324748186,-23.253456793859197,54.03,-0.032
SL,-1.06,6.66,"Baker, Bryan",641329,hit_into_play,R,0,0,0.57,0.77,0.36,2.02,2.249261127690617,-127.08294396651566,-6.624389105008261,5.740995770968718,25.546102700785635,-22.70971225264421,54.19,1.0
SL,-0.76,6.54,"Baker, Bryan",641329,hit_into_play,R,3,2,0.48,0.17,-0.61,2.5,-0.6148819083685715,-125.40835186770909,-3.812402373114504,5.229832667429971,21.62167716761232,-29.917639393172323,53.95,-0.44
CH,-0.72,6.53,"Baker, Bryan",641329,ball,R,2,2,-1.0,0.81,0.97,2.29,5.831725245399595,-120.81505204591518,-4.831528210453061,-10.923188021281248,23.392004827625083,-23.528604917433157,54.03,0.097
SL,-0.84,6.46,"Baker, Bryan",641329,called_strike,R,2,1,0.61,0.24,0.76,2.05,2.6297600906989778,-127.5926821649437,-5.176665033528677,6.292204427984289,21.57280355682652,-28.83011305181937,53.8,-0.074
SL,-0.77,6.54,"Baker, Bryan",641329,called_strike,R,2,0,0.63,0.37,0.69,1.69,2.195593605768487,-125.37953756046794,-6.159392649550061,6.420255217666218,20.398979591218836,-27.359100962538992,54.11,-0.064
SL,-0.96,6.48,"Baker, Bryan",641329,ball,R,1,0,0.74,0.24,1.19,1.98,3.710486389887192,-128.5091541181413,-5.497657778344615,7.700897587915063,21.61886005790552,-28.666537208899523,54.02,0.066
CU,-0.95,6.55,"Baker, Bryan",641329,ball,R,0,0,0.45,-0.32,0.45,1.55,2.229906163683992,-115.8050843401838,-3.706637920368664,3.768368544427183,18.93913028997051,-34.64880262142375,54.18,0.044
FF,-0.64,6.49,"Baker, Bryan",641329,called_strike,R,0,2,-0.14,1.19,0.63,2.03,3.7232425611045294,-141.17857546649486,-9.177725705269392,-2.6544564509268,29.511880206931256,-14.452335428473758,54.05,-0.23
CH,-0.89,6.6,"Baker, Bryan",641329,foul,R,0,1,-1.02,0.9,-1.45,2.89,0.7059900895043045,-119.17101969176576,-3.510735103382043,-9.812101466397966,24.148824137227844,-23.150549756516355,54.28,-0.075
FF,-0.76,6.56,"Baker, Bryan",641329,called_strike,R,0,0,0.13,1.43,0.09,2.86,1.962918885057964,-139.54350954478397,-7.388988962358288,1.209042597818562,33.51216711601493,-11.988086267442474,54.13,-0.064
CH,-0.85,6.57,"Baker, Bryan",641329,blocked_ball,L,3,2,-1.0,0.88,0.88,-0.01,5.794530342628521,-118.24741714531604,-9.928227535320689,-10.405265774726148,20.17394007984998,-22.27062556785176,54.0,0.343
FF,-1.16,6.4,"Baker, Bryan",641329,ball,L,2,2,-0.08,1.23,-1.55,2.02,-0.869550750973338,-140.9621540020437,-9.013352602907544,-0.9352010762598236,29.10743855542866,-13.994521739925265,54.13,0.093
CH,-1.15,6.5,"Baker, Bryan",641329,foul,L,2,2,-0.88,0.9,0.04,2.97,4.512208454218098,-122.82703608966207,-3.643534557682383,-9.837097739066673,23.73746512887317,-22.54822243940713,54.35,0.0
CH,-1.31,6.55,"Baker, Bryan",641329,ball,L,1,2,-0.93,0.93,0.36,1.8,5.709923226596049,-122.05764337725256,-6.40955433879579,-10.381986471176546,24.442690176286785,-21.842386689684982,54.12,0.036
CU,-1.35,6.57,"Baker, Bryan",641329,foul,L,0,1,0.49,-0.4,-1.03,3.0,-0.2255420687608511,-117.68180152967496,-0.607227915885185,4.632908644416754,20.69863248514135,-36.04232634776453,54.3,-0.047
FF,-1.18,6.6,"Baker, Bryan",641329,called_strike,L,0,0,-0.55,1.39,-0.72,3.41,2.4275922102941783,-138.23054075249868,-5.785229537059683,-7.566639478863117,32.788406946018206,-13.314754169307044,54.12,-0.032
FF,-0.86,6.54,"Baker, Bryan",641329,hit_into_play,L,0,0,0.04,1.27,0.14,2.78,2.5500530560440624,-139.07681636680968,-7.209516202598243,-0.0321494349227152,30.127466841036277,-14.295041924265764,53.99,-0.483
CH,-0.55,6.62,"Baker, Bryan",641329,hit_into_play,R,3,2,-1.02,1.0,0.54,2.91,4.324078055773212,-116.56440745624704,-3.357629428444567,-10.088420220791123,22.677954078632155,-22.680503592253967,54.18,0.262
FF,-0.4,6.61,"Baker, Bryan",641329,foul,R,3,2,-0.02,1.34,-0.51,3.88,-0.2268301351624288,-140.41134481010073,-4.73536873172562,-0.2441541309372088,31.97726568043167,-13.555152381329764,54.2,0.0
SL,-0.71,6.62,"Baker, Bryan",641329,ball,R,2,2,0.75,0.16,0.62,1.48,1.667552787507406,-128.01157545956082,-6.752190842210175,7.965138611308728,24.816106479877774,-29.291378657421276,54.1,0.071
FF,-0.58,6.68,"Baker, Bryan",641329,ball,R,1,2,-0.1,1.28,0.08,4.68,1.9904492279216488,-141.25054279557298,-2.743921706278821,-1.8117641217539124,32.638022812311014,-14.678136505210714,54.24,0.03
SL,-0.86,6.63,"Baker, Bryan",641329,foul,R,1,1,0.63,0.53,0.61,2.59,2.293396765212895,-129.04175192386188,-4.973132207512571,6.598587836600333,24.49586600647722,-25.438432332437383,54.2,-0.048
SL,-0.98,6.59,"Baker, Bryan",641329,ball,R,0,1,0.56,0.58,-0.73,2.26,-0.5401509123418932,-129.1497982137296,-5.802832045590624,6.388517041308788,24.62120395248061,-24.7221460730403,54.26,0.03
FF,-0.81,6.68,"Baker, Bryan",641329,called_strike,R,0,0,-0.04,1.3,-0.7,3.31,0.396950763031686,-139.3184835967042,-6.211424963210569,-0.6660098450430579,31.62504356967474,-14.090186703306331,54.18,-0.042
SL,-1.01,6.45,"Baker, Bryan",641329,hit_into_play,R,2,0,0.6,0.49,0.18,2.28,1.6520167930479817,-127.86185943012757,-5.09420554280351,6.313250968837793,23.62987282251112,-25.952378559665576,53.88,-0.142
SL,-0.96,6.48,"Baker, Bryan",641329,ball,R,1,0,0.67,0.52,1.35,0.6,4.283903383441162,-129.38324724626676,-9.591826668873177,6.784727991538331,24.162204067040545,-24.64878427119744,53.88,0.026
FF,-0.74,6.52,"Baker, Bryan",641329,ball,R,0,0,-0.18,1.57,-0.27,1.63,1.7008453333630813,-140.9869955819862,-11.182049735981115,-2.8266852211644897,32.82787441974557,-8.9297364067367,53.73,0.016
SL,-1.16,6.58,"Baker, Bryan",641329,hit_into_play,R,0,0,0.64,0.33,0.06,2.42,1.623718391159965,-126.76362167055451,-4.577939390042516,6.656824253671986,22.88448891729439,-27.8947930673896,54.1,-0.537
CH,-1.09,6.47,"Baker, Bryan",641329,hit_into_play,L,0,1,-1.13,0.97,-0.19,1.58,4.279832885043812,-120.9098185619387,-6.673022350190213,-11.956281754949496,23.097846852567315,-21.54819054242883,54.16,0.442
CU,-1.16,6.7,"Baker, Bryan",641329,foul,L,0,0,0.43,-0.38,0.43,2.28,2.59535603275531,-112.7086336882044,-1.8146609489753731,3.1938935473733494,19.80363109537887,-35.34227853564046,54.64,-0.032
SL,-0.82,6.52,"Baker, Bryan",641329,hit_into_play,R,2,1,0.47,0.4,0.05,2.16,1.124096975737105,-126.44083148911147,-5.159008632612185,4.928084365237653,22.98467955514305,-27.093318117451982,53.86,-0.12
SL,-0.75,6.6,"Baker, Bryan",641329,ball,R,1,1,0.42,0.62,0.9,1.55,3.1386890921771347,-127.61768676977336,-7.447083313326102,4.000232333681819,23.878081671084907,-24.119058690464463,53.95,0.023
FF,-0.55,6.51,"Baker, Bryan",641329,called_strike,R,1,0,-0.25,1.63,-0.57,1.92,0.5207247913578794,-139.78942929720705,-10.3684668605553,-3.3391252733745804,29.482480979231635,-8.700441140830478,53.82,-0.019
FF,-0.83,6.55,"Baker, Bryan",641329,ball,R,0,0,-0.43,1.61,-1.11,2.51,0.2482410039221109,-141.72682049787224,-9.123404709232512,-5.93312965915196,30.195971174775657,-8.551243653346413,53.85,0.016
CH,-0.95,6.52,"Baker, Bryan",641329,hit_into_play,L,2,0,-1.06,1.07,-0.34,1.95,3.4525040754097738,-120.09110142677734,-6.089042007592934,-10.937701032769631,19.464595919110558,-20.884760262534947,54.03,-0.232
FF,-0.98,6.52,"Baker, Bryan",641329,ball,L,1,0,-0.19,1.6,-1.23,3.79,-0.231018285751838,-140.51057050093115,-5.391895720120959,-2.502361527541186,28.806034500367165,-9.941115926131852,54.03,0.045
FF,-1.01,6.42,"Baker, Bryan",641329,ball,L,0,0,-0.58,1.61,-2.02,1.06,-1.3689244209630198,-141.62070728866894,-12.691194445275364,-7.576719321942524,28.418200294068736,-7.991949374430524,53.9,0.024
SL,-0.77,6.6,"Baker, Bryan",641329,swinging_strike,R,1,2,0.72,0.31,0.55,2.58,1.7268599373327516,-128.26212269456775,-4.409510692107707,7.780277468874712,22.626203888824463,-28.12855824284571,54.09,-0.168
SL,-1.24,6.56,"Baker, Bryan",641329,swinging_strike,R,1,1,0.57,0.42,0.53,1.91,3.1626030579591,-128.59502813973108,-6.227101821940611,5.809986437560784,23.152756151693275,-26.486468164048528,53.86,-0.049
SL,-1.1,6.64,"Baker, Bryan",641329,ball,R,0,1,0.61,0.51,0.87,1.73,3.478574659371449,-127.40686718091293,-6.8298861493715695,6.086222978357289,23.751344717920805,-25.54610011463965,54.21,0.021
FF,-0.85,6.57,"Baker, Bryan",641329,called_strike,R,0,0,-0.12,1.84,0.7,2.27,4.413044493257328,-140.07367390691573,-10.107806561045882,-2.5393791216637904,29.48688407273164,-5.870338648428064,53.88,-0.032
SL,-0.72,6.61,"Baker, Bryan",641329,hit_into_play,R,1,2,0.67,0.32,1.22,2.56,3.3039937351973547,-127.49718729528958,-4.425344160383437,6.856156281631723,22.03374631612102,-28.053922871183666,53.93,-0.168
FF,-0.59,6.59,"Baker, Bryan",641329,foul,R,1,2,-0.15,1.46,0.35,3.88,2.831430481039905,-139.30804958984882,-4.853202644516442,-2.609429859228164,32.23499827097269,-12.28004100200586,53.87,0.0
FF,-0.59,6.64,"Baker, Bryan",641329,ball,R,0,2,0.06,1.47,0.65,4.63,3.148572285995088,-139.91233277152486,-3.062398390334234,0.0350798687454079,32.09756241781742,-12.418614953612158,53.97,0.019
FF,-0.68,6.54,"Baker, Bryan",641329,called_strike,R,0,1,-0.04,1.55,0.43,2.32,3.041850790752805,-139.01309075285357,-9.010648578077266,-1.2127936296025918,32.616336953538585,-10.286255939674144,53.79,-0.047
FF,-0.68,6.58,"Baker, Bryan",641329,called_strike,R,0,0,0.06,1.47,0.77,2.57,3.6515797764151294,-136.75659523743693,-8.000169385650702,-0.0057861369708727,30.202769480130165,-12.18501275641899,53.8,-0.032
SL,-0.82,6.55,"Baker, Bryan",641329,hit_into_play,R,3,2,0.55,0.02,0.16,2.07,1.170605864060957,-123.15746666478002,-4.215153226995338,5.439423787399468,22.85254157228079,-31.350540273565933,53.82,-0.347
FF,-0.74,6.62,"Baker, Bryan",641329,foul,R,3,1,0.25,1.5,-0.75,3.27,-0.5920529897907152,-137.0179087763571,-6.384600536618462,3.265377236857388,29.588319739665945,-12.068494459226851,53.83,-0.053
FF,-0.56,6.57,"Baker, Bryan",641329,ball,R,2,1,-0.03,1.5,-0.5,4.14,0.2141021268749778,-138.32353535118824,-4.145419704830893,-0.3895571923344092,29.245848790847283,-12.121206580323934,53.84,0.046
SL,-0.92,6.54,"Baker, Bryan",641329,swinging_strike,R,2,0,0.58,0.13,-0.7,1.34,-0.6648878127099922,-125.5953635552526,-6.520555304359192,6.374671154654612,21.483104298481468,-29.855401464345263,53.85,-0.028
FF,-0.86,6.57,"Baker, Bryan",641329,ball,R,1,0,-0.25,1.38,-2.62,2.11,-4.0982431472817735,-138.5933286466235,-9.253670881556712,-2.25717890630446,30.71924294075886,-12.480790828191584,53.87,0.024
FF,-0.71,6.59,"Baker, Bryan",641329,ball,R,0,0,-0.04,1.47,-1.26,3.02,-1.3786265089843102,-140.30503590814388,-7.301499662743781,-0.2490555906329479,32.50085247775648,-11.319046721868895,53.82,0.021
SL,-0.79,6.6,"Baker, Bryan",641329,hit_into_play,R,0,0,0.59,0.24,-0.47,2.24,-0.4348659626202308,-126.19865207035154,-4.815896114698753,6.402858815759987,22.40920369494352,-28.96211183849748,53.94,-0.37
CU,-0.82,6.62,"Baker, Bryan",641329,hit_into_play,L,2,2,0.46,-0.49,-0.75,2.02,-0.6999617597848595,-116.04652227859556,-2.574569092835985,4.329069534493451,18.72842673392253,-36.371206171851696,54.03,-0.528
FF,-0.71,6.59,"Baker, Bryan",641329,ball,L,1,2,0.05,1.3,-0.86,4.7,-0.4944165302141817,-139.354138940648,-2.4054895409792816,0.7509869237735124,26.294309005689986,-14.814512030124918,53.92,0.077
CH,-0.81,6.57,"Baker, Bryan",641329,foul,L,1,2,-0.98,1.17,-0.83,2.91,1.886333242906414,-121.40599212137386,-4.333097968396558,-10.079219660135402,23.15970590307275,-19.928916286510763,53.84,0.0
FF,-0.89,6.6,"Baker, Bryan",641329,ball,L,0,2,-0.07,1.36,-0.39,4.93,1.4962134052528826,-139.57842280077045,-1.9450725883342663,-1.277391746252433,27.536131702593032,-14.021173468892128,53.96,0.053
FF,-0.74,6.55,"Baker, Bryan",641329,foul,L,0,2,-0.21,1.42,-0.4,2.88,1.394195721434759,-141.36148684825116,-7.651010663311277,-3.054329433397419,28.305460906376965,-11.580477598924077,53.88,0.0
FF,-0.7,6.57,"Baker, Bryan",641329,swinging_strike,L,0,1,-0.1,1.41,0.12,3.91,2.439673288382425,-141.2120322304745,-4.856552047300331,-1.8943075562985103,30.061183686445936,-12.393463062739288,53.91,-0.075
FF,-0.71,6.5,"Baker, Bryan",641329,called_strike,L,0,0,-0.27,1.31,-0.15,1.91,2.138996193996643,-140.6340392488902,-9.78526865579707,-4.104952370003666,27.773520215629237,-12.865904722495117,53.9,-0.064
FF,-0.66,6.59,"Baker, Bryan",641329,hit_into_play,R,2,2,-0.12,1.36,0.32,2.59,2.875709920594254,-139.30521549054632,-8.089885355824594,-2.173313558787189,29.53321627013831,-12.83605729776145,53.8,0.434
SL,-0.62,6.55,"Baker, Bryan",641329,ball,R,1,2,0.66,0.16,1.49,0.0,3.807716356803421,-129.06251874134446,-10.44509892319329,6.833335780712508,22.232547471390177,-28.763684379441425,53.87,0.036
CU,-0.68,6.66,"Baker, Bryan",641329,called_strike,R,1,1,0.47,-0.47,0.81,3.05,2.3745495351471555,-114.57472287787178,-0.2409060690288564,3.796732858823297,18.151086793032917,-36.50451968546172,54.08,-0.049
FF,-0.58,6.62,"Baker, Bryan",641329,foul,R,1,0,-0.11,1.52,-0.26,3.23,1.0783702157487467,-139.45064578386467,-6.847276423392474,-1.6131742960264477,30.1812911053786,-11.017242027571053,53.81,-0.044
CU,-0.93,6.71,"Baker, Bryan",641329,ball,R,0,0,0.48,-0.53,1.01,1.9,3.310321403616482,-113.6928893382662,-2.566434199064584,3.63217784825516,19.38212945937583,-36.51344269798597,54.06,0.032
CU,-0.78,6.66,"Baker, Bryan",641329,hit_into_play,L,2,2,0.28,-0.36,-0.7,1.9,-0.3552928267363784,-115.9042810315477,-3.077406637882061,2.583818377719369,20.14787365488892,-35.116666601097045,54.18,-0.283
CH,-1.0,6.54,"Baker, Bryan",641329,foul,L,2,2,-1.13,0.93,-0.35,2.08,3.676258281922764,-119.78797674829302,-5.457796696463967,-11.579980130126575,21.96758003946823,-22.3493196893552,53.93,0.0
FF,-0.77,6.63,"Baker, Bryan",641329,foul,L,2,2,0.02,1.5,-0.09,2.92,1.789614358305665,-141.35496907196097,-7.907721310156019,-0.1706075073042484,31.123513979026555,-10.489131616831305,53.86,0.0
FF,-1.07,6.52,"Baker, Bryan",641329,ball,L,1,2,-0.16,1.65,-1.53,2.7,-0.8912385218994322,-142.47648488719318,-8.679234700186386,-1.9794591057846909,32.79308956210518,-7.979880307098512,53.89,0.048
CH,-1.16,6.52,"Baker, Bryan",641329,foul,L,1,2,-0.99,0.75,0.08,1.38,4.894053095556706,-123.32030052856646,-7.23185904468111,-11.026798608499336,22.784515771800905,-23.333790938303547,53.98,0.0
CU,-1.11,6.67,"Baker, Bryan",641329,foul_tip,L,1,1,0.36,-0.66,-0.51,1.95,0.6172349970074418,-115.62123558372876,-2.3974998251147936,3.164732078900156,19.1252676946842,-37.92850118947425,54.28,-0.075
CH,-0.87,6.67,"Baker, Bryan",641329,blocked_ball,L,0,1,-1.09,1.01,0.19,0.27,4.5846791105666735,-121.27194947555476,-10.30371264637293,-11.638641679721731,22.78337388482336,-20.433740207326814,54.0,0.02
CU,-1.21,6.74,"Baker, Bryan",641329,foul,L,0,0,0.46,-0.36,-0.16,2.38,1.428948813183657,-113.88128483334758,-1.856016722594075,3.672975776454843,22.075993461588087,-35.139964240272704,54.33,-0.048
