pitch_type,release_pos_x,release_pos_z,player_name,pitcher,description,stand,balls,strikes,pfx_x,pfx_z,plate_x,plate_z,vx0,vy0,vz0,ax,ay,az,release_pos_y,delta_run_exp
CH,-1.98,5.84,"Baumann, Mike",657508,hit_into_play,L,0,1,-1.39,1.0,-0.08,2.68,7.690583048421421,-130.24716308693218,-3.956628814557601,-17.383135629682865,26.3813375197436,-20.171293640431085,53.66,-0.374
FF,-1.69,6.18,"Baumann, Mike",657508,foul,L,0,0,-0.79,1.54,0.04,3.56,6.422208138425525,-140.0958833766109,-4.903097912489328,-11.83763337646682,33.15783149772444,-10.950844995915816,53.87,-0.073
KC,-1.72,6.06,"Baumann, Mike",657508,blocked_ball,R,3,2,0.07,-0.81,0.97,0.18,6.397911298347268,-126.9670285945548,-6.365991747708543,-0.5816041899033711,26.283884721934157,-39.80949790489916,53.54,0.113
KC,-1.66,6.08,"Baumann, Mike",657508,blocked_ball,R,2,2,0.52,-0.29,1.22,0.08,5.984658781160269,-128.67410029656202,-8.001707962017234,4.536154004971549,26.751408882007865,-33.954021442594,53.77,0.064
KC,-1.67,5.99,"Baumann, Mike",657508,ball,R,1,2,0.48,-0.35,0.79,1.16,5.023259744816847,-128.63820380112026,-4.986623439473117,4.298710629551503,26.75202074791865,-35.24623542351424,53.69,0.048
KC,-1.67,6.03,"Baumann, Mike",657508,blocked_ball,R,0,2,0.21,-1.05,0.66,-0.63,5.24942779106924,-128.16346474056527,-7.915012903447705,1.1578530872646675,27.305454090040016,-42.235558125231066,53.88,0.022
KC,-1.78,6.09,"Baumann, Mike",657508,foul,R,0,1,0.2,-0.77,0.35,1.72,4.794250561085331,-128.01164268132965,-2.922536512105167,1.2064868898830852,26.63059007350653,-40.19689107439096,53.93,-0.077
FF,-1.79,6.12,"Baumann, Mike",657508,called_strike,R,0,0,-0.41,1.48,-0.2,3.33,5.209104358814422,-140.4690154498495,-5.256380089624337,-6.685418218407933,32.723428711223384,-11.656290517859004,53.88,-0.048
SL,-1.84,5.93,"Baumann, Mike",657508,hit_into_play,L,0,2,0.42,0.94,0.5,2.6,5.098754949649375,-135.00834554559617,-4.853120433895412,4.130594007178022,27.72734797504297,-19.768369192803224,53.78,0.277
CH,-1.83,5.83,"Baumann, Mike",657508,swinging_strike,L,0,1,-1.29,1.04,-0.71,2.2,5.536256976372749,-130.3447252066649,-5.183634092654801,-15.841571466195868,28.32964665147256,-19.430020513768632,53.65,-0.024
SL,-1.83,6.06,"Baumann, Mike",657508,foul,L,0,0,0.22,0.85,0.79,2.72,6.2275281420694055,-134.13962458980396,-4.554634058251014,1.3956291619950472,28.04689399532439,-21.105585605054284,53.8,-0.015
SL,-1.69,6.16,"Baumann, Mike",657508,hit_into_play,R,0,0,0.15,1.29,0.5,2.88,5.421178051780697,-137.46864659963703,-5.809904930361517,0.7678762966148941,29.140134288047012,-14.67787651878968,53.78,-0.163
FF,-1.71,6.21,"Baumann, Mike",657508,hit_into_play,R,0,1,-0.43,1.59,0.32,3.41,6.308558944291489,-138.2234949586354,-5.220233983645217,-6.973744626794823,33.05172336906858,-10.909696188261256,53.88,-0.196
FF,-1.62,6.21,"Baumann, Mike",657508,called_strike,R,0,0,-0.38,1.58,-0.42,3.08,4.044178547979228,-139.2196885560295,-6.219937378024637,-5.832651312170927,32.80917859229872,-10.505524972557629,53.84,-0.032
SL,-1.71,6.15,"Baumann, Mike",657508,hit_into_play,R,1,0,-0.14,1.06,-0.57,2.5,3.339778089993937,-138.33619757136535,-6.3465961148496834,-2.550748598631093,29.50511190215015,-17.402483331704435,53.96,-0.116
FF,-1.7,6.07,"Baumann, Mike",657508,ball,R,0,0,-0.38,1.13,0.43,1.31,6.46300958238599,-138.14589638470346,-9.426244786936024,-6.195499527731248,28.37528882220701,-15.777876860346078,53.89,0.016
FF,-1.45,6.19,"Baumann, Mike",657508,hit_into_play,R,1,2,-0.56,1.25,0.66,3.65,6.932563464498516,-140.43743486831713,-4.0860036707712935,-8.980468021303844,30.34923556338789,-14.895212731094151,53.99,-0.116
FF,-1.57,6.14,"Baumann, Mike",657508,foul,R,1,2,-0.53,1.61,1.21,2.34,8.722205430265912,-140.99978448806647,-8.342025068334072,-9.14557363900992,33.727764377672166,-8.993449789657816,53.72,0.0
KC,-1.8,6.21,"Baumann, Mike",657508,called_strike,R,1,1,0.29,-0.85,0.4,2.71,4.755180447506026,-128.0830574438518,-0.6232750989165268,2.187436374924648,26.57854205605014,-41.563027945804805,54.02,-0.04
KC,-1.83,6.09,"Baumann, Mike",657508,called_strike,R,1,0,0.19,-0.44,0.88,2.46,6.1958818449351405,-128.3106125590422,-1.8283101620259243,0.8701134718930732,26.01678909270718,-36.853423164438176,54.08,-0.031
SL,-1.93,6.12,"Baumann, Mike",657508,ball,R,0,0,-0.22,1.33,-0.09,3.38,5.327045134571394,-138.2155002161901,-4.549458315380082,-3.89335839956076,28.91849475815212,-14.286469270561852,54.01,0.024
FF,-1.6,6.18,"Baumann, Mike",657508,hit_into_play,R,1,1,-0.81,1.65,-0.1,2.21,5.839130196174675,-140.1132684225186,-8.746471232175724,-11.969413284294612,33.659262843859864,-8.590225329468291,53.82,-0.216
SL,-1.97,6.07,"Baumann, Mike",657508,called_strike,R,1,0,0.16,1.05,-0.6,2.94,3.156816884901155,-134.90065538073355,-4.603092278856659,1.444883943525579,24.795240322013107,-18.521203587338608,54.01,-0.044
KC,-1.74,6.18,"Baumann, Mike",657508,ball,R,0,0,0.21,-0.3,1.22,1.71,6.8449448611615145,-129.41609906237446,-4.308938327369409,0.960566484010205,26.22487940356434,-34.92377622135003,53.97,0.032
KC,-1.75,6.09,"Baumann, Mike",657508,hit_into_play,R,1,2,0.03,-0.31,0.83,1.93,6.340574770054683,-129.89979012066965,-3.649183582010523,-0.8449297514627929,24.35200217576453,-35.1692189456536,53.92,-0.235
FF,-1.65,6.14,"Baumann, Mike",657508,ball,R,0,2,-0.51,1.62,1.29,3.11,9.099784772293082,-141.06688304246975,-6.2820956507486265,-9.0260284469148,33.851711652557675,-9.301019660777891,53.89,0.022
FF,-1.7,6.11,"Baumann, Mike",657508,foul,R,0,1,-0.84,1.42,-0.2,3.44,5.996885109912661,-140.92443503866244,-4.846865693780901,-12.62185287008591,32.6599556956248,-12.401730692136663,53.83,-0.077
KC,-1.65,6.07,"Baumann, Mike",657508,swinging_strike,R,0,0,0.31,-0.4,0.51,1.5,4.644077268039997,-128.57252744493908,-4.254627874411317,2.473322306379596,25.496736996822317,-36.006319722647284,54.0,-0.048
KC,-1.81,6.09,"Baumann, Mike",657508,called_strike,R,3,2,0.16,-0.49,0.84,2.7,6.247130183623799,-129.83440928281564,-1.3036177295067315,0.5831947557226721,26.106293634331653,-37.72540989493198,53.73,-0.392
FF,-1.48,6.25,"Baumann, Mike",657508,foul,R,3,2,-0.96,1.45,-0.32,4.1,5.387263832722008,-142.4307505561157,-3.5979744755056657,-14.299472748949707,36.79730135678474,-11.942163931226656,53.91,0.0
KC,-1.8,6.05,"Baumann, Mike",657508,swinging_strike,R,3,1,0.07,-0.52,0.68,1.77,6.047419585384299,-131.0667811547704,-3.641350101168853,-0.3561764950297356,24.401477998088534,-37.72286339299292,53.94,-0.103
FF,-1.58,6.17,"Baumann, Mike",657508,ball,R,2,1,-0.52,1.56,-0.11,5.09,5.174107096658107,-141.71342394120677,-0.9090596826745172,-8.30967925755698,35.43358633330427,-11.353992106801885,53.98,0.127
SL,-1.91,6.02,"Baumann, Mike",657508,foul,R,2,0,0.19,1.13,0.69,2.68,6.359964567871472,-136.70338412325927,-5.482132930603527,0.9921736863146426,28.87765511354412,-16.99720375352455,53.83,-0.064
SL,-1.88,5.96,"Baumann, Mike",657508,ball,R,1,0,0.03,1.09,1.09,1.5,7.749887204464463,-138.10471301171222,-8.573141885779908,-1.2235763282136605,28.194257906932872,-16.51351141638963,53.77,0.066
PO,-1.52,6.17,"Baumann, Mike",657508,pitchout,R,0,0,-0.7,1.49,0.97,4.45,8.218308099463885,-139.90383412373353,-2.328392303654653,-11.0331203447578,32.24859514743076,-12.358118100875808,54.01,
KC,-1.93,5.99,"Baumann, Mike",657508,hit_into_play,L,2,2,0.14,-0.61,-0.49,2.69,3.2133908854408237,-127.40728344434363,-0.5516477039493972,0.878558608983492,26.49708645583324,-38.90512618887785,53.93,-0.088
CH,-2.15,5.81,"Baumann, Mike",657508,ball,L,1,2,-1.46,0.57,-1.67,2.37,4.265285343622656,-129.99990539593637,-3.6572865376465753,-17.398175918246228,28.30170339355619,-25.16620260532592,53.82,0.018
CH,-2.06,5.85,"Baumann, Mike",657508,foul,L,1,1,-1.37,1.15,-0.36,1.49,7.199209331515251,-131.41483819910331,-7.42260230057489,-17.376079080256684,28.5207327684604,-17.429131301603206,53.74,-0.026
FF,-1.75,6.2,"Baumann, Mike",657508,ball,L,0,1,-0.6,1.58,-0.97,5.97,3.448754502663159,-140.0172306013127,1.4595006145008358,-8.674102123993938,35.73730187871561,-12.171570970014546,54.05,0.011
CH,-2.03,5.92,"Baumann, Mike",657508,called_strike,L,0,0,-1.33,1.06,0.04,2.69,7.929273595666131,-129.1202770996991,-4.062251713442022,-16.55986740005047,28.721284153090263,-19.678046710879567,53.73,-0.015
KC,-1.91,6.0,"Baumann, Mike",657508,hit_into_play,R,2,2,0.25,-0.67,0.63,1.62,5.61568033708125,-126.49461236882036,-2.981144759683632,1.64074498614131,24.57669625946089,-38.99837712462341,53.76,-0.142
KC,-1.84,6.11,"Baumann, Mike",657508,ball,R,1,2,0.19,-0.55,0.64,2.99,5.629116902989419,-127.69983946615292,-0.2936489858601462,0.9899770220838068,25.5524912902015,-38.38139489005334,53.95,0.026
KC,-1.75,6.07,"Baumann, Mike",657508,ball,R,0,2,0.26,-0.54,0.81,0.7,5.784622160946014,-129.0744064032677,-5.980737618298965,1.7065514915582851,26.658999252015317,-37.22573100279728,53.76,0.013
KC,-1.84,6.15,"Baumann, Mike",657508,swinging_strike,R,0,1,0.11,-0.53,-0.16,1.57,3.9145602480636033,-129.37501368536346,-4.125255313978735,0.4693924976318792,24.969362752855847,-37.60465805509465,54.14,-0.035
FF,-1.75,6.13,"Baumann, Mike",657508,called_strike,R,0,0,-0.25,1.28,-0.39,1.59,4.174107360809019,-138.70159528449952,-9.28300166147235,-4.054479516542546,26.673134902429883,-13.89787530084322,53.89,-0.024
SL,-1.8,6.12,"Baumann, Mike",657508,hit_into_play,R,0,0,-0.02,0.87,-0.36,2.35,3.782652245236784,-135.4631491481716,-5.884175114154377,-1.0830173352432777,28.090146774601624,-20.41315392367753,53.82,-0.228
KC,-1.86,6.12,"Baumann, Mike",657508,hit_into_play,R,1,2,0.23,-0.39,-0.05,1.7,3.9777780690755353,-128.83319227460123,-3.946806356301445,1.706173502618907,26.1604058259882,-35.87939140387369,53.92,-0.071
KC,-1.89,6.06,"Baumann, Mike",657508,ball,R,0,2,0.31,-0.72,1.04,-0.1,6.559775222012854,-128.80385584888364,-7.532929610249011,2.1354003520395057,26.46855979437684,-38.83414104747367,53.76,0.009
KC,-1.82,6.18,"Baumann, Mike",657508,foul,R,0,1,0.15,-0.5,0.58,1.25,5.58269975178266,-129.6692138293595,-5.107289255343093,0.6754764593365746,25.11313822625336,-36.990687081844925,53.97,-0.024
FF,-1.7,6.16,"Baumann, Mike",657508,called_strike,R,0,0,-0.7,1.55,-0.13,2.32,5.82948665218914,-140.7446498205102,-8.291002256650218,-10.66989526837088,31.62914822602635,-9.832916323864715,53.79,-0.015
SL,-1.87,6.06,"Baumann, Mike",657508,hit_into_play,R,0,1,0.01,0.96,0.07,1.92,4.985571435367793,-135.44148442653977,-6.985811023296961,-1.0327486609416536,29.89966309837453,-19.015378103250523,53.84,-0.472
FF,-1.73,6.1,"Baumann, Mike",657508,called_strike,R,0,0,-0.68,1.57,0.38,1.68,7.232636466642756,-140.75979120465703,-9.898187832251464,-10.663162646390036,32.70354931580907,-9.14642567985196,53.75,-0.064
FF,-1.66,6.2,"Baumann, Mike",657508,hit_into_play,R,0,0,-0.72,1.35,0.11,2.58,6.385066696303443,-140.5678859317798,-7.188332116440258,-10.990135439142572,31.883828368661536,-12.874635482289635,53.82,0.41
FF,-1.71,6.23,"Baumann, Mike",657508,hit_into_play,R,2,1,-0.78,1.52,-0.35,2.85,5.444552470652562,-140.9301343870366,-6.970769899254702,-11.658550909112828,32.79606049061554,-10.49358185722146,53.91,-0.489
SL,-1.96,6.1,"Baumann, Mike",657508,foul,R,2,0,0.34,0.46,0.23,2.78,4.8031603645535945,-132.61881005976477,-3.541221775574104,3.2103440378778294,24.144657634110843,-26.17596055193088,53.85,-0.076
FF,-1.88,6.13,"Baumann, Mike",657508,ball,R,1,0,-0.65,1.38,-1.5,2.93,2.492094651118438,-139.5187875020446,-6.013793306935812,-9.020849240964072,31.35146182234483,-13.03812303148427,53.85,0.075
FF,-1.71,6.18,"Baumann, Mike",657508,ball,R,0,0,-0.73,1.39,-0.7,3.48,4.318101003555263,-139.10593633920072,-4.640536650917998,-10.421074591454635,31.972335811408115,-13.296542484053417,53.89,0.042
SL,-1.97,6.01,"Baumann, Mike",657508,hit_into_play,R,1,0,0.2,0.89,0.16,2.38,5.076388076065727,-136.10639464527543,-5.684285276243385,1.5073698630687462,26.87127166617214,-20.067766959966463,53.78,-0.851
SL,-1.89,6.19,"Baumann, Mike",657508,ball,R,0,0,0.3,0.77,0.04,4.07,4.3925446420335525,-136.4602331102251,-1.5070304477816223,2.9602702755197186,26.39066154973455,-22.407642928829908,53.53,0.086
FF,-1.45,6.24,"Baumann, Mike",657508,called_strike,R,0,2,-0.68,1.53,0.79,2.17,7.740708214622522,-143.13871017364914,-9.222238299939011,-11.157475853689386,31.630323433561514,-9.15105710092832,53.74,-0.424
SL,-1.96,6.09,"Baumann, Mike",657508,swinging_strike,R,0,1,0.53,0.61,-0.08,3.15,3.7486080541247166,-136.4902739188991,-3.284796407430538,5.859816771266668,27.90832720765211,-23.991478792207253,53.68,-0.215
FF,-1.57,6.21,"Baumann, Mike",657508,foul,R,0,0,-0.83,1.53,-0.77,2.93,4.108333904403411,-142.21678917016968,-6.921518651723013,-12.226692005215376,33.989783366615264,-9.962224224996252,53.6,-0.121
CH,-2.14,5.93,"Baumann, Mike",657508,hit_into_play,L,0,0,-1.01,1.21,-0.28,2.79,6.812671991326022,-131.2854491486366,-4.470999727391243,-13.072593823919847,25.47689864272151,-17.410665528931307,53.98,1.231
SL,-1.76,6.04,"Baumann, Mike",657508,hit_into_play,R,2,2,0.29,0.59,0.16,1.8,4.3501788420837375,-136.50514306097864,-6.656333670837522,2.8839403664957786,26.26057562324342,-23.61273474522166,53.64,0.962
KC,-1.81,6.04,"Baumann, Mike",657508,blocked_ball,R,1,2,0.15,-0.55,1.36,0.6,7.547501260115478,-129.72927150352513,-6.345699597196493,0.3274855462329736,23.0667162397232,-37.41281311555992,53.65,0.06
SL,-1.94,5.97,"Baumann, Mike",657508,blocked_ball,R,0,2,0.11,0.48,1.36,-0.12,8.324926332911216,-135.61198568114872,-11.077989981577124,-0.4012760834776705,28.09906941071837,-24.07226341366112,53.69,0.042
SL,-1.97,6.11,"Baumann, Mike",657508,called_strike,R,0,1,0.09,0.81,-0.68,2.62,3.156778550637606,-136.17028013526422,-5.132830755359636,0.49560901522824,26.68003956477642,-21.16134438429084,53.84,-0.079
SL,-2.0,6.18,"Baumann, Mike",657508,called_strike,R,0,0,0.17,0.65,0.0,3.16,4.836436408340411,-136.41794261045615,-3.55347269925284,1.190773141205701,27.724570753014785,-23.51722766558938,53.65,-0.083
FF,-1.91,6.14,"Baumann, Mike",657508,ball,L,3,0,-0.69,1.37,-1.22,3.09,3.427726945523516,-140.3563220030717,-5.699549970938804,-9.927190781481809,32.680398402385514,-12.97227370264204,53.71,0.144
SL,-1.72,6.21,"Baumann, Mike",657508,ball,L,2,0,0.2,0.89,-0.19,4.45,3.519909707615094,-136.45721303329017,-0.8526204920761401,1.874776898468841,26.96636038596548,-20.94606187807378,53.95,0.128
SL,-1.84,6.18,"Baumann, Mike",657508,ball,L,1,0,0.04,0.65,-0.5,4.44,3.427502209999997,-137.24086136190323,-0.3091189391971216,-0.2488600729650399,28.22320545817822,-24.02567602874019,53.83,0.066
FF,-1.56,6.3,"Baumann, Mike",657508,ball,L,0,0,-0.84,1.35,-0.46,4.31,4.889532348363988,-141.51249356312312,-2.9462154134067307,-12.380423593326976,32.019355334324466,-13.549920483259688,53.88,0.044
FF,-1.58,6.3,"Baumann, Mike",657508,ball,L,3,1,-0.59,1.51,-0.6,4.14,3.944420086381832,-139.34070392652703,-3.5113534447592083,-8.540230630720442,32.385368119482465,-11.906023341575056,53.82,0.16
FF,-1.76,6.25,"Baumann, Mike",657508,ball,L,2,1,-0.71,1.46,-1.06,4.09,3.5173872278443303,-140.86837946191528,-3.560502304141366,-10.260103680963404,32.98540849343883,-12.22423703870761,53.68,0.077
KC,-1.84,6.27,"Baumann, Mike",657508,ball,L,1,1,0.0,-0.43,-0.4,4.29,3.531656424808903,-129.02279454539513,2.0916001881940343,-0.6707052324936084,25.18506482747889,-37.614929899754266,53.85,0.037
FF,-1.63,6.26,"Baumann, Mike",657508,swinging_strike,L,1,0,-0.59,1.48,-0.18,3.6,5.273405813171255,-141.03129293164938,-4.973793399664215,-9.09756308236414,32.31546532033805,-11.542568169586303,53.71,-0.031
FF,-1.79,6.28,"Baumann, Mike",657508,ball,L,0,0,-0.78,1.41,-0.72,3.81,4.651225243794373,-140.6001142205217,-4.270069561388485,-11.389426438331997,32.47520256966552,-12.737638214621924,53.73,0.024
KC,-1.89,6.09,"Baumann, Mike",657508,swinging_strike,R,0,2,0.13,-0.42,0.7,1.69,6.116549052088502,-129.7464115210991,-3.913126821061472,0.2916287662435575,26.12928706314465,-36.37871406982215,54.05,-0.061
FF,-1.59,6.12,"Baumann, Mike",657508,swinging_strike,R,0,1,-0.91,1.69,-0.12,3.69,6.011654653267701,-140.51248005802816,-4.774755181251337,-13.456177162169793,33.68811018850331,-8.970987502375811,53.82,-0.024
SI,-1.71,6.05,"Baumann, Mike",657508,called_strike,R,0,0,-1.18,1.33,0.54,3.19,8.601889689254532,-138.10670850497357,-4.815886746038138,-17.013125736874287,32.490083995436905,-14.277015017633058,53.62,-0.015
FF,-1.82,6.12,"Baumann, Mike",657508,hit_into_play,L,0,2,-0.94,1.56,-0.67,3.09,5.1952866237509525,-141.00012450048337,-6.110406062530614,-13.6609604130357,32.16367289332603,-10.109341391715937,54.33,-0.104
CH,-2.03,5.91,"Baumann, Mike",657508,called_strike,L,0,1,-1.43,1.0,-0.49,1.81,6.8954899813757775,-130.50772287485887,-6.323046065779803,-17.81473881632346,27.433955222264785,-19.55823987498498,53.72,-0.035
FF,-1.77,6.05,"Baumann, Mike",657508,called_strike,L,0,0,-0.89,1.62,-0.08,1.94,6.610490140163624,-140.5664294478442,-9.186495666021893,-13.270295769594892,32.27610425661395,-8.810274361583222,53.63,-0.024
KC,-1.86,6.08,"Baumann, Mike",657508,hit_into_play,R,1,2,0.1,-0.36,0.21,2.45,4.921596934140636,-130.1318242784282,-2.255603202451992,0.2144447719466358,24.614732492363917,-36.10278317272561,53.77,-0.168
KC,-2.04,5.98,"Baumann, Mike",657508,ball,R,0,2,-0.09,-0.47,0.99,-0.75,7.786540943205603,-131.03951639877417,-9.825837507787094,-2.6042367028534863,27.043680384858995,-35.69593833908927,53.77,0.019
SL,-2.13,5.98,"Baumann, Mike",657508,called_strike,R,0,1,0.11,0.91,0.69,1.49,7.010701296436311,-134.69318403155833,-7.753688750622304,-0.0353760588291604,25.9581195873373,-19.62053305443169,53.96,-0.047
FF,-1.74,6.1,"Baumann, Mike",657508,called_strike,R,0,0,-0.85,1.45,0.29,2.68,7.3411158932880385,-140.074817771919,-6.800995361244223,-12.861825586982285,31.41570631094248,-11.671108583175226,54.04,-0.032
FF,-1.73,6.07,"Baumann, Mike",657508,hit_into_play,L,3,2,-0.67,1.43,-0.13,3.38,5.848411886684703,-140.27871831623108,-4.888252409099973,-10.169692860945428,32.06212911660321,-12.405241287524472,53.57,-0.131
CH,-1.88,5.82,"Baumann, Mike",657508,ball,L,2,2,-1.44,0.93,1.72,0.59,12.173340168137203,-131.3878651335491,-9.194464079077456,-19.21781587656629,27.675295500350742,-19.52420387406835,53.47,0.043
FF,-1.85,6.01,"Baumann, Mike",657508,called_strike,L,2,1,-0.78,1.44,-0.57,1.52,5.272516254582179,-140.97990721849706,-9.836030116312717,-11.658190151698568,31.9932326137726,-10.913757881488008,53.64,-0.031
CH,-2.08,5.92,"Baumann, Mike",657508,ball,L,1,1,-1.27,1.02,-0.6,0.94,6.4371933687960095,-131.74858499085343,-8.69590484983656,-16.165488876546547,28.795430054379096,-18.5848332476917,54.02,0.023
CH,-2.02,5.99,"Baumann, Mike",657508,ball,L,0,1,-1.18,1.17,0.1,1.61,7.826503295244292,-130.72589358374785,-7.394362240217712,-15.202172398187974,28.94433272860959,-17.324085257841283,53.67,0.011
FF,-1.7,6.14,"Baumann, Mike",657508,called_strike,L,0,0,-0.77,1.46,0.28,2.7,7.1410796559481104,-141.74694293818894,-7.137110272813984,-12.052553972836938,32.350723640552054,-11.016907867671229,53.88,-0.015
SL,-1.95,6.05,"Baumann, Mike",657508,hit_into_play,R,1,1,0.04,0.7,-0.29,2.41,4.201504659613921,-136.72864780032577,-5.324810200218288,-0.27778367274976,27.47997825501333,-22.393752647763517,54.1,-0.156
SL,-2.08,6.05,"Baumann, Mike",657508,swinging_strike,R,1,0,0.45,0.62,1.26,1.33,7.571854352468952,-134.56741765566616,-7.664293410713885,3.925711748799935,27.616142603525343,-23.17945272355585,53.93,-0.031
SL,-1.92,6.0,"Baumann, Mike",657508,ball,R,0,0,0.33,0.74,1.64,2.07,8.505115295533155,-135.7269617302472,-6.085619675925424,2.400424561983652,26.983155646144542,-21.838855785295014,53.88,0.024
FF,-1.64,6.23,"Baumann, Mike",657508,hit_into_play,L,2,2,-0.61,1.39,-0.01,3.89,5.783191363582118,-141.29640072719218,-3.927616009422952,-9.549051382745038,32.48013581506793,-12.835060371784738,54.17,-0.204
FF,-1.88,6.07,"Baumann, Mike",657508,foul,L,2,1,-0.79,1.43,-0.58,2.91,5.323139663900402,-141.59361943827992,-6.275750270903326,-11.803049495522002,31.951644700669963,-11.67289873048922,53.94,-0.063
CH,-2.13,5.78,"Baumann, Mike",657508,ball,L,1,1,-1.43,0.64,-0.48,1.1,7.0642773548705655,-129.05827465986232,-6.769373940660167,-17.46505508672569,27.19503727320316,-23.72766861909145,53.93,0.05
SL,-2.11,5.98,"Baumann, Mike",657508,called_strike,L,1,0,0.21,0.54,0.38,2.08,5.886969499686741,-134.44653919976932,-5.313354723523691,1.330539883478589,28.7763340330088,-24.70544143720686,54.02,-0.044
SL,-1.96,6.05,"Baumann, Mike",657508,ball,L,0,0,-0.05,0.74,0.68,1.14,6.960303296569201,-136.12440849598804,-8.663960920337862,-1.9192432985366092,26.31435580804208,-21.40956415822756,53.87,0.032
FF,-1.64,6.16,"Baumann, Mike",657508,hit_into_play,R,0,1,-0.53,1.57,-0.07,3.44,5.37724805229005,-139.45233274972244,-5.206508560879864,-8.058239817073781,29.3956106103762,-10.67412264021052,53.92,-0.374
KC,-1.84,6.07,"Baumann, Mike",657508,swinging_strike,R,0,0,0.58,-1.12,-0.31,0.79,2.4759087626452088,-126.3211127683964,-4.181079020762928,5.737686360852218,25.9666742495264,-43.51332758923788,53.85,-0.073
CH,-2.05,5.92,"Baumann, Mike",657508,swinging_strike,R,1,2,-1.42,0.84,-0.13,1.15,7.640530548572678,-127.3608762105424,-7.1726812682922025,-17.030201468679063,26.23535761660431,-21.747686853030817,53.7,-0.362
FF,-1.64,6.16,"Baumann, Mike",657508,foul,R,1,2,-0.63,1.45,0.9,3.16,8.251002226946747,-140.0507335822191,-5.730621948179605,-10.14720064180582,30.863459812108616,-11.948349761951356,53.8,0.0
KC,-1.76,6.11,"Baumann, Mike",657508,blocked_ball,R,0,2,0.66,-0.7,1.24,-0.16,5.855180356175583,-125.64947946612963,-7.307378439475316,5.716457986860463,26.24866798716885,-38.27484156056487,53.77,0.042
FF,-1.85,6.1,"Baumann, Mike",657508,swinging_strike,R,0,1,-0.78,1.66,-0.48,2.27,5.4415429061576726,-140.05421274341947,-8.381869180944742,-11.538351149845589,33.21841812278535,-8.660742749276823,53.81,-0.079
SL,-2.03,6.12,"Baumann, Mike",657508,foul,R,0,0,0.4,0.86,0.62,2.71,5.9169062057861,-134.4928470615114,-4.765993965515058,3.4851066275501834,29.803730586310262,-20.952223495249605,53.85,-0.083
SL,-2.03,6.05,"Baumann, Mike",657508,hit_into_play,R,1,0,0.33,0.67,0.52,2.1,5.813491366574953,-133.9831923202593,-5.716659547860404,2.748486580162397,28.41385316595344,-23.010262018646586,53.83,0.45
KC,-1.88,6.2,"Baumann, Mike",657508,ball,R,0,0,0.47,-1.16,0.26,1.25,4.178882915263124,-126.17576146162044,-3.2033916539555385,4.015187263158513,28.42807247827885,-43.97646162226589,54.01,0.044
SL,-2.09,6.04,"Baumann, Mike",657508,hit_into_play,R,0,0,0.11,1.02,0.59,2.25,6.607303938638801,-134.04302359206673,-6.079448430588053,0.0214539572913602,27.71607537063929,-18.79985570533352,53.85,-0.376
FF,-1.94,6.17,"Baumann, Mike",657508,hit_by_pitch,R,3,1,-0.73,1.58,-1.29,3.56,3.374164452251511,-139.09254096032353,-4.780240593447311,-10.303861392606816,35.72514655783659,-10.885839703222354,53.89,0.265
FF,-1.87,6.17,"Baumann, Mike",657508,called_strike,R,3,0,-0.48,1.54,0.83,2.72,8.206225947534023,-138.32624602161326,-6.863942639426967,-8.096560631531107,32.97104496428429,-11.01940074352097,53.83,-0.083
SL,-1.95,6.15,"Baumann, Mike",657508,ball,R,2,0,0.42,0.59,1.16,2.51,6.947587467075379,-132.54118805647113,-4.5259465644364845,3.483238606848841,27.992846482339864,-24.49276566814427,53.86,0.133
SL,-1.9,6.13,"Baumann, Mike",657508,ball,R,1,0,0.49,0.53,1.18,2.52,6.692703801202077,-133.05510841001578,-4.382328201245667,4.456427413447018,28.00079352516763,-25.144972217593946,54.11,0.064
KC,-1.78,6.2,"Baumann, Mike",657508,ball,R,0,0,0.09,-0.86,0.77,0.64,5.889171963272747,-125.65192235122964,-5.269553474066606,-0.2335398796593128,25.79327007320761,-40.44372604082509,54.03,0.032
FF,-1.09,6.22,"Baumann, Mike",657508,ball,L,3,1,-0.75,1.42,-1.51,2.58,0.5901658399050456,-137.32234118466775,-6.949616225737743,-9.621909728275496,33.2112727771594,-12.939948072572385,53.48,0.385
SL,-1.3,6.07,"Baumann, Mike",657508,ball,L,2,1,-0.33,1.06,-1.92,1.76,-0.8528765606004157,-135.0443473701334,-7.597183349780764,-3.890974208680591,29.612790801132554,-17.704054478574538,53.97,0.158
SL,-1.09,6.24,"Baumann, Mike",657508,called_strike,L,2,0,0.09,0.92,0.74,2.18,4.446031984397603,-132.7279842928878,-6.3340220110891305,0.0653439372698082,28.16124564768193,-20.176641925716137,53.74,-0.113
CH,-1.14,6.05,"Baumann, Mike",657508,blocked_ball,L,1,0,-1.49,0.66,0.92,0.92,8.18165300948807,-127.9174025907296,-7.705881197787947,-18.09763493690528,30.16894610418516,-23.33827066138193,53.56,0.112
SL,-1.14,6.27,"Baumann, Mike",657508,ball,L,0,0,-0.4,0.98,-0.88,2.03,1.5519596708104797,-135.0343695074333,-7.203905621208512,-5.220219118256079,32.38612948979696,-18.744896133669684,53.91,0.067
KC,-1.1,6.26,"Baumann, Mike",657508,hit_into_play,R,0,2,0.34,-0.43,-0.27,2.27,1.2851785659442452,-125.7830496938348,-2.3701593248551114,3.33972583036926,26.60436385189189,-36.49853126486784,53.78,0.489
SL,-1.17,6.26,"Baumann, Mike",657508,swinging_strike,R,0,1,0.29,0.57,-0.04,4.07,2.221865882899879,-131.66660661413854,-0.7628472436012549,2.8750537570619965,27.26412558337809,-25.61792727364473,53.74,-0.047
FF,-0.94,6.29,"Baumann, Mike",657508,called_strike,R,0,0,-0.82,1.22,0.19,3.11,4.8323856251434005,-137.79815365262328,-5.364391707826399,-11.500608562954028,33.171539563645894,-15.59234125756036,53.71,-0.032
FF,-0.99,6.27,"Baumann, Mike",657508,hit_into_play,R,0,1,-0.64,1.45,-0.09,1.89,3.802764910285096,-137.32590645428976,-8.989577157915006,-8.986213634319295,30.407698945991264,-12.081566054957882,53.85,1.032
SL,-1.06,6.26,"Baumann, Mike",657508,called_strike,R,0,0,0.28,0.61,0.02,2.01,2.13512733520717,-133.9193723617539,-6.344925544360232,2.929126892392087,28.57234793567405,-23.67772994349572,53.73,-0.032
KC,-1.01,6.32,"Baumann, Mike",657508,called_strike,L,3,2,-0.07,-0.55,-0.63,2.88,1.0717460394557887,-124.84681215577456,-0.7312374593943537,-0.9941879698395468,26.334911271964494,-37.94243451507669,53.88,-0.27
FF,-0.89,6.28,"Baumann, Mike",657508,foul,L,3,2,-0.71,1.34,0.03,3.5,4.046128386087916,-137.9391393542477,-4.600064863964681,-9.98820866421334,32.800647857017005,-14.326353772698164,53.73,0.0
KC,-1.0,6.3,"Baumann, Mike",657508,ball,L,2,2,0.16,-0.93,-0.89,3.26,-0.0637175881124738,-124.98531324432784,0.9934214300876204,1.66986999796584,26.635869833627744,-42.30859830993735,53.98,0.071
FF,-0.93,6.25,"Baumann, Mike",657508,foul,L,2,2,-0.77,1.51,-0.07,2.91,3.998674400298403,-137.36304491811413,-6.37246577815846,-10.671679105807902,33.046996892029384,-11.840928093613602,53.76,0.0
FF,-0.86,6.33,"Baumann, Mike",657508,ball,L,1,2,-0.67,1.44,1.38,4.1,7.509552932583615,-139.81038004166777,-3.5695135863124707,-10.537084724590825,34.36236952889679,-12.726077577157072,53.75,0.03
FF,-0.98,6.38,"Baumann, Mike",657508,ball,L,0,2,-0.69,1.55,-0.76,4.54,2.141520848321147,-137.63748926362425,-2.5605397140888253,-9.209711265825169,33.30222230632079,-12.268145605000669,53.8,0.026
FF,-0.89,6.36,"Baumann, Mike",657508,foul,L,0,2,-0.69,1.45,-0.15,2.07,3.548652087173779,-139.0586827538534,-9.034152804752006,-9.809417246025625,30.02525138703346,-11.513516097924796,53.9,0.0
FF,-0.81,6.38,"Baumann, Mike",657508,swinging_strike,L,0,1,-0.78,1.46,-0.5,2.47,2.609674197770308,-138.08233930231103,-7.863295838296258,-10.62066884259711,31.22357524374792,-11.938466208990324,53.85,-0.045
FF,-0.98,6.29,"Baumann, Mike",657508,called_strike,L,0,0,-0.6,1.41,-0.27,1.95,3.23592363919162,-137.76416135309225,-8.8611359931251,-8.38243522500164,30.47085414275732,-12.50567571404492,53.66,-0.042
KC,-0.84,6.08,"Baumann, Mike",657508,hit_into_play,R,0,1,0.21,-0.93,-0.69,2.64,-0.0582209618407359,-123.76627898918773,0.0772328778992652,2.1877700801296345,23.375424860988105,-41.98379012052423,54.06,-0.29
SL,-1.03,6.07,"Baumann, Mike",657508,called_strike,R,0,0,0.21,0.54,-0.19,2.85,1.6577142122603916,-132.78438909645502,-3.397887159035118,2.1406991136873565,27.792793497081806,-25.21512853526917,53.85,-0.048
SL,-1.08,5.98,"Baumann, Mike",657508,hit_into_play,R,1,0,0.3,0.75,0.99,1.84,4.593803707569822,-133.44595141842913,-6.249322957923884,2.5780792900194007,28.735301131129106,-22.1190495966519,53.97,-0.116
SL,-0.93,6.01,"Baumann, Mike",657508,ball,R,0,0,0.33,0.61,1.95,1.74,6.6211757014217625,-133.7111779836019,-6.339834638745365,2.59160829252352,28.65620518367996,-23.65864378852423,53.82,0.016
SL,-1.19,6.01,"Baumann, Mike",657508,swinging_strike,L,2,2,0.57,0.32,0.16,3.87,2.159043486365506,-131.39292358006725,-0.0718067389173002,6.174374272146347,26.476334595861648,-28.644334593052317,54.07,-0.142
FF,-0.93,6.09,"Baumann, Mike",657508,foul,L,2,2,-0.79,1.4,0.21,2.55,4.869112686323922,-140.58014288527497,-7.061703989031,-11.596371881763613,32.54446542783406,-12.23314141141794,53.92,0.0
KC,-1.11,6.04,"Baumann, Mike",657508,ball,L,1,2,0.18,-0.56,0.77,1.05,4.23282483271324,-128.74597327345018,-4.9669892771644815,1.117568119648747,26.337832889474864,-37.56307498438918,53.9,0.026
FF,-1.01,6.05,"Baumann, Mike",657508,foul,L,1,1,-0.4,1.49,-0.34,3.26,2.668683959383519,-139.06518947589345,-5.106468132563566,-5.739634888712949,30.85807317953013,-11.878607546171695,53.98,-0.04
CH,-1.23,5.87,"Baumann, Mike",657508,ball,L,0,1,-1.42,1.08,-0.14,0.31,5.651348940978727,-128.95359681488463,-9.881367802569343,-16.96756427873723,25.702681473310378,-18.29317073385941,53.88,0.017
FF,-0.95,6.06,"Baumann, Mike",657508,called_strike,L,0,0,-0.73,1.61,0.04,2.53,4.337620116358196,-140.83828264926453,-7.614304973053432,-10.73365118374143,30.67601458294736,-9.164666150621928,53.89,-0.024
SL,-1.23,5.89,"Baumann, Mike",657508,swinging_strike,R,2,2,0.22,0.74,1.24,1.21,5.805493151491785,-133.59277896308998,-7.722390794215862,1.5917408048293988,24.68118270736349,-21.99543822850597,53.86,-0.204
KC,-1.12,5.9,"Baumann, Mike",657508,ball,R,1,2,-0.06,-0.72,0.82,-2.12,4.853600662713086,-127.65405209864116,-11.836910022257484,-1.6855222660384015,27.26729583705468,-37.69510387729978,53.84,0.036
SL,-1.32,5.9,"Baumann, Mike",657508,ball,R,0,2,0.38,0.42,0.48,0.98,3.695866845787736,-131.89415664805313,-7.325882824171803,3.682048348647845,26.353647861154958,-26.006437290287018,54.01,0.019
SL,-1.22,5.93,"Baumann, Mike",657508,foul_tip,R,0,1,0.35,0.4,0.47,1.5,3.507947548732921,-131.88580668103913,-6.08511293041893,3.4010279099959315,25.801478577136777,-26.456383987806827,53.88,-0.047
SL,-1.11,6.0,"Baumann, Mike",657508,swinging_strike,R,0,0,0.34,0.58,0.92,0.97,4.348339574122253,-131.6314047011989,-7.9393624693011855,3.186980476319361,24.577019578995124,-24.009410761433536,53.93,-0.032
SL,-1.91,6.04,"Baumann, Mike",657508,hit_into_play,R,0,1,0.36,0.71,-0.12,2.51,3.779458417023984,-133.54306136500307,-4.6166140774152495,3.35731242130509,30.99529362868301,-22.84808963938485,53.76,-0.376
SL,-1.73,6.14,"Baumann, Mike",657508,swinging_strike,R,0,0,0.26,0.65,0.81,2.15,5.897851450898853,-133.3221893964183,-5.660550003514448,1.8827459053625304,28.670115061722345,-23.35523632398431,53.8,-0.073
FF,-1.64,6.19,"Baumann, Mike",657508,called_strike,R,2,2,-0.5,1.73,-0.54,1.78,4.076376709612182,-139.7896348300308,-10.094765314487342,-7.506248492362089,32.16196448131572,-7.364494467570024,53.7,-0.422
SL,-1.85,6.11,"Baumann, Mike",657508,foul,R,2,1,0.28,0.35,0.33,1.91,4.917723410047535,-132.30301301565473,-5.469586728336585,2.3160153347817647,26.199411954019027,-27.13180636216332,53.8,-0.086
SL,-1.73,6.04,"Baumann, Mike",657508,foul,R,2,0,0.39,0.49,0.59,2.09,4.996983280246728,-131.49030122367745,-5.004797217059065,3.510782145099991,26.328288812887216,-25.635487451717868,53.76,-0.122
KC,-1.65,6.14,"Baumann, Mike",657508,blocked_ball,R,1,0,0.02,-0.78,-0.13,0.42,3.588303747534837,-125.5251240692794,-5.86385110732769,-0.4159364255929374,23.830453151281564,-39.56045957304014,53.92,0.096
KC,-1.71,6.09,"Baumann, Mike",657508,ball,R,0,0,0.51,0.42,0.91,3.91,5.326362907633511,-127.33137819094271,-0.0332555754432553,4.543526473422191,23.84275061136811,-27.76517818615781,53.68,0.051
KC,-1.68,6.14,"Baumann, Mike",657508,called_strike,L,0,2,0.26,0.15,0.46,3.22,4.683031486710412,-127.9794234300964,-1.3618963941240838,2.0698551436349213,23.125247238112376,-30.40759089518675,53.92,-0.324
KC,-1.65,6.26,"Baumann, Mike",657508,foul,L,0,1,0.12,-0.59,-0.18,2.31,3.2650167970271133,-125.93464512651629,-2.0458050015994766,0.7332164751156757,23.33539695920861,-38.30957421318793,54.1,-0.157
KC,-1.7,6.26,"Baumann, Mike",657508,called_strike,L,0,0,0.12,-0.69,-0.49,1.66,2.6801678434956626,-127.48402361361356,-3.603519186451474,0.8351551740548505,23.72270144962618,-39.29735674153466,53.99,-0.093
KC,-1.7,6.21,"Baumann, Mike",657508,hit_into_play,R,1,1,0.16,-0.38,0.13,3.17,4.071133173710174,-126.4316348658944,-0.3509729605385141,0.9482738981078724,24.55337636986074,-36.356015162151365,54.0,1.001
SL,-1.77,6.09,"Baumann, Mike",657508,called_strike,R,1,0,0.35,0.62,0.61,3.26,5.251828709849488,-132.00024092113733,-2.5297178422033886,3.048597704297464,26.02586536117279,-24.537960563879896,53.69,-0.125
KC,-1.69,6.3,"Baumann, Mike",657508,ball,R,0,0,0.24,-0.67,-0.72,5.16,1.8310179691093624,-125.66923509591912,4.837296245006971,2.2142303608776808,23.291174646575275,-40.420838948914096,54.04,0.087
FF,-1.53,6.32,"Baumann, Mike",657508,hit_into_play,L,0,0,-0.57,1.75,-0.38,3.12,4.318361670031052,-137.94632239409088,-6.613563270877607,-8.312060781542176,31.787546927226856,-8.521379681848302,53.87,0.691
FF,-1.63,6.23,"Baumann, Mike",657508,ball,R,3,2,-0.75,1.66,-0.37,4.92,5.04628368709936,-139.24031219252277,-1.5392931195473418,-10.979041135140154,33.60378807070167,-10.567044389993924,53.85,0.343
FF,-1.58,6.24,"Baumann, Mike",657508,foul,R,3,2,-0.59,1.66,-0.2,3.08,5.033825148895531,-139.885785241392,-6.583603790603184,-8.856431996425044,32.86789329550087,-9.10946482480115,53.71,0.0
FF,-1.67,6.17,"Baumann, Mike",657508,swinging_strike,R,3,1,-0.55,1.71,0.15,2.47,5.98902588274329,-137.74072998684443,-7.865129232245994,-8.294577702787253,31.146883079528784,-8.850418166158029,53.82,-0.078
FF,-1.36,6.32,"Baumann, Mike",657508,ball,R,2,1,-0.41,1.67,1.9,2.62,9.59820282273239,-139.00144506816162,-7.955531104710422,-7.56531379678892,32.2449930903238,-8.813570221863417,53.77,0.108
FF,-1.5,6.23,"Baumann, Mike",657508,ball,R,1,1,-0.69,1.66,0.77,1.34,7.582931138907063,-138.7734316025471,-11.073775246490792,-10.627042215774336,30.4331264417398,-8.39002042313453,53.79,0.05
FF,-1.58,6.27,"Baumann, Mike",657508,foul,R,1,0,-0.78,1.6,-0.55,2.11,4.5178070198522935,-139.16789568330324,-8.982394259611217,-11.181846700705714,32.57928015530127,-9.553861802088102,53.81,-0.044
FF,-1.56,6.31,"Baumann, Mike",657508,ball,R,0,0,-0.29,1.74,0.32,0.53,5.616394394936143,-137.92740354422418,-13.40283077553665,-5.059658370082433,32.64225825444828,-7.13072802394915,53.76,0.032
KC,-1.57,6.21,"Baumann, Mike",657508,swinging_strike_blocked,L,0,2,0.29,-0.37,0.05,-0.01,3.314373406376541,-126.7042056549956,-8.058814056243296,2.426165180077412,25.03062617694642,-34.781957024648584,53.89,-0.214
KC,-1.36,6.38,"Baumann, Mike",657508,foul,L,0,2,0.02,-0.69,0.23,1.64,3.767528086470844,-126.0128352605129,-3.6978351359380026,-0.5651058640652756,25.786725999589382,-39.02736752837947,54.16,0.0
FF,-1.46,6.56,"Baumann, Mike",657508,foul,L,0,1,-0.72,1.6,-1.0,3.39,2.844794427823936,-139.69328362432154,-6.4685146719437245,-10.125554352421377,30.344586992160263,-9.91461547296619,54.11,-0.077
FF,-1.48,6.51,"Baumann, Mike",657508,called_strike,L,0,0,-0.44,1.53,-0.54,1.51,3.496275594704603,-139.1986608394051,-11.054644459002814,-6.468831631377976,29.93911090559577,-10.070514453164655,53.97,-0.048
SL,-1.7,6.1,"Baumann, Mike",657508,hit_into_play,R,2,0,-0.03,0.95,0.2,1.96,4.910499927352925,-133.4582088138079,-6.738340903347676,-1.328995286872631,26.383431438995277,-19.64590294646666,53.78,-0.3
KC,-1.5,6.18,"Baumann, Mike",657508,blocked_ball,R,1,0,0.15,-0.33,0.98,0.17,5.61790949356241,-125.28095135421194,-7.332147354347354,0.3622759006388378,27.52117910889108,-34.24523109549861,53.92,0.044
SL,-1.37,6.39,"Baumann, Mike",657508,ball,R,0,0,0.13,1.18,1.39,2.65,6.890069062459504,-136.90419962470304,-6.640989430799855,0.2099875159692869,29.246428906416,-16.05358033288237,53.9,0.027
CH,-1.81,6.09,"Baumann, Mike",657508,hit_into_play,L,1,2,-1.57,0.73,-0.6,1.42,6.196645635431102,-126.84109655305,-6.623571037854252,-18.23324807880937,25.89210776493403,-23.130396112382524,53.69,-0.217
KC,-1.68,6.22,"Baumann, Mike",657508,blocked_ball,L,0,2,0.11,-0.7,-0.56,0.84,2.4447278891280497,-124.05582847423592,-4.91634517023532,0.5634513968726144,26.49036378276584,-38.538466593760695,53.88,0.02
KC,-1.56,6.39,"Baumann, Mike",657508,foul,L,0,1,-0.07,-0.39,-0.23,3.15,3.336996767459574,-126.524877348642,-0.8349121383290066,-1.350530053983795,23.62974808967018,-36.39101483318222,54.1,-0.059
FF,-1.56,6.35,"Baumann, Mike",657508,foul,L,0,0,-0.96,1.3,-0.74,2.64,4.377811066125023,-139.97577581321983,-7.289921380282244,-13.59494705747515,31.17261699927866,-13.583682593037256,53.81,-0.042
FF,-1.66,6.29,"Baumann, Mike",657508,hit_into_play,R,3,1,-1.09,1.35,-1.27,3.1,3.522969840643401,-140.2666008210925,-5.96070080519336,-15.11546606213205,34.132917196578994,-13.269482933317216,53.83,-0.6
SL,-1.68,6.28,"Baumann, Mike",657508,ball,R,2,1,-0.11,0.79,-0.78,5.53,2.50075567381424,-132.41287936236992,2.387990480274089,-1.87477399088744,31.22183736823141,-23.713795740132355,54.02,0.158
SL,-1.69,6.17,"Baumann, Mike",657508,swinging_strike,R,2,0,-0.34,0.66,-0.28,1.72,4.235934651943466,-131.2895273022329,-6.498905754147794,-4.8677784551128624,30.667932686904777,-23.252449159005156,53.96,-0.113
SL,-1.56,6.29,"Baumann, Mike",657508,ball,R,1,0,-0.18,0.77,-0.39,4.41,3.2671479740166856,-129.91122342867632,-0.1656606007566667,-2.8047905515000444,29.71191137867656,-23.75605657008055,54.04,0.112
SL,-1.57,6.27,"Baumann, Mike",657508,ball,R,0,0,-0.12,0.49,1.3,2.14,7.390267900217381,-130.59923757449053,-5.212053308758168,-3.134854200012039,31.2162045368862,-25.583091432758355,53.91,0.067
FF,-1.41,6.4,"Baumann, Mike",657508,hit_into_play,L,1,0,-0.66,1.56,-0.64,2.56,3.557101218139023,-139.4645314521818,-8.091950073693283,-9.431160606547596,31.99339346701548,-10.176078865759322,53.89,0.378
KC,-1.66,6.29,"Baumann, Mike",657508,ball,L,0,0,-0.03,-0.65,0.09,1.33,4.2485850319017056,-125.84063500683249,-4.369279651846734,-1.0579684750944816,23.01191113769551,-38.510399824219895,53.92,0.032
SL,-1.58,6.44,"Baumann, Mike",657508,hit_into_play,R,3,2,0.35,0.38,0.12,3.28,3.4916434856110508,-131.2450829861491,-2.752556986779246,3.4269723421863447,25.382698743321527,-27.367351293148893,54.11,-0.347
SL,-1.77,6.34,"Baumann, Mike",657508,foul_tip,R,3,1,0.09,0.88,-0.12,2.55,4.045434054864944,-134.14694712889084,-5.794621662510627,0.2616065559324009,27.12899318002541,-20.511011128417355,53.9,-0.053
KC,-1.64,6.41,"Baumann, Mike",657508,ball,R,2,1,-0.29,-0.53,-0.8,3.3,2.6364470185274334,-127.08987376312116,-0.261483530082554,-3.645271203860768,25.399812310624416,-38.06268007933598,54.05,0.046
SL,-1.83,6.21,"Baumann, Mike",657508,ball,R,1,1,0.12,0.82,0.33,3.72,5.35502434194318,-136.1504367825285,-2.5270639877014878,0.2944571227510501,29.41960011379412,-21.635547006033327,53.89,0.044
FF,-1.79,6.36,"Baumann, Mike",657508,ball,R,0,1,-1.1,1.36,-1.57,4.2,3.0789532455070274,-139.3552260381208,-3.173353454390416,-14.968034117728097,32.55740999818086,-13.970872338463463,53.93,0.02
FF,-1.72,6.3,"Baumann, Mike",657508,called_strike,R,0,0,-0.83,1.4,-0.42,3.02,5.308947578121183,-138.91985610864015,-6.192390541531458,-11.906936848161392,31.583478595257212,-12.834705104912416,53.88,-0.048
KC,-1.72,6.3,"Baumann, Mike",657508,hit_into_play,L,0,0,-0.38,-0.13,-0.18,2.46,4.607427807384441,-129.6174889921465,-3.1030060728132334,-5.314924275683967,28.830317476908014,-33.11006296225824,54.05,-0.333
SI,-1.6,6.28,"Baumann, Mike",657508,hit_into_play,R,0,2,-1.26,1.49,-0.31,2.54,6.325741124769966,-139.992243328692,-7.715918043379508,-18.029248413690013,34.73565026517886,-10.962986128481433,53.83,1.555
KC,-1.62,6.35,"Baumann, Mike",657508,called_strike,R,0,1,-0.04,-0.5,0.5,2.67,5.214422943423076,-126.90274377829888,-1.6093989957581427,-1.5851307336403675,27.39221166508065,-37.42840579615241,53.84,-0.181
FF,-1.53,6.41,"Baumann, Mike",657508,swinging_strike,R,0,0,-0.71,1.51,0.98,2.81,8.26401855866176,-138.84064717450497,-7.287325627200623,-11.0365555978225,30.59181913644576,-11.194845592071884,53.85,-0.101
SI,-1.62,6.29,"Baumann, Mike",657508,hit_into_play,L,1,0,-1.2,1.57,-0.32,2.23,6.159174451575226,-138.47041530643784,-8.5773101116608,-16.77960918471182,32.25739777982727,-10.16316648357147,53.79,1.513
FF,-1.44,6.42,"Baumann, Mike",657508,ball,L,0,0,-0.97,1.56,0.89,0.88,8.352431366293867,-138.60039247486898,-12.549251424443405,-14.252186145899238,29.079662120214937,-9.4791832723048,53.81,0.051
FF,-1.5,6.1,"Baumann, Mike",657508,hit_into_play,L,1,2,-0.72,1.6,0.08,3.72,5.8635239310597065,-139.57494336307985,-4.307788297930798,-10.771413017159704,33.33409992017548,-10.55051518864179,53.73,-0.229
KC,-1.58,6.04,"Baumann, Mike",657508,foul,L,1,1,0.09,-0.4,0.15,2.05,4.041078986038776,-128.59855202408949,-2.804043652538012,0.2135756312081352,26.46770547965872,-36.29779095494703,53.8,-0.087
SL,-1.81,6.05,"Baumann, Mike",657508,foul,L,1,0,0.2,0.97,0.03,2.33,4.319094147513079,-135.471246594985,-5.961990785111089,1.5884439862078146,27.89056010387972,-19.082947255491025,53.94,-0.054
FF,-1.51,6.25,"Baumann, Mike",657508,ball,L,0,0,-0.35,1.5,-1.2,4.34,1.6283018923771966,-141.52366927196678,-3.019915944096537,-5.093838324522438,33.25391948411798,-11.632649774836311,53.86,0.035
FF,-1.43,6.18,"Baumann, Mike",657508,hit_into_play,L,0,2,-0.52,1.26,-0.22,2.73,4.428420752944649,-141.0578778681148,-6.553573716311927,-7.927002852042999,33.82647701826187,-14.051276502903482,53.9,-0.206
CH,-1.71,5.93,"Baumann, Mike",657508,foul,L,0,1,-1.54,0.92,-0.43,2.94,6.333836797902396,-127.03984697420805,-2.917188861660237,-17.988183234792153,28.74822625381974,-21.83676453330212,53.63,-0.075
SL,-1.88,6.04,"Baumann, Mike",657508,foul,L,0,0,0.08,1.2,-0.26,2.54,3.971535782425465,-134.23506099934534,-5.752153094112722,0.1315011681926962,27.89963343241949,-16.619458009204987,53.8,-0.047
FF,-1.33,6.22,"Baumann, Mike",657508,hit_into_play,R,1,1,-0.53,1.66,0.9,2.97,7.204613457096071,-139.98812664979852,-6.805866535604665,-8.775477970337201,35.52185465565104,-9.073327249392328,53.7,-0.364
FF,-1.4,6.13,"Baumann, Mike",657508,foul,R,1,0,-0.61,1.63,-0.21,2.35,4.599056534209635,-139.96996142783283,-8.16809221573128,-9.097195984541102,34.590177818857235,-9.094889914152208,53.8,-0.058
FF,-1.42,6.18,"Baumann, Mike",657508,ball,R,0,0,-0.42,1.51,0.97,1.91,7.366945653411233,-140.02398003603477,-9.201511851408377,-7.275785187695786,34.732557917650055,-10.36363175346012,53.72,0.06
FF,-1.63,6.15,"Baumann, Mike",657508,hit_into_play,L,0,0,-0.77,1.64,-0.23,1.98,5.459164896826708,-139.00148705260767,-9.071371094126285,-11.261124262163031,33.92377937954696,-9.055520820296872,53.76,0.982
KC,-1.67,6.14,"Baumann, Mike",657508,swinging_strike,R,1,2,0.07,-0.63,-0.37,2.67,2.992112130049096,-127.2176896485229,-0.9183488741272609,0.1834792285759058,25.35585493725927,-39.06631974437249,53.85,-0.169
KC,-1.57,6.07,"Baumann, Mike",657508,blocked_ball,R,0,2,0.18,-0.78,1.27,0.78,6.504164911715332,-127.08951356993194,-5.008098568578179,0.534213196625256,27.179071143566794,-39.684671821724336,53.8,0.026
KC,-1.61,6.16,"Baumann, Mike",657508,foul_tip,R,0,1,0.19,-0.75,-0.52,2.77,2.245245666643385,-127.63835545357902,-0.5621965771924198,1.6122485656090637,25.01860042362258,-40.49854239136006,53.97,-0.045
FF,-1.44,6.28,"Baumann, Mike",657508,called_strike,R,0,0,-0.64,1.67,0.37,3.41,6.317728303897669,-139.83568305702147,-5.8049330077889145,-9.882008668311826,33.06662943382632,-9.218845847336814,53.73,-0.042
KC,-1.55,6.15,"Baumann, Mike",657508,swinging_strike_blocked,R,1,2,0.46,-0.82,0.69,0.53,4.439257279158609,-126.47676040816798,-5.623652176006728,4.025419255877148,26.36867943544004,-39.95961169437267,53.85,-0.214
FF,-1.44,6.22,"Baumann, Mike",657508,swinging_strike,R,1,1,-0.43,1.75,0.31,3.33,5.713672460803658,-141.81574293090705,-6.353172725587712,-7.047444485359829,30.359056031560392,-7.219890317363259,53.96,-0.07
FF,-1.49,6.18,"Baumann, Mike",657508,foul,R,1,0,-0.44,1.46,0.36,3.43,5.971608743656804,-140.6469174999095,-5.128742447550749,-7.249069651810142,31.917155614457126,-11.843638726749276,53.85,-0.055
SL,-1.6,6.17,"Baumann, Mike",657508,ball,R,0,0,0.29,0.53,-0.23,4.19,2.856555995607017,-133.5644141667753,-0.407417092154419,2.943830086056693,24.181859648809635,-25.817239822189357,54.06,0.044
FF,-1.59,5.94,"Baumann, Mike",657508,hit_into_play,L,1,2,-0.71,1.5,0.17,1.99,6.3501316156348455,-139.72778239406432,-8.346748597139657,-10.73411441631234,30.222829703896355,-10.784660207423094,53.66,0.313
KC,-1.49,6.12,"Baumann, Mike",657508,foul,L,1,2,0.51,-0.97,0.3,2.24,3.23308264268303,-125.27966671543888,-0.9699297608366784,4.729763602907104,26.15865075241446,-42.381350421869016,53.8,0.0
KC,-1.65,6.04,"Baumann, Mike",657508,ball,L,0,2,0.07,-0.74,-1.08,2.05,1.229410365202028,-127.65041376805932,-1.988559919361732,0.4800727994191395,26.299914765550923,-40.08054879604144,54.0,0.013
FF,-1.59,6.15,"Baumann, Mike",657508,foul,L,0,1,-0.91,1.83,-0.39,3.06,5.284279886082341,-139.91587382778553,-6.775400606847021,-13.15374919195598,34.162873490249666,-6.810698146912969,53.69,-0.035
FF,-1.63,6.08,"Baumann, Mike",657508,called_strike,L,0,0,-0.9,1.7,0.07,2.62,6.601631872030554,-139.77938040558564,-7.456079270199798,-13.38435452988775,33.35877848191795,-8.430677462455991,53.7,-0.024
FF,-1.59,6.09,"Baumann, Mike",657508,swinging_strike,L,3,2,-0.86,1.69,-0.25,3.19,5.544079964668173,-139.3893693694507,-5.927468480226101,-12.525358023836692,31.98878797504759,-8.982094079057381,53.71,-0.297
FF,-1.61,6.12,"Baumann, Mike",657508,foul,L,3,2,-0.63,1.54,0.62,3.6,7.409641896550821,-140.12048054301567,-4.637721933917094,-10.010214378518114,33.66504414259889,-11.0833277552296,53.69,0.0
FF,-1.66,6.14,"Baumann, Mike",657508,swinging_strike,L,3,1,-0.68,1.62,-0.37,2.59,4.9929527717356486,-139.35991081848385,-7.431353472487475,-10.07864674320451,33.58874863984047,-9.582334959754226,53.76,-0.078
FF,-1.79,6.02,"Baumann, Mike",657508,called_strike,L,3,0,-0.74,1.57,0.03,2.01,6.525223700341827,-139.67882812318177,-8.585907874804821,-11.157897191289978,34.157356903655575,-9.88568238653643,53.69,-0.083
FF,-1.67,6.16,"Baumann, Mike",657508,ball,L,2,0,-0.72,1.68,-0.31,4.06,5.288284192633832,-140.1856281260777,-3.778194482131627,-10.762968915524429,35.697148874180854,-9.493809693004222,53.74,0.133
FF,-1.55,6.15,"Baumann, Mike",657508,ball,L,1,0,-0.79,1.77,1.0,1.41,8.631709893591117,-140.47652401955958,-11.11870593243692,-12.53827753641854,35.87029859621199,-6.206177667872532,53.84,0.064
FF,-1.8,6.04,"Baumann, Mike",657508,ball,L,0,0,-0.78,1.62,-0.04,0.59,6.5464780265658575,-139.73948165947434,-12.67129773616269,-11.73795603585047,32.864647694302604,-8.22890887446733,53.41,0.032
KC,-1.72,6.02,"Baumann, Mike",657508,ball,R,3,2,0.51,-0.02,1.49,1.88,6.721860066356062,-126.45788808270557,-3.774497757332401,4.303706116685174,23.29565256421112,-31.844055710396542,53.71,0.798
KC,-1.58,6.05,"Baumann, Mike",657508,foul,R,3,1,0.13,0.27,0.52,1.87,4.779424751394285,-126.87937125239236,-4.46713636746793,0.4214622427940074,25.9201938241638,-28.51816963416932,54.03,-0.16
KC,-1.67,6.05,"Baumann, Mike",657508,ball,R,2,1,0.13,-0.26,0.69,1.42,5.440950620583377,-126.07039266780173,-4.363410760838146,0.3077647693600724,25.25096838284652,-34.26530757781194,53.65,0.324
KC,-1.65,6.06,"Baumann, Mike",657508,foul,R,2,0,0.07,-0.22,-0.66,2.49,2.176213148686031,-124.0624444554841,-1.70581947411748,0.3394223513200519,23.26725799537441,-34.29550741075404,53.88,-0.219
KC,-1.65,5.94,"Baumann, Mike",657508,blocked_ball,R,1,0,0.4,0.08,1.06,0.67,5.876749571713727,-129.36101848022022,-7.115642512331677,3.268997602571375,26.735395796124543,-29.961601459580177,53.7,0.219
KC,-1.65,6.03,"Baumann, Mike",657508,ball,R,0,0,0.28,-0.13,1.3,0.63,6.531878137495226,-126.13600462983852,-6.471300020175058,1.6373827761871442,26.455605731524223,-32.4310577196033,53.73,0.036
KC,-1.64,6.06,"Baumann, Mike",657508,ball,L,3,2,0.17,-0.92,0.22,1.19,4.061528075838517,-125.1295236265032,-3.473094469718405,0.9963942203219348,24.72350595195878,-41.38337046152863,54.04,0.233
KC,-1.62,6.18,"Baumann, Mike",657508,ball,L,2,2,0.5,-0.44,-0.62,4.54,1.35033137885375,-122.7562847789957,3.5126297509742885,4.74592784184509,26.75114699191128,-37.56958334959776,54.0,0.064
FF,-1.62,6.16,"Baumann, Mike",657508,ball,L,1,2,-0.83,1.32,-1.53,4.27,2.102903485900077,-139.10795221407236,-2.2975296685574897,-11.158278512264856,34.59888550983822,-14.831255684406171,53.99,0.071
FF,-1.58,6.11,"Baumann, Mike",657508,ball,L,0,2,-0.56,1.21,-0.98,3.95,2.8463866272299625,-138.99723939310297,-2.767537455126144,-7.92334821004153,33.12689256289738,-16.140331556470922,53.95,0.011
KC,-1.76,6.08,"Baumann, Mike",657508,foul,L,0,1,0.39,-0.84,-0.85,1.66,1.3737282479151849,-125.3184453250705,-2.565493611121764,3.894379850318892,24.80910238461661,-40.75049913878586,53.74,-0.135
KC,-1.59,6.13,"Baumann, Mike",657508,called_strike,L,0,0,0.08,-0.61,-0.11,2.02,3.3907899873055025,-126.90097387638328,-2.5144667218814565,0.2401843839235119,25.149326039837444,-38.47355399763547,53.79,-0.097
KC,-1.47,6.06,"Baumann, Mike",657508,hit_into_play,R,2,2,0.18,-0.5,0.52,3.16,4.363024695879817,-124.38649404865036,0.467391723643684,1.0170077539257092,24.596705886048504,-37.683875476091615,53.82,0.725
FF,-1.43,6.1,"Baumann, Mike",657508,foul,R,2,2,-0.67,1.68,-0.09,3.21,5.14971975627848,-140.76703999632014,-6.037481488391463,-10.069929763116134,33.21660077534288,-8.668672443686246,53.77,0.0
FF,-1.46,6.26,"Baumann, Mike",657508,ball,R,1,2,-0.58,1.73,0.03,4.47,5.330253467139886,-140.4180620382061,-3.080653095943146,-8.953003629427055,35.070462583810105,-8.929526909326187,53.74,0.082
KC,-1.74,6.11,"Baumann, Mike",657508,ball,R,0,2,0.17,-0.71,-1.59,4.36,0.0211098191183453,-125.3196742446935,3.5641381812942505,1.7505730674284163,25.30615439274221,-40.59347587476086,53.93,0.035
KC,-1.68,6.16,"Baumann, Mike",657508,foul,R,0,1,0.18,-0.72,-0.01,1.85,3.619365022510739,-125.62030623285854,-2.527814721123053,1.089503947137475,26.3750247993214,-39.49295190535918,53.99,-0.087
FF,-1.75,5.98,"Baumann, Mike",657508,called_strike,R,0,0,-0.97,1.48,-0.41,1.68,5.774322995130235,-139.6025345982497,-9.169806660506415,-14.02409516369671,30.783306877143524,-10.924184885600118,53.98,-0.051
FF,-1.65,6.16,"Baumann, Mike",657508,hit_into_play,R,0,2,-0.58,1.44,0.29,3.86,6.487007591004027,-138.92624290707133,-3.653149027518056,-9.07376492313546,35.28477665268219,-13.031366252386343,53.71,-0.197
FF,-1.84,6.19,"Baumann, Mike",657508,foul,R,0,1,-0.86,1.52,0.21,2.53,7.435611258135687,-139.73397705379773,-7.490401035477859,-13.049100360673876,37.13684138832003,-10.730042965069314,53.77,-0.059
FF,-1.57,6.11,"Baumann, Mike",657508,called_strike,R,0,0,-0.78,1.61,0.27,3.27,6.714181935244094,-139.97640561662337,-5.591197962280448,-11.886404518278557,36.13653955900652,-9.99920623182886,53.67,-0.042
SL,-2.08,6.08,"Baumann, Mike",657508,ball,L,3,1,0.2,0.58,1.25,2.7,7.969615886455935,-132.54591672545473,-3.919857991577041,0.8339344242068683,25.302338538653046,-24.63902121634824,53.87,0.16
FF,-1.92,6.19,"Baumann, Mike",657508,called_strike,L,3,0,-0.84,1.67,-0.39,2.38,5.935933717378945,-138.1786072663622,-8.07330536448357,-12.08241339144976,34.0669401006178,-9.156160439035732,53.77,-0.048
FF,-2.06,6.09,"Baumann, Mike",657508,ball,L,2,0,-0.83,1.54,-1.14,2.13,4.336328946208191,-138.9430395531949,-8.286355159134628,-11.730316773696178,34.34222238025603,-10.5823601206977,53.73,0.086
CH,-2.09,5.97,"Baumann, Mike",657508,ball,L,1,0,-1.28,1.18,0.14,1.14,8.19569761722754,-128.7561254284927,-8.195358045177013,-16.002015668667415,29.687400514426216,-17.40083703175526,53.81,0.045
FF,-1.89,6.17,"Baumann, Mike",657508,ball,L,0,0,-0.71,1.52,-0.92,3.41,4.209500860317675,-140.36030773829413,-5.184370935145648,-10.37070228411542,36.11649829791892,-11.23793110735269,53.9,0.024
CH,-2.09,5.93,"Baumann, Mike",657508,called_strike,R,0,2,-1.35,1.28,-0.51,1.72,6.701566358808912,-128.3921408148573,-6.774775110256697,-16.309451728138164,30.267806518428472,-16.797497273587187,53.8,-0.149
FF,-1.81,6.27,"Baumann, Mike",657508,called_strike,R,0,1,-0.7,1.56,0.4,2.58,7.507275228236561,-140.4308740571741,-7.790809957489011,-11.10544105870084,36.71545766626322,-9.936954451218597,53.84,-0.047
SL,-1.93,6.18,"Baumann, Mike",657508,swinging_strike,R,0,0,0.06,0.71,0.37,2.79,5.872612775530667,-136.77345411954346,-4.611268162759212,-0.6515867216837776,32.48068482632353,-22.43763021646228,53.84,-0.032
FF,-1.91,6.13,"Baumann, Mike",657508,hit_into_play,R,3,1,-0.5,1.45,-0.23,2.91,5.615877925495899,-139.57296307466936,-6.220746872793327,-7.829272384896831,32.44520001070327,-12.070427004031767,53.79,0.853
FF,-2.06,6.15,"Baumann, Mike",657508,ball,R,2,1,-0.99,1.3,-1.32,3.37,4.197642095564374,-139.18140636989796,-4.675943332680431,-13.770469843642283,30.051483093864206,-14.43109322902986,53.85,0.108
FF,-2.0,6.13,"Baumann, Mike",657508,foul,R,2,0,-0.7,1.62,-0.59,2.31,5.255298305797039,-137.2149205425274,-7.903872103294341,-10.041246918162456,30.439782375323805,-10.15903903847353,53.83,-0.057
SL,-2.06,6.01,"Baumann, Mike",657508,ball,R,1,0,0.02,1.03,1.81,0.41,9.73872658071445,-132.33935904988596,-10.477201876302528,-1.7126677624394562,26.759546998339516,-17.9537301990302,53.73,0.064
KC,-2.17,6.12,"Baumann, Mike",657508,ball,R,0,0,-0.19,-0.39,-0.69,1.1,3.934928218933968,-125.92943068192535,-4.942871496656225,-2.913473407037889,27.291164895143,-35.44633456132144,53.96,0.032
KC,-2.01,6.16,"Baumann, Mike",657508,hit_into_play,L,1,2,0.27,-0.75,0.07,1.53,4.405270923994822,-125.4880671475564,-3.2911192603508903,2.0342569289104926,23.35061953854975,-39.75811663470912,54.11,-0.071
FF,-1.97,6.27,"Baumann, Mike",657508,ball,L,0,2,-0.76,1.6,-0.33,3.44,6.036660455470819,-138.4226232440314,-5.383365985384431,-11.139874061027204,31.13915460650438,-10.546529538727098,53.96,0.009
KC,-2.09,6.19,"Baumann, Mike",657508,foul_tip,L,0,1,0.33,-0.58,1.06,2.35,6.878190904250356,-126.37152825036397,-1.8532080892881544,2.242303585037608,24.512836180496205,-38.24953505000676,54.08,-0.024
FF,-1.89,6.21,"Baumann, Mike",657508,called_strike,L,0,0,-0.83,1.55,0.49,3.02,8.139719942034537,-138.4341122523103,-6.229779002212446,-12.54783267062585,32.73954337002264,-10.96730603245948,53.87,-0.015
FF,-1.81,6.13,"Baumann, Mike",657508,swinging_strike,L,3,2,-0.62,1.7,0.29,2.18,7.0472467565655865,-140.40918025755653,-8.803985425034327,-9.88758322049504,35.528732992505105,-7.876781533072508,53.79,-0.527
KC,-1.9,6.12,"Baumann, Mike",657508,blocked_ball,L,2,2,0.13,-0.46,-0.14,-0.17,4.030889557537845,-128.73839324868135,-8.295898569076948,0.5409780665271774,29.28525937143167,-35.56318448325837,53.97,0.131
FF,-1.84,6.14,"Baumann, Mike",657508,foul,L,2,1,-0.41,1.48,-0.44,3.3,4.671634389213212,-139.46136651657827,-5.267245057703624,-6.354671346952784,31.91823900368373,-11.880985376007832,53.65,-0.084
FF,-1.84,6.12,"Baumann, Mike",657508,ball,L,1,1,-0.24,1.62,1.12,3.56,8.427709080163378,-138.98754766303674,-4.813320670885075,-5.015064955375421,31.68121502381229,-10.228385376440263,53.69,0.028
KC,-1.67,6.23,"Baumann, Mike",657508,foul,L,1,0,0.11,-0.65,-0.1,2.84,3.557953768737481,-126.23938224783768,-0.5722485760533892,0.4077146185762948,26.754434254389157,-39.18397969803193,53.99,-0.081
KC,-1.88,6.17,"Baumann, Mike",657508,ball,L,0,0,0.21,-0.6,-0.76,3.44,2.276042307732953,-126.9384773318588,0.8433718643148915,1.7876581676514378,26.170738346246093,-39.08662872730949,53.99,0.056
FF,-1.47,6.17,"Baumann, Mike",657508,hit_into_play,R,1,2,-0.72,1.53,0.63,1.88,7.234251775474247,-139.0236660772561,-9.194926843599648,-10.999052905599466,31.66696420925471,-10.374672884007998,53.71,-0.358
FF,-1.66,6.19,"Baumann, Mike",657508,ball,R,0,2,-0.52,1.69,1.04,2.3,8.333631594311553,-139.0369840067945,-8.478736353529513,-8.59704483949376,31.98405370469536,-8.549800968960158,53.8,0.042
KC,-1.77,6.13,"Baumann, Mike",657508,foul,R,0,2,0.29,-0.54,0.22,1.41,4.244036143423018,-127.35986699014748,-4.133781492805935,2.2998571022599386,26.61030575041639,-37.375353352557646,53.78,0.0
CH,-1.8,5.92,"Baumann, Mike",657508,foul,R,0,2,-1.23,0.92,0.16,1.53,7.310550284596679,-126.67358335504736,-6.316508125713527,-14.73331376144673,25.31056044565895,-21.16425578867114,53.66,0.0
KC,-1.77,6.16,"Baumann, Mike",657508,foul,R,0,2,0.19,-0.7,0.77,2.87,5.672420295509107,-125.74322111814196,-0.2086817118902777,0.9710977083973104,24.169813289655952,-39.81982055173204,53.94,0.0
FF,-1.68,6.19,"Baumann, Mike",657508,foul,R,0,2,-0.33,1.68,1.33,2.28,8.788156733679111,-139.65567060655798,-8.627652574094869,-6.226883281834229,31.249300441692064,-8.41539362343285,53.75,0.0
FF,-1.64,6.08,"Baumann, Mike",657508,foul,R,0,1,-0.66,1.37,-0.14,1.68,5.492764138109576,-139.81131001242713,-9.242297050717957,-9.82329429001064,30.570760765950222,-12.29081955635042,53.79,-0.079
FF,-1.62,6.2,"Baumann, Mike",657508,swinging_strike,R,0,0,-0.47,1.48,0.76,3.28,7.411043384775768,-139.61848747666392,-5.514194016219556,-7.789588168942952,30.79763958275389,-11.719926999574248,53.76,-0.083
KC,-1.75,6.17,"Baumann, Mike",657508,hit_into_play,R,3,2,0.52,-0.93,-0.48,3.2,1.9431428667857904,-124.68348140149256,1.1139773180694443,5.091234678657373,24.761315779339856,-42.31012033458547,53.93,0.881
KC,-1.71,6.14,"Baumann, Mike",657508,ball,R,2,2,0.38,-0.96,-0.07,1.21,3.129838193003776,-125.47988434049898,-3.568329799603017,3.371067715068157,24.86690105225055,-41.79343247735089,53.97,0.116
KC,-1.77,6.18,"Baumann, Mike",657508,called_strike,R,2,1,0.16,-0.78,0.39,3.06,4.76444386277357,-124.23637661887184,0.4733521371878724,0.7584236834607876,23.27828197642125,-40.57889398901526,54.01,-0.134
FF,-1.62,6.2,"Baumann, Mike",657508,called_strike,R,2,0,-0.27,1.56,0.63,3.05,6.578278965977383,-139.14991480258905,-6.220803801304548,-5.011892348771226,33.17472297311868,-10.738454267769376,53.76,-0.115
KC,-1.72,6.25,"Baumann, Mike",657508,ball,R,1,0,0.11,-1.22,0.64,1.35,5.322174138934099,-124.575232383021,-2.781778940873137,0.0467435140687819,26.70547313415612,-44.48881355059038,54.18,0.035
FF,-1.54,6.29,"Baumann, Mike",657508,ball,R,0,0,-0.54,1.55,0.34,4.86,6.152625957578615,-138.14970644150463,-1.560405766554956,-8.294304775766395,31.49617387974834,-12.16053105286014,53.89,0.028
KC,-1.74,6.12,"Baumann, Mike",657508,swinging_strike,R,1,2,0.07,-0.84,0.43,0.97,5.062066155226747,-125.69296885470024,-4.310247755784767,-0.3856736409333772,27.330319768883363,-40.28981158448326,53.95,-0.374
FF,-1.61,6.29,"Baumann, Mike",657508,foul,R,1,2,-0.9,1.6,-0.32,3.34,5.467861624238054,-139.35569744732342,-5.746060689729674,-13.023778995469476,35.738986049333974,-10.250480781519949,54.06,0.0
FF,-1.7,6.32,"Baumann, Mike",657508,ball,R,0,2,-0.8,1.55,0.31,3.89,7.132711023836019,-139.01129683850533,-4.228855080660482,-12.070874452802787,34.78451359409779,-11.392863713760816,53.95,0.011
KC,-1.68,6.32,"Baumann, Mike",657508,foul,R,0,1,0.28,-0.94,0.66,3.22,4.925189500348503,-124.33023424475674,0.8890143257446943,1.9315764537122373,25.2873621980454,-42.34083388977332,54.2,-0.135
KC,-1.67,6.25,"Baumann, Mike",657508,called_strike,R,0,0,0.14,-0.52,0.89,2.08,5.825239473016632,-125.82877087167304,-2.668784502465629,0.3582566839540216,25.3891623190642,-37.39962146169556,54.09,-0.097
FF,-1.76,6.26,"Baumann, Mike",657508,hit_into_play,L,0,1,-0.65,1.67,0.41,2.6,7.269993578290046,-139.61679215128112,-7.90560959265611,-10.20999443318712,32.93771943272136,-8.69178468186953,53.82,0.808
KC,-1.83,6.29,"Baumann, Mike",657508,called_strike,L,0,0,0.18,-0.72,-0.79,1.81,2.0827966193642755,-124.84269198988171,-2.855751923939021,1.4974163959468756,25.67299132084357,-39.29649942926195,54.16,-0.097
FF,-1.75,6.25,"Baumann, Mike",657508,hit_into_play,R,2,0,-0.52,1.47,0.69,1.89,7.585989421402474,-137.9145617637373,-9.004305930011558,-8.445876793379163,33.7249875676017,-11.458873173960992,53.94,0.583
SL,-1.8,6.08,"Baumann, Mike",657508,ball,R,1,0,0.28,0.65,2.06,0.16,9.046792978255349,-130.7927634857753,-10.200293059992063,1.4500695400403516,25.832589500323884,-22.757815295941388,53.78,0.112
SL,-1.56,6.18,"Baumann, Mike",657508,hit_into_play,R,2,0,0.06,0.54,0.15,1.41,4.210061507364026,-133.07555213647234,-7.430707750722855,-0.0402481336023101,24.916560448681416,-24.431320681971783,53.93,-0.48
SL,-1.8,6.2,"Baumann, Mike",657508,ball,R,1,0,0.15,1.16,-0.95,3.47,1.8391020502202684,-135.28091594916188,-3.8092049284559897,1.4853306342084407,28.170977198299397,-17.28856481548956,54.03,0.066
FF,-1.41,6.18,"Baumann, Mike",657508,ball,R,0,0,-0.69,1.43,0.84,1.82,7.74634651860812,-142.55464152298725,-9.666609088071066,-11.166755149062638,33.02685467118486,-10.535285604340917,53.82,0.044
FF,-1.34,6.25,"Baumann, Mike",657508,hit_into_play,R,2,2,-0.54,1.54,0.56,2.7,6.382083331535333,-141.77437893627342,-7.602044777629882,-8.810378912167604,33.36164132394953,-9.784099263666338,53.9,-0.367
FF,-1.52,6.12,"Baumann, Mike",657508,foul_tip,R,2,1,-0.59,1.59,-0.34,3.37,4.575079577814895,-141.68610854269636,-5.525912990653333,-9.077303804193113,34.12548829019389,-9.703409628427949,53.82,-0.075
FF,-1.49,6.24,"Baumann, Mike",657508,ball,R,1,1,-0.49,1.59,-0.47,4.5,3.909825465211913,-142.17711117982256,-2.8205438571060544,-7.576924218917134,34.40807384420555,-10.25416213758503,53.93,0.074
FF,-1.47,6.26,"Baumann, Mike",657508,ball,R,0,1,-0.66,1.51,0.26,4.05,6.250460916769966,-143.24811991978558,-4.062965672826032,-10.52256913870561,34.97919843570695,-10.628596831862565,53.96,0.057
FF,-1.64,6.16,"Baumann, Mike",657508,called_strike,R,0,0,-0.64,1.44,0.67,3.51,7.708892299903989,-140.87284799940025,-4.861672579607159,-10.32023624848346,31.79842940087235,-12.080041934002823,53.83,-0.064
KC,-1.55,6.08,"Baumann, Mike",657508,ball,L,3,1,0.15,-0.36,1.51,1.06,7.211728049692969,-129.05225601997674,-5.504231142513021,0.247479734732529,26.57111579652616,-35.240620698288176,53.81,0.265
CH,-1.6,5.96,"Baumann, Mike",657508,ball,L,2,1,-1.21,0.9,1.04,2.8,9.07354886763526,-129.7309272441523,-3.6867924476506,-15.471812866847738,25.37984956453773,-21.450115496123967,53.85,0.108
FF,-1.69,6.16,"Baumann, Mike",657508,foul_tip,L,2,0,-0.59,1.74,0.5,2.68,7.355680328801297,-143.3082648738102,-8.127155194170202,-9.80783432144822,31.5056247251656,-6.511526022314254,53.84,-0.057
KC,-1.66,6.15,"Baumann, Mike",657508,ball,L,1,0,-0.06,-0.86,0.25,0.77,4.6968264495386665,-126.39852192082203,-4.94189385416002,-1.613242933477092,25.62505681060566,-40.576744085142174,54.07,0.064
KC,-1.52,6.19,"Baumann, Mike",657508,ball,L,0,0,-0.05,-0.72,1.11,-0.03,6.478672871254799,-127.66029557878556,-7.42318418637111,-1.955041649637815,27.568556211842324,-38.65121611700866,54.02,0.032
