pitch_type,release_pos_x,release_pos_z,player_name,pitcher,description,stand,balls,strikes,pfx_x,pfx_z,plate_x,plate_z,vx0,vy0,vz0,ax,ay,az,release_pos_y,delta_run_exp
KC,-0.92,6.14,"Coulombe, Danny",543056,called_strike,R,2,2,-0.54,-1.77,0.51,3.33,4.012319943078399,-113.58464569444456,4.182578724172497,-5.5181579597997255,26.006027690259977,-48.42027754161418,54.93,-0.088
FC,-0.52,6.12,"Coulombe, Danny",543056,called_strike,R,2,1,-0.49,-0.2,-0.24,2.74,1.64022354118619,-125.05816911187527,-1.3265731890005863,-5.476937639918076,26.45698778936024,-34.17122377036901,54.82,-0.031
ST,-0.77,6.15,"Coulombe, Danny",543056,ball,R,1,1,-0.96,-0.67,-1.05,0.65,1.21640139806892,-120.24048328789372,-4.61864685374284,-9.505639350559068,26.05717432209741,-37.814389740111714,55.07,0.023
FC,-0.6,6.03,"Coulombe, Danny",543056,foul,R,1,0,-0.56,0.04,-0.2,1.76,2.073507580067944,-125.432564938229,-3.9216301248532,-6.375929905612519,26.54249905368708,-31.15813291630773,54.92,-0.019
FF,-0.94,6.13,"Coulombe, Danny",543056,ball,R,0,0,0.02,1.27,-1.6,2.34,-1.6754456208366906,-132.3961353348057,-6.245693327608436,0.5883634287894725,28.647960101724088,-16.05457142959706,54.95,0.016
KC,-1.01,6.12,"Coulombe, Danny",543056,called_strike,R,1,2,-0.46,-1.88,0.05,3.33,3.093010186201428,-114.09402176902482,4.38753777235526,-4.623619815684068,26.12446990106958,-49.59852359062297,55.02,-0.116
KC,-1.02,6.13,"Coulombe, Danny",543056,ball,R,0,2,-0.29,-1.98,-0.76,0.05,1.114498016810723,-114.30414924242882,-2.3908337336490435,-2.7880903473020733,28.2318535975176,-48.821571543045856,54.83,0.013
KC,-0.86,6.15,"Coulombe, Danny",543056,called_strike,R,0,1,-0.49,-1.9,0.28,1.73,3.402452092280828,-116.50874268898278,0.7136909900876902,-5.197749571752628,28.597595775531403,-49.524476267264944,54.97,-0.035
KC,-0.83,6.2,"Coulombe, Danny",543056,called_strike,R,0,0,-0.44,-1.92,0.32,3.46,3.265402942810883,-113.88852993231214,4.579031658620418,-4.552168712076083,26.367003793231078,-49.93566566529277,55.09,-0.024
SI,-0.76,6.11,"Coulombe, Danny",543056,called_strike,L,2,2,0.69,1.05,-0.9,1.92,-1.7987134868715249,-131.01225183564463,-6.54711534852173,8.348444564294057,30.48453354773128,-18.908834603744136,54.7,-0.204
FC,-0.67,6.09,"Coulombe, Danny",543056,called_strike,L,2,1,-0.47,0.07,0.25,3.17,3.065628306823057,-123.903532452388,-0.6843770293796314,-5.465160169879122,24.8804448994022,-31.556141092447213,54.96,-0.063
FC,-0.7,6.07,"Coulombe, Danny",543056,ball,L,1,1,-0.29,-0.04,-1.64,2.18,-1.615599600614218,-125.2132711687814,-2.858278733320957,-2.765156834829621,25.643959140026773,-32.25082868096713,54.73,0.05
FF,-0.79,6.16,"Coulombe, Danny",543056,foul,L,1,0,0.26,1.68,0.15,2.79,1.741926076969133,-129.7546817759645,-5.699219138361529,2.593777730973168,28.767652221716,-12.257206599956657,54.81,-0.044
ST,-0.81,6.13,"Coulombe, Danny",543056,ball,L,0,0,-1.01,-0.41,-0.34,-0.48,2.9578190922717598,-118.88883464053096,-7.40260888778939,-10.113608963500347,24.61344159490467,-34.73016472600678,54.8,0.032
ST,-0.97,6.21,"Coulombe, Danny",543056,hit_into_play,R,2,2,-1.21,-0.73,-1.2,1.99,1.796996380891278,-119.77832755754456,-1.5410233874544983,-11.902217062317314,26.0117802606055,-39.06750683425849,54.98,-0.088
FF,-1.02,6.14,"Coulombe, Danny",543056,ball,R,1,2,-0.09,1.18,-0.11,4.26,2.4638622118704823,-133.7810045872813,-1.461130743135888,-1.6265483944204222,30.29530976631837,-17.893469520666958,54.8,0.018
SI,-0.75,6.17,"Coulombe, Danny",543056,ball,R,0,2,1.03,1.32,1.94,2.18,4.528579725164091,-133.68992985872114,-6.975506888839384,11.070231640644453,32.69973429080565,-15.004565460628257,54.8,0.009
SI,-0.95,6.12,"Coulombe, Danny",543056,foul,R,0,2,0.57,1.12,0.15,2.78,1.5351960728050054,-133.92584147296705,-5.020374783037016,6.541933327877111,29.44464321184854,-17.831282684360275,54.79,0.0
ST,-0.97,6.2,"Coulombe, Danny",543056,called_strike,R,0,1,-0.82,-1.43,-0.12,2.08,3.4400400975169543,-118.49246868744272,0.197570586512858,-8.408652803959908,26.9449102731415,-45.773132042269815,55.08,-0.024
ST,-0.99,6.13,"Coulombe, Danny",543056,swinging_strike,R,0,0,-1.33,-0.77,-0.94,0.61,2.6641613360032785,-119.61799908227113,-4.332245373284145,-13.213346441617482,26.830487922223853,-38.74606823628661,54.94,-0.015
FF,-0.88,6.09,"Coulombe, Danny",543056,hit_into_play,R,2,2,-0.02,1.35,-0.27,3.54,1.5524606658668318,-132.31279736490131,-3.352515788879624,-0.5524944725655563,29.36935871070558,-15.817134135958392,54.66,-0.142
KC,-1.03,6.2,"Coulombe, Danny",543056,foul,R,2,2,-0.58,-1.85,0.13,3.15,3.534094542067866,-113.54856001424096,3.834083059972378,-5.745823634120492,25.86133472441745,-48.99796548409468,54.94,0.0
ST,-0.89,6.28,"Coulombe, Danny",543056,called_strike,R,2,1,-1.21,-0.95,-0.27,3.23,3.68322910646448,-119.59086975355136,1.5002772656999457,-12.261093867460035,25.77102726552188,-41.74862112246632,55.02,-0.051
ST,-0.98,6.15,"Coulombe, Danny",543056,ball,R,1,1,-1.46,-0.77,-1.24,0.85,2.2225273616037717,-120.54880178468969,-3.9934239018740514,-14.549273812772295,26.60353947092533,-38.94872776031977,55.0,0.037
FF,-0.83,6.11,"Coulombe, Danny",543056,called_strike,R,1,0,-0.04,1.42,0.06,3.24,2.305249454728857,-133.0187601031906,-4.362885449364921,-1.0117195265362142,28.464132509994656,-14.567155145881088,54.79,-0.031
FF,-0.94,6.13,"Coulombe, Danny",543056,ball,R,0,0,0.02,1.44,-0.38,3.92,1.3602961510602938,-133.5009902018724,-2.830747379133116,-0.026574679384302,28.948488302645828,-14.566563565737953,54.9,0.024
FC,-0.8,6.08,"Coulombe, Danny",543056,hit_into_play,L,1,2,-0.48,-0.35,-0.86,2.42,0.8034469645160222,-123.95660139675158,-1.5750514282159067,-5.100045223587346,24.42994117564041,-35.71250971898041,54.83,-0.168
ST,-0.8,6.14,"Coulombe, Danny",543056,ball,L,0,2,-1.22,-0.88,-1.81,1.27,0.0937222938476931,-120.18260380409232,-2.7594110094847686,-11.775159553039028,26.268514744411554,-40.29411367157064,54.91,0.019
ST,-0.8,6.16,"Coulombe, Danny",543056,foul,L,0,1,-1.23,-0.25,-0.25,2.2,3.517277254062144,-117.8071868229358,-1.6904092571424512,-12.129519137727694,22.703685054947066,-34.40104453177541,54.97,-0.047
FC,-0.61,6.03,"Coulombe, Danny",543056,swinging_strike,L,0,0,-0.57,-0.07,-1.03,1.1,0.1598972370285684,-124.42989563565338,-5.144551019653522,-5.946989305692962,26.126268354466557,-31.997833002132428,54.76,-0.032
FF,-0.83,6.03,"Coulombe, Danny",543056,hit_into_play,L,0,0,0.29,1.43,-0.71,2.51,-0.3316985086812408,-133.79164010733825,-6.105551355546772,3.6045824792355408,28.82888838236511,-13.870819205850404,54.82,-0.1
ST,-0.77,6.16,"Coulombe, Danny",543056,foul_tip,R,2,2,-1.11,-0.7,-0.43,2.72,2.885116961145968,-120.1855650619148,0.1018288653801309,-11.277738172469242,25.98379626241542,-39.136259439538186,54.82,-0.142
KC,-0.95,6.06,"Coulombe, Danny",543056,ball,R,1,2,-0.09,-1.5,-0.03,0.23,2.159458293238329,-115.7021235813119,-3.0351347990090995,-1.2764150120156303,25.998637285291583,-45.05463891617962,54.91,0.026
SI,-0.68,6.06,"Coulombe, Danny",543056,ball,R,0,2,0.77,1.04,1.25,3.43,3.2357869138685005,-135.44819585025695,-3.181227991367399,8.660946566603501,31.74910602351008,-18.943798991685565,54.81,0.013
SI,-0.49,6.04,"Coulombe, Danny",543056,called_strike,R,0,1,1.13,1.11,0.68,3.32,0.5166200590211701,-133.89344922493197,-3.377869493956384,13.399494885515551,32.21354401973167,-18.368659960483814,54.59,-0.035
FC,-0.44,5.95,"Coulombe, Danny",543056,called_strike,R,0,0,-0.15,0.28,0.01,2.65,1.3883853905115588,-126.63678167235912,-2.285011422367244,-1.9304060980113291,26.301979820413788,-28.930796390445128,54.85,-0.024
ST,-0.74,6.14,"Coulombe, Danny",543056,hit_into_play,R,1,2,-0.85,-0.72,0.22,3.83,3.77181398735596,-119.31443003031596,2.7004884410204752,-8.836357965448311,23.68070398550947,-39.82557399076405,54.88,-0.168
KC,-0.85,6.09,"Coulombe, Danny",543056,foul,R,1,2,-0.55,-1.71,-0.96,0.94,0.7878069452839028,-117.55154308668293,-1.4071469081128354,-5.167911633974262,27.50612862650113,-47.72019903202981,54.79,0.0
SI,-0.56,6.02,"Coulombe, Danny",543056,foul,R,1,1,0.39,1.06,0.7,3.2,2.337285486757973,-134.5363179555697,-3.604409282726319,4.136440450394584,31.535590077845686,-18.808326170753045,54.8,-0.049
ST,-0.63,6.11,"Coulombe, Danny",543056,ball,R,0,1,-1.14,-0.7,-1.59,0.95,0.0282954791009014,-121.56028318211224,-4.005615260443729,-11.23232009383261,26.14419326868318,-38.40003875285873,54.72,0.021
FF,-0.6,6.05,"Coulombe, Danny",543056,called_strike,R,0,0,0.01,1.33,-0.57,2.79,0.0469376848750415,-133.9653324737779,-5.286654150731934,0.1568281189542004,27.755197558396944,-15.207907150392746,54.61,-0.032
FC,-0.58,6.07,"Coulombe, Danny",543056,hit_into_play,L,1,0,-0.01,0.26,-0.04,1.89,1.289496067138896,-126.91512359652494,-4.37405751727725,-0.3658088701369322,26.566322757736103,-28.72356491665177,54.88,-0.256
FC,-0.77,6.11,"Coulombe, Danny",543056,ball,L,0,0,-0.23,0.13,-1.95,2.08,-2.3144478775400947,-125.63391906386764,-3.6494533942323018,-2.039509257977241,23.67935113206572,-30.30641852504877,54.78,0.027
FF,-0.89,6.14,"Coulombe, Danny",543056,hit_into_play,L,0,1,0.2,1.24,0.26,2.77,2.453311265219224,-134.03476657305802,-5.427215367091203,1.975680300022556,26.72459423298412,-16.27233401787861,54.68,0.144
ST,-0.7,6.16,"Coulombe, Danny",543056,foul_tip,L,0,0,-0.69,-0.72,0.45,1.65,3.904201660802296,-119.8675538679412,-2.2817612098467577,-7.444108999689312,24.2415079547778,-38.89618118636948,54.71,-0.015
FF,-0.88,6.13,"Coulombe, Danny",543056,hit_into_play,R,1,0,-0.17,1.2,-0.43,2.71,1.5089153693382131,-133.42657641244602,-5.3583813224532335,-2.3660066349023445,27.81891455560802,-16.939035510928733,54.71,-0.187
ST,-0.81,6.2,"Coulombe, Danny",543056,ball,R,0,0,-0.89,-0.63,-1.28,1.39,0.635491318971303,-116.19248845382232,-2.61187171903037,-8.143407249050338,23.37544985193825,-37.56580478346973,54.75,0.024
SI,-0.87,6.1,"Coulombe, Danny",543056,hit_into_play,R,2,1,0.61,1.03,-0.69,3.09,-0.8604293860711685,-131.7842495973837,-3.725926405770151,7.325781584822635,29.301112033776967,-19.591994491735573,54.75,-0.267
FF,-0.62,6.02,"Coulombe, Danny",543056,called_strike,R,2,0,0.15,1.39,-0.51,1.66,-0.0565810178535862,-129.97563542075326,-7.635481117649422,1.7491025841409555,25.441328365464752,-15.026561123173751,54.66,-0.057
FC,-0.77,6.03,"Coulombe, Danny",543056,ball,R,1,0,-0.47,0.3,-1.39,-0.05,-0.4969625211808908,-125.19566203044822,-8.756796103581614,-4.913477688202189,23.72856496549981,-27.5043350652727,54.69,0.064
FF,-0.79,6.08,"Coulombe, Danny",543056,ball,R,0,0,0.36,1.53,0.46,0.33,2.357442527795188,-132.6897507687367,-11.733111473814088,3.6615602627688895,29.54275596815812,-11.783633615665458,54.67,0.032
SI,-0.96,6.11,"Coulombe, Danny",543056,foul_tip,L,1,2,0.98,1.23,-0.05,3.34,0.1699168211890777,-134.9396321922877,-3.9480275841743513,11.990117240655152,29.05806339366673,-16.499079471990413,54.68,-0.169
FF,-0.89,6.13,"Coulombe, Danny",543056,called_strike,L,1,1,0.09,1.37,-0.61,2.17,0.5176649330778609,-133.06513531976063,-7.0518113551548325,0.9481417192805972,25.9168266427761,-14.6185102499838,54.68,-0.048
FF,-0.57,6.16,"Coulombe, Danny",543056,ball,L,0,1,-0.02,1.4,0.8,3.77,3.49438368645216,-134.26230941646864,-3.3250131571274286,-0.9895468500874718,27.125384477819185,-14.69848928973692,54.72,0.03
FC,-0.47,6.18,"Coulombe, Danny",543056,called_strike,L,0,0,-0.19,0.31,-0.58,2.46,0.1196966661891529,-124.82532025119696,-3.2113435767672343,-2.064749765076762,22.266105935313885,-28.51922229464188,54.76,-0.042
FF,-0.88,6.11,"Coulombe, Danny",543056,ball,R,3,2,0.04,0.89,-0.5,4.84,0.875484088838187,-132.79589559038843,0.7199786911271746,0.321773292652581,25.484342802146944,-21.94661343687983,54.67,0.1
ST,-0.83,6.14,"Coulombe, Danny",543056,foul,R,3,2,-1.33,-0.81,-0.59,2.48,3.0567276036609674,-118.43135353745384,-0.0645531162034089,-13.105904062614549,23.27128465019431,-39.97995789658128,54.89,0.0
ST,-0.8,6.17,"Coulombe, Danny",543056,ball,R,2,2,-0.81,-0.8,0.96,2.46,5.493056645451782,-119.6894916744932,-0.3207361146059555,-8.855227980097482,23.58220926244945,-40.057600530678535,54.8,0.043
KC,-0.86,6.2,"Coulombe, Danny",543056,foul,R,2,2,-0.41,-1.44,-0.07,3.53,2.4661660638731564,-115.5119544961846,3.6475474546504265,-4.139163762614387,24.03339970996541,-45.99280033689743,54.85,0.0
FC,-0.65,6.08,"Coulombe, Danny",543056,foul,R,2,1,-0.16,0.22,-0.37,1.14,0.979994410481832,-126.58315931555262,-6.086347201754498,-1.8904286361981413,25.359952697076334,-28.79946141948018,54.74,-0.031
KC,-0.76,6.2,"Coulombe, Danny",543056,ball,R,1,1,-0.58,-1.84,0.65,3.82,4.091623380890059,-114.92487722140186,5.075780654858686,-5.943313507104748,24.89718259103665,-49.6207581677625,54.88,0.023
ST,-0.73,6.14,"Coulombe, Danny",543056,called_strike,R,1,0,-0.87,-0.69,-0.27,1.82,2.6644225396697268,-117.91121429816614,-1.6837865353704768,-8.6445211162456,23.54297865461353,-38.43248879511759,54.81,-0.019
ST,-0.77,6.15,"Coulombe, Danny",543056,ball,R,0,0,-1.08,-0.61,-0.88,1.01,1.810326405428484,-119.39361940616664,-3.825322030625329,-10.62509853925794,24.1319346159977,-37.46192663521046,54.79,0.016
KC,-0.97,6.17,"Coulombe, Danny",543056,hit_into_play,L,1,2,-0.42,-1.75,0.08,1.78,3.0165546801774887,-114.71818903217076,0.6352098095317686,-4.306750178580912,25.1226610002992,-47.81984335795079,54.78,-0.116
ST,-0.95,6.14,"Coulombe, Danny",543056,foul,L,1,2,-0.93,-0.96,-0.3,2.34,3.2168220258252043,-118.99856904160008,-0.1360384473360159,-9.489352610636416,24.18253920162978,-41.41955443052106,54.87,0.0
FF,-0.74,6.13,"Coulombe, Danny",543056,foul,L,1,1,0.15,1.15,0.13,3.19,1.855225872277099,-133.3358235205461,-4.032936656001115,1.457468509812703,27.468905009927344,-17.730320623241084,54.76,-0.04
ST,-0.83,6.24,"Coulombe, Danny",543056,ball,L,0,1,-0.95,-1.14,1.0,3.48,5.7951789751129015,-117.85988615782856,2.5985670442162343,-9.999600818658315,23.634810994477384,-43.48408413373334,55.02,0.017
ST,-0.7,6.15,"Coulombe, Danny",543056,called_strike,L,0,0,-1.07,-0.57,-0.47,1.68,2.537228441315486,-118.791392140132,-2.319894453745899,-10.574686768572414,24.18384366422937,-37.31974255380401,54.86,-0.024
FF,-0.83,6.17,"Coulombe, Danny",543056,called_strike,R,2,2,0.14,1.22,-0.4,3.61,0.7844045518889086,-133.87197541438456,-3.26274487164916,1.5678245531000503,28.641727182200757,-17.007476381603755,54.66,-0.204
KC,-0.8,6.33,"Coulombe, Danny",543056,ball,R,1,2,-0.48,-1.75,0.94,3.72,4.62347533305584,-114.98445588528634,4.405118083672647,-5.212772988453732,24.82693599230477,-48.71518941516698,54.94,0.036
ST,-0.83,6.22,"Coulombe, Danny",543056,ball,R,0,2,-1.3,-1.01,-0.97,0.57,2.139617690819495,-117.48745459975672,-3.86122005311159,-12.350816104185572,25.842434779704497,-40.78479650506479,54.86,0.019
FC,-0.77,6.14,"Coulombe, Danny",543056,called_strike,R,0,1,-0.46,0.02,0.65,2.78,4.267403218458118,-125.70211083038664,-1.8412158541327748,-5.794628406523189,25.608474366441467,-31.76028823011628,54.9,-0.047
FF,-0.83,6.15,"Coulombe, Danny",543056,called_strike,R,0,0,0.12,1.33,-0.38,2.8,0.8737250342377659,-132.85079994124695,-5.3623134875908,1.19114208468146,28.294145565985108,-15.49006265434375,54.66,-0.032
ST,-0.59,6.3,"Coulombe, Danny",543056,hit_into_play,L,0,0,-0.84,-0.24,-0.53,2.14,1.713135531753908,-118.31528436526052,-2.234513243246454,-8.189729344337328,22.780623328812226,-34.22954794223465,54.9,-0.447
FC,-0.59,6.08,"Coulombe, Danny",543056,hit_into_play,L,3,2,-0.28,0.11,-1.12,1.99,-0.6983726368079007,-124.62382794144794,-3.5864083083177447,-2.7623484138095984,25.13957504191659,-30.50842540562216,54.62,-0.271
SI,-0.63,6.14,"Coulombe, Danny",543056,foul,L,3,1,0.68,1.4,0.13,3.4,0.4312936413759584,-129.5073789508413,-3.554299422646213,7.552196918863757,28.453891106647934,-15.935555091666194,54.65,-0.054
FF,-0.55,6.13,"Coulombe, Danny",543056,ball,L,2,1,0.19,1.49,0.98,3.11,3.3767394212639443,-131.5125401790609,-4.727710011674322,1.521391051012111,27.603754857938483,-14.098209705408289,54.66,0.058
FC,-0.54,6.12,"Coulombe, Danny",543056,swinging_strike,L,2,0,-0.41,0.3,-0.47,2.24,0.9988516248101684,-125.7076905139199,-3.6750762245305895,-4.60958515590824,22.63679096051677,-28.47373704489906,54.83,-0.033
FF,-0.79,6.08,"Coulombe, Danny",543056,ball,L,1,0,0.35,1.35,-0.84,1.11,-0.856644423314592,-130.29834710528596,-9.03167935904034,4.147307115577868,28.276410719124137,-15.09608519957388,54.66,0.044
FF,-0.72,6.13,"Coulombe, Danny",543056,ball,L,0,0,0.37,1.35,0.78,2.68,2.950225030265263,-132.7167321502887,-5.6344188103764345,3.724773637280168,28.69907712515504,-15.218240887805887,54.7,0.027
FC,-0.45,6.13,"Coulombe, Danny",543056,hit_into_play,R,1,2,1.0,1.14,0.54,3.49,0.2991314584307966,-119.03921435745691,-1.5574608590380312,9.428804888840718,24.13782395132569,-21.26105062835737,54.68,0.158
FF,-0.7,6.12,"Coulombe, Danny",543056,foul,R,1,1,-0.13,1.05,-0.07,3.03,1.8548468024404328,-133.95366259779328,-4.257269986104551,-1.912562142792505,28.72990974365681,-18.770309279605478,54.72,-0.026
FF,-0.84,6.08,"Coulombe, Danny",543056,ball,R,0,1,0.21,1.09,-1.33,2.5,-1.6857535875999945,-133.7041806399751,-5.5387831272162815,2.908221833687169,28.94397776317712,-18.165786977720536,54.57,0.011
FF,-0.72,6.12,"Coulombe, Danny",543056,foul,R,0,0,0.42,1.26,-0.02,2.87,0.8557388984412828,-132.68060438275674,-4.935937499754244,4.718947829792255,29.302271334323347,-16.480346885738605,54.65,-0.015
ST,-0.81,6.32,"Coulombe, Danny",543056,hit_into_play,R,1,2,-0.99,-0.82,-0.56,2.52,2.408551180621774,-117.79615914189732,-0.2156660000535872,-9.628120258192457,24.926926613423127,-39.9174801493387,54.89,-0.116
SI,-0.75,6.19,"Coulombe, Danny",543056,foul,R,1,1,0.8,1.19,0.32,3.03,0.9687210760798892,-133.89977553713285,-4.688130596648449,9.39839407598825,30.25950947060652,-17.113918280685997,54.61,-0.04
FC,-0.47,6.17,"Coulombe, Danny",543056,swinging_strike,R,1,0,-0.55,0.44,-1.14,2.69,-0.4626479847486779,-125.824387162673,-2.9580071804418,-5.799826898948776,24.72252748211128,-27.157968086396423,54.69,-0.031
FF,-0.44,6.18,"Coulombe, Danny",543056,ball,R,0,0,0.06,1.21,-0.44,3.8,-0.1273231487018264,-132.81150965728798,-2.697004934439998,0.7670770042671151,27.105727000200517,-17.51260650807244,54.68,0.024
KC,-0.95,6.25,"Coulombe, Danny",543056,swinging_strike,R,1,2,-0.35,-1.68,0.67,2.41,4.146398596226955,-115.98184287138356,1.5253497607650135,-3.985295568260227,24.87683176612677,-47.71866342286111,54.91,-0.168
KC,-0.93,6.23,"Coulombe, Danny",543056,ball,R,0,2,-0.47,-1.56,-0.24,0.24,2.382185412641206,-116.3222877020991,-3.4281877309699764,-4.758146347566311,24.59485652340695,-45.72936896914514,54.79,0.019
FF,-0.61,6.24,"Coulombe, Danny",543056,foul,R,0,2,-0.38,0.96,-0.99,4.37,-0.1229806847519312,-131.27136780854374,-0.7954943061145286,-4.4084404230515775,24.451357333799518,-21.00669217788356,54.67,0.0
FF,-0.74,6.2,"Coulombe, Danny",543056,foul,R,0,2,0.08,1.2,0.23,3.67,2.262335625664547,-132.6298123831084,-3.0792236294217146,0.4500551313277646,26.547010238962923,-17.483685954993692,54.66,0.0
KC,-0.77,6.26,"Coulombe, Danny",543056,swinging_strike,R,0,1,-0.24,-1.48,-0.36,1.29,1.313502571879888,-115.04548036846984,-1.1707498665350695,-2.388605396986064,25.19725154781,-45.10398619730299,54.88,-0.047
FF,-0.54,6.21,"Coulombe, Danny",543056,called_strike,R,0,0,0.19,1.39,-0.04,2.1,0.8384199581920149,-133.52148682955405,-7.46974723578821,2.080478308189408,28.60359962664514,-14.197888944496924,54.68,-0.032
KC,-0.77,6.25,"Coulombe, Danny",543056,called_strike,R,2,2,-0.52,-1.75,0.54,2.95,3.783155335534951,-115.2103066032626,2.9514993884896747,-5.428520785954874,25.993702022834132,-48.48356553967394,54.88,-0.142
SI,-0.93,6.19,"Coulombe, Danny",543056,foul,R,2,2,0.49,1.11,-0.52,2.74,-0.0271645499804419,-131.70070956085277,-4.927456435292575,5.701870880036445,31.187930977251533,-18.491601892419094,54.87,0.0
FF,-0.87,6.06,"Coulombe, Danny",543056,swinging_strike,R,2,1,0.12,1.4,0.03,2.42,1.982517084488078,-133.25111866102085,-6.277962498930104,0.9506156964654244,28.383863284249795,-14.388758197174443,54.8,-0.051
SI,-0.85,6.14,"Coulombe, Danny",543056,ball,R,1,1,0.85,1.1,1.5,3.23,4.032531199284895,-132.47120573103675,-3.669044158114556,8.930497282285481,31.123728937715853,-18.68170621501465,54.93,0.037
SI,-0.66,6.25,"Coulombe, Danny",543056,swinging_strike,R,1,0,0.72,0.92,0.74,2.84,1.9277451375426813,-131.96228838857365,-4.466090014061205,7.884791728224071,30.467769390018876,-20.670284322224624,54.97,-0.031
ST,-0.68,6.25,"Coulombe, Danny",543056,ball,R,0,0,-1.3,-0.91,-0.26,1.35,3.390527727920441,-119.032194181761,-2.6239214579527266,-12.995427567158648,25.769398892927907,-40.41733705357957,54.94,0.024
SI,-0.7,6.12,"Coulombe, Danny",543056,hit_into_play,R,1,0,0.48,0.99,0.36,3.23,1.5974937722233915,-132.00824309544848,-3.3766629253943545,5.303679991829205,27.830052258001416,-20.13376998255474,54.89,-0.26
FC,-0.57,6.15,"Coulombe, Danny",543056,ball,R,0,0,-0.29,0.29,-1.28,2.2,-1.103839158539732,-125.4548998320809,-3.764729731972034,-2.851668900924498,23.86611027540615,-28.56331001088161,54.88,0.032
FC,-0.63,6.14,"Coulombe, Danny",543056,hit_into_play,R,3,1,-0.09,0.29,0.04,2.28,1.7138751051765977,-124.4252066108144,-3.325008573838182,-1.2653424146100594,26.299219851671698,-28.71608798644232,54.93,0.853
ST,-0.69,6.29,"Coulombe, Danny",543056,ball,R,2,1,-1.21,-0.43,-0.04,3.34,3.721796840092906,-118.26523976128276,0.839609674093291,-12.059002857402596,24.513005443637876,-36.57653096753532,55.11,0.108
ST,-0.65,6.26,"Coulombe, Danny",543056,ball,R,1,1,-1.34,-0.59,1.03,3.39,6.215557652424003,-117.87008256538752,1.335049707937346,-13.719309544012605,23.140213923353706,-38.13604047846094,55.01,0.05
SI,-0.64,6.16,"Coulombe, Danny",543056,foul,R,1,0,0.81,0.82,0.5,2.92,1.103535083793695,-132.69430453269695,-3.990431545456308,9.35985898019178,28.66453540009597,-21.79163656379145,54.74,-0.044
SI,-0.56,6.19,"Coulombe, Danny",543056,ball,R,0,0,0.84,0.69,1.92,3.09,4.332250009971794,-131.83021370343792,-3.261894962959139,8.913387007942312,27.42202428807541,-23.647741279048283,54.99,0.032
ST,-0.52,6.17,"Coulombe, Danny",543056,hit_into_play,L,0,0,-0.71,-0.61,-0.23,1.67,2.015573037266776,-118.68473562035732,-2.3535778018533096,-7.138129911001595,22.809948807716168,-37.66657299907718,54.86,-0.1
ST,-0.84,6.2,"Coulombe, Danny",543056,hit_into_play,R,1,1,-0.89,-0.74,-0.82,2.15,1.723296729319924,-119.44812775017628,-1.1422625409173246,-8.785098914787492,25.06737406441989,-39.228085288731286,54.93,-0.529
FC,-0.56,6.15,"Coulombe, Danny",543056,ball,R,0,1,-0.21,0.11,-1.26,3.06,-1.2129306271449165,-124.92647875283994,-1.2468412477016584,-1.958856726789988,25.86852287714496,-31.033086953878986,54.58,0.057
ST,-0.75,6.08,"Coulombe, Danny",543056,swinging_strike,R,0,0,-0.93,-1.03,0.11,1.16,3.5802611524550105,-116.02391789892854,-2.063592374314718,-9.044626171020417,24.09336434414454,-41.2325738185849,54.94,-0.064
KC,-0.86,6.24,"Coulombe, Danny",543056,hit_into_play,R,1,2,-0.25,-1.76,0.58,2.21,3.5865586414994737,-115.51993546049958,1.3630579586209228,-3.049503891139244,26.41857324134988,-48.20901120956544,54.75,0.47
SI,-0.77,6.16,"Coulombe, Danny",543056,foul,R,1,2,0.76,1.28,0.05,3.56,0.4267968628353986,-132.07278205922077,-3.2806215545312765,8.729597728621389,29.83128686542001,-16.73612853838304,54.68,0.0
ST,-0.59,6.28,"Coulombe, Danny",543056,called_strike,R,1,1,-1.01,-0.56,-0.17,2.32,2.8030414261279084,-117.12637452862076,-0.9478337547504978,-9.797650563625352,26.029928659793125,-37.31664727881649,54.93,-0.049
ST,-0.78,6.22,"Coulombe, Danny",543056,ball,R,0,1,-1.03,-0.62,-0.62,0.97,2.3050888157453184,-118.01871051876408,-3.798668842510206,-10.037460417093536,25.76915930637868,-37.33785420453072,54.92,0.021
FC,-0.57,6.09,"Coulombe, Danny",543056,foul,R,0,0,-0.56,0.59,-0.7,2.3,0.8010901926708414,-125.53194411223222,-3.926306675367391,-6.03331003937353,27.47662030063085,-25.29211063964177,54.8,-0.032
KC,-0.86,6.16,"Coulombe, Danny",543056,swinging_strike,R,0,2,-0.63,-1.81,-0.24,1.34,2.513055992953379,-116.47787816899007,-0.3737228030763779,-6.171827182618864,26.803047966617576,-48.57872002831568,54.91,-0.061
SI,-0.72,6.07,"Coulombe, Danny",543056,called_strike,R,0,1,0.78,0.97,0.69,2.26,1.833993080537676,-132.5749011913616,-5.627936742769784,8.621284026534722,32.053736658647416,-19.713973812995697,54.86,-0.024
ST,-0.62,6.26,"Coulombe, Danny",543056,called_strike,R,0,0,-1.06,-0.85,0.14,3.38,3.6929030655668784,-118.2085011712764,1.788485343656507,-10.676254046720846,24.50164010205012,-40.67188252849071,55.06,-0.015
FC,-0.54,6.05,"Coulombe, Danny",543056,swinging_strike,R,3,2,-0.34,0.01,0.07,2.94,2.1257607196393127,-126.03863675505691,-1.3191078000907006,-4.05875913514194,22.369802788214542,-31.98251300465016,54.81,-0.211
ST,-1.0,6.18,"Coulombe, Danny",543056,ball,R,2,2,-1.41,-0.76,-0.74,3.75,3.2413023962546603,-118.90021526421056,2.483867940022224,-13.993961803620373,21.865891291838025,-40.11319176334528,55.02,0.069
FF,-0.78,6.1,"Coulombe, Danny",543056,foul,R,2,2,-0.38,1.09,-0.54,2.68,1.4180932077314388,-133.72732297730911,-5.136940044034891,-4.814349099526259,28.80396501585604,-18.166684705654752,54.72,0.0
FF,-0.8,6.09,"Coulombe, Danny",543056,ball,R,1,2,-0.41,1.06,-0.67,4.08,1.2001902889435447,-133.46559026177968,-1.5090291377580942,-5.213798641645051,29.206961972744008,-19.43110475671645,54.62,0.026
KC,-0.89,6.17,"Coulombe, Danny",543056,ball,R,0,2,-0.69,-1.76,0.56,0.37,4.407456026325607,-115.6589063680779,-2.48420825236983,-7.123403754516857,26.346665477473685,-47.42556995818456,54.89,0.013
ST,-0.94,6.19,"Coulombe, Danny",543056,swinging_strike,R,0,1,-1.55,-1.15,-0.66,1.46,3.5514933569926628,-118.5147347641858,-1.7558171108379992,-15.24400590700128,25.082512093703937,-42.750605147196445,55.08,-0.035
ST,-0.73,6.23,"Coulombe, Danny",543056,called_strike,R,0,0,-1.37,-0.56,-0.03,3.18,4.116475912393432,-118.24451837989606,0.8728880776303498,-13.662402855993934,23.91216611404818,-37.84519837722164,55.01,-0.024
KC,-0.79,6.14,"Coulombe, Danny",543056,swinging_strike_blocked,R,0,2,-0.5,-1.66,0.41,0.66,3.562867605175944,-116.83520313762556,-2.16294542887644,-5.331196725999434,25.966774724655497,-46.94762812087632,54.86,-0.149
FF,-0.66,6.17,"Coulombe, Danny",543056,called_strike,R,0,1,0.02,1.18,0.38,3.3,2.5632792419540613,-133.55667475412278,-3.920246525232466,-0.3700958082265611,29.472582746875684,-17.409312306583928,54.84,-0.047
FF,-0.48,6.08,"Coulombe, Danny",543056,called_strike,R,0,0,0.27,1.11,0.22,3.2,1.1912787990452482,-133.58747792149362,-3.8195866747987735,2.9236582503593587,28.579432942111342,-18.25441217584155,54.72,-0.032
FC,-0.74,6.11,"Coulombe, Danny",543056,hit_into_play,R,3,1,-0.29,0.16,-0.83,2.48,0.3675881671339681,-126.25134843255944,-2.7755136270003886,-3.1545799993995853,25.991080297642803,-30.10697873861523,54.79,-0.591
FC,-0.57,6.07,"Coulombe, Danny",543056,blocked_ball,R,2,1,-0.27,0.21,-0.53,0.56,0.6615431043144417,-127.1635626111106,-7.49590408924024,-3.11113426968515,26.413681333256825,-28.58599520449052,54.64,0.218
FF,-0.79,6.12,"Coulombe, Danny",543056,foul,R,2,0,0.3,1.2,-0.65,1.86,-0.2741562020824157,-132.92419601184977,-7.374435869164294,3.5759314560936915,27.646362667631934,-16.55941793798191,54.72,-0.131
FC,-0.53,6.06,"Coulombe, Danny",543056,ball,R,1,0,-0.3,0.23,-0.76,1.65,0.0772646458702986,-125.35148605443916,-4.658755198268446,-3.229380886583915,25.322706367039203,-29.03952556109796,54.78,0.048
ST,-0.91,6.15,"Coulombe, Danny",543056,blocked_ball,R,0,0,-1.03,-0.79,-1.9,0.23,-0.2461057945287996,-120.9952663877514,-5.389753291530086,-9.97800268086142,27.551649795372068,-38.8814843964678,54.78,0.055
FC,-0.71,6.13,"Coulombe, Danny",543056,hit_into_play,R,2,1,-0.36,0.06,-0.86,3.01,0.3683282064590891,-124.79462534694412,-1.3037880220692477,-3.8104888889055992,21.9995001653012,-31.53734952390075,54.87,1.04
FF,-0.63,6.1,"Coulombe, Danny",543056,ball,R,1,1,0.34,1.4,0.54,4.07,2.2008177186197098,-133.69513174178638,-2.334486619699237,3.64430804002635,26.878760540978508,-15.079704267098895,54.8,0.074
ST,-0.67,6.27,"Coulombe, Danny",543056,ball,R,0,1,-1.38,-0.74,0.16,3.93,4.484094833201095,-120.09903132342056,2.588594599726872,-14.179863461945487,23.64402615234386,-40.08873252914464,54.96,0.057
FC,-0.54,6.15,"Coulombe, Danny",543056,called_strike,R,0,0,-0.28,-0.11,-0.83,3.44,-0.1430184823779124,-125.472195630855,-0.0686231895957603,-2.9342582599947047,22.245202072288357,-33.48698435809175,54.72,-0.064
ST,-0.76,6.19,"Coulombe, Danny",543056,hit_into_play,L,0,0,-0.94,-0.62,-0.64,2.09,2.018121417993181,-117.85965092763207,-1.2830451837251833,-9.08602969015096,24.435448688358967,-37.8583656691846,54.93,0.41
ST,-0.59,6.22,"Coulombe, Danny",543056,hit_into_play,L,1,0,-1.55,-0.98,-0.84,2.02,2.3931906659150344,-118.79232677439867,-0.8525836213470367,-15.007600451103931,27.363900880288643,-41.35576510138768,54.72,-0.359
ST,-0.84,6.23,"Coulombe, Danny",543056,ball,L,0,0,-0.78,-1.23,-0.48,0.95,2.298155476267273,-119.88674267619072,-2.87721509733301,-7.924976264530447,29.321169878351743,-43.35383594528839,54.74,0.021
FF,-0.77,6.16,"Coulombe, Danny",543056,hit_into_play,R,2,1,0.18,1.15,-0.89,3.47,-0.6786483785951472,-131.0292848251551,-3.088519230525213,2.1611552156097584,30.661613554567605,-18.51338732571054,54.78,-0.371
ST,-0.59,6.14,"Coulombe, Danny",543056,ball,R,1,1,-1.01,-0.99,-0.61,1.18,1.8890202432120315,-119.78065883848376,-2.694834487879427,-10.04575560290494,26.59181478831264,-41.22371502792863,54.69,0.064
FC,-0.64,6.16,"Coulombe, Danny",543056,called_strike,R,1,0,-0.57,0.4,-0.76,2.68,0.8652394238814034,-125.82553466528128,-2.868090586881384,-6.257809086735731,25.978511790798585,-27.602025629087265,54.88,-0.062
FC,-0.76,6.2,"Coulombe, Danny",543056,ball,R,0,0,-0.54,0.41,-1.28,1.08,-0.1522220466545433,-126.97195756918984,-6.960575825159851,-5.819398914847038,24.049268676899825,-26.62339420951696,54.78,0.036
FC,-0.42,6.04,"Coulombe, Danny",543056,hit_into_play,L,3,2,0.07,0.38,0.04,2.31,0.9311833585086448,-125.46578006997622,-3.4103877258660384,0.6114390831809027,23.840253177362385,-27.721736601116618,54.75,0.371
FF,-0.7,6.19,"Coulombe, Danny",543056,ball,L,2,2,-0.08,0.84,0.41,4.94,2.974291047744285,-133.43573001263985,0.8418340518143538,-1.6066815757632922,26.863583111954554,-22.47386659477753,54.78,0.069
SI,-0.64,6.16,"Coulombe, Danny",543056,ball,L,1,2,0.98,0.91,0.23,3.84,0.0889774833623697,-133.38754584784706,-1.962306137788539,11.668094233905029,28.247888882393205,-21.09605872399744,54.64,0.026
FC,-0.54,6.16,"Coulombe, Danny",543056,swinging_strike,L,1,1,-0.45,0.04,-0.34,3.47,1.3705582467446988,-125.4585701400001,-0.25903454622279,-5.0278168809521455,25.68262929410122,-31.886762801086515,54.75,-0.04
ST,-0.52,6.25,"Coulombe, Danny",543056,foul,L,1,0,-0.92,-0.68,0.19,1.58,3.282502034733515,-117.21916702329142,-2.406347167041381,-9.122094593508928,22.081018103837643,-38.2169281838458,54.87,-0.031
FC,-0.35,6.18,"Coulombe, Danny",543056,ball,L,0,0,-0.32,0.13,-0.99,2.4,-0.8669303576405145,-126.15867756571924,-3.1091918891573185,-3.2174794212554443,24.416948503092936,-30.34672675760652,54.76,0.024
ST,-0.62,6.25,"Coulombe, Danny",543056,hit_into_play,R,1,1,-0.73,-0.14,-0.11,3.09,2.504973329014655,-118.59785666211172,-0.2351652465409733,-7.334414458523512,22.99532325591408,-33.70439483769768,54.95,-0.216
FC,-0.36,6.14,"Coulombe, Danny",543056,called_strike,R,1,0,-0.39,0.15,-0.05,1.65,1.4897365083692609,-124.96655647680284,-4.688316449279032,-4.365545727598585,23.576076696092027,-29.86781635244158,54.91,-0.044
FC,-0.26,6.18,"Coulombe, Danny",543056,ball,R,0,0,-0.56,0.16,1.57,3.75,5.349153049067075,-124.7218762748897,0.1508154552013214,-6.846848217864344,23.9529208360765,-30.694729754797603,54.99,0.032
FC,-0.58,6.17,"Coulombe, Danny",543056,hit_into_play,L,0,0,0.08,0.24,-0.18,2.69,0.7498974309155069,-123.37676997536616,-2.253885587763736,0.6577094397711422,24.26521568765879,-29.52723959435287,54.84,-0.61
ST,-0.74,6.13,"Coulombe, Danny",543056,hit_into_play,L,2,2,-1.05,-1.04,0.36,1.32,4.415534372457586,-117.759866227823,-2.059712579577025,-10.594606796829504,23.837425240708427,-41.60767159826639,54.75,-0.283
FC,-0.69,6.12,"Coulombe, Danny",543056,foul,L,2,1,-0.37,-0.31,-1.12,1.13,-0.2628827622768043,-124.8742544225692,-4.836505598718871,-3.824855049364427,26.59100674285068,-34.58640116715151,54.86,-0.071
SI,-0.62,6.1,"Coulombe, Danny",543056,ball,L,1,1,0.46,1.28,-1.22,2.45,-2.484690123572208,-133.34014359335876,-6.0796600833552885,6.06654240698728,28.29139521327704,-15.79468419210102,54.69,0.044
ST,-0.62,6.2,"Coulombe, Danny",543056,ball,L,0,1,-0.83,-0.62,0.51,3.56,4.096509220735904,-119.0662659851407,1.7989284711448714,-8.733201328472635,24.72862422086421,-38.61656264358239,54.99,0.02
FC,-0.51,6.12,"Coulombe, Danny",543056,called_strike,L,0,0,-0.46,-0.13,-0.01,3.05,2.119333332334409,-125.96379674315018,-0.8113105466643787,-5.303843539597846,27.614289381286305,-33.609474953990265,54.8,-0.048
FC,-0.72,6.17,"Coulombe, Danny",543056,hit_into_play,R,1,2,-0.41,-0.24,-0.32,2.42,1.7552352015111876,-124.2483778710488,-2.0582823798938628,-4.626054173915255,23.98919538922461,-34.50668060312104,54.82,-0.226
SI,-0.72,6.19,"Coulombe, Danny",543056,ball,R,0,2,0.9,1.09,1.62,2.96,3.9551990432920334,-134.05717207152134,-4.627652040499689,9.816239995857728,31.79580235391485,-18.23669080817563,54.77,0.021
ST,-0.71,6.21,"Coulombe, Danny",543056,foul,R,0,2,-0.99,-0.71,-0.86,2.47,1.564431385803985,-118.94122027919396,-0.3584399215994348,-9.594084542258168,27.7879977884351,-38.97312192179784,54.84,0.0
KC,-0.84,6.27,"Coulombe, Danny",543056,foul,R,0,2,-0.39,-1.77,-0.18,1.52,2.125789549295495,-114.88907231890472,-0.1113825771381256,-3.8998438791236127,26.133607179951344,-47.78077788264539,54.85,0.0
ST,-0.85,6.33,"Coulombe, Danny",543056,foul,R,0,1,-1.31,-0.69,-0.91,1.68,2.348561053830619,-118.8853587490518,-2.4864411404154936,-12.804184607322677,24.92608175126767,-38.36002941343437,54.98,-0.075
FC,-0.39,6.11,"Coulombe, Danny",543056,called_strike,R,0,0,-0.17,0.12,0.43,2.13,2.2570697336342724,-125.10538616760152,-3.3940355651484144,-2.2132419098700864,24.748672753033965,-30.496917151044105,54.94,-0.047
ST,-0.95,6.28,"Coulombe, Danny",543056,swinging_strike,R,0,2,-1.12,-0.59,-0.74,2.89,2.586355333989092,-118.98430518471667,0.0919340683294915,-11.11150557041557,24.43228539560257,-38.043454058845,54.99,-0.283
KC,-0.69,6.33,"Coulombe, Danny",543056,foul,R,0,2,-0.54,-1.6,-1.3,1.26,-0.310836067683752,-117.21563879571674,-1.3998796808775669,-4.850657260630638,27.26071183715588,-46.614196630203445,54.85,0.0
ST,-0.62,6.3,"Coulombe, Danny",543056,called_strike,R,0,1,-0.78,-0.57,-0.61,2.33,1.5053511220871454,-119.71954740436809,-1.3017800785847744,-7.726366955068218,25.35235049116096,-37.61198161093176,54.96,-0.087
FC,-0.31,6.18,"Coulombe, Danny",543056,called_strike,R,0,0,-0.51,0.14,-0.46,3.45,0.6785745316532115,-125.62574626489408,-0.5445080173118284,-5.591159969192133,25.40886007974161,-30.80010330169242,54.82,-0.051
FC,-0.44,6.1,"Coulombe, Danny",543056,hit_into_play,R,1,2,-0.34,0.0,0.58,1.77,3.027931355090033,-123.56750224740368,-3.847872711143036,-4.0891489537275545,22.66689625838189,-31.630134616707664,54.75,-0.071
KC,-1.04,6.34,"Coulombe, Danny",543056,foul,R,1,2,0.22,-1.21,-0.22,2.74,1.3866949487388776,-116.27904626235753,1.0737346741590208,1.6905346205543423,22.387707339738817,-43.58863045392391,54.88,0.0
ST,-0.82,6.28,"Coulombe, Danny",543056,foul,R,1,1,-1.07,-1.03,0.01,1.92,3.86942882830758,-118.46307284026696,-1.2147258246365724,-10.818151225726044,22.349303370051476,-41.911208820251886,54.85,-0.026
ST,-0.73,6.3,"Coulombe, Danny",543056,ball,R,0,1,-1.3,-1.12,1.16,4.61,6.505579053025194,-115.99854362092144,5.032696876182148,-12.945410436360584,21.494137829731194,-43.45338515205145,54.94,0.011
FC,-0.56,6.13,"Coulombe, Danny",543056,foul,R,0,0,-0.36,0.05,-0.94,1.99,-0.1598769933028545,-125.70103579008152,-3.6887607205256248,-3.775961697850728,25.593026147622776,-31.15061176597312,54.76,-0.015
KC,-0.87,6.29,"Coulombe, Danny",543056,hit_into_play,R,2,2,-0.26,-1.37,0.46,3.02,3.267929746906812,-112.75165895748158,2.3897461070087216,-2.8263384395393047,20.588174612399925,-44.5091995129695,54.9,-0.142
SI,-0.82,6.16,"Coulombe, Danny",543056,foul,R,2,2,0.75,0.91,-0.05,2.49,0.3257489046257272,-133.65975275635358,-5.463626407763573,8.927944304678181,26.52103018338284,-20.33087377711488,54.33,0.0
ST,-0.74,6.19,"Coulombe, Danny",543056,swinging_strike,R,2,1,-0.74,-1.05,0.01,0.88,3.0064696692128905,-116.5322144468906,-2.9420390506192398,-7.349958121874611,23.987898100748662,-41.25794518368779,54.94,-0.051
ST,-0.67,6.33,"Coulombe, Danny",543056,ball,R,1,1,-0.98,-0.76,1.19,4.95,5.950483611566222,-118.5613826899599,4.842759259869138,-10.399163517744617,22.515244658876234,-40.52725401722008,55.06,0.037
FC,-0.48,6.18,"Coulombe, Danny",543056,called_strike,R,1,0,-0.28,0.21,-0.53,1.81,0.4446522628137379,-125.12661517290192,-4.546506561283979,-3.051786437561287,23.10457986568977,-29.31511012240268,54.7,-0.031
FC,-0.65,6.18,"Coulombe, Danny",543056,ball,R,0,0,-0.37,0.37,-1.55,1.08,-1.3714302158530964,-126.7698078694138,-6.832331311018338,-3.778968067817887,24.258805318087774,-27.066488013893792,54.72,0.024
FC,-0.41,6.15,"Coulombe, Danny",543056,hit_into_play,L,0,0,0.06,0.29,-0.45,1.87,-0.2097881654613586,-124.54879407543906,-4.3691383376076125,0.6788044020295698,24.52124289310628,-28.548729202043692,54.61,-0.228
FC,-0.88,6.16,"Coulombe, Danny",543056,called_strike,R,3,2,-0.3,-0.13,-0.94,2.28,0.4592093931179095,-125.25865896967312,-2.727603843066907,-3.2640184370903262,24.079962170755035,-33.24728972968313,54.82,-0.131
FC,-0.72,6.15,"Coulombe, Danny",543056,foul,R,3,2,-0.18,0.19,-0.57,2.19,0.7049682016740585,-125.67349926991996,-3.5747905016004005,-2.0270564825605084,25.749994372181867,-29.62570621615656,54.85,0.0
FC,-0.72,6.14,"Coulombe, Danny",543056,swinging_strike,R,3,1,-0.08,0.26,-0.27,1.31,1.2087888591211011,-124.71489096443844,-5.655818560218422,-1.1129369691447133,24.065726272737813,-28.57172238598032,54.79,-0.035
FF,-0.84,6.14,"Coulombe, Danny",543056,called_strike,R,3,0,-0.19,0.99,-0.45,3.4,1.3670928428099205,-131.87888938120895,-3.027294410852005,-2.519559978843278,26.90627780349984,-20.167813497208154,54.81,-0.022
FC,-0.69,6.07,"Coulombe, Danny",543056,ball,R,2,0,-0.23,0.17,0.89,3.95,4.123335126886847,-124.00175214871236,0.9506648621708718,-3.168388205580195,24.572303853612485,-30.85867683516325,54.84,0.046
ST,-0.7,6.32,"Coulombe, Danny",543056,ball,R,1,0,-1.12,-0.82,-0.92,0.69,1.6111127287542917,-118.02152812375034,-4.306364334338431,-10.714497411801078,24.017383063457448,-39.18246712430926,55.03,0.026
FC,-0.58,6.21,"Coulombe, Danny",543056,ball,R,0,0,-0.39,0.0,-1.07,2.34,-0.3941996683344646,-126.79119183395495,-3.1192537817907238,-4.123994751557171,24.515412045736117,-31.818792732135837,54.89,0.016
FF,-0.8,6.19,"Coulombe, Danny",543056,hit_into_play,R,0,1,-0.15,1.15,-0.62,3.79,0.7835202505040408,-134.17883730174674,-2.7756795193264296,-2.009307857445675,25.609543843578376,-17.869357206576094,54.86,-0.139
ST,-0.76,6.22,"Coulombe, Danny",543056,called_strike,R,0,0,-1.11,-0.85,-0.06,2.15,3.702159003734712,-120.79650956865896,-1.1641686883992248,-11.582888471743646,23.727970173567662,-40.50198381443973,55.04,-0.024
FC,-0.75,6.14,"Coulombe, Danny",543056,hit_into_play,R,3,2,-0.28,0.09,0.17,2.23,2.715301369452326,-125.6091808445464,-3.274075622743206,-3.4439659289210893,23.69797216412858,-30.791102619470884,54.98,-0.297
ST,-0.79,6.3,"Coulombe, Danny",543056,ball,R,2,2,-1.44,-1.01,-1.33,1.56,1.5518426333740452,-120.80591004009877,-2.348436269051555,-14.316225172955653,25.089316189120847,-41.71869137410963,54.93,0.093
ST,-0.98,6.22,"Coulombe, Danny",543056,ball,R,1,2,-1.38,-1.12,-1.23,0.55,2.101167206752473,-120.74388417959064,-4.205682007646625,-13.8774290019064,26.60789583997975,-42.295559796388766,54.92,0.036
ST,-0.74,6.31,"Coulombe, Danny",543056,swinging_strike,R,1,1,-1.36,-0.98,-0.56,1.39,2.9939416874056004,-119.38748937201848,-2.5837393754461724,-13.517122184983982,26.110105171163,-41.120079346639095,55.08,-0.049
FC,-0.61,6.16,"Coulombe, Danny",543056,called_strike,R,1,0,-0.25,0.19,0.33,2.08,2.709639960992703,-125.97352118405468,-3.8710957814920426,-3.185809781063339,25.605068707693466,-29.53704941976858,54.91,-0.044
FC,-0.5,6.2,"Coulombe, Danny",543056,ball,R,0,0,-0.06,0.12,-0.4,0.82,0.3320571313865691,-124.28654913785785,-6.527963573621583,-0.649685412898845,27.08852979950672,-29.708246815685627,54.76,0.032
FC,-0.65,6.08,"Coulombe, Danny",543056,hit_into_play,L,3,2,-0.15,0.28,0.0,2.88,1.860431017530872,-127.70079846581498,-2.1884466747913804,-2.0055971076510546,25.820673504799917,-28.911877706924315,54.79,0.098
ST,-0.93,6.16,"Coulombe, Danny",543056,ball,L,2,2,-1.03,-0.79,-0.51,0.93,2.9189597224187342,-120.13469070351114,-3.786743004681013,-10.510090783114991,24.9470837293923,-39.23276527355492,54.74,0.043
FC,-0.6,6.0,"Coulombe, Danny",543056,ball,L,1,2,-0.13,0.23,-0.49,1.04,0.5018539358382331,-124.31874019297663,-5.800368117395477,-1.415862921312825,26.15434692986433,-28.75712780536029,54.65,0.018
KC,-0.99,6.18,"Coulombe, Danny",543056,foul,L,1,2,-0.34,-1.47,-0.06,1.99,2.669639914060528,-116.6475605498591,0.3422623479143638,-3.6935880852582494,26.63665179656912,-45.73641123982894,54.86,0.0
ST,-0.68,6.15,"Coulombe, Danny",543056,called_strike,L,1,1,-1.03,-0.49,-0.45,2.7,2.4757930305075684,-118.93806672570796,-0.230507020141492,-10.214437214304322,23.94359291071573,-36.957985136635045,54.65,-0.026
FC,-0.59,6.07,"Coulombe, Danny",543056,called_strike,L,1,0,-0.15,0.11,-0.71,1.48,0.0285841832447298,-125.7617424153287,-4.883309398690673,-1.615129813495063,26.694858709424253,-30.17878661057332,54.83,-0.019
FF,-0.67,6.03,"Coulombe, Danny",543056,ball,L,0,0,-0.23,1.16,-1.06,1.89,-0.4917844031641317,-134.88653065685264,-7.273571594042339,-2.696993791062475,29.58116933814859,-16.607044314516855,54.57,0.016
FF,-0.79,6.12,"Coulombe, Danny",543056,hit_into_play,R,2,2,-0.02,1.22,-1.27,2.87,-1.1557028586824152,-133.49409978016325,-4.977736036331768,0.0237885683671346,28.357580427378014,-16.72863490278707,54.65,-0.142
SI,-0.95,6.02,"Coulombe, Danny",543056,foul,R,2,2,1.26,0.88,0.02,0.99,-0.2504565641282119,-132.12659977240884,-8.449319626183767,14.67355396962923,32.044804249808465,-20.116366198811523,54.53,0.0
FF,-0.79,6.07,"Coulombe, Danny",543056,swinging_strike,R,2,1,-0.12,1.15,-0.45,2.4,1.0960217331605548,-132.3652977504898,-5.718340534273576,-1.6434525757044387,28.82514775209259,-17.67543494641016,54.7,-0.051
FC,-0.57,6.04,"Coulombe, Danny",543056,swinging_strike,R,2,0,-0.31,0.19,-0.55,2.38,0.6697986537871842,-126.01644399195594,-2.841123611749003,-3.4294465338587026,28.028211829164206,-29.800026944481445,54.88,-0.039
FF,-0.83,6.18,"Coulombe, Danny",543056,ball,R,1,0,-0.09,1.23,-0.06,5.12,2.11890140704104,-132.7524301740317,0.5936407284706459,-1.5612491853842247,30.121310772481383,-18.06648109506368,54.74,0.045
FC,-0.49,6.08,"Coulombe, Danny",543056,ball,R,0,0,-0.41,0.05,-1.03,1.24,-0.418520295530521,-123.30417459544482,-4.968219319850441,-4.111944160971009,26.6922364524212,-30.779538297749816,54.84,0.024
SI,-0.69,6.13,"Coulombe, Danny",543056,called_strike,L,2,2,0.88,1.01,-0.59,2.1,-1.6296940580486994,-133.52126790867877,-6.374140274487716,10.806347267160652,34.12865507961693,-18.902064687262584,54.62,-0.204
FC,-0.56,6.05,"Coulombe, Danny",543056,called_strike,L,2,1,-0.38,0.05,0.45,2.04,3.082966082577414,-123.28396985632784,-3.0545828921830096,-4.533025481816387,26.31127898033636,-31.207095198232786,54.89,-0.063
FC,-0.62,6.17,"Coulombe, Danny",543056,ball,L,1,1,-0.38,-0.13,-1.01,1.49,-0.1458143360892678,-124.5397760507391,-4.400358739237303,-3.8903233867635207,27.351935869951703,-32.75357708411688,54.94,0.05
ST,-0.63,6.17,"Coulombe, Danny",543056,ball,L,0,1,-0.97,-0.59,-0.79,1.28,1.513793680551916,-119.62831058433976,-3.2872163436460005,-9.57992858845174,26.729142671833845,-37.26396533357538,54.77,0.021
FC,-0.34,6.15,"Coulombe, Danny",543056,called_strike,L,0,0,-0.53,0.1,-0.46,2.53,0.7722488547521931,-124.05874991422598,-2.341270536142363,-5.597884235720779,26.30765332529382,-30.924309777063712,54.8,-0.032
FF,-0.95,6.04,"Coulombe, Danny",543056,hit_into_play,R,0,1,0.02,1.28,-0.53,2.77,0.9792874213091836,-132.722379404761,-5.032346310198405,0.0197902833155955,27.493934392220734,-16.190877178631062,54.94,-0.29
ST,-0.81,6.16,"Coulombe, Danny",543056,called_strike,R,0,0,-1.16,-0.84,-0.28,2.09,3.3480132661310003,-118.10354473638564,-0.8457737749101997,-11.453664191755342,24.202667233687905,-40.02335221604056,55.11,-0.048
ST,-0.9,6.21,"Coulombe, Danny",543056,hit_into_play,L,0,2,-0.87,-0.89,0.22,2.5,4.1240210441344,-118.73794606178608,-0.0136054251286807,-9.080776115416532,24.64081404099853,-40.75729662211352,55.15,-0.211
ST,-0.85,6.13,"Coulombe, Danny",543056,foul,L,0,1,-1.21,-0.86,-0.91,2.15,2.174710718387753,-119.8892880596979,-0.8241708165620721,-12.059946414998931,24.588184979179804,-40.46089386149451,55.08,-0.075
FC,-0.7,6.09,"Coulombe, Danny",543056,called_strike,L,0,0,-0.3,0.29,-0.37,3.17,1.344185028583968,-123.424171137471,-1.0939454113192564,-3.306462946674691,24.00813142043317,-29.165510507175725,55.11,-0.047
FC,-0.79,6.09,"Coulombe, Danny",543056,hit_into_play,R,3,2,-0.36,0.13,-0.66,2.76,1.0021798738713992,-124.55287332953112,-1.8756609913716376,-3.958811563009295,23.15479262481096,-30.618914560834085,55.15,-0.558
FC,-0.55,6.04,"Coulombe, Danny",543056,foul,R,3,2,-0.35,0.27,-0.76,1.67,0.2033918610792525,-125.48495093059024,-4.708448344515576,-3.8051512091650506,23.112362678172968,-28.666794627461208,55.02,0.0
FC,-0.71,6.16,"Coulombe, Danny",543056,ball,R,2,2,-0.23,0.06,-0.19,3.51,1.6971762831692372,-125.88185569985929,-0.2488077018088169,-2.791655948777944,25.616400159278346,-31.68979031619015,55.08,0.191
FC,-0.67,6.09,"Coulombe, Danny",543056,swinging_strike,R,2,1,-0.52,0.33,-0.91,1.91,0.4783918537007714,-125.37192904426864,-4.321239409593757,-5.5919921761578575,24.40272774424525,-28.0714786972205,55.0,-0.075
FF,-0.82,6.12,"Coulombe, Danny",543056,ball,R,1,1,-0.16,1.04,0.38,3.3,3.323926134215166,-132.83971111547547,-3.4157427200658312,-2.614146684323066,27.705977290801307,-19.33640622889566,55.04,0.074
FC,-0.61,6.07,"Coulombe, Danny",543056,swinging_strike,R,1,0,-0.17,0.38,-0.98,1.2,-0.5382781722782324,-125.0093793261188,-5.972919204286525,-1.643270682458812,24.911415852024305,-27.15478110635198,54.98,-0.075
FC,-0.76,6.11,"Coulombe, Danny",543056,ball,R,0,0,-0.37,0.34,-1.73,1.08,-1.524607634407821,-125.40446532360178,-6.377227519586917,-3.6374929114844257,23.899515690469748,-27.55791840394606,55.0,0.067
KC,-0.96,6.27,"Coulombe, Danny",543056,hit_into_play,R,0,2,0.13,-1.52,-0.08,2.11,1.6647547508552336,-116.19396426881738,0.5382669543053562,0.8126528813059806,25.789621612456216,-46.13202307826014,54.79,1.038
ST,-0.56,6.18,"Coulombe, Danny",543056,swinging_strike,R,0,1,-0.72,-0.58,-0.13,0.28,2.3698200499166084,-120.9801600320298,-5.758983165043842,-7.5355857572401534,27.840509484089196,-36.74409949694806,54.81,-0.024
FC,-0.27,6.12,"Coulombe, Danny",543056,called_strike,R,0,0,-0.4,0.55,0.76,2.87,3.2287672076429184,-125.6399310799067,-2.5605533439101107,-4.939028729204213,27.6852081760607,-26.07971385467576,54.78,-0.015
FC,-0.41,6.14,"Coulombe, Danny",543056,hit_into_play,L,0,0,0.01,0.23,-0.6,2.59,-0.4703477237657982,-126.35950762606598,-2.7272092762019566,0.1802947069310788,28.234947875417024,-29.34661457386588,54.76,-0.163
FC,-0.51,6.17,"Coulombe, Danny",543056,swinging_strike,L,2,2,-0.31,0.11,-0.44,2.35,0.8072476202012326,-126.32429247618796,-3.1691925910005088,-3.4881224469884207,25.468080475681607,-30.61651270271016,54.63,-0.204
ST,-0.55,6.15,"Coulombe, Danny",543056,ball,L,1,2,-1.02,-0.48,-0.36,1.16,2.3478871013363456,-118.24379540016244,-3.590777106750917,-10.035439513783132,23.81895794116211,-36.1450062875599,54.7,0.036
ST,-0.69,6.23,"Coulombe, Danny",543056,ball,L,0,2,-1.05,-0.84,-1.72,1.14,-0.2856250073686515,-119.08071726898837,-3.198264315660306,-9.860831073845516,25.149129291997102,-39.66980861999477,54.79,0.019
KC,-0.51,6.2,"Coulombe, Danny",543056,swinging_strike,L,0,1,-0.41,-1.59,-0.41,1.75,0.9481841745100464,-113.1348349448322,0.3348588862627295,-3.6863839503450575,23.010708776302238,-45.98564806777878,54.82,-0.047
FC,-0.25,6.16,"Coulombe, Danny",543056,called_strike,L,0,0,-0.02,0.21,-0.11,2.88,0.376817409299822,-126.2840363377196,-2.1100218211203776,-0.2692119698342849,24.854333452647165,-29.73623269408886,54.77,-0.032
ST,-0.96,6.2,"Coulombe, Danny",543056,hit_into_play,L,0,2,-1.19,-0.91,-0.05,1.77,4.312392899381091,-119.6386703606408,-1.7058489573075084,-12.250956206066704,24.512449234456135,-40.76456052685513,54.89,0.277
ST,-0.65,6.14,"Coulombe, Danny",543056,swinging_strike,L,0,1,-1.23,-0.81,-0.73,0.82,2.184471058886466,-119.49132533672696,-3.852295965023107,-12.199551137344391,24.83726303594452,-39.2929696248941,54.84,-0.024
FC,-0.62,6.11,"Coulombe, Danny",543056,called_strike,L,0,0,-0.29,0.08,0.25,2.39,2.589018431074652,-124.33408651039124,-2.6636750961729505,-3.532268042936199,23.194670895557827,-30.99942641377347,54.85,-0.015
FC,-0.75,6.1,"Coulombe, Danny",543056,hit_into_play,R,3,2,-0.11,0.21,-0.08,2.04,1.8143641428116752,-126.33000616412204,-3.915702350384171,-1.5878467566846564,25.44915228976225,-29.369700201050374,54.68,-0.211
ST,-0.89,6.21,"Coulombe, Danny",543056,ball,R,2,2,-1.02,-0.92,0.25,3.99,4.40827434406759,-117.8749425124766,3.4543131631398465,-10.339707597961452,25.534182800338804,-41.68813182253302,55.0,0.069
KC,-0.92,6.19,"Coulombe, Danny",543056,ball,R,1,2,-0.27,-1.7,-1.78,-0.5,-1.376179054557909,-116.908026237048,-4.693767351749,-2.130345845980577,27.8253625288136,-46.62595879914993,54.86,0.026
ST,-1.18,6.14,"Coulombe, Danny",543056,called_strike,R,1,1,-0.74,-0.54,0.18,2.67,4.362707587581965,-117.3391764113151,-0.0024166156506728,-7.6604583224719,24.249028655714568,-37.32790559932513,55.03,-0.04
FC,-0.79,6.14,"Coulombe, Danny",543056,called_strike,R,1,0,-0.21,0.41,-0.53,2.57,1.0363173292086911,-125.4449221306193,-3.0387977818154948,-2.47151318747205,26.00061792113857,-27.429495322769235,54.92,-0.031
ST,-0.69,6.27,"Coulombe, Danny",543056,ball,R,0,0,-0.76,-0.53,0.32,4.34,3.624541122320679,-117.32578072388456,3.3511549385993256,-7.73832036608574,24.16703516058989,-37.98906789018319,55.12,0.024
FC,-0.53,6.14,"Coulombe, Danny",543056,swinging_strike,R,3,2,-0.58,0.04,-1.02,2.62,0.0173532425845245,-125.96947377678644,-2.25674119677278,-6.218778870662795,25.911902500116344,-31.49458447816519,54.78,-0.297
KC,-0.98,6.15,"Coulombe, Danny",543056,ball,R,2,2,-0.5,-1.66,-1.13,-0.89,0.5975958513209564,-116.33846332592012,-5.451727456148935,-4.609027767960434,26.599551326998043,-46.043427025949015,54.77,0.093
ST,-0.68,6.24,"Coulombe, Danny",543056,called_strike,R,2,1,-1.41,-0.72,-0.19,3.37,3.741989536255709,-119.0087612748623,1.454084438757619,-14.071882813985836,23.29240525892095,-39.50002918109285,55.01,-0.063
ST,-0.84,6.19,"Coulombe, Danny",543056,ball,R,1,1,-0.88,-0.73,-1.3,1.9,0.6508540879721094,-119.09505250027738,-1.686633474260541,-8.521991721850638,23.630713243582623,-38.984322481935706,54.9,0.05
FC,-0.56,6.12,"Coulombe, Danny",543056,called_strike,R,1,0,-0.25,0.14,0.44,2.35,2.85699953919027,-126.03625655174396,-3.0780004842436943,-3.2662679328423643,25.17033997304485,-30.22408116054953,54.97,-0.044
SI,-0.62,6.14,"Coulombe, Danny",543056,ball,R,0,0,0.45,0.86,-1.03,2.77,-1.939168440974585,-130.08217158117472,-4.098762921348816,5.518076499796275,25.22872656445849,-21.71385828989301,54.78,0.032
FC,-0.76,6.13,"Coulombe, Danny",543056,hit_into_play,R,3,2,-0.29,0.18,-0.66,2.33,0.824789956407774,-126.75539623453037,-3.307438896909721,-3.3192190149475405,24.646024281215755,-29.825304810487577,54.91,-0.131
FF,-0.77,6.1,"Coulombe, Danny",543056,ball,R,2,2,0.06,1.3,-1.44,2.73,-1.820773862413212,-133.086349994268,-5.4246862412863,1.1308009044733354,26.29214934245368,-15.811639598025067,54.63,0.043
FC,-0.7,6.07,"Coulombe, Danny",543056,foul,R,2,1,-0.44,0.13,0.01,1.57,2.5555276387489467,-125.17481587295411,-4.632344427514568,-5.110583481124354,26.886578661027247,-30.0050327910716,54.78,-0.031
FC,-0.75,6.1,"Coulombe, Danny",543056,ball,R,1,1,-0.41,-0.12,0.27,1.14,3.2265237817320207,-125.21888586887768,-5.223854375201486,-5.016364186171163,26.04905070499429,-32.55967522587007,54.76,0.023
SI,-0.68,6.05,"Coulombe, Danny",543056,foul,R,1,0,0.78,1.14,0.18,2.76,0.4939038519160956,-133.47204493963892,-4.8634008982125625,9.181214474001363,29.2510090425496,-17.745814291748122,54.7,-0.019
ST,-0.59,6.19,"Coulombe, Danny",543056,ball,R,0,0,-1.1,-0.65,-0.34,1.01,2.637195117356079,-118.18070088750125,-3.7212025938938265,-10.850165303611774,22.306354140731493,-37.76777523814609,54.8,0.016
FF,-0.76,6.07,"Coulombe, Danny",543056,called_strike,R,2,2,0.03,1.44,-0.59,2.47,0.3661628980141777,-133.9741444245245,-6.393092977849627,0.2898702823020716,28.86369166319357,-13.601000862932496,54.66,-0.142
FF,-0.66,6.12,"Coulombe, Danny",543056,ball,R,1,2,0.03,1.19,-0.15,4.39,1.2143359535381957,-133.70123792179814,-1.112664900264463,0.1328033088299463,28.933641955915583,-17.888560187700662,54.7,0.026
FC,-0.52,6.12,"Coulombe, Danny",543056,foul,R,1,1,-0.37,-0.15,0.19,2.8,2.4342582190960083,-126.14048529506778,-1.533988026949596,-4.403513678140365,21.97530013204241,-33.65666480727142,54.73,-0.04
ST,-0.61,6.31,"Coulombe, Danny",543056,ball,R,0,1,-0.91,-1.06,2.07,4.18,7.718084631185098,-119.70563289485042,3.753011453148941,-10.306741348816002,25.869118404518535,-43.39740135948587,55.0,0.017
FC,-0.51,6.22,"Coulombe, Danny",543056,called_strike,R,0,0,-0.53,0.21,0.19,2.96,2.7122595572030543,-126.34455159664712,-2.012611396121114,-6.206909603126866,27.012458674952608,-29.71635993575992,54.83,-0.024
FC,-0.54,5.99,"Coulombe, Danny",543056,swinging_strike,R,1,2,-0.32,0.16,-0.04,1.37,1.7905962484614564,-123.08258903928636,-4.727811800104311,-3.618745096965777,23.22915508342079,-29.82365545448937,54.59,-0.326
FC,-0.71,5.94,"Coulombe, Danny",543056,foul,R,1,1,-0.37,0.02,-0.81,2.23,0.5073550984599178,-126.31565438326396,-2.7974754005916296,-4.094057464949088,21.68768184246222,-31.682841690010843,54.76,-0.126
ST,-0.95,6.07,"Coulombe, Danny",543056,ball,R,0,1,-1.16,-0.86,-0.26,1.32,3.781437906800059,-120.1713005261206,-2.6223570912094605,-12.015085430830435,23.186297821947623,-40.22129011021337,54.8,0.056
FC,-0.64,5.98,"Coulombe, Danny",543056,swinging_strike,R,0,0,-0.53,0.01,-1.09,2.06,-0.0013000667506343,-127.67806980086058,-3.41233131213899,-5.857636451543439,23.611839542896984,-31.672585448694655,54.54,-0.081
FF,-0.78,6.02,"Coulombe, Danny",543056,called_strike,R,1,2,-0.29,1.06,-0.73,3.47,0.7503793405536165,-133.54111106678212,-2.942516496751259,-3.635547998362492,24.756067185740417,-18.959313030562416,54.76,-0.443
FF,-0.71,5.94,"Coulombe, Danny",543056,ball,R,0,2,-0.03,1.3,-0.63,3.7,0.2562729654334386,-134.1845586067396,-2.7251624719874044,-0.4204216388294709,26.16762820600479,-15.952282710773964,54.71,-0.046
KC,-0.86,6.09,"Coulombe, Danny",543056,foul,R,0,2,-0.33,-1.64,-0.46,0.71,1.5328082409215376,-118.73337741391305,-2.2774181516113376,-3.402251984613541,25.252749282815987,-47.29667321719516,54.74,0.0
KC,-0.9,6.12,"Coulombe, Danny",543056,foul,R,0,2,-0.51,-1.59,-0.64,3.05,1.5033987088519736,-116.2834218835826,2.9399581007453834,-4.913077019250362,22.87740402231829,-47.39583904616048,54.85,0.0
FC,-0.7,5.98,"Coulombe, Danny",543056,swinging_strike_blocked,R,0,1,-0.39,0.04,-1.12,0.87,-0.2200817877314604,-126.93103769158324,-6.279020129204391,-4.267425693732144,20.869539036113515,-30.87961104768976,54.64,-0.09
FF,-0.67,5.97,"Coulombe, Danny",543056,called_strike,R,0,0,0.21,1.44,0.22,2.8,1.770264394783267,-133.2676419713431,-5.269753610929609,2.268640306315977,24.18769827129354,-14.073508597517264,54.66,-0.081
FC,-0.62,5.99,"Coulombe, Danny",543056,hit_into_play,L,3,2,-0.45,0.03,-0.26,1.78,1.746973629098869,-124.94816425585182,-3.840155519890875,-5.064354105537453,20.972396846150016,-31.41770928132282,54.63,0.425
FC,-0.53,5.96,"Coulombe, Danny",543056,foul,L,3,1,-0.35,0.17,-0.89,2.66,-0.1507112801280598,-122.83160041041954,-1.730245887092398,-3.5024267611116957,21.2478324575844,-30.332314504828933,54.65,-0.103
FC,-0.43,5.95,"Coulombe, Danny",543056,called_strike,L,3,0,-0.33,0.17,0.16,1.99,1.979067407997567,-121.61945711420496,-3.078473696819062,-3.6323590139581015,21.158740527051748,-30.172135139151106,54.9,-0.065
FC,-0.44,6.01,"Coulombe, Danny",543056,ball,L,2,0,-0.38,0.51,-1.31,3.63,-1.244340397007389,-121.98538092609816,-0.0353174578613405,-3.452092866597658,26.440255468112543,-27.377630256308237,54.92,0.128
SI,-0.6,6.03,"Coulombe, Danny",543056,ball,L,1,0,0.73,1.05,0.71,4.51,1.6513001309913695,-129.8269293565029,0.0400615660935758,8.055936208603017,24.58353810457357,-20.451975320770224,54.78,0.066
ST,-0.47,6.14,"Coulombe, Danny",543056,ball,L,0,0,-1.26,-0.67,0.27,3.79,3.8793923304748574,-114.70300853631942,2.9264761138906685,-11.871838127081922,21.48057665634074,-38.894122646548496,54.93,0.044
ST,-0.67,6.18,"Coulombe, Danny",543056,hit_into_play,L,0,2,-1.02,-0.59,-0.85,1.35,1.5443695057254807,-119.69395818709296,-3.212115539753791,-10.055618603086964,24.374377967216056,-37.4342480531648,54.83,-0.398
FC,-0.58,6.03,"Coulombe, Danny",543056,foul,L,0,1,-0.19,0.17,0.22,3.08,2.273877204715829,-125.39985932126278,-1.1787704648064743,-2.4728541602244354,22.97633704627068,-30.322154090202773,54.8,-0.075
SI,-0.66,6.09,"Coulombe, Danny",543056,called_strike,L,0,0,0.5,0.87,0.3,3.27,1.3050123938207638,-130.66702188520316,-2.8131211008768893,5.5019615295175806,27.630607661405644,-21.804095839076773,54.49,-0.064
FC,-0.7,6.05,"Coulombe, Danny",543056,ball,R,3,2,-0.35,0.11,0.15,0.68,2.665468752452584,-123.67502541101996,-6.452023033490717,-4.151635192824695,24.44422672994503,-29.97310572064061,54.69,0.343
SI,-0.9,6.0,"Coulombe, Danny",543056,ball,R,2,2,1.04,0.98,-0.14,1.12,-0.2936099715228058,-129.68497018137816,-8.000132297330627,11.78937660426135,26.001862559990617,-19.72754793984172,54.45,0.093
ST,-0.82,6.19,"Coulombe, Danny",543056,ball,R,1,2,-0.8,-0.58,-0.28,0.84,2.703928147735813,-118.63947279785644,-4.239485361047631,-8.050332301004028,24.47827994496927,-36.98213220575314,54.74,0.036
KC,-0.83,6.23,"Coulombe, Danny",543056,foul,R,1,1,-0.6,-1.41,-0.63,2.17,1.5070913886204456,-113.81565416799371,0.7014177907111339,-5.471814385078661,20.807391787803887,-44.81283763413478,54.73,-0.049
FC,-0.52,6.12,"Coulombe, Danny",543056,foul,R,1,0,-0.04,0.32,-0.03,2.35,1.2371581783808825,-124.77261247834625,-3.32026674413353,-0.657331465817238,23.113749417407515,-28.364514610362992,54.7,-0.044
FC,-0.54,6.11,"Coulombe, Danny",543056,ball,R,0,0,-0.02,0.31,-0.18,1.02,0.8712073536038424,-124.94354417067028,-6.38277074404918,-0.3549479763289443,24.06323051713168,-27.924205387459896,54.62,0.032
SI,-0.57,6.11,"Coulombe, Danny",543056,hit_into_play,L,1,0,0.44,1.0,0.33,2.77,1.2829068265999075,-131.49300260484432,-4.4403675130311,4.821959020668098,28.79348597787927,-19.81109900262566,54.73,-0.116
FC,-0.39,6.12,"Coulombe, Danny",543056,ball,L,0,0,-0.46,0.24,0.72,0.87,3.47232060248695,-123.51339090189096,-6.447546335097686,-5.358928974352322,22.190269692714818,-28.747471542712017,54.63,0.016
FF,-0.84,6.17,"Coulombe, Danny",543056,ball,R,3,0,0.06,1.6,0.03,5.81,1.9716174472072776,-128.54100400159504,1.9273067423897263,0.1580093240285749,30.501942055791453,-15.295874120467523,54.88,0.113
SI,-0.76,6.12,"Coulombe, Danny",543056,ball,R,2,0,1.78,1.25,1.69,4.41,2.271420147975776,-129.59729015338047,-0.6217570284003693,18.9988280697464,34.65104027558535,-18.51841871320313,54.68,0.086
SI,-0.59,6.12,"Coulombe, Danny",543056,ball,R,1,0,1.67,1.14,1.55,2.74,1.7493155102719906,-130.214335693366,-4.60063668793414,18.300438008103857,31.981667811536248,-18.51942538480244,54.64,0.045
SI,-0.71,6.18,"Coulombe, Danny",543056,ball,R,0,0,1.0,1.05,0.16,5.26,0.0400593710228459,-132.20780594305958,1.3939284847011233,11.551393584344904,32.108987014436174,-20.53138161580568,54.68,0.024
SI,-0.77,6.2,"Coulombe, Danny",543056,hit_into_play,R,1,1,0.9,1.03,-0.12,2.67,-0.298352293257486,-132.1023358369017,-5.02082619623336,10.557450501696058,31.07802491442632,-19.292985045667294,54.71,-0.216
ST,-0.74,6.22,"Coulombe, Danny",543056,ball,R,0,1,-0.84,-0.87,-1.28,1.3,0.4016530626025074,-119.73508972148484,-2.838086504597064,-8.042042488056776,26.556619454948347,-40.07272043787786,54.66,0.021
ST,-0.75,6.17,"Coulombe, Danny",543056,swinging_strike,R,0,0,-0.66,0.3,-1.04,-0.29,0.5888449108716678,-119.45826698162765,-8.461526494147483,-6.344225064190932,26.87108797418243,-27.68681718849162,54.83,-0.032
FC,-0.43,6.07,"Coulombe, Danny",543056,hit_into_play,L,2,0,-0.19,0.42,-0.81,1.54,-0.5077742827256022,-124.50923931742184,-5.238342855773138,-1.88388359652392,23.13510678145149,-27.05007033078361,54.77,-0.3
SI,-0.53,6.09,"Coulombe, Danny",543056,ball,L,1,0,1.28,1.11,1.3,2.69,1.8435615910775816,-132.42103036825057,-4.98519617447892,14.68126576272506,27.617219849793464,-18.228020883872446,54.75,0.044
SI,-0.28,6.16,"Coulombe, Danny",543056,ball,L,0,0,1.04,0.92,1.34,3.57,1.802876207591491,-132.41890374589624,-2.578515507047057,11.929726068151007,26.86535302050573,-20.93949316812732,54.7,0.027
ST,-0.8,6.14,"Coulombe, Danny",543056,swinging_strike,R,3,2,-0.9,-0.63,-1.34,1.06,0.507294425269779,-123.18682742441705,-4.203528383038451,-9.19969534104443,25.721277072447972,-37.8741113134911,54.79,-0.348
KC,-0.83,6.21,"Coulombe, Danny",543056,ball,R,2,2,-0.43,-1.61,-1.7,0.68,-1.0968591232502338,-117.09022620026636,-2.3611712778677663,-3.6015827652528736,27.34442635543005,-46.40576857961338,54.84,0.071
FC,-0.44,6.08,"Coulombe, Danny",543056,foul,R,2,1,-0.47,0.54,-0.95,2.92,-0.2708497132259619,-127.07461727174952,-2.537514546537829,-4.995362460125189,26.528334541402277,-26.06805043607599,54.89,-0.067
KC,-0.82,6.3,"Coulombe, Danny",543056,ball,R,1,1,-0.45,-1.42,-0.05,3.68,2.4727873162098963,-114.45846221143992,3.844455845115669,-4.4291098061588645,24.495139683687665,-45.60553686533127,54.73,0.049
ST,-0.61,6.23,"Coulombe, Danny",543056,called_strike,R,1,0,-0.81,-0.54,0.54,2.66,4.132266587597831,-119.8420005637641,-0.5057186385131629,-8.659477889931583,24.682567306763573,-37.473102573357686,55.0,-0.039
ST,-0.56,6.25,"Coulombe, Danny",543056,ball,R,0,0,-1.2,-0.63,-1.04,2.43,1.2075473839472426,-119.80242999696588,-0.8781589692069992,-11.731822626062812,24.785898140941917,-38.2659047344938,54.89,0.027
FC,-0.47,6.13,"Coulombe, Danny",543056,hit_into_play,L,1,0,-0.31,0.36,-0.26,2.84,1.0902075315485489,-124.85517495308144,-2.2710855333363344,-3.4735382202925047,23.61203172131362,-28.211537288618285,54.92,-0.342
FC,-0.54,6.12,"Coulombe, Danny",543056,blocked_ball,L,0,0,-0.06,0.25,-1.65,0.54,-2.504540531091536,-126.50289275101004,-7.571819646440118,-0.1292637638185139,28.20024719297066,-28.065109996498144,54.71,0.044
FC,-0.55,5.99,"Coulombe, Danny",543056,hit_into_play,R,1,2,-0.21,0.13,-0.52,1.54,0.4888547185186164,-124.14704295797983,-4.4366795082271295,-2.2821436794989136,23.75445073328048,-30.158810833885266,54.58,1.029
KC,-0.81,6.09,"Coulombe, Danny",543056,foul,R,1,2,-0.5,-1.69,-0.32,1.81,2.019613858240348,-118.02425790359064,0.3818370691436963,-5.06245901363171,26.501785764665048,-48.088121196519936,54.78,0.0
ST,-0.81,6.03,"Coulombe, Danny",543056,foul,R,1,1,-1.24,-0.45,-1.11,2.04,1.6853468016319515,-120.76523314700746,-1.7968721247548838,-12.437671064708107,22.812181541123014,-36.48532503631135,54.85,-0.026
FF,-0.87,5.95,"Coulombe, Danny",543056,ball,R,0,1,-0.06,1.42,-1.08,2.24,-0.4043495133655241,-134.54372686048234,-6.723500055292007,-0.6964965626877928,27.45996487377581,-13.66911018375694,54.51,0.011
ST,-0.69,6.09,"Coulombe, Danny",543056,called_strike,R,0,0,-1.02,-0.55,-0.13,1.48,3.265111423944226,-121.2035636370524,-3.011490918500664,-10.714320485380512,24.484844848029574,-37.15414265044694,54.84,-0.015
KC,-0.97,6.04,"Coulombe, Danny",543056,hit_into_play,L,1,2,-0.37,-1.73,-0.21,2.07,2.367120854764265,-117.36404948922537,1.200609752264412,-3.92722831320632,25.944104291746463,-48.45096013592957,54.89,-0.116
ST,-0.71,6.06,"Coulombe, Danny",543056,swinging_strike,L,1,1,-1.1,-0.12,-1.03,2.35,1.397121986863061,-121.15776587081618,-1.8439462745819195,-11.105341421841834,23.5011655374778,-33.172128804380755,54.9,-0.04
ST,-0.82,6.12,"Coulombe, Danny",543056,ball,L,0,1,-1.39,-0.34,-1.0,3.78,2.248136047874689,-119.898851794755,1.847590877849536,-13.802980842727436,24.360568797484955,-36.01212591928088,55.0,0.017
FC,-0.65,6.07,"Coulombe, Danny",543056,swinging_strike,L,0,0,-0.27,0.09,-0.75,2.24,0.3044553008162765,-124.7036234357789,-2.940088703058392,-2.8533252978593886,25.514721351352406,-30.810536580906025,54.82,-0.024
SI,-0.77,5.93,"Coulombe, Danny",543056,hit_into_play,L,2,2,1.03,0.81,0.56,2.33,1.1263962033061463,-133.57116075358016,-4.978493805274299,12.000850807679251,30.155798589825785,-21.59666318680018,54.41,-0.204
SI,-0.67,6.01,"Coulombe, Danny",543056,ball,L,1,2,0.56,1.01,-0.21,3.96,-0.0378532214938108,-132.6832485315111,-1.3980934569416488,6.566982294510655,30.22922577294977,-20.17119326114312,54.5,0.036
KC,-0.97,6.06,"Coulombe, Danny",543056,foul,L,1,2,-0.64,-1.81,-0.55,1.0,2.062615283296762,-114.70711279355008,-0.662040558274742,-5.988623172715501,25.984096606242154,-48.03794610530223,54.83,0.0
ST,-0.58,6.09,"Coulombe, Danny",543056,foul,L,1,1,-1.29,-0.58,-0.38,2.83,2.8471109244550465,-117.31962766348224,0.5763232766895536,-12.37531135583433,24.285637001456603,-37.85345101709085,54.87,-0.049
ST,-0.67,6.1,"Coulombe, Danny",543056,ball,L,0,1,-1.19,-0.36,-1.31,0.92,0.8524118153811817,-120.47423501780752,-4.529821409263266,-11.706758301450188,25.7624514716018,-34.9407010141964,54.76,0.021
ST,-0.48,6.06,"Coulombe, Danny",543056,called_strike,L,0,0,-0.7,-0.49,-0.53,2.48,1.2180347486380902,-118.76327354740216,-0.4855049791365211,-6.799709068324587,23.95745941708778,-36.91059637686008,54.78,-0.032
SI,-0.76,5.93,"Coulombe, Danny",543056,called_strike,L,1,2,0.47,0.77,-0.62,2.49,-0.6416881159154751,-132.3803296056137,-4.401676941670215,5.707426536858335,25.652677057707567,-22.421517346677607,54.63,-0.071
KC,-0.77,6.09,"Coulombe, Danny",543056,foul,L,1,2,0.01,-1.69,0.52,2.97,2.8021029779401085,-116.39854242835874,3.142588476243402,-0.5672083270423306,26.899239794442177,-48.29721683845222,54.75,0.0
ST,-0.6,5.96,"Coulombe, Danny",543056,swinging_strike,L,1,1,-0.89,-0.27,0.2,2.51,3.501273159003215,-120.23597185171208,-0.8605970455724795,-9.30882757623726,22.038757326119597,-34.83908799107972,54.85,-0.026
KC,-0.74,6.02,"Coulombe, Danny",543056,ball,L,0,1,-0.26,-1.72,0.53,3.46,3.220112099732884,-115.79939467998862,4.342492409540081,-2.9291235522373995,23.129612247495658,-48.67555767544481,54.87,0.011
FC,-0.44,5.9,"Coulombe, Danny",543056,called_strike,L,0,0,-0.2,0.2,-0.49,1.72,0.2927561350683844,-126.397376054662,-4.230321918667354,-2.165656981587176,23.890156667944773,-29.465592528656323,54.63,-0.015
KC,-0.78,6.11,"Coulombe, Danny",543056,called_strike,R,1,2,-0.35,-1.96,-0.21,2.76,1.898408181548675,-115.1857208109832,3.319844288126069,-3.477011172381543,27.506725103606986,-50.35118836643043,54.41,-0.116
ST,-0.72,6.04,"Coulombe, Danny",543056,foul,R,1,2,-0.99,-0.61,-0.19,1.85,3.1458178715586773,-121.07410346176202,-1.8759138585031776,-10.378854939253037,26.654642166472076,-37.90512888152003,54.61,0.0
ST,-0.56,5.97,"Coulombe, Danny",543056,swinging_strike,R,1,1,-1.24,-0.57,-1.17,0.39,1.0116711097230926,-118.96566344444425,-4.916429422842285,-12.02484177601296,21.62766017309309,-36.9016222590574,54.7,-0.04
ST,-0.76,6.04,"Coulombe, Danny",543056,ball,R,0,1,-0.85,-0.44,0.65,3.5,4.809197787658117,-119.5071945745892,1.603582510145904,-9.014363440440809,22.124605167101684,-36.92148404359027,54.48,0.017
FC,-0.46,5.91,"Coulombe, Danny",543056,swinging_strike,R,0,0,-0.06,0.41,-0.73,1.03,-0.5239155885769131,-126.8962896090369,-6.536519160359576,-0.5789216066882289,21.25599615404711,-26.757712800714625,54.11,-0.024
KC,-0.85,6.03,"Coulombe, Danny",543056,swinging_strike,R,2,2,-0.35,-1.56,-0.01,1.63,2.5140177593915136,-116.85738523060093,-0.0113465945125519,-3.689701429255997,24.97220452785611,-46.54440991648908,54.42,-0.204
ST,-0.62,6.04,"Coulombe, Danny",543056,foul,R,2,2,-0.84,-0.27,-0.65,1.46,1.5762214973587794,-121.89561429269176,-3.623943895694428,-8.67612555100962,22.8901312541075,-34.44700124618763,54.51,0.0
KC,-0.77,6.09,"Coulombe, Danny",543056,ball,R,1,2,-0.5,-1.69,1.05,2.21,4.876776487432804,-116.00966996929093,1.429571680918223,-5.500183606744473,24.04117787649469,-47.88013927714029,54.93,0.036
ST,-0.67,6.02,"Coulombe, Danny",543056,foul,R,1,1,-1.13,-0.43,-0.81,2.36,1.8645798331907224,-121.09542873577162,-1.1692841978479451,-11.554810590547538,21.24018505563889,-36.39961404377581,54.93,-0.049
SI,-0.65,5.99,"Coulombe, Danny",543056,foul,R,1,0,0.98,0.99,-0.26,3.4,-1.1248800708891762,-133.4589832531797,-2.778486992768761,11.870594036365114,31.114830306104984,-20.052462546689743,54.23,-0.044
ST,-0.65,6.06,"Coulombe, Danny",543056,ball,R,0,0,-1.22,-0.59,-0.68,0.69,2.22839687422418,-118.16052213096008,-4.250144766755741,-11.81907680931501,22.339396406982395,-37.13286967365955,54.74,0.032
ST,-0.95,6.06,"Coulombe, Danny",543056,swinging_strike,R,2,2,-0.99,-0.97,-0.87,1.62,2.061061648587158,-118.85059866430124,-1.4839973700333509,-9.69848208980336,25.463143492613725,-41.23549575512212,54.74,-0.721
FC,-0.54,6.11,"Coulombe, Danny",543056,foul,R,2,1,-0.54,0.04,-0.11,2.68,2.083535043021251,-125.12162282096789,-1.9499872554381787,-6.063006124616902,25.19805029917491,-31.54106550464867,54.84,-0.122
FC,-0.65,6.04,"Coulombe, Danny",543056,called_strike,R,2,0,-0.35,0.09,0.39,3.55,3.127727129366637,-124.3038022432984,0.2174816471364824,-4.275251451648991,23.935992844221417,-31.48543615567043,54.77,-0.239
ST,-0.61,6.12,"Coulombe, Danny",543056,ball,R,1,0,-1.05,-0.67,0.61,3.97,4.653012828936207,-117.96001511985516,3.0876076850194694,-10.654621240093794,23.83155310216493,-39.28002361447116,54.89,0.226
FC,-0.69,6.09,"Coulombe, Danny",543056,ball,R,0,0,-0.54,-0.01,-1.33,2.8,-0.4192469181954658,-124.67598659339085,-1.5023045402711723,-5.556101208012168,24.59455279765024,-32.15682334258089,54.79,0.086
KC,-0.93,6.14,"Coulombe, Danny",543056,hit_into_play,R,0,2,-0.25,-1.78,0.32,1.13,3.191176675582422,-115.97300656625684,-0.7754998832864171,-2.944744857982884,26.483509446991327,-48.06483951625691,54.78,-0.419
ST,-0.77,6.09,"Coulombe, Danny",543056,called_strike,R,0,1,-0.81,-0.74,0.85,2.49,5.079276161166125,-117.68678663102062,-0.003507533304043,-8.450351785677446,22.20338426990513,-39.23050774748414,54.85,-0.215
FC,-0.37,6.08,"Coulombe, Danny",543056,foul,R,0,0,-0.46,-0.03,-0.25,1.83,1.184581237235356,-125.36118038954848,-3.7570546982161215,-5.048302915766813,25.174407001049605,-31.95842594836126,54.78,-0.121
FC,-0.55,6.07,"Coulombe, Danny",543056,hit_into_play,L,0,0,-0.48,-0.1,-0.17,3.3,1.826400518751873,-123.82665183549732,-0.004618735877756,-5.275437297651763,23.96174743755359,-33.41857670462912,54.89,-0.476
SI,-0.51,5.99,"Coulombe, Danny",543056,hit_into_play,R,2,1,0.89,0.9,0.26,1.64,0.0091707867326915,-131.70731848813975,-6.765674254738984,10.320068153361106,29.00449864073503,-20.472111522019016,54.55,-0.12
SI,-0.46,6.06,"Coulombe, Danny",543056,ball,R,1,1,0.59,1.13,-0.6,3.49,-1.6175225857254052,-132.95660970135867,-2.953646323989227,7.294335907804904,29.81902267655947,-18.406024343286237,54.66,0.023
FF,-0.6,5.97,"Coulombe, Danny",543056,foul,R,1,0,-0.01,1.08,-0.5,2.33,0.2730848632075012,-132.48365379857762,-5.545726967007211,-0.2143857123846528,27.131637760431488,-18.49048174177964,54.46,-0.019
FC,-0.4,6.02,"Coulombe, Danny",543056,ball,R,0,0,-0.29,0.23,-0.5,3.42,0.3461074588694813,-127.09505052046045,-0.6387601799087146,-3.212402995954585,24.38392303066784,-29.75216447356544,54.78,0.016
KC,-0.67,6.14,"Coulombe, Danny",543056,called_strike,L,1,2,-0.29,-1.41,-0.48,1.62,0.9644216807465422,-115.74991976635457,-0.4461965522835429,-2.8290824076619,24.471927945485675,-44.83340589049829,54.74,-0.116
ST,-0.35,6.13,"Coulombe, Danny",543056,foul,L,1,1,-1.16,-0.45,-0.01,2.51,2.985498470755459,-119.90413079350762,-0.8184029543065632,-11.738168311729853,23.068984185831685,-36.62000516238291,54.83,-0.04
FC,-0.49,6.06,"Coulombe, Danny",543056,called_strike,L,1,0,-0.39,0.25,-0.35,3.57,1.1092266029311546,-125.72989607235137,-0.2503017809878599,-4.3463648338742535,24.247785226948164,-29.681737913157693,54.87,-0.031
ST,-0.49,6.13,"Coulombe, Danny",543056,ball,L,0,0,-1.43,-0.57,-1.8,-0.17,-0.1749185142358729,-119.13946111449282,-6.470118531583273,-13.543520453565508,24.60052829991309,-36.422267992426974,54.68,0.024
KC,-0.69,6.22,"Coulombe, Danny",543056,hit_into_play,R,2,2,-0.42,-1.7,0.07,2.44,2.387298152869326,-113.47364342770469,1.9599901211658,-4.07186830274288,24.034019176085906,-47.381606376706046,54.82,-0.088
SI,-0.56,6.04,"Coulombe, Danny",543056,foul,R,2,1,0.44,1.05,-0.59,2.46,-0.9915211215402944,-129.22402374333342,-4.904477467800566,5.161567174122372,28.148453030898057,-19.562713554561885,54.32,-0.031
FC,-0.42,6.04,"Coulombe, Danny",543056,foul,R,2,0,-0.43,0.0,-0.64,1.64,0.3261951470431439,-122.72637892622105,-3.826268540227077,-4.39630601424584,24.29860301868477,-31.649320138648225,54.59,-0.022
FC,-0.26,6.13,"Coulombe, Danny",543056,ball,R,1,0,-0.33,-0.03,-0.14,3.4,0.9244143281197604,-121.95381285653166,0.2114733356214426,-3.4944591262681994,26.622721964055383,-32.74742036561817,54.76,0.026
ST,-0.41,6.08,"Coulombe, Danny",543056,ball,R,0,0,-1.06,-0.45,-0.74,1.05,1.2679584624759876,-117.19140529918758,-3.430104942243462,-9.923600424503116,27.8268061955133,-35.735399138307464,54.79,0.016
SI,-0.45,6.06,"Coulombe, Danny",543056,called_strike,L,1,2,0.71,1.26,-0.57,2.46,-1.8214632875885888,-131.85749496508512,-5.732360417354792,8.681900790530811,27.961099041592316,-16.475643570988193,54.37,-0.116
FC,-0.26,6.08,"Coulombe, Danny",543056,ball,L,0,2,-0.29,-0.21,-0.37,0.83,0.3123146456969306,-124.10210562435792,-5.518238035707608,-3.063144930888434,26.64400251609276,-33.36164926351048,54.71,0.013
ST,-0.39,6.11,"Coulombe, Danny",543056,called_strike,L,0,1,-0.93,-0.58,0.57,2.56,3.8803203973854727,-118.77294452921184,-0.251247178830096,-9.51277757892488,24.292401284284427,-37.83419991471673,54.78,-0.035
SI,-0.41,6.13,"Coulombe, Danny",543056,called_strike,L,0,0,0.54,1.38,0.36,3.19,0.7545361278306545,-129.88844215937385,-4.108808626120483,5.941476526676464,27.52158050218129,-15.896060660063236,54.44,-0.024
FC,-0.32,6.17,"Coulombe, Danny",543056,hit_into_play,R,0,0,-0.59,0.08,-0.68,2.15,0.3215987530864459,-123.79444031597052,-3.277829665269953,-6.116196959862367,24.14353866466122,-30.91913959548207,54.64,-0.228
ST,-0.43,6.12,"Coulombe, Danny",543056,swinging_strike_blocked,L,0,2,-1.29,-0.43,-1.24,1.09,0.6522980607656756,-119.3327594103996,-3.914009243397314,-12.356133481938976,24.853170474077157,-35.62704093700786,54.68,-0.142
FC,-0.44,6.13,"Coulombe, Danny",543056,foul,L,0,1,-0.39,0.04,-0.38,2.06,0.9161453058539446,-123.3923577361066,-3.3067773326776724,-4.230193661480175,21.16730054481812,-31.332259681551623,54.83,-0.045
FC,-0.59,6.08,"Coulombe, Danny",543056,called_strike,L,0,0,-0.52,0.25,-0.17,2.2,1.994450207136376,-121.9961195071496,-3.079028335637137,-5.610113526406213,22.870097486617787,-29.248111622914784,54.49,-0.042
ST,-0.6,6.15,"Coulombe, Danny",543056,hit_into_play,R,3,2,-0.91,-0.69,0.0,2.17,3.101464387292441,-120.1272093282287,-1.1523469875678982,-9.44812921959511,25.31050290023412,-38.79007842712399,54.71,-0.271
FF,-0.55,6.03,"Coulombe, Danny",543056,foul,R,3,2,0.2,0.81,-0.41,3.39,-0.0942128486676881,-131.96417925748813,-2.415369043395222,2.3617668040450788,27.31689632332255,-22.40894836891423,54.61,0.0
FC,-0.43,6.15,"Coulombe, Danny",543056,foul,R,3,2,-0.19,0.42,-1.61,2.48,-2.450418841429601,-128.2833570144688,-3.715101316480065,-1.606711558059328,25.30772196632641,-26.93911300559461,54.69,0.0
ST,-0.71,6.18,"Coulombe, Danny",543056,ball,R,2,2,-1.16,-0.56,-1.55,0.95,0.3545939950781784,-119.8235817938796,-4.225526025323274,-11.258096260128426,23.61326640674509,-36.94822145488673,54.67,0.071
KC,-0.73,6.15,"Coulombe, Danny",543056,ball,R,1,2,-0.45,-1.44,-0.11,3.66,2.174302884617189,-115.70247321069358,3.9811125540549,-4.447755989806736,22.287856122055043,-46.09637843232906,54.74,0.03
FC,-0.57,6.04,"Coulombe, Danny",543056,blocked_ball,R,0,2,-0.35,0.01,-1.16,-0.39,-0.6765557085775902,-123.37527171413063,-8.723848162514912,-3.4609705723965907,22.83889629528717,-30.62807500925466,54.5,0.026
KC,-0.83,6.13,"Coulombe, Danny",543056,foul,R,0,2,-0.42,-1.42,0.13,3.26,2.8446961492213627,-114.80711340189876,3.2408995252689863,-4.266782068894553,23.738779646542337,-45.56267917012703,54.75,0.0
ST,-0.77,6.17,"Coulombe, Danny",543056,swinging_strike,R,0,1,-1.05,-0.89,-1.11,1.46,1.2655074558922024,-120.3473186771714,-2.4450809886616343,-10.418745452336209,25.39191277531053,-40.480983853841046,54.66,-0.045
FC,-0.4,6.12,"Coulombe, Danny",543056,called_strike,R,0,0,-0.53,-0.01,-0.93,2.9,-0.1692904441127863,-125.44254969714422,-1.40388472884964,-5.599459722948687,24.145975608133515,-32.25784447032479,54.7,-0.042
ST,-0.63,6.15,"Coulombe, Danny",543056,hit_into_play,R,2,1,-0.71,-0.7,-0.11,2.52,2.5311262197973265,-120.57157445872228,-0.3897215323126968,-7.4266105069689505,25.775523017343488,-39.064863223020666,54.94,0.11
ST,-0.6,6.16,"Coulombe, Danny",543056,ball,R,1,1,-1.06,-0.49,-1.67,1.54,-0.3858582783147953,-121.63149635414902,-3.213572959862562,-10.416850662335625,25.289217201526235,-36.56446995939884,54.66,0.023
FC,-0.26,6.03,"Coulombe, Danny",543056,called_strike,R,1,0,-0.56,0.08,0.4,2.73,2.6945417981216764,-125.22420473769814,-1.7306526959763102,-6.476312903632976,25.39655239892929,-31.22452033837354,54.79,-0.019
FC,-0.5,6.12,"Coulombe, Danny",543056,ball,R,0,0,-0.67,0.09,-1.88,2.08,-1.9052597255477948,-126.33165960228013,-3.637431280440422,-6.784398439389632,25.683141079757803,-30.708900757799608,54.73,0.016
KC,-0.81,6.17,"Coulombe, Danny",543056,swinging_strike,L,1,2,-0.11,-1.76,0.39,2.02,2.748939053036768,-113.01073877722864,1.3306376987945046,-1.4885251496104517,24.42284613304777,-47.56183200118748,54.74,-0.116
SI,-0.49,6.11,"Coulombe, Danny",543056,foul,L,1,1,0.83,1.24,-0.18,3.47,-0.981432283074612,-132.57137841214268,-3.3318386106359754,9.893609694687692,31.11391312745861,-17.082729209784773,54.65,-0.04
ST,-0.53,6.14,"Coulombe, Danny",543056,ball,L,0,1,-1.03,-0.36,-1.15,1.58,0.5957750358131685,-121.63434706966429,-3.2728333791143336,-10.226265639469602,26.85754980143102,-35.2459203433589,54.67,0.017
FC,-0.31,6.1,"Coulombe, Danny",543056,called_strike,L,0,0,-0.3,0.16,-0.98,3.2,-0.983071618099056,-126.08384476859898,-1.0124124226830686,-2.9831479690949885,27.429685325159884,-30.525964762162623,54.77,-0.024
FC,-0.33,6.08,"Coulombe, Danny",543056,hit_into_play,R,3,2,-0.33,0.14,0.56,2.39,2.751985992677056,-124.93788479064064,-2.67442786874017,-4.102239670994299,28.648088065734083,-30.33691184486891,54.75,-0.297
SI,-0.63,6.02,"Coulombe, Danny",543056,ball,R,2,2,0.87,1.14,-1.08,1.76,-2.942745080280784,-131.2983082015528,-6.970418730632351,10.640629117644863,29.85257633296085,-17.731729882241755,54.59,0.093
FC,-0.53,6.15,"Coulombe, Danny",543056,foul,R,2,2,-0.55,0.1,-1.38,3.27,-0.8823396853128126,-125.30515312357502,-0.7819221591103952,-5.60104300439827,26.39699752337181,-31.196657611838557,54.79,0.0
KC,-0.73,6.17,"Coulombe, Danny",543056,ball,R,1,2,-0.17,-1.85,-0.68,1.02,0.4432217306154432,-115.68763370253596,-0.9008310245639514,-1.6406956731640605,26.90310095993245,-48.49889975687851,54.69,0.036
KC,-0.59,6.23,"Coulombe, Danny",543056,foul,R,1,2,-0.36,-1.87,0.33,2.28,2.65655810104532,-115.34908278035314,1.7992910786010232,-3.818259350761796,27.681138446948182,-49.174999407964926,54.79,0.0
ST,-0.42,6.18,"Coulombe, Danny",543056,foul,R,1,1,-1.18,0.12,-0.21,2.4,2.7127879208163863,-120.14984268094572,-2.277716523905921,-11.893777283288012,24.791234113037337,-30.816665037425125,54.9,-0.049
FC,-0.46,6.13,"Coulombe, Danny",543056,ball,R,0,1,-0.16,0.2,-1.58,1.7,-2.3144255764408395,-125.35307753219416,-4.636172557914963,-1.143518104055831,26.526504936716258,-29.320783281381583,54.7,0.021
FC,-0.26,6.15,"Coulombe, Danny",543056,called_strike,R,0,0,-0.25,0.27,0.11,1.84,1.3680559585379557,-125.2828153492268,-4.527312753012901,-2.887158620237714,24.74858376545631,-28.68187590354901,54.78,-0.032
