pitch_type,release_pos_x,release_pos_z,player_name,pitcher,description,stand,balls,strikes,pfx_x,pfx_z,plate_x,plate_z,vx0,vy0,vz0,ax,ay,az,release_pos_y,delta_run_exp
SI,-1.9,5.06,"Domínguez, Seranthony",622554,hit_into_play,L,3,1,-1.38,0.56,-0.78,1.76,6.273013788887479,-142.3069130299844,-4.741782963093405,-20.258297207328955,32.786754102307185,-23.67528477255261,53.61,-0.4
SI,-1.76,5.21,"Domínguez, Seranthony",622554,called_strike,L,3,0,-1.16,0.77,-0.13,1.88,7.104133118201257,-142.55794453196197,-5.35003093825066,-17.364214190122016,30.597983442386,-20.657068907208565,53.82,-0.035
SI,-1.99,5.22,"Domínguez, Seranthony",622554,ball,L,2,0,-1.07,0.72,-1.47,4.66,3.918163395912634,-143.02196529912626,2.2993998559276188,-15.561277194342807,32.484750857349326,-23.00286733438073,53.72,0.053
SL,-1.98,5.24,"Domínguez, Seranthony",622554,ball,L,1,0,0.67,0.11,-0.52,1.2,2.2544230197772426,-132.39167934289355,-4.55710105483818,7.51994896962707,24.41144748888241,-30.234720214250142,53.84,0.044
SI,-1.98,5.13,"Domínguez, Seranthony",622554,ball,L,0,0,-1.15,0.75,-1.48,2.88,4.08782287885505,-143.69382770308425,-2.473668410986865,-16.852544816406624,30.803404193810945,-21.35647520143024,53.71,0.027
SL,-1.7,5.29,"Domínguez, Seranthony",622554,swinging_strike,R,1,2,0.9,0.62,1.1,2.43,4.9401916541770365,-127.8561850855392,-2.1558676399298218,8.908762521876985,24.865425848721507,-25.105529661718005,53.92,-0.214
SL,-1.81,5.27,"Domínguez, Seranthony",622554,called_strike,R,1,1,1.0,0.34,0.39,1.86,3.203096404419114,-125.4527704286018,-2.5847150792938747,9.994526693207296,24.738311256130885,-28.32009469496189,53.87,-0.07
SL,-1.76,5.4,"Domínguez, Seranthony",622554,ball,R,0,1,0.71,0.76,1.06,3.53,5.340483849974063,-127.05570295382032,0.0036381365420565,6.855024146696306,22.54548140016383,-24.00245714632528,53.91,0.031
SL,-1.93,5.29,"Domínguez, Seranthony",622554,called_strike,R,0,0,0.62,0.07,-0.35,2.27,2.621412007773147,-131.2644361272802,-1.7805679556319451,6.687811337144525,25.551185997319426,-31.15181851986836,53.94,-0.042
FF,-1.99,5.34,"Domínguez, Seranthony",622554,ball,L,3,2,-0.57,1.14,-0.61,3.83,5.094128373274322,-142.5770114467591,-1.2651282240903885,-8.932714236835144,30.529618330202226,-16.492806135722148,53.63,0.219
FF,-1.93,5.27,"Domínguez, Seranthony",622554,ball,L,2,2,-0.47,1.23,-0.72,4.52,4.474036478887291,-144.9477605530316,0.4399355790418084,-7.726697046347417,33.35126530033423,-15.12928926337194,53.89,0.069
FF,-2.08,5.24,"Domínguez, Seranthony",622554,foul,L,2,1,-0.63,1.21,0.04,2.05,7.300696803245261,-143.29519678851705,-6.098113995352703,-10.335766351137224,30.14925321847468,-14.32865005306676,53.75,-0.051
FF,-2.05,5.3,"Domínguez, Seranthony",622554,called_strike,L,2,0,-0.63,1.22,-0.82,2.95,4.905779284941588,-145.00605946008602,-3.9837096265635608,-10.050209953662044,31.51427633809111,-14.211376180538997,53.97,-0.039
FF,-2.05,5.24,"Domínguez, Seranthony",622554,ball,L,1,0,-0.64,1.2,0.2,1.13,7.639232410633503,-143.3373481932846,-8.584323658728966,-10.43371564631963,29.23097723015544,-13.891201817758532,53.93,0.045
FF,-2.16,5.33,"Domínguez, Seranthony",622554,ball,L,0,0,-0.71,1.0,-0.92,2.53,5.030194460691295,-143.20521280455924,-4.506537082811485,-10.956213706394944,30.297656237948647,-17.572836454754746,54.14,0.024
FF,-2.01,5.28,"Domínguez, Seranthony",622554,hit_into_play,L,0,0,-0.15,1.16,1.11,2.34,8.836590384681493,-142.33125013220467,-5.140124402751987,-4.089607868127641,31.88573768411541,-15.418534858321662,53.85,-0.228
SL,-1.75,5.24,"Domínguez, Seranthony",622554,swinging_strike,R,0,2,1.02,0.19,1.57,1.31,5.932654375746273,-126.8822082221501,-3.692504877105937,9.762384917187584,26.451935330644133,-29.572059007597037,53.66,-0.061
SI,-1.79,5.24,"Domínguez, Seranthony",622554,called_strike,R,0,1,-1.15,0.91,-0.16,1.65,7.140705704059483,-143.9568794133931,-6.516120918428228,-17.656730765526536,31.67701648735218,-18.14983118622586,54.07,-0.024
SL,-2.01,5.32,"Domínguez, Seranthony",622554,called_strike,R,0,0,0.27,0.25,-0.11,2.09,4.152001448578574,-130.33846230758124,-2.601382236982492,2.319629543839636,25.000384398284982,-28.94138102875832,53.57,-0.015
SL,-2.0,5.24,"Domínguez, Seranthony",622554,hit_into_play,L,0,1,0.87,0.54,-0.48,2.49,1.8565897492181485,-126.66095570917209,-1.5654245870414578,9.085424514745633,23.92066469228756,-26.275253744575828,54.34,-0.139
SL,-2.1,5.26,"Domínguez, Seranthony",622554,foul,L,0,0,0.41,0.07,0.2,2.01,4.862611494956363,-130.6223475690062,-2.257660534702722,3.8016108098198536,25.37783462718157,-31.13209466444788,53.69,-0.024
FF,-1.83,5.3,"Domínguez, Seranthony",622554,hit_into_play,L,1,2,-0.52,1.34,-0.2,2.58,5.688305932956678,-143.5973341737971,-5.117303884909074,-8.49515300850778,34.72252899527202,-12.637428928742336,53.72,1.76
SI,-1.93,5.29,"Domínguez, Seranthony",622554,foul,L,1,1,-1.33,0.97,0.46,1.82,9.75427150532103,-145.56673713478637,-6.506460703390537,-21.2297203737638,34.304251082673886,-17.059236020785633,54.05,-0.07
SI,-1.92,5.28,"Domínguez, Seranthony",622554,ball,L,0,1,-1.07,0.94,-2.44,4.58,1.0571837657516854,-140.4886426747395,1.603310048588002,-14.426393243106254,32.93399198014417,-20.382967286747505,53.96,0.031
CH,-1.92,5.33,"Domínguez, Seranthony",622554,called_strike,L,0,0,-1.25,1.08,-0.88,2.85,5.357557568123996,-132.93879640495882,-2.676637896339497,-15.972123235753273,30.40907386020613,-19.043859056070517,53.73,-0.042
SI,-1.83,5.22,"Domínguez, Seranthony",622554,hit_into_play,L,3,2,-1.3,0.92,0.39,1.8,9.1667067400455,-143.88442058076745,-6.097366380825812,-20.172300167656772,33.284765133640626,-18.109032123391707,53.61,-0.558
SI,-2.0,5.19,"Domínguez, Seranthony",622554,called_strike,L,3,1,-1.2,1.04,-0.07,2.87,8.084507123457792,-143.65683131531665,-3.309300104566847,-18.509099645639647,32.735632385142814,-17.188698239173526,54.02,-0.042
SI,-2.13,5.33,"Domínguez, Seranthony",622554,ball,L,2,1,-1.28,1.05,-1.49,2.85,4.724741819544368,-143.03300827542623,-3.695483382465654,-18.65649814680036,33.96593116048974,-17.126497708165637,53.94,0.158
FF,-2.11,5.26,"Domínguez, Seranthony",622554,ball,L,1,1,-0.7,1.27,-1.99,3.73,1.966130958663427,-142.48142258411434,-1.566958413945447,-10.013610615423625,33.19724543727567,-14.787315295398054,53.77,0.074
SI,-2.05,5.3,"Domínguez, Seranthony",622554,called_strike,L,1,0,-1.25,1.09,0.12,3.03,8.898988090409334,-143.5215200038278,-3.271309711575245,-19.33751189682038,34.2633531381635,-16.516924522553733,53.73,-0.075
SI,-2.01,5.35,"Domínguez, Seranthony",622554,ball,L,0,0,-1.18,1.21,-0.1,1.42,7.905875987555558,-141.27646100358922,-7.854291838014205,-17.63322596203987,32.702943978437695,-14.329247767278687,53.61,0.067
FF,-1.87,5.38,"Domínguez, Seranthony",622554,called_strike,L,1,2,-0.27,1.11,-0.73,2.97,3.760878234460632,-143.11384352617034,-3.644953737499866,-4.603963143873382,34.217084831839884,-16.27754598282454,53.92,-0.071
FF,-1.93,5.38,"Domínguez, Seranthony",622554,foul,L,1,1,-0.24,1.34,-0.56,3.15,4.307750887630349,-142.97736870107985,-3.723421659894288,-4.3064722615167055,32.62541651137047,-13.10087454925161,53.81,-0.026
FF,-2.0,5.34,"Domínguez, Seranthony",622554,ball,L,0,1,-0.99,1.11,-1.03,1.02,4.696899172240089,-134.83578795846682,-7.727175617809578,-13.136452380813123,30.20950873540987,-17.135663002583932,53.62,0.011
FF,-2.05,5.34,"Domínguez, Seranthony",622554,foul,L,0,0,0.0,1.09,0.63,2.76,7.215822422604439,-141.3277768708928,-3.893837826267678,-1.6917507374517915,31.945865632517293,-16.829764115705018,53.87,-0.015
SL,-1.98,5.42,"Domínguez, Seranthony",622554,swinging_strike,R,1,2,0.77,0.5,1.61,1.36,7.182651944673886,-128.3607393821276,-4.832951625444744,6.963935711454545,27.843363378159545,-25.83434712577871,53.78,-0.116
SL,-2.01,5.42,"Domínguez, Seranthony",622554,called_strike,R,1,1,1.28,0.35,-0.49,2.15,1.0385103618309992,-126.22562377612064,-2.3572844216415265,13.45382619786794,25.408474927729603,-28.197585371836,53.94,-0.04
SL,-2.11,5.48,"Domínguez, Seranthony",622554,called_strike,R,1,0,0.5,0.36,0.32,2.45,5.016970719479918,-131.69368197043883,-2.4214932668848714,4.83906341825635,26.71006235237019,-27.68131957741208,53.93,-0.031
SL,-2.03,5.46,"Domínguez, Seranthony",622554,ball,R,0,0,0.19,0.6,0.49,1.05,5.964734412207494,-133.1175154450279,-6.6128677563109015,1.0171543295144196,28.51241979651544,-23.765229858413772,53.77,0.024
FF,-2.22,5.36,"Domínguez, Seranthony",622554,hit_into_play,L,1,1,-0.24,1.17,0.13,2.84,6.9158570806924216,-142.007618947035,-4.017781112769068,-4.8085670022493385,31.7787724220428,-15.540500146549707,53.79,-0.216
SL,-2.25,5.47,"Domínguez, Seranthony",622554,ball,L,0,1,0.54,0.34,-1.39,3.43,0.9834247387760684,-130.87658142545524,0.1974242448497527,6.019832576985947,27.07774363326318,-28.48417996055429,54.1,0.021
FF,-2.25,5.33,"Domínguez, Seranthony",622554,called_strike,L,0,0,-0.33,1.0,0.02,1.66,6.922817553492124,-142.6203418949369,-6.827589569232679,-6.058795431131341,31.01079937308464,-17.135914375192694,53.98,-0.032
FF,-1.86,5.41,"Domínguez, Seranthony",622554,hit_into_play,L,0,1,0.19,0.84,0.72,3.52,6.472290540911239,-140.16871339529274,-1.3945281631028703,1.181017099218443,28.127059331453875,-20.943647402926555,53.87,-0.085
SL,-2.13,5.33,"Domínguez, Seranthony",622554,swinging_strike,L,0,0,0.67,0.5,0.36,1.21,4.687291634691363,-127.7611258822783,-4.951938226006683,6.47307524605238,25.09449951965602,-25.89099941552761,53.74,-0.015
SL,-1.96,5.44,"Domínguez, Seranthony",622554,swinging_strike_blocked,R,1,2,0.88,0.19,1.06,0.66,5.587650585990253,-128.6489404483124,-6.084987407625001,8.745409087985896,25.000980932862124,-29.020428014480014,53.65,-0.116
SI,-1.97,5.3,"Domínguez, Seranthony",622554,foul,R,1,1,-0.78,0.69,-0.16,2.78,6.724755936567402,-142.3372846440659,-2.907845075467253,-12.217910226812132,33.4987274663257,-22.268714220297092,53.89,-0.04
SI,-2.12,5.3,"Domínguez, Seranthony",622554,called_strike,R,1,0,-0.77,0.83,-0.62,3.22,5.913173216941305,-144.27225500343255,-2.2403381091253087,-12.068434983203682,32.04125128865326,-20.20730910196692,53.98,-0.031
SL,-2.02,5.44,"Domínguez, Seranthony",622554,ball,R,0,0,0.36,0.03,-0.03,0.98,4.2231492200934735,-131.02492027007844,-5.300873540174577,3.386048734806948,23.596554270166934,-31.016965431252004,53.78,0.024
SI,-2.05,5.27,"Domínguez, Seranthony",622554,hit_into_play,R,2,1,-0.74,0.74,-0.14,1.86,6.853723915537512,-141.3372798162673,-5.347696380497758,-11.498383986396169,30.35483991793226,-21.166544441101134,53.93,-0.267
SL,-1.96,5.43,"Domínguez, Seranthony",622554,ball,R,1,1,0.41,0.38,0.1,1.26,4.241846081943082,-130.31829856085764,-5.19895438259317,3.9627711767881673,24.59947448046148,-27.00701195401136,53.73,0.05
SL,-2.01,5.42,"Domínguez, Seranthony",622554,ball,R,0,1,0.51,0.08,1.58,1.15,7.711324469848379,-127.96401777252336,-4.483197773756837,4.075509181667772,25.42935842777652,-30.541943085634596,53.85,0.021
SI,-2.01,5.41,"Domínguez, Seranthony",622554,swinging_strike,R,0,0,-0.64,0.84,0.17,3.09,7.389463735424119,-142.08912881466108,-2.7291895121499694,-10.33283939358323,29.5464664527502,-20.39006738037596,53.97,-0.032
FF,-1.94,5.35,"Domínguez, Seranthony",622554,hit_into_play,L,0,0,-0.2,1.22,0.34,3.39,6.652081986077624,-142.3920197592721,-2.6493669272346723,-4.166279411233933,29.13814142742936,-15.127206190479008,54.08,-0.447
FF,-2.0,5.23,"Domínguez, Seranthony",622554,hit_into_play,L,2,1,-0.4,1.09,-0.23,2.69,5.762083448634847,-143.54692214501057,-4.054935002104519,-6.765340510636615,30.186340908402297,-16.356677629384397,53.99,0.267
SL,-1.88,5.39,"Domínguez, Seranthony",622554,blocked_ball,L,1,1,0.61,-0.05,-0.34,0.12,2.508634808736637,-128.84345504125676,-6.7617415905763085,6.319883195073692,24.76765617620628,-31.62444586072098,54.01,0.049
FF,-1.75,5.29,"Domínguez, Seranthony",622554,ball,L,0,1,-0.02,1.29,0.22,0.94,5.357302848979793,-141.40444715726483,-9.146549591189824,-1.4569338168297052,32.92497067581875,-12.954355528081273,53.75,0.03
FF,-1.88,5.34,"Domínguez, Seranthony",622554,foul,L,0,0,-0.3,1.01,-0.33,2.26,4.9180334401808805,-143.19516600706876,-5.303123598808755,-5.216490078578119,30.27808339373009,-17.19698395711529,53.96,-0.042
SL,-1.8,5.39,"Domínguez, Seranthony",622554,hit_into_play,R,2,2,1.02,0.69,0.69,2.19,3.913019756233074,-126.12179863968308,-2.923475794239658,10.190786484830856,23.36768959646205,-24.44950531844891,53.78,0.141
SL,-1.66,5.32,"Domínguez, Seranthony",622554,ball,R,1,2,1.3,0.45,1.16,0.98,4.07768488605547,-125.33445115211144,-4.989644319613158,12.896870554831496,25.594466402250863,-26.67118444165038,53.8,0.018
FF,-2.04,5.54,"Domínguez, Seranthony",622554,ball,R,0,2,-0.27,1.39,-1.27,5.66,2.6933420734160856,-141.5508940976603,2.6647201625446955,-4.266114781137689,31.081793799902798,-14.22898014397957,54.19,0.009
FF,-1.85,5.3,"Domínguez, Seranthony",622554,foul,R,0,1,-0.42,1.3,0.48,2.47,7.3960057132661,-144.3615437942497,-5.393167002207766,-7.6381318616183185,33.30553380521131,-12.84613635894372,53.96,-0.024
FF,-1.98,5.46,"Domínguez, Seranthony",622554,foul,R,0,0,-0.26,0.94,0.09,2.89,6.237710299141382,-143.09491236961682,-3.7235834211425134,-4.862166308800044,30.538794933875533,-18.619276441344542,54.03,-0.015
SL,-1.97,5.33,"Domínguez, Seranthony",622554,swinging_strike,R,1,2,1.38,0.35,1.34,1.9,5.123373896957249,-125.91131845834624,-2.658572080881891,13.552602539242462,26.179043723453077,-28.14930731259561,53.89,-0.116
FF,-2.14,5.32,"Domínguez, Seranthony",622554,swinging_strike,R,1,1,-0.21,0.99,-0.91,3.78,3.824981593735708,-142.3536200555213,-0.9777948709532984,-3.7237025657974745,31.16335834351318,-18.58840124297933,54.09,-0.04
FF,-1.85,5.38,"Domínguez, Seranthony",622554,ball,R,0,1,-0.37,1.16,-1.25,2.89,2.464218862460861,-141.50065566067616,-3.85534204656996,-5.557758530411644,30.09463717410122,-15.88455142583954,54.17,0.017
SL,-2.05,5.4,"Domínguez, Seranthony",622554,called_strike,R,0,0,0.58,-0.06,-0.08,3.33,3.5784801234745567,-127.1525031842162,1.226811001571491,5.651748426973451,23.311528594879256,-33.30063852233305,54.15,-0.024
FF,-2.03,5.39,"Domínguez, Seranthony",622554,hit_into_play,L,1,1,-0.29,1.15,0.54,2.64,7.584995650483169,-142.4251467279642,-4.615588965629563,-5.547288997477129,30.677945385043,-15.565003060884644,54.22,-0.216
SL,-2.02,5.44,"Domínguez, Seranthony",622554,called_strike,L,1,0,0.53,-0.05,-0.5,2.8,2.564414299035691,-126.68612414004974,-0.1291908071296155,5.243646044944331,23.49764572639808,-32.90892059656348,54.29,-0.044
FF,-2.04,5.33,"Domínguez, Seranthony",622554,ball,L,0,0,-0.38,1.1,-2.59,3.58,-0.6157742771184662,-142.27940268560468,-1.76481541244675,-5.084100258531327,30.556768968817916,-16.993700962155785,54.34,0.032
