pitch_type,release_pos_x,release_pos_z,player_name,pitcher,description,stand,balls,strikes,pfx_x,pfx_z,plate_x,plate_z,vx0,vy0,vz0,ax,ay,az,release_pos_y,delta_run_exp
SI,-2.34,5.57,"Eflin, Zach",621107,hit_into_play,L,0,0,-1.52,0.46,0.75,2.26,11.320628378495591,-134.26194793422397,-3.664800526039479,-20.85302929135169,28.62616086246715,-25.9953612432947,53.55,0.266
CU,-2.42,5.85,"Eflin, Zach",621107,hit_into_play,L,1,2,1.0,-0.59,-0.82,2.09,1.604466126498894,-113.85685161740744,-0.1331182474039685,8.35855403380179,21.501602351864644,-37.51054622976461,54.26,-0.168
SI,-2.25,5.52,"Eflin, Zach",621107,ball,L,0,2,-1.43,0.42,1.5,2.71,12.735267381042297,-133.73973123650907,-2.25863453491966,-19.829782926782613,26.163572347784083,-26.772303359176284,53.64,0.019
FF,-2.42,5.51,"Eflin, Zach",621107,foul,L,0,2,-0.9,0.86,-0.41,3.36,7.206186974416251,-136.13062023100045,-1.6974699361283363,-12.752088938823844,31.457794610631893,-21.3045318622818,53.75,0.0
CU,-2.54,5.85,"Eflin, Zach",621107,swinging_strike,L,0,1,0.83,-0.69,-0.73,1.31,2.352027358044527,-112.7319390332962,-1.5052782721858329,6.661650831480928,20.8597724338768,-37.95156700830226,53.91,-0.047
FC,-2.43,5.61,"Eflin, Zach",621107,called_strike,L,0,0,-0.01,0.77,0.02,2.73,6.123635196860586,-130.32777133327295,-2.790391201461853,-1.3948715478745968,26.131712851451788,-22.98500932789118,53.71,-0.032
SI,-2.25,5.61,"Eflin, Zach",621107,called_strike,R,1,2,-1.28,0.19,0.81,1.68,10.82352670267934,-136.2578293001444,-4.894838634289856,-18.348290351591498,29.922283783235017,-28.818335133114505,53.74,-0.169
CU,-2.38,5.6,"Eflin, Zach",621107,swinging_strike_blocked,R,1,1,0.9,-0.08,2.06,0.46,8.128421608620105,-116.14643536644536,-4.415201741697503,6.552936008565537,22.830615813198342,-32.23263122607143,53.8,-0.048
SI,-2.33,5.56,"Eflin, Zach",621107,called_strike,R,1,0,-1.29,0.29,0.34,1.73,9.54568075305786,-132.7707619737684,-4.4065859594247785,-17.22477907994005,27.61581225326081,-28.03373220723837,53.85,-0.039
SI,-2.34,5.56,"Eflin, Zach",621107,ball,R,0,0,-1.39,0.41,0.66,1.12,10.937078503102343,-136.4031750048888,-6.756122630029687,-19.75927331962613,29.08931791479805,-25.65540652723707,53.65,0.027
CH,-2.51,5.77,"Eflin, Zach",621107,hit_into_play,L,0,0,-1.1,0.46,-0.4,1.93,7.075718107507805,-121.57078300099045,-3.329969250581845,-12.279935368016696,23.726376464290905,-27.194482960300054,53.73,0.129
CH,-2.37,5.73,"Eflin, Zach",621107,hit_into_play,L,0,1,-1.27,0.27,-0.98,2.03,5.874813229016912,-123.97008953915504,-2.936424142444894,-14.290982322427473,25.790317169349063,-28.984800140577097,53.68,-0.139
FC,-2.41,5.49,"Eflin, Zach",621107,foul,L,0,0,0.1,0.62,0.67,2.21,7.377711777835737,-128.61139064367654,-3.2770407085338604,-0.3226234943865005,24.814199975863307,-24.79233367769765,53.7,-0.024
SI,-2.28,5.58,"Eflin, Zach",621107,hit_into_play,L,3,2,-1.18,0.52,-0.11,2.38,8.23090210582096,-134.99334791835355,-3.5828858954321525,-16.236436449945185,29.288904881925493,-25.205610667166475,53.55,-0.297
FC,-2.39,5.63,"Eflin, Zach",621107,foul,L,3,2,0.08,0.77,0.23,2.03,6.222670108226492,-127.604431419452,-4.246996982692546,-0.2167830368160403,23.61096153633501,-23.128178971327543,53.67,0.0
CU,-2.34,5.87,"Eflin, Zach",621107,ball,L,2,2,0.94,-0.43,-2.25,3.26,-1.5438769433947597,-114.4025168023534,1.9631037713730124,8.539222274826399,20.439356030694427,-36.53815746639564,54.19,0.093
SI,-2.36,5.61,"Eflin, Zach",621107,foul,L,2,1,-1.35,0.27,0.42,1.9,9.924072057293824,-132.81721855522028,-4.040551132655402,-18.094029633973584,28.904461730121024,-28.266762403526,54.01,-0.063
FC,-2.43,5.52,"Eflin, Zach",621107,ball,L,1,1,-0.04,0.74,-0.37,0.97,5.07836613078625,-126.84370476202064,-6.404427040922221,-1.3267696339356083,23.2529055122444,-23.12437622830158,53.67,0.05
CU,-2.45,5.84,"Eflin, Zach",621107,ball,L,0,1,0.99,-0.47,-2.12,2.36,-1.0957822010889762,-111.61297340229048,0.4922038476431103,8.520675908093775,19.467850433898565,-36.443379559892215,54.05,0.021
SI,-2.51,5.58,"Eflin, Zach",621107,called_strike,L,0,0,-1.28,0.26,-0.3,1.83,8.437689110291405,-133.45175522137464,-4.222501063453702,-17.097558461262317,27.71411371852945,-28.40387401546681,53.7,-0.032
CU,-2.41,5.8,"Eflin, Zach",621107,swinging_strike,L,2,2,0.96,-0.69,0.14,1.67,3.738875596642705,-113.88102535042124,-0.7721628002685221,7.668998480066786,20.657438581027684,-38.24387448953448,54.09,-0.088
SI,-2.28,5.59,"Eflin, Zach",621107,ball,L,1,2,-1.18,0.38,-0.48,4.23,7.178185491171907,-133.70606805136967,1.6310269015794576,-15.766543238651762,30.17531445635898,-28.193831521549026,53.82,0.018
FC,-2.51,5.48,"Eflin, Zach",621107,foul,L,1,2,0.15,0.74,-0.56,2.2,4.501978573180505,-129.7813085173405,-3.658915235980765,0.8334782594101591,25.66931997657365,-23.22346826106896,53.72,0.0
CH,-2.43,5.83,"Eflin, Zach",621107,ball,L,0,2,-1.06,0.04,-1.58,1.84,4.076329616980368,-121.88812339729144,-2.9056005800099056,-11.396907423547091,23.75758535530327,-31.438395940851738,53.94,0.009
CU,-2.48,5.84,"Eflin, Zach",621107,called_strike,L,0,1,0.73,-0.59,-0.14,1.44,3.647617336058324,-112.22474594305513,-1.2744548682001369,5.441752863377869,21.55771128017024,-37.1410922481378,54.19,-0.024
CU,-2.45,5.85,"Eflin, Zach",621107,called_strike,L,0,0,0.43,-0.61,-0.72,2.74,2.943408149118334,-113.81449883414903,1.331549437149032,3.1588166050367006,21.630771900160155,-37.95307356212012,54.06,-0.015
SI,-2.27,5.6,"Eflin, Zach",621107,hit_into_play,L,2,0,-1.54,0.49,-0.08,1.74,9.06668836297259,-135.56685568564495,-5.237455354357084,-20.93547950929653,30.34002042730905,-25.144429866819436,53.86,-0.232
CU,-2.32,5.84,"Eflin, Zach",621107,ball,L,1,0,0.74,-0.24,1.49,1.55,6.698120101222571,-111.13929595532808,-1.5031371512169311,4.81007574553583,21.65337623117994,-34.101846834171084,54.15,0.045
CU,-2.45,5.88,"Eflin, Zach",621107,ball,L,0,0,0.61,-0.07,-1.26,2.9,1.4028088423317926,-111.22797244443736,0.9407049757368562,4.720229182879779,21.90040552131683,-33.15298122710249,54.05,0.024
FC,-2.46,5.63,"Eflin, Zach",621107,swinging_strike,L,3,2,-0.25,0.63,-0.78,1.64,4.625332349366494,-128.21680556621342,-4.965205043420398,-3.612366631284118,24.50721086902004,-24.38958472816505,53.92,-0.297
SI,-2.28,5.62,"Eflin, Zach",621107,foul,L,3,2,-1.35,0.62,-0.5,2.66,7.528621023188208,-133.8286510005423,-3.091957908662235,-17.800562937799125,27.35371374012572,-24.19585716031826,53.56,0.0
FC,-2.42,5.61,"Eflin, Zach",621107,called_strike,L,3,1,-0.2,0.92,-0.61,2.73,4.796782288644716,-127.07716873657102,-2.763285252625568,-3.0321406224326632,22.790818344752196,-21.797054593990996,53.85,-0.078
SI,-2.3,5.64,"Eflin, Zach",621107,called_strike,L,3,0,-1.31,0.6,0.52,2.01,10.0286813759863,-132.82486339671436,-4.615374588522878,-17.642230638258066,26.79689976569612,-24.22015917782403,53.73,-0.083
FF,-2.37,5.6,"Eflin, Zach",621107,ball,L,2,0,-1.03,0.68,0.9,2.24,10.380164306568426,-131.58427075920406,-3.928781338286061,-14.091313974752705,27.19284281474121,-23.558264160689657,53.97,0.133
CU,-2.42,5.86,"Eflin, Zach",621107,ball,L,1,0,0.72,-0.39,-1.31,2.61,1.0448268037406556,-110.60126306372736,0.982384166641786,5.676144445589223,20.039206961328095,-35.73194072279151,54.14,0.064
SI,-2.58,5.63,"Eflin, Zach",621107,ball,L,0,0,-1.57,0.38,-1.76,2.21,5.473873569855841,-132.5134500663504,-3.499047176214572,-19.69969007122424,29.922786283288666,-27.16348366681435,53.72,0.032
FF,-2.48,5.64,"Eflin, Zach",621107,ball,L,1,1,-1.05,0.93,-1.3,2.7,5.312056605302355,-133.5601879968024,-3.624283264238713,-13.71737191355175,29.081887583949893,-20.47306405525221,53.82,-0.218
CU,-2.37,5.82,"Eflin, Zach",621107,swinging_strike,L,1,0,0.8,-0.42,0.36,1.7,4.469285589016983,-114.70017753794424,-1.4191578339460866,6.327695750236871,19.239447970010087,-35.87579245438133,53.91,-0.039
CU,-2.5,5.91,"Eflin, Zach",621107,ball,L,0,0,0.81,-0.44,-1.15,2.45,1.4414179653148127,-115.5147232557765,0.0032486191859031,6.997356737427785,20.09531025732508,-36.36660382849368,54.01,0.027
SI,-2.25,5.64,"Eflin, Zach",621107,hit_into_play,L,0,2,-1.29,0.22,0.22,2.34,9.136487953805467,-133.52868547530318,-3.032250426940284,-17.381572327834352,28.107407471614408,-29.06798534400896,53.57,-0.268
FC,-2.4,5.73,"Eflin, Zach",621107,foul_tip,L,0,1,0.02,0.86,0.34,3.14,6.812208045346727,-131.20985799364354,-2.402241055716196,-0.9589027126236938,24.074976209098857,-21.92001656106329,53.86,-0.059
SI,-2.37,5.6,"Eflin, Zach",621107,swinging_strike,L,0,0,-1.11,0.37,-0.11,2.39,8.245930589753621,-134.1833366666421,-3.219351291194146,-15.077105316740711,26.34467835713813,-27.15961869258864,53.74,-0.042
CH,-2.38,5.76,"Eflin, Zach",621107,hit_into_play,L,1,1,-1.32,0.1,0.34,1.77,9.15375634301475,-124.16525498099308,-3.327030777131524,-15.481798621880294,23.747726122222765,-30.708153382116095,53.64,0.273
FC,-2.4,5.72,"Eflin, Zach",621107,ball,L,0,1,-0.06,0.65,0.16,4.22,6.37462997847489,-127.92185403626206,1.052971165741459,-1.7640432840036162,22.70962902081654,-25.324396107264224,53.77,0.017
FC,-2.43,5.68,"Eflin, Zach",621107,called_strike,L,0,0,0.04,0.87,-0.43,3.3,4.878822704111656,-129.3689706334302,-1.7007759690897544,-0.4185602788649687,23.520525995697877,-22.213316003294057,53.72,-0.024
FC,-2.42,5.62,"Eflin, Zach",621107,hit_into_play,R,1,2,0.02,0.93,0.15,3.3,6.407323175845322,-131.3117507899363,-1.868635880175893,-1.0327667450440228,24.76669878864672,-21.12272324812801,53.9,-0.168
SI,-2.23,5.56,"Eflin, Zach",621107,ball,R,0,2,-1.26,0.38,1.07,1.78,11.217554387581028,-133.79791102984842,-4.638037122400166,-17.500111216089415,27.58861408008893,-26.75299442486298,53.7,0.019
SI,-2.53,5.67,"Eflin, Zach",621107,foul,R,0,1,-1.26,0.66,-0.9,2.47,6.716090114170109,-129.95241421818395,-3.2631647839611,-15.680902467176388,27.860617151841687,-24.160802862893263,53.79,-0.047
FC,-2.38,5.69,"Eflin, Zach",621107,called_strike,R,0,0,0.0,0.82,0.63,2.1,7.246183216473126,-126.0220702096826,-4.148115576200199,-1.291696110546796,21.769246059423743,-22.779455558943845,53.84,-0.032
CH,-2.54,5.72,"Eflin, Zach",621107,hit_into_play,L,0,2,-1.07,-0.06,-0.58,1.91,6.804620074442963,-123.9281144182199,-2.575070681366454,-12.311584562720574,23.24955400093967,-32.526865878735585,53.74,-0.061
FF,-2.55,5.56,"Eflin, Zach",621107,foul,L,0,2,-1.04,0.89,-0.57,3.84,7.415569401641413,-134.8982460493389,-0.5578259590978775,-14.304474116759708,28.196513782205407,-21.41392689727978,53.68,0.0
CU,-2.53,5.7,"Eflin, Zach",621107,swinging_strike,L,0,1,0.49,-0.61,-0.48,1.51,3.5874267263178745,-115.41499613971156,-1.3021334237692832,3.750643793808522,19.95174245344,-37.664334907564594,53.89,-0.024
SI,-2.46,5.55,"Eflin, Zach",621107,foul,L,0,0,-1.37,0.47,-0.21,1.66,8.750252739981303,-133.3965994876412,-5.058985057652016,-18.2316211573956,27.100653213487718,-25.69687714847375,53.66,-0.015
SI,-2.44,5.67,"Eflin, Zach",621107,hit_into_play,L,1,2,-1.43,0.32,-0.68,3.34,7.638353185648474,-134.0099788019809,-0.7689907151145111,-18.88001747518636,27.937059234075413,-28.403607850105026,53.76,-0.116
FF,-2.53,5.62,"Eflin, Zach",621107,ball,L,0,2,-0.71,1.01,-1.19,4.37,5.001429253176468,-134.12697936664156,0.4412333940163154,-9.655701350081356,26.164284576636707,-20.228970498269987,53.84,0.013
FC,-2.52,5.68,"Eflin, Zach",621107,called_strike,L,0,1,0.2,0.61,-0.35,3.38,4.865106753920543,-128.27318325463187,-0.8516341442477174,1.3956752128244327,22.49670360830946,-25.44909715288712,54.1,-0.035
SI,-2.4,5.6,"Eflin, Zach",621107,called_strike,L,0,0,-1.31,0.26,0.52,2.51,10.303970085034544,-133.1060480296705,-2.5473950245369426,-17.696739317241715,25.199542531049147,-28.76648493569773,53.58,-0.024
CH,-2.47,5.75,"Eflin, Zach",621107,hit_into_play,L,0,0,-0.44,0.07,0.18,1.36,7.096770168965761,-122.25397409401393,-4.001128995531601,-5.734128906363433,22.57167421154166,-30.92022887445539,53.49,1.678
FC,-2.5,5.71,"Eflin, Zach",621107,ball,L,3,2,0.07,0.7,-0.84,3.83,3.9291654730123176,-128.7655651020004,-0.0427204900593022,0.1031943525203872,23.714991886254552,-24.447229003250957,53.81,0.219
SI,-2.54,5.6,"Eflin, Zach",621107,foul,L,3,1,-1.26,0.16,-0.23,1.65,8.711035221676408,-134.56320040217227,-4.669411535635916,-17.204733544631704,27.96976952966408,-29.450212870374344,53.79,-0.059
CH,-2.42,5.8,"Eflin, Zach",621107,ball,L,2,1,-0.82,-0.29,-0.93,1.78,5.1056369174092495,-122.23007551416444,-2.396566120630988,-9.21519012332761,22.663252656992547,-34.79656339040038,53.82,0.077
SI,-2.53,5.58,"Eflin, Zach",621107,ball,L,1,1,-1.34,0.39,1.37,2.23,12.828682425514618,-132.84155065818132,-3.465249929052361,-18.572030152752426,27.173850407902854,-27.004821066382245,53.69,0.037
FC,-2.65,5.65,"Eflin, Zach",621107,called_strike,L,1,0,-0.01,0.76,-0.82,3.06,4.385709163637838,-125.46778517218252,-1.53180941780062,-0.8654180527148985,22.833648987260613,-24.025753831416704,53.94,-0.031
SI,-2.58,5.66,"Eflin, Zach",621107,ball,L,0,0,-1.3,0.22,-0.51,1.28,8.17328079954477,-134.53093671753484,-5.9081928585966965,-17.60117426770602,28.611059308492283,-28.410759595756915,53.8,0.024
FC,-2.51,5.69,"Eflin, Zach",621107,hit_into_play,L,0,0,0.21,0.67,0.88,3.22,7.82555142019827,-127.51522400080523,-1.3158629027161968,0.9063213809726166,22.60778812495649,-24.6868918010713,53.76,0.122
CH,-2.41,5.81,"Eflin, Zach",621107,hit_into_play,L,3,2,-1.4,0.09,-0.79,2.24,6.73749681333421,-125.50010256798036,-2.5070485149924293,-16.156428912581735,23.12851060773584,-30.951197941242828,53.76,-0.347
SI,-2.34,5.68,"Eflin, Zach",621107,ball,L,2,2,-1.17,0.88,1.37,2.62,12.242771679810703,-135.74455996459753,-4.157482205733741,-16.91576060397819,25.93396216711057,-20.565249596988465,53.67,0.064
FC,-2.58,5.65,"Eflin, Zach",621107,foul,L,2,2,0.15,0.65,-0.84,2.69,3.990400387147013,-129.35882935735492,-2.659223105892547,0.9287082944231044,23.28512342167447,-24.522795604622065,53.79,0.0
CH,-2.56,5.75,"Eflin, Zach",621107,called_strike,L,2,1,-1.19,-0.13,-0.66,2.84,7.0513942098135445,-125.94234172988038,-0.5233729798565725,-14.105303140161736,23.254778513235827,-33.66780351540372,53.73,-0.071
CU,-2.44,5.82,"Eflin, Zach",621107,ball,L,1,1,0.51,-0.48,0.82,0.94,6.185959301215371,-115.39214947219725,-3.0548892431259,3.5385632035999293,19.04956868782809,-36.20854673837598,54.14,0.044
FC,-2.52,5.59,"Eflin, Zach",621107,ball,L,0,1,0.06,0.71,-1.87,2.54,1.491573180759654,-130.61303311115793,-3.1664398147072337,0.4551093991577431,23.36055231876209,-23.594518610637778,53.85,0.02
CU,-2.48,5.82,"Eflin, Zach",621107,foul,L,0,0,0.51,-0.5,-0.11,1.7,4.243173241942929,-115.27513489862028,-1.333213555154132,3.846258198176489,19.48846770947233,-36.60480435230262,53.99,-0.048
CH,-2.48,5.8,"Eflin, Zach",621107,hit_into_play,L,1,1,-1.23,0.2,-0.51,1.95,7.2877585431519485,-126.02362917677269,-3.451119282658146,-14.601948859208546,23.937375107643188,-29.5877279780792,53.76,0.242
SI,-2.36,5.61,"Eflin, Zach",621107,ball,L,0,1,-1.25,0.49,1.43,2.98,12.544987389617935,-135.09513891945426,-2.0505334095295664,-18.02028504661249,28.47199076382232,-25.900339059045184,53.68,0.011
CU,-2.59,5.8,"Eflin, Zach",621107,called_strike,L,0,0,0.57,-0.54,-0.71,2.27,3.0362320714347057,-114.46924526360422,0.144834821347725,4.474504938513366,20.059065631948226,-37.1500203080702,54.07,-0.015
FF,-2.37,5.58,"Eflin, Zach",621107,hit_into_play,L,0,1,-0.88,0.99,0.66,3.07,9.789959134036671,-135.16177533425898,-2.853030334570999,-12.890017255192904,28.634895283200745,-19.611625967297208,53.75,-0.139
FF,-2.44,5.54,"Eflin, Zach",621107,swinging_strike,L,0,0,-0.82,0.98,-0.01,3.14,8.075303457537306,-135.31188393334327,-2.5603722243957483,-11.80115903981319,28.36014929893839,-19.752318767558467,53.81,-0.024
SI,-2.35,5.66,"Eflin, Zach",621107,hit_into_play,R,2,2,-1.37,0.55,0.1,2.74,9.311262502858591,-134.93106176395483,-2.9067303131440725,-18.74178203890436,28.877668661952264,-25.027000698121828,53.88,-0.204
SI,-2.57,5.53,"Eflin, Zach",621107,ball,R,1,2,-1.38,0.34,-0.39,1.46,8.672171157922769,-134.8365418019616,-5.424333895219674,-18.692395156951388,28.18170045388961,-27.0522442927294,53.74,0.036
ST,-2.4,5.77,"Eflin, Zach",621107,ball,R,0,2,0.74,0.5,1.96,0.96,8.220622228854813,-116.02686090078448,-4.8246100885216725,5.207962259892443,20.90974700705515,-26.91453630003932,54.01,0.019
FC,-2.5,5.59,"Eflin, Zach",621107,foul,R,0,1,0.06,0.64,0.15,2.4,6.353496088400108,-127.89254496445476,-3.060032437822968,-0.4292919037129454,21.85515882624801,-24.69339319445186,53.83,-0.047
SI,-2.4,5.66,"Eflin, Zach",621107,called_strike,R,0,0,-1.26,0.28,0.73,2.22,10.79108751803269,-133.96541168811726,-3.592168896103254,-17.345490722395215,25.613217408264006,-28.25444026733484,53.71,-0.032
CH,-2.48,5.85,"Eflin, Zach",621107,hit_into_play,L,0,0,-1.2,0.19,-1.11,2.84,5.732129887165496,-125.336885493206,-1.3287257765273186,-13.754537620866175,24.00380603963846,-30.08825246576324,53.79,-0.337
SI,-2.54,5.71,"Eflin, Zach",621107,hit_into_play,L,2,0,-1.41,0.71,0.14,1.65,10.05136823187522,-135.83698365076555,-6.330838847129713,-19.600468358690627,29.36989349841389,-22.095585039170395,53.9,-0.428
CH,-2.52,5.76,"Eflin, Zach",621107,ball,L,1,0,-1.28,0.07,-0.21,1.17,8.164167851035364,-125.64344841275005,-4.913302494167548,-15.166620174736725,24.608459042965144,-30.6264583094025,53.88,0.059
CH,-2.58,5.82,"Eflin, Zach",621107,ball,L,0,0,-1.12,0.0,0.17,0.97,8.856952888508523,-125.23903826858631,-5.352712071038042,-13.481992309004363,23.978207695627155,-31.3034902843101,53.75,0.036
FC,-2.53,5.61,"Eflin, Zach",621107,hit_into_play,L,0,2,-0.03,0.62,0.64,3.51,8.017038063526929,-130.93589300149984,-0.6363259820115089,-1.841011777612385,24.126416144529205,-25.031594802997702,53.66,-0.398
CH,-2.49,5.82,"Eflin, Zach",621107,foul,L,0,1,-1.41,0.2,-0.93,2.22,6.703097639446634,-126.61064164563196,-2.914725824821629,-16.574416469581273,24.83988139780569,-29.64577239264058,53.76,-0.075
SI,-2.57,5.67,"Eflin, Zach",621107,called_strike,L,0,0,-1.32,0.34,0.37,2.0,10.40696187530397,-134.48741118150207,-4.319655808279446,-18.231544644000685,28.84959404005739,-27.26963071449557,53.92,-0.064
CH,-2.58,5.91,"Eflin, Zach",621107,hit_into_play,L,0,2,-1.08,0.08,-0.93,1.59,5.974496594028438,-122.195867659334,-3.819751169296252,-11.937259585204757,22.527087141131588,-30.80396132420073,53.96,0.521
SI,-2.71,5.62,"Eflin, Zach",621107,foul,L,0,1,-1.34,0.23,-0.97,2.2,7.388921540020715,-134.6080940571404,-3.4745720854979965,-17.835708545580786,26.63160156325622,-28.902383881458316,53.9,-0.047
SI,-2.51,5.7,"Eflin, Zach",621107,foul_bunt,L,0,0,-1.36,0.25,0.04,1.71,9.457106550282642,-133.68567747361558,-4.847787563535944,-18.329770085573408,27.55651466513017,-28.292800604509708,53.9,-0.032
FC,-2.27,5.71,"Eflin, Zach",621107,hit_into_play,R,1,2,0.31,0.66,0.74,2.96,6.690471626940242,-128.30811384650048,-1.9836562995743927,2.0788097085741186,25.25641004160055,-24.626148262897704,54.02,-0.071
CU,-2.27,5.88,"Eflin, Zach",621107,swinging_strike,R,1,1,0.83,-0.82,-0.27,0.98,2.8332093613107645,-114.99613792458344,-2.2902663050033736,6.755046997293908,22.803769777727457,-39.21924404811862,54.02,-0.026
CU,-2.38,5.97,"Eflin, Zach",621107,called_strike,R,1,0,1.29,-0.26,-0.79,2.64,1.0362612926449115,-111.57237320816049,0.545125784212863,10.440499142683349,22.598135252921622,-34.71529554548447,54.22,-0.019
CU,-2.25,5.87,"Eflin, Zach",621107,ball,R,0,0,0.67,-0.76,1.56,0.23,7.133697571744407,-115.7921966366378,-4.195849103598524,4.625362948684321,22.369138292506225,-38.42036372723846,53.89,0.016
FC,-2.32,5.75,"Eflin, Zach",621107,hit_into_play,R,1,0,0.13,0.91,0.09,2.39,5.529675401354805,-126.24427433963707,-3.79911557476188,0.4372639878719445,21.695399453576467,-21.829175552173066,53.98,-0.187
SI,-2.31,5.63,"Eflin, Zach",621107,ball,R,0,0,-1.23,0.18,0.58,1.03,10.039112135216511,-133.40171385478106,-6.249772463824471,-16.727133148870973,26.42126727841253,-28.86602566063148,53.83,0.024
CU,-2.4,5.96,"Eflin, Zach",621107,hit_into_play,R,0,1,0.71,-0.82,0.5,2.05,4.893005892180546,-112.64889074691769,0.1193704328326279,5.12562774488539,21.076808925286876,-39.415892582744696,54.27,-0.196
SI,-2.44,5.62,"Eflin, Zach",621107,foul,R,0,0,-1.42,0.76,-0.49,1.97,7.748112599105687,-128.07916485365595,-4.289048711340849,-17.300755449144518,29.24156391149727,-23.101190986001114,53.72,-0.032
FC,-2.2,5.71,"Eflin, Zach",621107,swinging_strike,R,2,2,0.09,0.84,1.11,2.29,8.1701137478542,-132.63134149146143,-4.61327408336957,-0.5016906882450933,24.761373386931265,-21.447244869851065,53.95,-0.199
SI,-2.09,5.75,"Eflin, Zach",621107,ball,R,1,2,-1.07,0.89,1.32,2.31,11.185886554156722,-135.38671169410597,-5.070248991159999,-15.54968804622066,29.19813634920564,-20.26317422866593,53.74,0.03
SI,-2.33,5.65,"Eflin, Zach",621107,foul,R,1,1,-1.34,0.02,0.21,1.93,9.356634788645517,-133.32812189105485,-3.571525172653831,-17.971211231556133,29.50662969748654,-31.3708475743086,53.88,-0.048
FC,-2.27,5.75,"Eflin, Zach",621107,ball,R,0,1,0.16,0.62,1.48,2.58,9.074191576352892,-132.03862594449132,-3.4377207018346487,0.2737497546462362,24.0930298782432,-24.36323984237201,54.0,0.03
CU,-2.4,5.9,"Eflin, Zach",621107,called_strike,R,0,0,0.96,-0.44,-0.44,2.5,2.512337917764241,-115.2475231942514,0.0704341190342783,8.240978293719692,17.990699613572275,-36.31861965354727,54.05,-0.042
FC,-2.52,5.57,"Eflin, Zach",621107,hit_into_play,R,2,2,0.16,0.58,-0.36,2.7,4.889683714113671,-126.75755276506202,-2.010549657684266,0.9090039144863704,21.701340713881468,-25.716598210926247,53.92,0.141
CU,-2.26,5.88,"Eflin, Zach",621107,ball,R,1,2,1.18,-0.57,1.74,0.65,6.668397127783575,-117.3392525965777,-3.938832303455981,9.780781431422358,20.924039494898317,-36.937376885266026,53.96,0.018
SI,-2.36,5.65,"Eflin, Zach",621107,called_strike,R,1,1,-1.27,0.57,0.34,1.49,9.549934927750687,-131.80499593750457,-5.76687721204406,-16.871630276959724,27.650349320888186,-24.434971525059414,53.69,-0.026
FF,-2.35,5.69,"Eflin, Zach",621107,ball,R,0,1,-0.93,1.09,0.83,2.24,10.240114253346531,-134.5728297997992,-5.419947056221021,-13.527214092750814,29.082861816314757,-17.855080982994448,53.72,0.011
FC,-2.22,5.76,"Eflin, Zach",621107,called_strike,R,0,0,0.14,0.63,0.93,2.12,7.445167461272288,-129.33330824364816,-4.299470455139527,0.2524694782133347,23.3474635487632,-24.44012006545305,53.98,-0.015
FC,-2.47,5.75,"Eflin, Zach",621107,hit_into_play,L,0,2,0.15,0.59,0.44,3.22,6.790832497217767,-128.2337112945263,-1.3435457352959004,0.4355360916777496,23.38892558423403,-25.592918873852767,54.02,-0.104
SI,-2.28,5.64,"Eflin, Zach",621107,called_strike,L,0,1,-1.28,0.78,0.8,2.44,10.534800274391038,-131.86904730369818,-3.789410301073928,-17.200382798961122,28.62243098635229,-22.375471323920777,53.77,-0.035
FC,-2.45,5.62,"Eflin, Zach",621107,swinging_strike,L,0,0,0.06,0.81,-0.16,3.15,5.409914568204905,-127.13462195935544,-1.5162306487274573,-0.3630963514848107,23.7150381280725,-23.29071440050605,53.96,-0.024
CU,-2.47,5.94,"Eflin, Zach",621107,hit_into_play,L,0,0,0.96,-0.29,-0.08,1.92,3.47728317550592,-116.0950359342328,-1.5664496391054528,8.04629098218696,21.169109003965104,-34.72832341385435,54.08,2.322
CU,-2.37,5.9,"Eflin, Zach",621107,hit_into_play,R,1,2,1.12,-0.77,0.68,0.81,4.6864506404779975,-117.64232955194012,-3.245525044809693,9.481474773061803,22.136240450030865,-38.89752548762018,53.95,0.576
FC,-2.36,5.73,"Eflin, Zach",621107,foul,R,1,1,0.21,0.69,1.27,1.83,8.525893815598357,-129.7995670289532,-5.10209011993876,0.7689313704083052,25.26519172705193,-23.462302955274005,53.91,-0.07
SI,-2.36,5.69,"Eflin, Zach",621107,foul,R,1,0,-1.22,0.29,-0.27,1.67,7.927207848214547,-132.4020496691377,-4.783672082396921,-16.139120057327233,31.02951483346713,-27.87832212555041,53.81,-0.055
FC,-2.6,5.72,"Eflin, Zach",621107,ball,R,0,0,0.09,0.62,-1.64,2.9,2.112344618592813,-126.3558215256924,-1.90178824906932,0.5882723796757199,22.870913163566502,-25.285400911028344,54.13,0.044
FF,-2.3,5.63,"Eflin, Zach",621107,hit_into_play,L,0,2,-0.85,0.83,-0.69,3.35,6.0412604372094085,-135.69048644295196,-1.935453800969116,-11.806882525778889,29.28251184987055,-21.69969979685256,53.91,0.325
FC,-2.3,5.71,"Eflin, Zach",621107,swinging_strike,L,0,1,0.13,0.71,1.12,3.13,7.992033110793254,-127.0480641079974,-1.5861888340740025,-0.0293440361729525,23.687511608251324,-24.26981886149155,54.01,-0.035
SI,-2.35,5.65,"Eflin, Zach",621107,called_strike,L,0,0,-1.28,0.38,0.6,2.76,10.226497802673313,-132.5149492195317,-2.12140720494542,-17.42210503638048,31.37839996858916,-27.421359902734054,53.81,-0.024
FC,-2.3,5.75,"Eflin, Zach",621107,hit_into_play,R,2,1,-0.1,0.77,0.42,2.64,6.797825806962564,-127.78550927446024,-3.060785670554222,-2.355272576358245,24.324809332982632,-23.23634413501121,54.03,-0.267
FC,-2.52,5.69,"Eflin, Zach",621107,ball,R,1,1,0.0,0.83,-1.73,2.91,1.900846781456332,-127.4073001003632,-2.2660042804878344,-0.3765977181586641,27.19371552431595,-22.87779697375223,54.08,0.05
SI,-2.51,5.67,"Eflin, Zach",621107,ball,R,0,1,-1.2,0.59,-2.37,2.39,2.9176567739005392,-129.62605313944164,-3.1985469163497933,-14.128919657839324,30.48876561152202,-25.08969060091957,53.9,0.021
FC,-2.42,5.71,"Eflin, Zach",621107,called_strike,R,0,0,-0.03,0.71,0.16,1.92,6.3786508733206615,-129.11565395145524,-4.794641610581056,-1.506995593886412,23.937432910898284,-23.439317352293077,53.99,-0.032
FC,-2.32,5.75,"Eflin, Zach",621107,foul_tip,R,0,2,0.09,0.89,0.24,3.82,6.141758002478473,-130.33198215575857,-0.6454518528796336,-0.209123914520403,27.36264927997582,-22.10704863954645,54.05,-0.307
ST,-2.37,5.96,"Eflin, Zach",621107,foul,R,0,1,1.12,0.38,-0.52,3.12,1.934393898637158,-114.70786852265437,0.037614716679224,9.34755861538762,24.05384154785818,-29.143942714205423,54.11,-0.068
CU,-2.32,5.99,"Eflin, Zach",621107,called_strike,R,0,0,0.68,-0.67,-0.64,2.43,2.4244510195865616,-115.43932210891688,0.2423039349654425,5.600709063756369,21.55322450939498,-38.40484375040814,54.16,-0.073
FC,-2.46,5.73,"Eflin, Zach",621107,hit_into_play,R,0,0,0.11,0.83,0.1,2.36,6.058442541643078,-129.28893442140048,-4.014426745409441,0.0504777640171197,24.624025871532265,-22.263730760457197,53.99,-0.479
SI,-2.18,5.68,"Eflin, Zach",621107,hit_into_play,R,3,2,-1.31,0.41,-0.29,1.71,7.721581777708772,-134.0894076689663,-5.167971642224556,-17.459290161544946,29.9099469771156,-26.25534448509499,53.75,0.425
FC,-2.21,5.75,"Eflin, Zach",621107,foul,R,3,2,0.31,0.54,1.48,2.38,8.463498003787782,-129.30566616538854,-3.438664317562564,1.9986133759484928,23.5590073465484,-25.58901526664164,53.77,0.0
CH,-2.15,5.9,"Eflin, Zach",621107,blocked_ball,R,2,2,-1.23,0.36,1.56,0.39,11.346429478653691,-124.40090399255622,-7.569304419840839,-14.910034949662451,22.816580945248543,-27.127329534333903,53.63,0.097
CU,-2.39,5.86,"Eflin, Zach",621107,blocked_ball,R,1,2,0.9,-0.77,1.45,0.67,6.82241070265892,-116.89151294069622,-3.3619245319660127,6.994411526288427,21.210727592803508,-38.84018189066001,54.11,0.054
FC,-2.3,5.7,"Eflin, Zach",621107,foul,R,1,1,0.18,0.55,0.57,1.8,6.691760434666242,-129.80105217379386,-4.89837367913655,1.0203142100624654,20.61627885504585,-25.15169067873368,53.92,-0.07
SI,-2.34,5.69,"Eflin, Zach",621107,called_strike,R,1,0,-1.37,0.47,-0.06,2.07,8.85738309649001,-134.28783720423516,-4.483793930700919,-18.5281324441948,27.866106453698357,-25.65603826268617,53.87,-0.055
ST,-2.47,5.99,"Eflin, Zach",621107,ball,R,0,0,1.07,0.16,-1.17,3.42,0.8081998783054843,-112.89578261923108,1.0508126931224118,9.142675494059256,17.92720215023402,-31.17250773401223,54.21,0.044
CU,-2.31,5.93,"Eflin, Zach",621107,hit_into_play,R,0,2,0.83,-0.79,0.69,0.84,4.989153446245888,-115.41914099818372,-2.8873269888152047,6.525553825743837,21.47430501750121,-38.94673901893405,54.19,0.325
CU,-2.33,5.92,"Eflin, Zach",621107,foul_tip,R,0,1,1.03,-0.96,0.22,1.25,3.662403313591304,-115.15670418286057,-1.645188069160685,8.542385062302152,20.674150186413858,-40.61399770059288,54.15,-0.035
ST,-2.43,5.97,"Eflin, Zach",621107,called_strike,R,0,0,0.91,0.37,0.41,2.99,4.496620928816465,-115.22821612506868,-0.4001484674332779,7.240235712677164,22.01552352639219,-29.016161575929228,54.25,-0.024
CH,-2.48,5.86,"Eflin, Zach",621107,hit_into_play,L,2,1,-1.14,0.42,0.71,2.0,9.604972873028474,-121.17222212635455,-3.224918090167791,-13.13369447694848,24.050960732662237,-27.58921080055039,53.94,-0.267
SI,-2.22,5.72,"Eflin, Zach",621107,ball,L,1,1,-1.14,0.63,0.92,2.29,10.415580357728404,-133.09023581291154,-4.078917932145878,-15.929061349965002,32.53062972346236,-24.01776726956524,53.94,0.05
SI,-2.27,5.7,"Eflin, Zach",621107,ball,L,0,1,-1.08,0.76,0.98,3.14,10.490681873041815,-131.94558218833618,-2.0341013815416336,-15.020589973202064,30.9328423867573,-23.1294556697466,53.91,0.021
CU,-2.36,5.89,"Eflin, Zach",621107,called_strike,L,0,0,0.92,-0.32,-0.32,2.88,2.6337503876627824,-110.2876273889144,1.3446209867410963,7.091670906977359,18.74524250080989,-35.2525161891788,54.16,-0.032
CH,-2.37,5.91,"Eflin, Zach",621107,hit_into_play,L,1,1,-1.17,0.62,-0.92,3.57,5.708934552204171,-122.08513841423964,-0.1967506984907903,-12.806072364340263,25.162203700171947,-26.191957001809968,53.82,-0.097
SI,-2.51,5.63,"Eflin, Zach",621107,swinging_strike,L,1,0,-1.25,0.17,-0.05,1.0,9.054625828773734,-135.1059614485839,-6.451171911114514,-17.33515643020468,29.983336496623338,-28.87162675996809,54.02,-0.019
FC,-2.45,5.71,"Eflin, Zach",621107,ball,L,0,0,0.1,0.7,-1.34,2.55,2.52453494244553,-129.42146101715414,-3.214476330497122,0.5870043034704772,25.629162598165205,-23.79725223655501,54.23,0.016
SI,-2.51,5.64,"Eflin, Zach",621107,hit_into_play,R,1,1,-1.14,0.48,-0.49,2.0,7.543121889265785,-132.67917366856372,-4.311222519650915,-15.058405206741403,27.986216090614956,-25.748012873938293,54.09,-0.156
SI,-2.45,5.66,"Eflin, Zach",621107,ball,R,0,1,-1.14,0.36,-1.77,1.75,4.154579158993587,-132.29244443806812,-4.626864772235392,-14.295927036887155,31.05973574528878,-27.08001392325351,54.01,0.017
FC,-2.42,5.64,"Eflin, Zach",621107,called_strike,R,0,0,0.33,0.61,0.74,1.85,7.023042772541604,-128.64898471550129,-4.47449025903225,2.317776268681781,25.751820032742145,-24.69726694978364,53.97,-0.024
FC,-2.46,5.72,"Eflin, Zach",621107,hit_into_play,L,2,0,0.26,0.67,-0.48,2.64,4.181167629729553,-125.8462154814057,-2.511735579671227,1.9804154185420952,25.012236911419187,-24.71095060611285,54.29,-0.324
CH,-2.44,5.87,"Eflin, Zach",621107,ball,L,1,0,-0.96,0.26,-0.84,1.46,5.590736411193615,-121.54125127321018,-4.162784225404011,-10.60938625914658,26.6882797596224,-28.97611389609208,54.08,0.064
FC,-2.54,5.68,"Eflin, Zach",621107,ball,L,0,0,0.08,0.74,-1.34,2.59,2.701389065543901,-126.87146344602604,-2.845059966918778,0.4124841066214849,23.486360045539428,-23.74750955165277,54.34,0.032
FC,-2.45,5.64,"Eflin, Zach",621107,swinging_strike,R,2,2,0.27,0.47,1.13,2.35,8.297127580162744,-130.66247245121804,-3.214758139275586,1.6140874764084734,24.332688997814387,-26.327033591798735,54.12,-0.328
FC,-2.33,5.77,"Eflin, Zach",621107,ball,R,1,2,0.02,0.82,2.26,1.81,11.360972182573228,-130.5227351418251,-5.663027194161792,-1.910462746946676,24.16411175454409,-21.711991606112424,53.97,0.012
CU,-2.31,6.04,"Eflin, Zach",621107,foul,R,1,1,1.35,-0.46,-0.75,2.69,0.853058452291336,-114.3860976568726,0.4868118961031338,11.635990990160536,22.85488634854209,-36.53620147708703,54.28,-0.116
CU,-2.3,6.02,"Eflin, Zach",621107,ball,R,0,1,1.46,-0.25,0.92,1.1,4.256273639734494,-114.237840681841,-3.3011471848131237,11.856981197688734,22.4115183214906,-33.91695159434886,54.22,0.057
FC,-2.47,5.81,"Eflin, Zach",621107,called_strike,R,0,0,0.26,0.59,-0.39,2.44,4.5120002355321,-128.5161797665489,-3.376867522390964,2.0732498653713187,24.55303794672972,-25.18197548205272,54.21,-0.073
FC,-2.37,5.72,"Eflin, Zach",621107,called_strike,R,1,2,0.11,0.75,1.1,2.37,8.438238799130335,-132.07216730821276,-4.103463093988404,-0.3868611277932214,27.11059125855941,-22.691572828335143,54.21,-0.362
FC,-2.44,5.89,"Eflin, Zach",621107,foul,R,1,1,0.58,0.57,-0.05,2.42,4.54939278210656,-126.63982913047332,-3.368069527948028,5.361977833991977,24.093223696562585,-25.54421921845495,54.26,-0.065
SI,-2.38,5.79,"Eflin, Zach",621107,ball,R,0,1,-1.32,0.34,1.0,1.54,11.440603733101716,-133.8503817975208,-5.6340156808133015,-18.45624449998984,32.08364476725251,-26.93804488760233,54.11,0.028
FC,-2.33,5.88,"Eflin, Zach",621107,called_strike,R,0,0,0.2,0.62,0.75,1.75,7.081879046525127,-128.25320399872749,-5.27675836808162,0.8823797678448084,24.201459284747145,-24.42115373912649,54.15,-0.083
ST,-2.45,5.92,"Eflin, Zach",621107,hit_into_play,R,1,2,0.72,0.31,0.27,1.11,4.673708231007731,-116.84235874114631,-4.62769589105162,5.840312855681591,19.32546526979026,-28.684691985644,54.26,0.576
ST,-2.55,5.89,"Eflin, Zach",621107,foul,R,1,1,1.23,0.2,-0.03,2.52,3.1746281514440304,-114.10672386962452,-0.8510015454344079,10.277030092426635,19.297107126244946,-30.507276311657968,54.24,-0.07
FC,-2.4,5.73,"Eflin, Zach",621107,called_strike,R,1,0,-0.01,0.71,-0.79,1.94,3.96704162298732,-129.4105357181043,-4.808285319173868,-0.846406843542696,23.83274332335435,-23.38646084663258,54.23,-0.055
FC,-2.33,5.76,"Eflin, Zach",621107,ball,R,0,0,0.42,0.65,2.04,2.29,9.902567594557349,-129.71385420784742,-3.960451192357866,2.923171910942968,23.952340565544837,-24.21738082523639,54.01,0.044
FC,-2.34,5.68,"Eflin, Zach",621107,swinging_strike,R,0,2,0.09,0.73,1.07,2.12,8.329470826070368,-131.88031987487258,-4.656083176309405,-0.3540359173977493,22.81143044330371,-22.828165416285984,54.09,-0.23
SI,-2.45,5.74,"Eflin, Zach",621107,foul,R,0,1,-1.25,0.06,-0.25,2.02,8.168998109896291,-131.54777849311728,-3.407569223147285,-16.285968925755885,30.69109319949281,-30.90588491344409,54.04,-0.075
SI,-2.57,5.66,"Eflin, Zach",621107,called_strike,R,0,0,-1.14,0.04,-0.19,1.41,8.42633981682118,-131.68636433940424,-4.760707292438953,-15.07799255487501,29.275469829469987,-30.85426052836542,53.92,-0.064
SI,-2.42,5.59,"Eflin, Zach",621107,hit_into_play,R,2,2,-1.2,0.46,0.24,1.1,9.386778561239566,-133.6791596529558,-6.549780974933976,-16.485193520874006,29.590577541422174,-25.402908457744555,53.85,0.434
ST,-2.37,5.98,"Eflin, Zach",621107,ball,R,1,2,1.0,0.52,1.54,2.08,6.715315909296352,-116.39025991305728,-2.838198140735539,7.752732927003363,22.745965415444072,-27.109836449136196,54.27,0.036
FC,-2.54,5.75,"Eflin, Zach",621107,foul,R,1,1,0.33,0.57,-0.52,2.51,4.096827746766466,-124.58754639301053,-2.5524695985952244,2.695279460094325,23.449819750012765,-25.93725301087128,54.51,-0.049
SI,-2.39,5.66,"Eflin, Zach",621107,called_strike,R,1,0,-1.14,0.38,-0.15,1.54,8.087941427782333,-132.34798763885894,-5.30013920560442,-15.030509731566278,26.670326042718145,-26.723639404933103,53.89,-0.044
SI,-2.45,5.61,"Eflin, Zach",621107,ball,R,0,0,-1.35,0.09,-1.15,2.06,6.232276891055762,-133.3343379733248,-3.267171922025761,-17.47943589712297,31.61992002191704,-30.548444865368356,54.01,0.032
FC,-2.51,5.74,"Eflin, Zach",621107,hit_into_play,L,0,2,-0.03,0.78,-0.23,3.14,5.711905133191883,-131.27331705530133,-2.2688908205138665,-1.3575529195070355,22.82423800930882,-22.81877327086444,54.28,-0.305
FC,-2.51,5.82,"Eflin, Zach",621107,swinging_strike,L,0,1,0.37,0.74,0.11,3.76,5.633836258729742,-129.52329860859624,-0.6758639364387728,3.280535743197664,22.608269801853535,-23.752257619433635,54.26,-0.068
SI,-2.41,5.87,"Eflin, Zach",621107,foul,L,0,0,-1.15,0.32,-0.57,1.78,7.277397474901592,-136.38820565925363,-5.595715913768037,-15.927552559169872,26.815679673144192,-27.15602453071757,54.28,-0.073
FC,-2.42,5.79,"Eflin, Zach",621107,hit_into_play,R,0,0,0.23,0.69,0.57,2.12,6.867336752343357,-129.63685106349124,-4.502512440700553,1.3219243032980574,24.150824675774363,-23.687866339693564,54.05,0.304
SI,-2.47,5.67,"Eflin, Zach",621107,swinging_strike,R,0,2,-1.12,0.11,-1.23,1.98,5.60750696348898,-135.1495611401691,-3.8880382088144607,-14.899641299676972,30.77895041246929,-30.200595799410785,54.07,-0.194
SI,-2.39,5.72,"Eflin, Zach",621107,foul,R,0,1,-1.49,0.21,-1.14,1.76,6.418580942380997,-134.2976332251499,-4.625668889408641,-19.41178424377012,33.27317717413127,-28.70759006820952,54.31,-0.059
SI,-2.44,5.76,"Eflin, Zach",621107,called_strike,R,0,0,-1.3,0.42,0.09,2.26,9.350780374589425,-135.4286092920409,-4.128957436961965,-17.99686097910773,29.564323720701736,-26.305586405975628,54.1,-0.042
SI,-2.17,5.78,"Eflin, Zach",621107,called_strike,L,2,2,-1.18,0.11,0.68,1.85,9.885240502581196,-134.4600438298483,-4.444149281934003,-16.473060177488954,30.458249149156245,-30.014019973090527,53.99,-0.36
SI,-2.65,5.66,"Eflin, Zach",621107,foul,L,2,1,-1.03,0.01,0.04,1.75,9.089052726261114,-134.18653116237084,-4.219844878112093,-14.286462517402567,25.8309496409981,-31.440908021129125,54.08,-0.075
FC,-2.54,5.84,"Eflin, Zach",621107,swinging_strike,L,2,0,0.2,0.66,-0.67,2.89,4.024196135287511,-125.2079866021651,-2.1932534483566517,1.4841311370900503,20.03007791717162,-24.965626643091092,54.45,-0.113
SI,-2.49,5.74,"Eflin, Zach",621107,ball,L,1,0,-1.27,0.11,0.3,1.23,9.651619562077263,-131.75645104309797,-5.666685556556053,-16.667446825331474,24.11968231814061,-29.94029472663912,54.19,0.112
FC,-2.3,5.77,"Eflin, Zach",621107,ball,L,0,0,0.23,0.59,1.02,3.38,7.56720371024428,-127.71314096664418,-0.9747703920467796,1.2217803439169823,21.923294920131134,-25.594565192669297,54.23,0.067
SI,-2.38,5.7,"Eflin, Zach",621107,hit_into_play,R,1,2,-1.16,0.02,-0.01,1.84,8.565798341230318,-134.75860240458445,-4.165422808239383,-15.964137934687509,26.094557523126447,-31.245089628240965,54.22,0.47
SL,-2.56,5.93,"Eflin, Zach",621107,foul,R,1,2,0.43,0.69,-0.47,2.52,3.744574319718857,-115.25086164464086,-1.90268241034972,3.091333952611353,23.081528079654536,-25.8649580362321,54.37,0.0
FC,-2.48,5.8,"Eflin, Zach",621107,called_strike,R,1,1,0.1,0.78,0.92,1.48,7.777459410954202,-123.9781386636706,-5.484190474399924,-0.2869186246076621,20.87616206990288,-23.3020727714242,54.32,-0.049
SI,-2.51,5.69,"Eflin, Zach",621107,called_strike,R,1,0,-1.28,0.38,0.05,1.97,9.270100067975804,-133.72220592463276,-4.49531861979948,-17.16901262800284,24.206518136625665,-26.925200548901447,54.09,-0.044
SI,-2.53,5.68,"Eflin, Zach",621107,ball,R,0,0,-1.3,0.45,0.74,1.53,11.109361533540453,-133.34711517577622,-5.659789556296449,-17.79959979670682,25.80743277875467,-25.770822295479476,54.05,0.032
