pitch_type,release_pos_x,release_pos_z,player_name,pitcher,description,stand,balls,strikes,pfx_x,pfx_z,plate_x,plate_z,vx0,vy0,vz0,ax,ay,az,release_pos_y,delta_run_exp
FF,-1.42,6.05,"Heasley, Jonathan",669169,hit_into_play,L,1,0,-0.43,1.55,-0.3,2.6,3.780439340451424,-133.95525755060714,-6.278128697988606,-5.991727277062178,30.77501916963732,-12.387713437092998,54.0,0.877
FF,-1.39,6.12,"Heasley, Jonathan",669169,ball,L,0,0,-0.44,1.6,-0.31,3.7,3.725128382484693,-134.59294109726727,-3.8115075905649314,-6.190630662852284,32.08296596294416,-12.16892697979804,54.04,0.087
FF,-1.35,6.04,"Heasley, Jonathan",669169,hit_into_play,R,1,0,-0.36,1.73,0.39,1.56,5.278304854579739,-134.92486664728767,-9.49973563825663,-5.541364644689097,30.327362388454333,-9.171503518882636,53.87,0.877
FF,-1.24,6.07,"Heasley, Jonathan",669169,ball,R,0,0,-0.29,1.59,1.08,1.97,6.618838936359557,-135.32583886645045,-8.260842885767497,-4.96263500403786,29.817061089665128,-11.031401324398985,53.93,0.087
SL,-1.49,5.99,"Heasley, Jonathan",669169,ball,R,3,2,0.23,0.42,-0.23,3.87,2.5650769922965533,-126.86594810087708,0.1797776517117081,1.9905752475237537,24.781331574212956,-27.815039272532257,54.07,0.427
FF,-1.32,6.08,"Heasley, Jonathan",669169,foul,R,3,2,-0.38,1.58,-0.05,2.81,4.039501507529983,-134.17697860572045,-5.922364129177341,-5.420631836948553,29.39551081101269,-12.024810605523584,54.03,0.0
ST,-1.74,5.77,"Heasley, Jonathan",669169,blocked_ball,R,2,2,0.46,0.09,2.15,0.82,8.061094660676096,-120.93624074125756,-5.132619928543905,3.108759846329639,21.49397877673292,-30.53913414322004,53.83,0.191
CU,-1.33,6.04,"Heasley, Jonathan",669169,blocked_ball,R,1,2,0.32,-1.41,0.09,0.17,2.496952323627444,-115.02984044753208,-3.27844873887419,2.264118831608954,24.39483216223041,-44.14224658968983,54.11,0.077
FF,-1.3,6.1,"Heasley, Jonathan",669169,foul,R,1,1,-0.41,1.38,-0.45,2.45,3.05239649861955,-134.11166880548166,-6.396359988727983,-5.586542169544387,32.58937179576238,-14.3207491202625,54.04,-0.078
SL,-1.56,5.91,"Heasley, Jonathan",669169,ball,R,0,1,-0.01,0.34,0.17,0.88,4.154288514195472,-125.21491151906964,-6.348260230559552,-1.0499564629677158,27.601377708680573,-27.476232365875195,53.88,0.057
ST,-1.75,5.93,"Heasley, Jonathan",669169,called_strike,R,0,0,0.8,0.03,0.74,2.35,4.08181729491,-118.82926515355342,-1.453134135975818,6.645047985907143,25.333663434032736,-31.851768735749044,53.92,-0.064
ST,-1.79,5.84,"Heasley, Jonathan",669169,ball,R,3,2,0.65,0.09,0.24,4.49,3.3180541125442478,-119.31649406491135,3.365965369703254,5.562657323519129,23.69297103549644,-32.2299982108788,54.17,0.343
SL,-1.42,5.99,"Heasley, Jonathan",669169,foul,R,3,2,-0.11,0.55,0.07,1.41,3.850138285367793,-126.8682471496118,-6.036226215932372,-1.9709416382445677,24.80317860543205,-25.266367501935655,53.89,0.0
CU,-1.48,6.07,"Heasley, Jonathan",669169,ball,R,2,2,0.4,-1.17,0.94,3.17,4.519336427314375,-114.43776280523318,2.7735434365736054,2.5580567993704637,22.77033110440066,-43.17328863901636,54.16,0.093
ST,-1.74,5.8,"Heasley, Jonathan",669169,foul,R,2,1,0.33,-0.21,-0.14,1.85,2.9652554266875133,-118.09566410372598,-1.8508680440218712,2.5319804130100287,21.51030806625655,-33.96833339694451,54.06,-0.063
SL,-1.58,5.95,"Heasley, Jonathan",669169,foul,R,2,0,-0.04,0.53,0.55,1.81,5.213907421739327,-126.03581721717202,-4.808592212851493,-1.4730212217978491,24.042516166017467,-25.788915527071683,53.97,-0.057
ST,-1.85,5.72,"Heasley, Jonathan",669169,ball,R,1,0,0.64,-0.17,0.47,0.56,4.004736263597329,-118.98758906792916,-4.741619284397551,5.339298615076411,22.790051325209028,-33.09732858209948,54.05,0.064
ST,-1.84,5.83,"Heasley, Jonathan",669169,ball,R,0,0,0.7,-0.04,-0.14,3.71,2.45406976383911,-117.26519304382168,1.9596852152809523,6.070285479572197,19.728194435043346,-33.03408963450636,54.13,0.032
ST,-1.88,5.74,"Heasley, Jonathan",669169,hit_into_play,R,1,2,0.54,-0.1,0.56,2.13,4.497675446263703,-119.85380803167182,-1.490649133293308,4.328885179148353,23.550020822935547,-33.02654762832795,54.09,-0.071
ST,-1.77,5.79,"Heasley, Jonathan",669169,ball,R,0,2,1.05,0.43,2.03,2.28,6.766634673446359,-123.21201878068908,-2.583977078798668,8.97215030276533,29.34819483827904,-27.525769982069463,54.08,0.009
ST,-1.83,5.89,"Heasley, Jonathan",669169,swinging_strike,R,0,1,1.09,0.54,0.1,3.75,2.290008005215271,-121.36379795697314,0.5395503415164201,10.161557129590156,26.966659671650486,-27.249069652846888,54.05,-0.024
ST,-1.85,5.73,"Heasley, Jonathan",669169,swinging_strike,R,0,0,0.83,-0.14,1.02,0.84,4.833844503306405,-118.21346312918196,-4.041958811138611,6.780627054500422,24.036667596909044,-32.907237283456865,54.04,-0.015
FF,-1.46,6.02,"Heasley, Jonathan",669169,hit_into_play,L,0,1,-0.31,1.28,0.56,2.76,5.883223829972473,-135.0088448857167,-5.380317223875013,-5.125819347762541,30.013037974357527,-15.562683367110864,53.98,-0.139
FF,-1.4,6.04,"Heasley, Jonathan",669169,called_strike,L,0,0,-0.52,1.28,-0.42,2.47,3.658486236235377,-135.58399545492213,-6.207060135556652,-7.186200515343184,32.379405645965726,-15.266318804934974,53.89,-0.024
ST,-1.83,5.79,"Heasley, Jonathan",669169,hit_into_play,R,1,2,0.42,-0.01,0.58,2.29,4.649724574781945,-119.36075593137998,-1.2727050025957896,3.0410844781982145,24.6785709404292,-32.27698289920401,53.99,-0.168
ST,-1.73,5.78,"Heasley, Jonathan",669169,ball,R,0,2,0.5,0.21,1.61,1.05,6.652164915639451,-120.07847593040762,-4.6526951064621525,3.393673854870703,24.79183543522673,-29.3902228762232,54.01,0.019
ST,-1.88,5.79,"Heasley, Jonathan",669169,foul,R,0,1,0.54,-0.23,-0.57,2.54,1.892019047471432,-117.97969377567472,-0.2034702242604726,4.687094457714791,21.844392321679425,-34.51426027500843,54.15,-0.047
ST,-1.97,5.76,"Heasley, Jonathan",669169,called_strike,R,0,0,0.37,-0.08,0.12,2.97,3.8920586854722967,-115.64400049361014,0.7589557011162116,2.6150375198592286,20.51389520266977,-33.21254526219453,54.28,-0.032
ST,-1.69,5.89,"Heasley, Jonathan",669169,hit_into_play,R,0,1,0.82,-0.25,0.47,1.74,3.2940522754648045,-118.82324404185758,-2.2681601611762146,7.141761369908182,23.378576109331995,-34.35287085980934,53.83,-0.29
SL,-1.23,6.1,"Heasley, Jonathan",669169,called_strike,R,0,0,0.04,0.6,0.08,2.51,3.0599738990852696,-125.65767732841007,-3.565204190652786,-0.1935453133660533,24.9744604459581,-25.26613725936595,53.82,-0.048
FF,-1.26,6.11,"Heasley, Jonathan",669169,hit_into_play,L,3,2,-0.15,1.56,0.22,2.5,4.070308527962888,-133.26127647797057,-6.640047069628313,-2.701108878166857,30.446586912561493,-12.318047825827902,54.02,0.75
FF,-1.26,6.13,"Heasley, Jonathan",669169,called_strike,L,3,1,-0.4,1.61,0.25,3.05,4.7676284638354725,-135.25355306656857,-5.643691223402508,-5.96581759726194,31.589647199616326,-11.349706476909004,54.01,-0.053
FF,-1.14,6.15,"Heasley, Jonathan",669169,called_strike,L,3,0,-0.59,1.54,0.16,3.03,4.632619590486421,-134.86859713581327,-5.5766880765484,-8.18917071111893,28.98106883378278,-12.33368986447183,53.94,-0.035
CU,-1.12,6.26,"Heasley, Jonathan",669169,ball,L,2,0,0.47,-1.49,-1.4,4.09,-1.474489009378566,-114.44287154746029,4.9670899579311705,4.363203179936559,23.077724318284098,-46.43578582841081,54.14,0.053
SL,-1.2,6.03,"Heasley, Jonathan",669169,ball,L,1,0,0.44,0.11,2.46,1.11,7.885153797660463,-125.5983357937926,-5.776427489037025,3.141315140158898,24.690080048546893,-30.02793184687999,53.78,0.044
CU,-1.27,6.16,"Heasley, Jonathan",669169,ball,L,0,0,0.54,-1.42,-0.14,1.07,1.466243934116306,-116.4856701906803,-1.7520946959658503,4.61154710030878,24.07062792123116,-44.91937670254482,54.05,0.027
CU,-1.27,6.13,"Heasley, Jonathan",669169,hit_into_play,R,3,2,0.44,-1.48,0.47,1.88,3.036136492649224,-117.39686726182843,0.1548196980590985,3.3609372086590885,25.777988432694407,-46.02022820360326,53.91,0.098
SL,-1.34,6.12,"Heasley, Jonathan",669169,swinging_strike,R,3,1,0.24,0.38,0.29,2.56,3.394455024030229,-126.02863207564384,-3.0877711786259936,1.9118723965811928,25.2867957834954,-27.68635705575877,54.01,-0.035
CU,-1.13,6.2,"Heasley, Jonathan",669169,ball,R,2,1,0.42,-1.35,0.2,1.11,2.1432371590484527,-116.46022394379284,-1.907140168570624,3.335590198941775,23.84273179501184,-44.19289149445595,54.01,0.046
SL,-1.29,6.1,"Heasley, Jonathan",669169,ball,R,1,1,0.15,0.46,1.95,1.65,7.517501537672619,-126.93700634247492,-5.533250474747463,0.15481790792918,25.24984758484388,-26.23239848469249,53.84,0.023
CU,-1.19,6.19,"Heasley, Jonathan",669169,ball,R,0,1,0.5,-1.42,-0.07,0.55,1.5407825160438309,-116.44178816207749,-2.9870191845255567,4.175562240081809,23.90907833874267,-44.5988717977125,54.08,0.011
CU,-1.22,6.15,"Heasley, Jonathan",669169,called_strike,R,0,0,0.45,-1.24,0.37,2.87,2.637065847158579,-115.80946985305056,1.9479198440298449,3.502276411184401,23.308325844881125,-43.92482869233208,54.09,-0.015
CU,-1.18,6.12,"Heasley, Jonathan",669169,swinging_strike,L,1,2,0.58,-1.41,-0.59,1.24,0.197430611378675,-116.2930793515535,-1.3082123575410716,5.17198054395372,23.91145220463171,-44.80963611182891,54.04,-0.116
CU,-0.99,6.24,"Heasley, Jonathan",669169,swinging_strike,L,1,1,0.6,-1.45,0.07,1.72,1.2103048575557938,-115.51859373673317,-0.3483374964197325,5.080189521328844,23.434993206214347,-45.2372781875229,54.17,-0.04
CU,-1.2,6.15,"Heasley, Jonathan",669169,called_strike,L,1,0,0.71,-1.4,-0.42,1.64,0.365435989063302,-115.59821685295802,-0.4294504586881538,6.257313578990988,23.782665808994512,-44.749070366635614,54.15,-0.031
CU,-1.24,6.15,"Heasley, Jonathan",669169,ball,L,0,0,0.42,-1.33,-1.59,2.82,-1.5636156406776702,-115.70170416959976,1.983272662221514,4.090109252774584,22.625818870360977,-44.71585904874401,54.23,0.024
FF,-0.84,6.28,"Heasley, Jonathan",669169,hit_into_play,R,0,0,-0.24,1.73,0.3,3.35,3.44862294745678,-134.8681136437449,-5.478257659365184,-3.634843614199705,30.05349285782028,-10.11615541631451,53.95,1.678
ST,-1.51,5.91,"Heasley, Jonathan",669169,swinging_strike,R,2,2,1.31,-0.19,-0.06,2.98,0.7418578391894886,-117.84435176501258,0.4405256607477683,12.107022815603967,22.05935377237348,-34.21116368230606,54.05,-0.36
CU,-1.19,6.19,"Heasley, Jonathan",669169,foul,R,2,1,0.58,-1.49,-0.39,2.19,0.6728468057288186,-115.02922627162438,0.9833621508488382,4.910743432356204,25.42715630256389,-45.649624577454816,54.14,-0.075
SL,-1.39,6.05,"Heasley, Jonathan",669169,called_strike,R,2,0,0.35,0.29,0.78,2.27,4.470972835069225,-125.40016494960778,-3.3039071913773914,2.7641783723257296,26.806043040391984,-28.64227338534253,53.9,-0.113
CU,-1.19,6.19,"Heasley, Jonathan",669169,ball,R,1,0,0.37,-1.32,0.32,1.18,2.626989762033653,-115.86028068397913,-1.6586244678241733,2.7640715144650443,24.93498780886824,-43.8557574866233,54.1,0.112
SL,-1.13,6.14,"Heasley, Jonathan",669169,ball,R,0,0,0.47,0.36,1.44,1.07,5.103146393635593,-124.29416002271952,-6.314413890023436,3.6962247390397662,28.49056832200539,-27.27590423726892,53.91,0.067
SL,-1.36,6.08,"Heasley, Jonathan",669169,hit_into_play,R,0,1,0.25,0.36,0.23,2.38,3.243813055405556,-124.69374052254892,-3.2619228083752527,2.045398915084451,23.18038524431492,-27.99772590345,53.92,0.442
CU,-1.41,6.18,"Heasley, Jonathan",669169,called_strike,R,0,0,0.67,-1.27,-0.2,2.21,1.376584178424873,-114.24478341338406,0.6008158314588514,5.593882311166168,21.23608100595524,-43.60197922535742,54.21,-0.032
CU,-1.21,6.2,"Heasley, Jonathan",669169,hit_into_play,R,0,0,0.43,-1.23,0.06,1.78,1.995907077736767,-116.3375711376914,-0.6320037178438057,3.4242002882131635,24.29069420105899,-43.38609691185847,54.13,-0.337
CU,-0.98,6.25,"Heasley, Jonathan",669169,hit_into_play,R,0,2,0.42,-1.48,0.83,2.09,3.190105248732317,-116.2370778275129,0.3620264667547064,3.210228989972158,22.538240389145912,-45.840783344010674,54.21,0.187
SL,-1.33,6.07,"Heasley, Jonathan",669169,foul,R,0,1,0.26,0.28,0.07,2.06,2.77994109477006,-124.79114500147502,-3.78157916965156,2.1444625366282537,25.01574413311482,-28.739341948879588,54.04,-0.024
CU,-1.19,6.29,"Heasley, Jonathan",669169,called_strike,R,0,0,0.56,-1.29,-0.28,1.77,0.9712602903497358,-118.85301520639614,-1.0594974255682883,5.091077459014398,24.69995739178029,-44.37894883868454,54.1,-0.015
SL,-1.08,6.08,"Heasley, Jonathan",669169,hit_into_play,R,0,1,0.21,0.78,0.26,2.4,2.804997119066858,-126.4520921474134,-4.22186824373564,1.6192146082610142,27.054590180400048,-23.18058949453452,53.9,-0.472
SL,-1.18,6.05,"Heasley, Jonathan",669169,swinging_strike,R,0,0,0.15,0.09,0.9,1.9,4.697705068392245,-126.69778026060234,-3.968659904510401,0.6045105008694239,26.765907506171786,-30.596491282730025,53.92,-0.064
FF,-1.3,6.18,"Heasley, Jonathan",669169,hit_into_play,L,2,2,-0.26,1.6,0.3,2.54,4.706939997437138,-135.67797110419454,-7.145079117757504,-4.2691245755691325,30.4317587742174,-10.994848305411669,54.01,0.434
CU,-1.14,6.25,"Heasley, Jonathan",669169,ball,L,1,2,0.63,-1.28,-0.02,3.53,1.2830630962254628,-116.57919361681626,3.1687035869010174,5.502734019439759,23.40747946873332,-44.69869451948989,54.21,0.036
ST,-1.49,5.9,"Heasley, Jonathan",669169,ball,L,0,2,1.29,-0.01,1.74,-0.48,4.910336558907479,-121.1785166724405,-8.16814673647122,11.575394576404095,25.403506408239483,-30.7372982436416,53.84,0.019
CU,-1.47,6.17,"Heasley, Jonathan",669169,called_strike,L,0,1,0.68,-1.36,-0.07,2.42,1.8006767417098726,-116.82772960154834,1.0212475811799526,5.820377507417355,23.81968887151989,-45.019654034828505,54.26,-0.047
CU,-1.22,6.22,"Heasley, Jonathan",669169,called_strike,L,0,0,0.36,-1.46,0.2,1.89,2.451618619230536,-116.46024578822608,-0.0324302962676132,2.784510837021099,23.70608137897491,-45.64306180611588,54.21,-0.032
FF,-1.07,6.12,"Heasley, Jonathan",669169,hit_into_play,R,1,0,-0.61,1.57,-0.39,2.82,3.1601517891913065,-137.82769533428203,-6.444104333649015,-8.524178370988261,32.93107865861379,-10.927372694400557,53.98,1.852
SL,-1.13,6.03,"Heasley, Jonathan",669169,ball,R,0,0,-0.02,0.41,0.81,1.6,4.786960110726754,-128.12145053544722,-5.515309824995377,-1.221544086544283,27.195910050088223,-26.65515218280461,53.84,0.087
FF,-1.07,6.2,"Heasley, Jonathan",669169,hit_into_play,L,0,1,-0.24,1.68,-0.08,2.28,3.08699398084534,-136.4954494886087,-8.09350396754942,-3.711795427436367,34.039828489422995,-9.645209094558371,54.01,0.755
FF,-1.16,6.15,"Heasley, Jonathan",669169,foul_bunt,L,0,0,-0.63,1.4,0.88,2.04,6.735207518472416,-137.08462599696236,-8.071407014142526,-9.5118119132904,33.61600859144633,-12.90475056560508,53.9,-0.064
SL,-1.38,5.94,"Heasley, Jonathan",669169,blocked_ball,R,3,1,0.2,0.66,1.34,0.53,6.140453394367111,-126.24417498449492,-8.161596089661103,0.9833599711646104,24.648224425167204,-23.6147547966874,53.9,0.265
ST,-1.57,6.03,"Heasley, Jonathan",669169,ball,R,2,1,1.21,-0.2,0.75,3.39,2.924793214069424,-120.12676032715002,0.928657794523288,11.136876643370524,24.15173159619238,-34.495034856186535,54.13,0.108
SL,-1.31,6.09,"Heasley, Jonathan",669169,swinging_strike,R,2,0,0.55,0.3,0.6,2.03,3.4427472544478896,-125.21009203428844,-3.9453031699255288,4.929177392258609,27.765744278608302,-28.408465471485144,54.03,-0.057
ST,-1.72,5.93,"Heasley, Jonathan",669169,ball,R,1,0,1.04,-0.19,0.87,0.33,3.921772783641553,-121.58925214135112,-6.084622741540786,9.456165411765728,24.634224713733868,-33.05487961132559,54.11,0.064
SL,-1.18,6.04,"Heasley, Jonathan",669169,ball,R,0,0,0.25,0.5,1.98,-0.3,7.157084657291614,-127.28884341806013,-10.191527331306832,1.009395063323964,29.780963185483373,-24.57861873621085,53.82,0.032
ST,-1.95,5.71,"Heasley, Jonathan",669169,hit_into_play,L,0,0,1.36,-0.26,0.03,1.41,1.8427901050644635,-118.9042784000969,-2.5258308140253245,12.360257892354582,26.3050199887538,-34.25526042152281,54.16,0.683
FF,-1.24,6.12,"Heasley, Jonathan",669169,hit_into_play,R,1,1,-0.56,1.52,0.19,2.21,4.905922151862135,-135.01594806013742,-7.515160994792565,-7.959213516847922,32.98793437933584,-12.082432210315082,54.03,-0.364
ST,-1.87,5.88,"Heasley, Jonathan",669169,called_strike,R,1,0,0.7,-0.12,-0.08,3.47,2.740321925030765,-120.88906570331956,1.240631648943916,6.212535405659192,25.277082870008844,-33.857757395724896,54.39,-0.058
ST,-1.82,5.78,"Heasley, Jonathan",669169,ball,R,0,0,1.23,-0.06,1.34,1.45,4.783460240716186,-119.25832846447751,-3.03009973445507,10.568076473284622,26.008603617308104,-32.306854505820205,54.0,0.06
SL,-1.36,6.12,"Heasley, Jonathan",669169,foul,L,1,0,0.18,0.62,0.42,2.79,3.9479986584508486,-127.53170758742738,-3.234419704055151,1.1970227584138742,25.741475948114445,-24.97289425807172,53.79,-0.039
FF,-1.06,6.2,"Heasley, Jonathan",669169,blocked_ball,L,0,0,0.12,1.6,1.87,1.6,7.331514701042828,-136.04828382596534,-9.656608948335911,-0.2474876438477335,32.46856010187082,-10.33250641763886,53.93,0.027
ST,-1.66,5.94,"Heasley, Jonathan",669169,hit_by_pitch,R,3,2,1.28,0.37,-1.99,4.37,-3.2641921388500563,-120.4415707529169,2.297008248095836,13.067120699354843,26.624933808767352,-29.39817728867806,54.1,0.1
ST,-1.49,6.02,"Heasley, Jonathan",669169,ball,R,2,2,0.98,0.09,-0.17,4.3,1.0869105817151512,-119.79246116970116,2.499994441409612,9.162249111622195,25.337253568677525,-32.04371030696013,54.19,0.043
SL,-1.31,5.99,"Heasley, Jonathan",669169,foul,R,2,1,0.09,0.66,0.04,2.01,3.0787758048628557,-126.94831640981651,-4.826369194750017,0.3397536090483085,25.618065802572414,-24.25219124206989,53.87,-0.031
ST,-1.28,6.13,"Heasley, Jonathan",669169,swinging_strike,R,2,0,0.65,0.15,1.02,2.27,4.085346506362386,-123.65846907047836,-2.949381567944152,5.724786329764527,27.526706448030367,-30.27225248383024,53.88,-0.022
ST,-1.52,5.96,"Heasley, Jonathan",669169,ball,R,1,0,1.0,0.05,-1.59,3.1,-2.103739927474421,-119.73905983545744,-0.0127804906922659,10.028283488442264,25.132157385714216,-31.884030206956865,54.1,0.026
SL,-1.24,6.14,"Heasley, Jonathan",669169,ball,R,0,0,0.11,0.35,0.43,3.62,3.7901516861862095,-126.34006083793736,-0.5258079157617521,0.3979959481920286,26.20611167226733,-28.58855777365326,53.92,0.016
ST,-1.56,6.0,"Heasley, Jonathan",669169,hit_into_play,R,3,2,1.28,-0.19,-0.15,2.72,0.7196714357343311,-118.18169395712547,-0.3138777789799252,11.768611533779854,24.548349835343643,-34.08200702005685,54.15,-0.211
SL,-1.43,6.03,"Heasley, Jonathan",669169,foul,R,3,1,-0.21,0.72,-0.79,3.26,1.992613350060798,-127.76593922867389,-1.9809537082947983,-2.750568846335409,30.861130335105223,-24.180812650916497,53.97,-0.059
CU,-1.42,6.19,"Heasley, Jonathan",669169,ball,R,2,1,0.22,-1.5,-1.28,2.93,-0.1087236359925597,-115.07570568670974,2.6228278581979483,1.9331221192618429,26.08946491967117,-46.10830094238928,54.25,0.077
FF,-1.12,6.22,"Heasley, Jonathan",669169,ball,R,1,1,-0.32,1.81,-0.11,4.12,3.3322655692692256,-136.22157433554125,-3.6400543905944,-4.781898884820258,32.55857305641046,-9.20089186859849,54.04,0.037
ST,-1.61,6.01,"Heasley, Jonathan",669169,foul,R,1,0,1.15,-0.14,-0.13,3.16,1.1106099028498426,-119.6038917619288,0.3598797395298423,10.80871807578342,23.36138779007351,-33.84077117265182,54.07,-0.031
SL,-1.22,6.15,"Heasley, Jonathan",669169,ball,R,0,0,-0.09,0.59,1.32,2.5,6.29041850442772,-126.5092412853244,-3.7867608444744114,-2.298597179833209,25.99028577319148,-25.28250140445928,53.96,0.024
CU,-1.26,6.15,"Heasley, Jonathan",669169,hit_into_play,L,0,2,0.69,-1.35,0.47,1.86,2.5287218681646424,-116.6053224056919,-0.1523992359975803,5.691383698041349,24.157484465717868,-44.5748636981226,54.15,-0.149
CU,-1.28,6.2,"Heasley, Jonathan",669169,called_strike,L,0,1,0.44,-1.28,-0.27,2.97,1.378209682454795,-115.31213613470548,2.1394423103877083,3.6335021868141775,22.5862810917992,-44.21098759221068,54.35,-0.047
FF,-1.18,6.26,"Heasley, Jonathan",669169,called_strike,L,0,0,-0.45,1.48,-0.11,3.2,3.730276841891965,-134.6558310935391,-5.243793329486177,-6.258928777679463,28.67876739529434,-13.210041289805588,54.1,-0.032
FF,-1.12,6.27,"Heasley, Jonathan",669169,hit_into_play,R,0,0,-0.35,1.67,0.87,1.69,6.016162464167089,-137.91757940058224,-10.075997574902924,-5.831267838511658,31.09182658949564,-8.7863262475633,54.0,-0.1
ST,-1.63,5.95,"Heasley, Jonathan",669169,swinging_strike,R,1,2,1.11,-0.19,0.95,1.88,3.6408820567840583,-118.00439061987365,-2.149151022592583,9.805917282574187,21.179383943694106,-33.771945739559584,54.08,-0.116
ST,-1.62,5.9,"Heasley, Jonathan",669169,ball,R,0,2,1.22,0.05,0.22,3.55,1.7854042618170185,-117.79091594207232,1.3087719194356906,10.983460949242048,22.746897133136407,-32.19877412631341,54.11,0.013
CU,-1.21,6.23,"Heasley, Jonathan",669169,foul,R,0,2,0.46,-1.4,0.18,1.21,2.2298214764176194,-118.44224597174468,-1.9312774977955784,3.881833370491026,24.095352018013823,-45.13917533670512,54.21,0.0
ST,-1.52,5.94,"Heasley, Jonathan",669169,called_strike,R,0,1,1.22,-0.38,-0.72,1.78,-0.5287389422264931,-116.66492462696178,-1.7944855851813633,11.305229281226298,21.02706432244307,-35.57395161155948,54.19,-0.035
ST,-1.71,5.97,"Heasley, Jonathan",669169,called_strike,R,0,0,1.15,-0.06,-0.47,2.4,0.6049763822576397,-120.05720263361576,-1.5346762106109937,11.028206376790797,21.8647099641726,-32.69052696380889,54.14,-0.024
ST,-1.62,6.01,"Heasley, Jonathan",669169,called_strike,R,3,2,1.21,-0.34,-0.75,2.73,-0.373730860956453,-118.16136664400948,-0.0647365645841999,11.409648433484794,22.763458859342563,-35.54843058481701,54.2,-0.297
SL,-1.4,6.12,"Heasley, Jonathan",669169,foul,R,3,2,0.28,0.41,0.42,2.8,3.81679735906318,-127.11713469183304,-2.7293472869383706,2.324389097433986,24.93475305136615,-27.39334581060653,54.03,0.0
ST,-1.62,5.96,"Heasley, Jonathan",669169,ball,R,2,2,0.91,0.13,0.97,1.85,4.1677444426148895,-121.27700881221706,-3.2104774646870378,8.051318115795304,25.435974986542018,-30.4617366369193,54.09,0.093
ST,-1.84,5.88,"Heasley, Jonathan",669169,ball,R,1,2,0.84,-0.16,1.46,1.52,5.852149336499806,-119.58986457507989,-3.0016455106865974,6.905936836329427,23.995940538654327,-33.329973635251235,54.09,0.036
ST,-1.72,5.98,"Heasley, Jonathan",669169,called_strike,R,1,1,1.08,-0.67,0.79,1.65,3.5463473178271365,-118.32328900320876,-1.735674118102399,9.336915489599836,24.737843587117226,-38.335053821580935,54.2,-0.049
ST,-1.88,5.99,"Heasley, Jonathan",669169,ball,R,0,1,0.99,-0.54,-0.81,1.24,0.4889524603619291,-118.05728493994268,-2.90793611171174,9.108148340660978,24.25414931195993,-36.84778337158442,54.28,0.021
SL,-1.35,6.19,"Heasley, Jonathan",669169,called_strike,R,0,0,0.2,0.5,0.72,3.05,4.552205288544828,-126.51702736026718,-2.360938343775111,1.1921607511607242,26.68900813390681,-26.51366265655527,54.1,-0.032
