pitch_type,release_pos_x,release_pos_z,player_name,pitcher,description,stand,balls,strikes,pfx_x,pfx_z,plate_x,plate_z,vx0,vy0,vz0,ax,ay,az,release_pos_y,delta_run_exp
ST,1.85,5.8,"Krook, Matt",640454,called_strike,R,3,2,-1.41,-0.23,0.4,1.95,-0.5371500869528095,-117.7930805349615,-1.5022945108800645,-13.043194954657125,22.36056681728887,-34.25548100058958,54.27,-0.131
SI,1.62,5.9,"Krook, Matt",640454,foul,R,3,2,0.76,0.21,0.31,2.99,-4.802234521891759,-130.47229432962777,-1.734584420957272,9.613403906827736,23.1704251407447,-29.655707011604346,54.38,0.0
FC,1.61,6.03,"Krook, Matt",640454,foul,R,3,2,-0.15,0.17,0.43,2.83,-2.5668542891907027,-129.12236101449997,-2.196978339831176,-1.2165887564188096,23.284879706174024,-30.020587454279337,54.4,0.0
SI,1.66,5.91,"Krook, Matt",640454,ball,R,2,2,1.09,0.23,-1.91,2.42,-11.024997013038965,-129.75935833520302,-3.054861839611732,14.544316670781948,26.22372477781849,-29.109692348697017,54.39,0.043
ST,1.74,5.9,"Krook, Matt",640454,foul,R,2,2,-1.44,-0.18,-1.5,1.77,-4.630264099357734,-121.88022431261108,-2.7739399788366907,-13.448685970727936,23.645660868561645,-33.67232413878199,54.28,0.0
ST,1.97,5.88,"Krook, Matt",640454,ball,R,1,2,-1.47,-0.39,1.35,2.64,1.4473717702748736,-119.9196217679201,-0.0708122163524092,-14.486940819453798,23.02177129047256,-36.18506455692652,54.45,0.018
SI,1.66,5.79,"Krook, Matt",640454,foul,R,1,1,1.19,-0.01,0.61,2.06,-5.067960443128759,-129.98323713107544,-3.142221981861253,14.582009668266986,27.715749742253035,-31.807244763775103,54.44,-0.026
SI,1.78,5.88,"Krook, Matt",640454,ball,R,0,1,1.18,-0.13,2.04,2.07,-1.8723127546683829,-133.0466262710801,-3.393382025983817,14.366508578413915,31.12981085757724,-33.1568128202974,54.47,0.011
SI,1.62,5.87,"Krook, Matt",640454,swinging_strike,R,0,0,1.09,0.05,-0.16,2.59,-6.579969924222628,-129.11835691735735,-2.064264383730368,13.572692774857783,27.24936958442689,-31.403270284051107,54.6,-0.015
SI,1.62,5.9,"Krook, Matt",640454,hit_into_play,R,1,1,1.08,-0.04,-0.24,2.57,-6.976038288140419,-132.48744817455508,-2.33782686707109,14.276901425413428,29.971156443219083,-32.3166663331928,54.49,-0.156
SI,1.69,5.83,"Krook, Matt",640454,foul,R,1,0,0.91,-0.01,0.93,3.09,-3.711143919207673,-127.51885917504254,-0.4852472767484242,10.70594510588926,25.236713345588257,-32.355455799038936,54.37,-0.031
SI,1.7,5.82,"Krook, Matt",640454,ball,R,0,0,1.12,0.07,-0.51,0.29,-7.835157199172267,-131.29834768575242,-7.956671843071796,14.535632151364403,26.776765702161697,-29.876465607760966,54.29,0.024
ST,1.74,5.87,"Krook, Matt",640454,swinging_strike,L,1,2,-1.46,-0.1,-1.15,2.39,-3.734196186586464,-120.01166382944444,-1.1828308985513647,-13.2587919441503,24.3034515080492,-33.15150062360121,54.43,-0.168
SI,1.71,5.89,"Krook, Matt",640454,foul,L,1,1,0.95,0.0,0.11,2.92,-5.961775844682824,-130.77887006221508,-1.3670100932514502,12.11531408371706,27.454946302579707,-32.15171323072215,54.4,-0.049
ST,1.93,5.69,"Krook, Matt",640454,called_strike,L,1,0,-1.63,-0.06,-0.81,2.06,-2.9877172019357525,-116.9726727928103,-1.2450503560582318,-14.3710616615459,22.50341426126913,-32.671912332020625,54.47,-0.044
SI,1.63,5.88,"Krook, Matt",640454,ball,L,0,0,0.99,-0.04,1.2,3.49,-3.1234308883609594,-130.0252910103833,0.2134611382787949,11.898242144674583,28.1738579783312,-32.868166911826926,54.52,0.032
FC,1.72,5.88,"Krook, Matt",640454,hit_into_play,R,1,0,0.05,0.23,-0.82,3.19,-6.196079099284861,-127.2531113121747,-0.8179839754620113,1.7643069899499744,26.140701274612702,-29.744881586887097,54.37,1.852
SI,1.83,5.7,"Krook, Matt",640454,blocked_ball,R,0,0,1.07,-0.58,-0.96,0.59,-9.137998469355113,-130.12415504214317,-5.327359383573488,14.14279204279281,29.3130226352543,-37.71821649764989,54.27,0.087
SI,1.72,5.96,"Krook, Matt",640454,ball,R,3,2,0.74,0.26,-1.06,3.92,-8.497768131179408,-131.82084869988162,0.2131946371094758,10.30620744050348,24.48825545569255,-29.326019099663338,54.39,0.427
CH,1.82,5.67,"Krook, Matt",640454,blocked_ball,R,2,2,0.92,0.18,-0.9,0.79,-8.152839618638062,-122.83746385055451,-5.387626699862674,10.903307339574182,22.56580657536547,-29.505845192555547,54.36,0.191
ST,1.86,5.77,"Krook, Matt",640454,foul,R,2,2,-1.54,-0.06,-0.06,2.17,-1.3668569685261494,-119.84437388485992,-1.548345928283316,-14.58160178319272,23.36121179910795,-32.64730657111233,54.43,0.0
SI,1.67,5.87,"Krook, Matt",640454,called_strike,R,2,1,1.11,-0.12,0.2,3.31,-6.0449739738020005,-132.9548434025791,-0.2834665425451083,14.49694627136264,28.962426555339952,-33.78234144966189,54.53,-0.075
SI,1.8,5.81,"Krook, Matt",640454,foul,R,2,0,1.0,0.08,0.48,1.67,-5.334824911805641,-129.86071021752704,-4.341945831227462,12.457992524383984,26.965092558639743,-30.51027536042944,54.43,-0.113
SI,1.68,5.85,"Krook, Matt",640454,ball,R,1,0,0.99,-0.03,-0.98,2.1,-8.775680673919604,-132.00502809163183,-3.3996071671966166,13.4123330061459,27.254325803040853,-31.97466281845948,54.25,0.112
SI,1.8,5.84,"Krook, Matt",640454,ball,R,0,0,1.12,-0.22,1.9,2.28,-2.1502608119464326,-131.93185414650486,-2.45575411321245,13.490387668306065,30.61644949620252,-34.42371957021638,54.25,0.067
SI,1.71,5.87,"Krook, Matt",640454,hit_into_play,R,1,0,1.42,0.1,0.16,1.98,-6.965663158945044,-133.95345547287096,-4.214329114989133,18.561085277523347,29.39197053601976,-30.28769654342205,54.53,0.41
SI,1.66,5.96,"Krook, Matt",640454,ball,R,0,0,0.95,0.14,-1.2,2.24,-8.97610282271835,-129.51454620966672,-3.405313837245736,12.570573264124516,26.0956614365492,-30.13198360242261,54.45,0.032
