pitch_type,release_pos_x,release_pos_z,player_name,pitcher,description,stand,balls,strikes,pfx_x,pfx_z,plate_x,plate_z,vx0,vy0,vz0,ax,ay,az,release_pos_y,delta_run_exp
EP,-1.12,6.64,"McCann, James",543510,hit_into_play,R,1,1,-0.78,1.32,0.29,2.91,2.3851289490668663,-62.61591355124934,6.364138827808723,-2.285346626317972,5.81563926429352,-29.4713788130784,55.83,-0.097
KN,-1.56,6.08,"McCann, James",543510,ball,R,0,1,0.3,-0.16,0.61,0.9,2.824688003275696,-80.2728118588852,2.2020038311737427,0.7911800947476791,13.228680413567496,-33.49769275553184,55.8,0.011
EP,-1.07,6.7,"McCann, James",543510,called_strike,R,0,0,-0.79,1.46,0.57,2.51,2.528565602369683,-59.93709828111079,6.527064616709795,-2.1390839446236214,5.636960100719932,-29.485564784407128,56.1,-0.015
EP,-1.34,6.69,"McCann, James",543510,hit_into_play,L,2,0,-0.81,1.19,-0.7,3.83,1.5793638902563956,-65.40364682281539,6.742138221009416,-2.48073710772079,6.306174769410251,-29.594456569398577,56.05,1.799
EP,-1.32,6.61,"McCann, James",543510,ball,L,1,0,-0.83,1.53,0.49,2.25,2.9091602869158693,-62.788312067948944,5.426280410860814,-2.485010775871517,5.91235553089636,-28.83095512255408,55.61,0.044
KN,-1.68,6.2,"McCann, James",543510,ball,L,0,0,-0.25,-0.28,-1.22,1.6,0.8945060136599337,-71.45950162192725,5.14596703823152,-0.9836104452410968,10.295540136683217,-34.13909753327542,55.44,0.027
EP,-1.23,6.7,"McCann, James",543510,hit_into_play,L,0,1,-0.63,1.2,-0.41,3.25,1.4798440484395892,-59.55476967380099,7.493951471795716,-1.622656470972797,4.401792708145193,-29.998101129316552,55.84,-0.256
EP,-1.63,6.67,"McCann, James",543510,called_strike,L,0,0,-0.7,1.18,-0.54,3.57,2.004491739367288,-65.12449800844047,6.423636247786561,-2.195923405024782,5.57359907054435,-29.51463467480655,56.1,-0.042
EP,-1.13,6.99,"McCann, James",543510,hit_into_play,R,0,0,-0.67,1.39,-0.47,2.78,1.3721865738571586,-61.24559841745481,6.116665235043385,-1.81995639031899,5.447208452669181,-29.39774439405675,55.9,-0.376
EP,-1.3,6.9,"McCann, James",543510,hit_into_play,R,0,0,-0.74,1.21,0.64,3.1,3.0030053976283764,-63.889171525437504,5.950262268575054,-2.308131117094829,5.671258883805895,-29.54894405892424,56.01,0.41
