pitch_type,release_pos_x,release_pos_z,player_name,pitcher,description,stand,balls,strikes,pfx_x,pfx_z,plate_x,plate_z,vx0,vy0,vz0,ax,ay,az,release_pos_y,delta_run_exp
FF,-0.95,5.46,"McDermott, Chayce",694646,hit_into_play,R,1,0,-1.01,1.29,-0.53,1.8,3.326416561448797,-134.19676386632236,-6.36123463557966,-12.962606333154945,29.352652705399663,-15.450013694894814,53.49,-0.256
SL,-1.21,5.56,"McDermott, Chayce",694646,ball,R,0,0,0.15,0.48,-0.94,2.99,0.3433368094186869,-126.53984004464226,-0.9465253689882658,1.5236742554274234,26.824548635407098,-27.02654363951417,53.72,0.027
FF,-1.12,5.52,"McDermott, Chayce",694646,hit_into_play,L,2,2,-0.85,1.33,-0.09,3.43,4.606899003208544,-135.54696366992087,-2.5062404518603,-11.559869787615316,32.00487045063042,-15.510819484652536,53.49,-0.069
CH,-1.07,5.41,"McDermott, Chayce",694646,foul,L,2,2,-0.77,0.51,-1.13,2.83,1.371611412656547,-120.21042182714108,-0.3532961787459443,-7.746822655048001,23.2931654838341,-27.394691816394936,53.76,0.0
CH,-1.02,5.45,"McDermott, Chayce",694646,foul,L,2,2,-0.98,0.12,-0.5,1.4,3.154917542414938,-121.24254174959192,-3.076723777224984,-10.297581214669,24.96695613302233,-30.608033255974707,53.52,0.0
CU,-0.99,5.55,"McDermott, Chayce",694646,foul,L,2,2,0.85,-1.28,0.26,1.72,1.1206932605256428,-112.81351235499714,1.200530712597396,7.004772989051824,22.759490622960534,-43.462276369510725,53.19,0.0
CH,-1.15,5.42,"McDermott, Chayce",694646,ball,L,1,2,-0.9,0.49,-2.22,2.77,-0.6941005021208732,-122.24045993035608,-0.6800361453849273,-8.832044435982219,25.51742137218638,-27.37200848404345,53.86,0.032
FF,-1.19,5.59,"McDermott, Chayce",694646,ball,L,0,2,-0.54,1.53,0.47,4.89,5.527813141758775,-135.52567154595226,0.6777384235207028,-7.92344531856935,32.08260613720624,-13.854001458657535,53.6,-0.046
FF,-1.04,5.62,"McDermott, Chayce",694646,foul,L,0,2,-0.65,1.6,-0.03,3.32,4.141579179852142,-137.17968196478066,-3.867987137914702,-9.173186623675594,32.45873251829676,-11.33974980282114,53.46,0.0
CH,-1.02,5.47,"McDermott, Chayce",694646,swinging_strike,L,0,1,-0.78,0.43,-0.69,2.61,2.34702114905711,-121.27839705193206,-0.9510971671802542,-8.189397338481465,24.816685984580527,-27.936223859311028,53.25,-0.09
CU,-1.04,5.58,"McDermott, Chayce",694646,foul,L,0,0,0.86,-1.34,0.48,1.88,1.6514719672846128,-110.14809214901972,1.8807795511412564,6.556836072867635,22.46664354311837,-43.595294591117,53.96,-0.081
FF,-1.13,5.55,"McDermott, Chayce",694646,hit_into_play,L,3,2,-0.5,1.58,-0.5,2.7,2.783276253989896,-137.28887956477178,-5.303002763986475,-6.883812121085076,30.768695558625144,-11.175574292235051,53.34,0.805
FF,-0.93,5.54,"McDermott, Chayce",694646,foul,L,3,2,-0.85,1.6,-0.28,2.67,3.6030428598884408,-136.05797753055256,-5.20850450303797,-11.309441627683317,32.141449324074,-11.376438835527264,53.45,0.0
CH,-1.11,5.45,"McDermott, Chayce",694646,ball,L,2,2,-0.78,0.41,-1.43,2.62,0.7907384032433642,-120.34171610347852,-0.7134030402815779,-7.698404375463797,25.15941018748989,-28.30290508298928,53.56,0.157
FF,-1.19,5.64,"McDermott, Chayce",694646,foul,L,2,1,-0.51,1.61,-0.37,3.46,3.2434040742144514,-134.93587032050718,-3.3110353399555703,-6.984873176594965,30.404430755279503,-11.986942489570428,53.54,-0.086
SL,-1.31,5.53,"McDermott, Chayce",694646,foul,L,2,0,0.19,0.49,-0.35,2.41,1.8995894243373157,-123.5922460420611,-1.9884226647712624,1.5444121176273948,24.029845753048225,-26.91717621313064,53.99,-0.122
FF,-1.14,5.42,"McDermott, Chayce",694646,ball,L,1,0,-0.75,1.39,0.56,1.27,6.087375466814141,-134.81955946952715,-8.019609702147564,-10.39457768683071,27.316991517450493,-13.639883622088451,53.28,0.096
FF,-1.28,5.64,"McDermott, Chayce",694646,ball,L,0,0,-0.8,1.46,-1.3,2.92,1.708535477228438,-134.8603875647352,-4.42015070510868,-10.12821227287554,27.97257205211442,-13.630031803584044,53.45,0.051
FF,-1.03,5.61,"McDermott, Chayce",694646,hit_into_play,R,0,0,-0.59,1.44,0.53,2.83,5.320657935519094,-134.5893200745066,-4.468416123248812,-8.396011235239984,30.415750938372607,-13.882853658351408,53.64,0.494
FF,-0.94,5.59,"McDermott, Chayce",694646,hit_into_play,L,3,2,-0.88,1.44,-0.78,3.15,2.4425895552923174,-138.6088820501154,-3.991660714493319,-11.87264033812842,34.67526567864869,-12.981550511119938,53.66,0.218
FF,-1.1,5.63,"McDermott, Chayce",694646,ball,L,2,2,-0.94,1.53,-2.03,3.2,-0.334433691364728,-138.27167214321724,-4.057762945691091,-11.815610281551926,34.840801743876504,-12.007229839511504,54.01,0.069
CH,-1.02,5.38,"McDermott, Chayce",694646,ball,L,1,2,-1.16,0.15,-1.88,2.18,0.319789105148878,-122.70853296595814,-1.2713283612488795,-11.653377052517431,28.52011444211794,-30.631365801480136,53.45,0.026
CU,-1.02,5.53,"McDermott, Chayce",694646,ball,L,0,2,0.9,-1.41,0.91,0.43,2.583610188986493,-115.5250497094745,-1.6351890304331107,7.406129439575704,25.19927498480502,-44.56090515483811,53.02,0.013
FF,-0.96,5.61,"McDermott, Chayce",694646,foul,L,0,2,-0.64,1.6,0.31,3.81,4.801616598131028,-137.32281326231757,-2.5820309056534128,-9.209220020322592,30.54120396788245,-11.540011731624537,53.43,0.0
FF,-1.19,5.58,"McDermott, Chayce",694646,foul,L,0,2,-0.7,1.47,0.46,3.38,5.948739482953351,-137.5591545985081,-3.347447207276142,-10.237031434399054,31.65411841608695,-12.967487328944472,53.32,0.0
CH,-1.14,5.35,"McDermott, Chayce",694646,swinging_strike,L,0,1,-0.9,0.14,-1.05,1.52,2.043170371137517,-121.58201730084008,-2.6440345637685647,-9.346251574396154,26.047316943876652,-30.50382804144501,53.22,-0.035
CU,-1.0,5.61,"McDermott, Chayce",694646,called_strike,L,0,0,0.75,-1.33,-0.63,2.71,-0.5405977317799839,-108.41692582964096,3.7149745198691617,5.941633915000706,21.473996168822552,-43.558242202183095,53.97,-0.024
SL,-1.23,5.48,"McDermott, Chayce",694646,hit_into_play,L,3,2,0.4,0.34,-0.31,2.42,1.3904007365414286,-125.59506720988072,-1.788221968231244,3.989566500670741,23.91963114634241,-28.37401121509385,53.94,0.952
SL,-1.19,5.48,"McDermott, Chayce",694646,swinging_strike,L,3,1,0.43,0.39,0.14,1.81,2.3078867418243414,-125.7345495129579,-3.3854027984604453,4.1435308977285015,23.81708457328216,-27.58998279752823,53.76,-0.059
CH,-1.0,5.41,"McDermott, Chayce",694646,ball,L,2,1,-0.74,0.72,-1.81,2.67,-0.4041573318430477,-119.5425538797047,-1.058905262921316,-6.9602379351364805,23.87908892778914,-25.270106971902734,53.74,0.077
FF,-1.01,5.55,"McDermott, Chayce",694646,ball,L,1,1,-0.58,1.65,0.44,4.14,5.146762277180633,-137.68368977018787,-1.6348976492603398,-8.597801918506283,32.565446894474334,-11.176123042699716,53.62,0.037
CU,-1.15,5.55,"McDermott, Chayce",694646,called_strike,L,1,0,0.96,-1.28,-0.68,3.53,-0.7449917687413412,-110.12996495851787,5.287239598161566,7.911613752896098,21.679323830600243,-43.81235041162782,53.92,-0.031
SL,-1.38,5.47,"McDermott, Chayce",694646,ball,L,0,0,0.51,0.2,-0.06,0.81,2.117686910013301,-125.81560337962205,-5.392261805393704,5.048702082484637,23.74021266793478,-29.266615722031965,53.51,0.024
CH,-1.05,5.36,"McDermott, Chayce",694646,swinging_strike,R,0,2,-0.81,0.52,0.47,1.03,5.2347601467615785,-123.30871641209195,-4.903247415567472,-9.248431662821677,23.973112001057217,-26.060441075067303,53.47,-0.149
ST,-1.11,5.46,"McDermott, Chayce",694646,swinging_strike,R,0,1,1.47,0.24,0.64,1.02,1.1205122465353528,-118.78439079353382,-3.8624885732434047,13.53665152955416,25.416110173044878,-29.31146668082918,53.35,-0.047
CU,-1.13,5.59,"McDermott, Chayce",694646,called_strike,R,0,0,1.04,-1.45,0.18,1.52,0.8557114947769136,-108.30538559015902,1.5634044093678576,7.918565296051737,22.3402012642579,-44.00725236784002,53.84,-0.032
ST,-1.22,5.46,"McDermott, Chayce",694646,hit_into_play,R,0,1,1.11,0.5,-0.01,2.04,0.576293736920472,-118.34663252246304,-2.0459432524158387,10.305068135677722,22.84095887525487,-27.282448142908585,53.56,-0.085
SL,-1.14,5.58,"McDermott, Chayce",694646,called_strike,R,0,0,0.38,0.44,0.61,3.19,3.44807487526239,-126.40168256913644,-0.4422608842749436,3.422149907115968,25.50273702485414,-27.588581447275327,53.35,-0.015
FF,-1.03,5.52,"McDermott, Chayce",694646,hit_into_play,L,2,2,-0.79,1.35,-0.43,3.52,3.376594684678972,-137.0039696738537,-2.4769092468744502,-10.759977703669932,31.787967648336583,-14.914063222460625,53.57,-0.142
SL,-1.33,5.52,"McDermott, Chayce",694646,foul,L,2,1,0.38,0.34,-0.02,2.41,2.3500237013658576,-125.24846138968826,-1.8232370423590831,3.5405056117863185,24.77233615521711,-28.473442066484367,53.97,-0.051
CH,-1.1,5.52,"McDermott, Chayce",694646,ball,L,1,1,-0.9,0.2,-1.29,2.37,1.3632300771002108,-122.18047380679164,-1.269337380741937,-9.311650129196645,24.996961608579603,-30.090594524483343,53.74,0.037
CH,-1.08,5.41,"McDermott, Chayce",694646,ball,L,0,1,-0.81,0.7,-1.54,1.95,0.5672502518374434,-122.21704367250967,-3.009141610972061,-8.251434807642097,24.874139362324403,-24.742385588974084,53.24,0.017
CU,-1.14,5.53,"McDermott, Chayce",694646,called_strike,L,0,0,0.79,-1.28,0.18,2.19,1.349354114044076,-111.74362830198896,2.3369991981784777,6.332331846830318,22.213295214686653,-43.52179556975388,54.02,-0.024
FF,-1.01,5.72,"McDermott, Chayce",694646,swinging_strike,R,2,2,-0.67,1.6,0.16,4.05,4.604372203777133,-137.86561511737054,-2.258845771913565,-9.586091374636728,32.700815389063216,-11.496642900206403,53.6,-0.204
FF,-0.99,5.57,"McDermott, Chayce",694646,called_strike,R,2,1,-0.6,1.53,0.59,2.17,5.507622522356583,-136.27150307663334,-6.490664836145981,-8.7103247178991,31.65763463869269,-11.888139062866031,53.4,-0.063
SL,-1.05,5.56,"McDermott, Chayce",694646,ball,R,1,1,0.39,0.31,2.1,2.11,6.720322496308288,-124.37271481225945,-2.500842407387477,2.659376605263468,24.92199656637888,-28.66498733338747,53.61,0.05
SL,-1.24,5.56,"McDermott, Chayce",694646,called_strike,R,1,0,0.3,0.62,0.34,3.25,3.142858951981648,-124.46850039016246,-0.378579933515356,2.449373916407134,26.70149492599229,-25.94518852842104,53.7,-0.044
FF,-1.08,5.61,"McDermott, Chayce",694646,ball,R,0,0,-0.8,1.6,-0.98,3.99,2.0272955904088272,-134.38730893137145,-1.8040526116666729,-10.17479322283477,29.84569280355133,-12.657784625504393,53.63,0.032
FF,-1.11,5.56,"McDermott, Chayce",694646,foul_tip,L,2,2,-0.78,1.67,0.34,2.32,5.604491989860263,-137.81255875859847,-6.555880345658311,-11.274089938973022,33.318999445296754,-9.621196767021567,53.62,-0.396
CU,-1.02,5.56,"McDermott, Chayce",694646,foul,L,2,2,0.87,-1.28,0.09,2.18,0.7831431637637699,-113.2122714114623,2.155770765824776,7.216908868264949,23.35275497554043,-43.75872418400655,53.35,0.0
CH,-1.11,5.43,"McDermott, Chayce",694646,foul,L,2,2,-0.68,0.26,-0.93,2.42,1.7786255092958756,-121.49529710645122,-0.9909763244501116,-7.09807426229186,25.04622051927244,-29.64531729939604,53.47,0.0
FF,-1.04,5.61,"McDermott, Chayce",694646,foul,L,2,2,-0.79,1.62,-0.78,3.49,2.492101065691933,-138.88928241573737,-3.620553591744996,-10.737074928309225,32.24838018245337,-10.608346683311268,53.7,0.0
FF,-1.03,5.61,"McDermott, Chayce",694646,swinging_strike,L,2,1,-0.8,1.52,-1.36,3.15,0.9348245931975738,-137.53466982126133,-4.112587823804876,-10.408953684145196,31.28761481294743,-12.223188007060433,53.8,-0.084
CH,-1.16,5.42,"McDermott, Chayce",694646,ball,L,1,1,-0.87,0.35,-1.95,2.96,-0.1113512179692521,-120.78167579520432,0.1885245827077589,-8.439051841258122,23.800957321433646,-29.006865515052805,53.61,0.028
FF,-1.03,5.6,"McDermott, Chayce",694646,swinging_strike,L,1,0,-0.69,1.51,-0.22,1.67,3.7096357934861057,-137.21839407677535,-7.984733011248344,-9.555070816189836,30.107004497515717,-11.504252819758449,53.49,-0.081
SL,-1.22,5.5,"McDermott, Chayce",694646,ball,L,0,0,0.15,0.67,-1.23,3.5,-0.3549140426373451,-126.83219410774984,-0.0457742201248222,1.725783774337179,25.25749036422841,-25.09375799638167,54.09,0.056
SL,-1.28,5.46,"McDermott, Chayce",694646,blocked_ball,L,3,2,0.23,0.25,0.31,-0.06,3.382155097922704,-126.46722811319285,-7.622481134565585,1.8081858554700527,24.87855195247376,-28.206908010477576,53.81,0.207
CH,-1.16,5.47,"McDermott, Chayce",694646,ball,L,2,2,-0.65,0.22,-1.46,3.26,0.5980903116709,-121.58147227983032,0.9682964497662848,-6.562865603553431,25.132436924563464,-30.380940426351746,53.63,0.063
CH,-1.09,5.28,"McDermott, Chayce",694646,blocked_ball,L,1,2,-0.92,0.47,-1.3,0.04,1.374452112281193,-122.94804611338223,-6.760381211527134,-9.559734032214545,28.099776242506195,-26.18110172911448,53.5,0.032
FF,-1.0,5.58,"McDermott, Chayce",694646,foul,L,1,1,-0.49,1.31,0.66,3.33,5.501875038109784,-137.03671728724478,-3.073485564209244,-7.471482605419784,31.31922433546261,-15.18083984205306,53.26,-0.087
FF,-1.09,5.62,"McDermott, Chayce",694646,foul,L,1,0,-0.86,1.62,0.29,2.62,5.640373783019574,-138.23069091116378,-5.842094808177377,-12.301973076195177,34.52311025875088,-10.377114411270025,53.39,-0.054
FF,-0.99,5.53,"McDermott, Chayce",694646,ball,L,0,0,-0.85,1.49,0.46,0.83,5.718160617693364,-136.66765702778494,-9.823448050756497,-11.986268974089567,32.2887679398804,-11.48454606653473,53.62,0.035
FF,-0.92,5.52,"McDermott, Chayce",694646,hit_into_play,R,1,0,-0.91,1.65,0.06,1.76,4.644826812173818,-137.11636818814998,-7.83825881852477,-12.491883476599476,32.026914668832994,-9.862670903280028,53.27,-0.742
SL,-1.1,5.42,"McDermott, Chayce",694646,ball,R,0,0,0.32,0.32,1.12,1.05,4.784517110331076,-127.40104444916398,-5.143575841623468,2.475934447723258,26.013848109611956,-27.81827299021744,53.47,0.087
FF,-0.93,5.59,"McDermott, Chayce",694646,ball,L,3,2,-0.65,1.58,0.93,2.47,6.384939410177735,-137.4422939505845,-6.044902704213877,-9.668101228535512,31.814751025642863,-11.02096352615019,53.4,0.427
FF,-1.12,5.64,"McDermott, Chayce",694646,called_strike,L,3,1,-0.68,1.62,-0.5,2.4,3.191729380815646,-137.4028608462222,-6.384745011553807,-9.346984375628534,32.79447534606248,-10.457362373592238,53.47,-0.042
FF,-1.11,5.63,"McDermott, Chayce",694646,ball,L,2,1,-0.62,1.65,-0.32,4.2,3.406491238709012,-134.09409696775597,-1.3618972675756782,-8.24642177810073,31.555006668060013,-12.277292577262385,53.71,0.158
CH,-1.16,5.44,"McDermott, Chayce",694646,ball,L,1,1,-0.67,0.4,-2.0,2.36,-0.6305701948084413,-121.22456676844776,-1.4044890735807098,-6.423135696626264,25.003631763796648,-28.17997398272889,53.23,0.074
SL,-1.27,5.54,"McDermott, Chayce",694646,swinging_strike,L,1,0,0.52,0.56,-0.74,2.88,0.1998191048482233,-125.16834445292972,-1.1954854703626574,5.447439028312208,25.277618862476047,-26.242018836934918,54.15,-0.075
SL,-1.5,5.57,"McDermott, Chayce",694646,ball,L,0,0,0.39,0.46,-2.39,4.12,-2.91798376248264,-124.11332681789162,1.9699734113782796,4.641028496083999,24.33377039515741,-28.01238652788523,53.8,0.067
FF,-1.05,5.65,"McDermott, Chayce",694646,hit_into_play,L,0,0,-0.75,1.48,0.46,2.32,5.582148447238376,-135.4816554255134,-6.093574552554317,-10.472555839858044,28.86887894713539,-12.817002818936738,53.76,0.41
SL,-1.21,5.5,"McDermott, Chayce",694646,hit_into_play,R,1,1,0.36,0.28,0.55,1.44,3.539728947965856,-126.5177335411704,-4.11622772105984,3.0526655237176925,27.39945054218721,-28.55553466341772,53.66,-0.097
ST,-1.29,5.4,"McDermott, Chayce",694646,ball,R,0,1,1.13,0.63,1.32,1.48,3.75329812515501,-120.23271996886244,-3.6141159499091975,10.069569709149114,25.71093929533513,-25.58508258712505,53.76,0.011
FF,-1.05,5.56,"McDermott, Chayce",694646,called_strike,R,0,0,-0.75,1.67,0.43,1.57,5.621801472608815,-138.00483662532335,-8.561054859323775,-10.89207428403868,32.6741096677454,-9.152193216901448,53.58,-0.015
SL,-1.14,5.48,"McDermott, Chayce",694646,hit_into_play,R,2,2,0.4,0.02,0.14,1.1,2.2449573727684933,-124.97349403313936,-4.2480483710919845,3.809723725059477,23.386999052470344,-31.37499394168398,53.4,-0.142
ST,-1.21,5.45,"McDermott, Chayce",694646,foul,R,2,2,1.27,-0.17,0.44,2.88,1.2049373757142332,-114.98227698845096,1.5788176458306986,11.008787786092098,22.7561899974698,-34.25117540717954,54.17,0.0
FF,-1.07,5.72,"McDermott, Chayce",694646,ball,R,1,2,-0.63,1.37,-0.06,5.78,4.14120900717162,-139.3461880209806,2.712598230321391,-9.148336685399936,32.397008910779626,-15.22015231302003,53.65,0.026
ST,-1.25,5.46,"McDermott, Chayce",694646,foul,R,1,2,1.13,0.16,-0.38,2.88,-0.2208496731919991,-117.45510226119724,0.6521769914626794,10.505044746226368,22.77939712375589,-31.07725245239268,53.82,0.0
SL,-1.2,5.59,"McDermott, Chayce",694646,foul,R,1,1,0.47,0.16,1.12,1.97,4.601365298834738,-125.5949969402282,-2.760954836951416,4.055992743538592,24.421097048169933,-30.108314500093893,53.87,-0.04
SL,-1.26,5.45,"McDermott, Chayce",694646,ball,R,0,1,0.45,0.14,1.91,1.68,6.666452980307582,-125.70961146270234,-3.074151156954062,3.473152938052418,24.738166644986528,-30.324056112669943,53.94,0.017
SL,-1.34,5.51,"McDermott, Chayce",694646,swinging_strike,R,0,0,0.48,0.17,0.95,1.5,4.556844336223766,-126.77794451698726,-3.831684350678051,4.243775800417724,26.458721121742855,-29.7153508315288,53.62,-0.024
FF,-1.12,5.74,"McDermott, Chayce",694646,hit_into_play,L,0,0,-1.11,1.47,-0.6,2.76,3.8333880554590896,-136.3895268466128,-5.183065770802648,-14.721527393219798,33.49635199593724,-12.925411438132196,53.98,-0.228
