pitch_type,release_pos_x,release_pos_z,player_name,pitcher,description,stand,balls,strikes,pfx_x,pfx_z,plate_x,plate_z,vx0,vy0,vz0,ax,ay,az,release_pos_y,delta_run_exp
CH,0.86,6.33,"Means, John",607644,hit_into_play,R,1,1,0.71,1.17,0.2,2.69,-2.656333359496136,-112.4961066356265,-2.955142523476169,6.492966124802008,19.03242172811594,-21.87686210602164,54.65,-0.217
CH,0.92,6.35,"Means, John",607644,called_strike,R,1,0,0.56,1.27,-0.89,3.02,-4.889957089680225,-113.80612623022944,-2.6811970674706056,5.750198095933868,19.283973790459456,-20.83171533276832,54.79,-0.039
CH,1.01,6.24,"Means, John",607644,blocked_ball,R,0,0,0.94,1.28,-0.56,0.76,-5.161505552024775,-115.37252113512582,-7.630994593974143,9.340102735872527,18.93290697277384,-19.525710517364185,54.49,0.027
SL,0.97,6.28,"Means, John",607644,called_strike,L,3,2,-0.15,0.43,-1.05,2.36,-4.284289132155743,-119.58165946765143,-3.232848597765295,-0.6855679647659274,20.40144424952157,-27.690883405347616,54.54,-0.365
FF,0.79,6.33,"Means, John",607644,foul,L,3,2,0.43,1.54,-0.65,2.7,-4.372227181976202,-128.03217761452885,-5.957254438741259,5.540027910907816,23.605553391913624,-14.196802697750636,54.32,0.0
FF,0.7,6.39,"Means, John",607644,ball,L,2,2,0.29,1.26,-1.29,3.79,-5.4341105040881255,-128.7404891255863,-3.0160876827865506,4.135947775850204,21.331279907332984,-17.600528672926952,54.42,0.097
CH,0.92,6.23,"Means, John",607644,foul,L,2,2,1.19,1.33,-0.28,2.44,-4.895154953421273,-117.50150710697106,-4.338331983190169,11.939940791794983,21.38682086270791,-19.17387518207072,54.48,0.0
CH,0.99,6.16,"Means, John",607644,ball,L,1,2,1.13,1.11,-1.37,1.68,-7.204386397966261,-115.01917468339556,-5.044802803531479,11.320521828754757,20.51450496132062,-21.580084106846773,54.44,0.054
SL,0.99,6.28,"Means, John",607644,called_strike,L,1,1,-0.05,0.55,-1.01,2.11,-4.367939613398036,-118.14601501917656,-3.82527732068683,0.3149422674264007,20.28241858400678,-26.46720581947457,54.46,-0.07
SL,1.04,6.32,"Means, John",607644,ball,L,0,1,-0.12,0.64,-1.56,1.66,-5.73197903653554,-121.78576663865802,-5.632773500256871,-0.1829026906917199,22.28886742337776,-24.875695470062222,54.43,0.031
SL,1.05,6.31,"Means, John",607644,called_strike,L,0,0,-0.4,0.7,-1.01,2.64,-3.853991633668544,-119.09687709207772,-3.0872094946237616,-3.1157086928336115,20.983285247987308,-25.16134040819457,54.54,-0.042
FF,0.92,6.34,"Means, John",607644,hit_into_play,R,1,2,0.52,1.4,-0.5,3.25,-4.480257488475149,-127.84112307269024,-4.256704081304289,6.568161563848535,25.526012653142608,-16.143566060633592,54.58,-0.29
FF,1.0,6.29,"Means, John",607644,foul,R,1,1,0.46,1.33,-1.1,3.22,-6.003280828654948,-127.72937345818394,-4.122923443780783,6.191238671759257,22.996304118700547,-16.892709614333345,54.41,-0.078
CH,1.09,6.23,"Means, John",607644,called_strike,R,1,0,0.86,1.1,0.15,1.85,-3.713357601815408,-117.77618434391414,-5.29275901999087,8.671065463685308,19.563993039901288,-21.15521864921425,54.53,-0.075
FF,0.88,6.31,"Means, John",607644,ball,R,0,0,0.41,1.41,-1.42,3.74,-6.433391680553797,-128.94855412771142,-3.2116033472351035,5.709506785027476,22.643217995572854,-15.883356379442516,54.47,0.067
FF,0.58,6.39,"Means, John",607644,ball,L,3,2,0.38,1.64,-1.19,2.84,-5.134724336702638,-129.64767287620728,-6.17811894649077,5.313174919328166,23.51793925733143,-12.550772524031276,54.35,0.343
FF,0.74,6.36,"Means, John",607644,foul,L,3,2,0.57,1.67,0.53,2.64,-1.6951266032981307,-128.34730382122237,-6.421797100560452,6.699227205536951,25.551609225438877,-12.636229594136664,54.36,0.0
SL,1.15,6.18,"Means, John",607644,foul,L,3,2,-0.21,0.69,0.07,1.81,-2.08329758798294,-122.31702188095612,-5.182974804207851,-1.818232988579421,19.882768428631096,-24.48411467178741,54.36,0.0
SL,0.97,6.18,"Means, John",607644,ball,L,2,2,-0.4,0.56,-1.65,0.39,-5.190252943750649,-120.18527539426964,-7.819305378537509,-3.025347438624056,20.822128837789396,-25.505805370232583,54.25,0.093
CH,0.94,6.2,"Means, John",607644,ball,L,1,2,1.0,1.31,-1.52,1.87,-7.158844752876659,-114.91873320294856,-5.108500282575814,10.113423955708024,19.4624053021026,-19.754805393661037,54.5,0.036
SL,1.02,6.12,"Means, John",607644,ball,L,0,2,-0.31,0.43,-1.08,0.79,-4.118389921492587,-118.94657370878332,-6.330296850215786,-2.2748058969959883,19.927572687985503,-27.129734424198748,54.31,0.019
SL,1.19,6.26,"Means, John",607644,swinging_strike,L,0,1,-0.18,0.59,-0.59,1.54,-3.6326296903247215,-117.9750748340422,-5.081728166459083,-1.0063155973131708,20.86519779714936,-25.96133946524557,54.51,-0.047
FF,0.93,6.4,"Means, John",607644,called_strike,L,0,0,0.51,1.63,-0.81,1.88,-5.141692153555679,-125.52129419890416,-7.834382707697047,6.412410376006716,24.1244852249452,-13.495220408685798,54.51,-0.032
FF,0.73,6.4,"Means, John",607644,hit_into_play,R,0,0,0.31,1.53,-0.38,1.91,-3.3527784151874136,-129.80048852967724,-8.249195497065493,4.140778214297169,24.40162862881971,-13.417575529680608,54.36,-0.229
SL,0.93,6.32,"Means, John",607644,hit_into_play,L,1,0,-0.25,0.5,-0.68,2.55,-3.16693185227252,-121.28190506679849,-3.254974815255689,-2.0124655566430376,20.307395505895023,-26.84236803071447,54.48,-0.414
SL,0.76,6.41,"Means, John",607644,ball,L,0,0,-0.22,0.4,-0.68,4.36,-2.788163877589196,-118.88636262580783,1.1436786324202777,-1.632598263696634,20.802672594934,-28.760531520729664,54.46,0.044
FF,0.71,6.46,"Means, John",607644,ball,R,3,1,0.44,1.59,0.45,4.32,-1.5563195128613514,-130.38489760900322,-2.706278258209143,5.351029619133558,24.69093623438848,-13.52896901226462,54.49,0.16
CH,1.1,6.29,"Means, John",607644,ball,R,2,1,0.95,1.21,1.08,2.57,-1.868085643720229,-119.2097548364,-4.2151704911589,9.455438581949757,21.082584646032927,-20.02663516829956,54.5,0.077
FF,1.06,6.31,"Means, John",607644,ball,R,1,1,0.48,1.46,-1.3,3.38,-6.745868010521784,-129.37894369862062,-4.228002384918172,6.688665057125689,24.004556478102568,-15.024259996356593,54.43,0.037
SL,0.92,6.25,"Means, John",607644,ball,R,0,1,-0.11,0.41,-1.66,1.89,-5.732740149351048,-122.25733224986531,-4.597153015806635,-0.1728751570320769,20.476759687672946,-27.384868804660258,54.57,0.017
FF,0.83,6.44,"Means, John",607644,swinging_strike,R,0,0,0.53,1.52,-0.12,3.12,-3.459025965193083,-131.0885073314227,-5.567475096079889,6.799638098212762,24.461292480911972,-13.602297638924602,54.46,-0.024
FF,0.86,6.3,"Means, John",607644,hit_into_play,L,1,2,0.35,1.35,-0.15,4.28,-3.2419297555447053,-131.363142783125,-2.016494287170884,4.734186173480468,24.326431260036863,-16.193952697532737,54.51,-0.168
SL,0.65,6.35,"Means, John",607644,foul,L,1,2,-0.35,0.5,-1.53,3.01,-4.302698553883367,-122.00211314343956,-2.353324487029287,-2.7425303457330177,22.10801761411653,-26.87357514428868,54.56,0.0
CH,0.76,6.39,"Means, John",607644,foul,L,1,2,0.92,1.36,-0.77,3.11,-5.048071733723338,-115.65818790204987,-2.992292307348576,9.198419720759915,20.64392898628187,-19.56075923031389,54.68,0.0
KC,1.0,6.29,"Means, John",607644,foul,L,1,2,-0.88,-0.01,-1.32,3.09,-3.132087506768789,-106.5905533632845,0.9194936814575896,-6.131681399936388,19.34420015642751,-32.616789315018025,54.53,0.0
FF,0.83,6.37,"Means, John",607644,foul,L,1,2,0.52,1.54,-0.55,2.41,-4.500914279133011,-130.42196586606605,-7.0409343015892745,6.800389784342252,25.37025785951043,-13.35356605138394,54.39,0.0
FF,0.5,6.38,"Means, John",607644,ball,L,0,2,0.49,1.62,-1.92,1.08,-6.994441035278541,-129.96156140191866,-10.46609886332642,6.975806007300281,24.910021595607187,-11.837105501027688,54.34,0.019
FF,0.57,6.51,"Means, John",607644,foul,L,0,1,0.26,1.46,0.0,2.19,-1.943188622851348,-129.64205447992725,-7.5993094419381,3.32218605413848,25.913990130492117,-14.379605888495034,54.54,-0.047
SL,0.95,6.33,"Means, John",607644,called_strike,L,0,0,-0.29,0.38,-0.27,1.68,-2.182555588160846,-119.40450406076992,-4.701498191343311,-2.34895706317466,21.55613918334532,-27.90837078174229,54.61,-0.032
CH,0.72,6.31,"Means, John",607644,hit_into_play,R,3,1,0.9,1.47,-1.05,2.25,-5.665746391710993,-118.38198505587782,-5.300246954074003,9.513319940436336,22.66311501898124,-17.56487852674018,54.31,-0.324
CH,0.78,6.34,"Means, John",607644,ball,R,2,1,0.74,1.43,-0.23,1.29,-3.64484956884,-116.88666440280434,-7.196008488697485,7.503115868947075,21.259121197722497,-17.908184462283764,54.41,0.058
FF,0.89,6.47,"Means, John",607644,ball,R,1,1,0.35,1.43,1.22,2.69,0.0811369754962296,-129.7498863453558,-6.247858646173361,3.925234245385732,26.118842954593187,-14.873439749765735,54.58,0.049
FF,0.85,6.38,"Means, John",607644,ball,R,0,1,0.51,1.44,-1.06,4.07,-5.699198705733382,-128.94049994389226,-2.570523131426305,6.90330501650849,27.741407217869337,-15.770854238251252,54.47,0.03
CH,0.87,6.32,"Means, John",607644,foul,R,0,0,0.83,1.38,-0.77,1.7,-5.191065457818374,-117.33541538405508,-6.2019082721142045,8.629878233291244,21.96741399800477,-18.47260309260069,54.55,-0.042
FF,0.86,6.49,"Means, John",607644,hit_into_play,R,1,0,0.49,1.74,0.6,2.63,-1.6345904971907923,-128.12763127052554,-6.816292691348378,5.7856333719424775,27.20592120553419,-11.835297292595577,54.58,0.113
FF,0.88,6.52,"Means, John",607644,ball,R,0,0,0.41,1.71,0.95,2.99,-0.6752882284645911,-127.79607932953208,-5.935553705727935,4.628660200313444,26.12831627629232,-12.398868463918864,54.6,0.016
FF,0.73,6.48,"Means, John",607644,hit_into_play,L,1,2,0.38,1.67,-0.97,3.13,-4.980974193729482,-129.8592609692131,-5.718125766487596,5.343422384666159,26.055942967901565,-12.258034735396626,54.43,-0.116
KC,1.34,6.35,"Means, John",607644,called_strike,L,1,1,-0.86,-0.5,0.56,3.05,-0.0922281569618371,-107.74450626641448,1.3419762968618791,-6.700088694819062,18.026299419692883,-36.51962933029738,54.7,-0.04
KC,1.03,6.39,"Means, John",607644,ball,L,0,1,-1.06,-0.04,-2.21,0.86,-4.6834082897608535,-106.64626137035032,-3.765902348766281,-7.27106906152445,18.11429947183074,-32.02866993357177,54.67,0.017
FF,0.93,6.51,"Means, John",607644,called_strike,L,0,0,0.16,1.59,-0.58,2.98,-3.923222247326233,-126.99775105687792,-5.574053270322593,2.488219120416605,25.357542761714083,-14.032927555529216,54.58,-0.024
FF,1.01,6.54,"Means, John",607644,hit_into_play,R,0,0,0.42,1.47,0.22,3.27,-2.7243852673208218,-127.5369055742928,-4.8030337276543005,5.084327951521152,24.547251978405235,-15.322417233891688,54.67,-0.228
SL,1.15,6.3,"Means, John",607644,hit_into_play,L,2,2,-0.29,0.81,-0.98,1.82,-4.311701909398845,-120.44371167289728,-5.325847980131693,-1.9871304773103864,23.27221143306755,-23.47084521634062,54.15,-0.088
FF,0.87,6.47,"Means, John",607644,ball,L,1,2,0.44,1.49,-0.13,4.35,-3.4115421233408094,-131.0759816009422,-2.4124624970592894,5.774556648397084,30.172512615344004,-14.82540145973696,54.19,0.018
KC,1.24,6.43,"Means, John",607644,foul,L,1,2,-1.15,-0.5,-0.18,2.51,-0.8765477475221872,-107.63723877287424,0.1620354000072212,-8.750377509190237,19.125983754979192,-36.33601202821297,54.38,0.0
FF,0.9,6.42,"Means, John",607644,ball,L,0,2,0.5,1.68,-0.88,4.91,-5.527852919960345,-132.00235586099006,-1.451871112401588,6.997593791872329,29.319178593816677,-12.468558606290156,54.04,0.009
FF,0.81,6.55,"Means, John",607644,foul,L,0,1,0.67,1.81,-0.53,3.26,-4.735978278010782,-131.02157343674926,-6.017074614318385,8.693324814252724,28.625974882684933,-10.289750439263134,54.21,-0.024
FF,0.94,6.47,"Means, John",607644,called_strike,L,0,0,0.75,1.47,-0.83,1.72,-5.865377532178846,-128.0208478917622,-8.477790578316576,9.458600564263785,26.39218912482398,-14.40131746852504,54.13,-0.015
FF,0.85,6.44,"Means, John",607644,hit_into_play,R,2,2,0.51,1.63,0.04,2.04,-3.1139173484435005,-132.0084897360729,-8.59637343514914,6.617649261634082,27.207719601606037,-11.472292109182584,54.19,-0.142
SL,1.2,6.23,"Means, John",607644,ball,R,1,2,-0.03,0.69,-1.47,1.15,-6.164166812561092,-122.62811650781394,-6.831914362814483,0.8930592359981004,23.70071616934944,-24.064322323642617,54.04,0.026
FF,1.02,6.44,"Means, John",607644,foul,R,1,1,0.37,1.73,-1.2,3.06,-6.252701179377515,-129.77728226586717,-5.944984600559377,5.511765439685314,27.18983839085104,-11.541273911537594,54.0,-0.04
SL,1.49,6.34,"Means, John",607644,called_strike,R,1,0,-0.24,0.66,0.52,2.36,-1.74014615266899,-119.05129931910334,-3.718886434135984,-1.974594586057816,20.98013104538628,-25.41265390457631,54.27,-0.031
KC,0.95,6.45,"Means, John",607644,ball,R,0,0,-1.1,-0.49,-0.86,1.08,-1.749639292342624,-106.32930589368674,-2.5772136167216315,-7.976704508083202,19.55968969080051,-35.61504885635405,54.08,0.024
KC,1.2,6.48,"Means, John",607644,hit_into_play,R,1,0,-1.32,-0.7,0.46,2.21,0.7967307154342833,-107.77482463127016,-0.1896995455528722,-10.383982496703316,20.07999995308193,-37.8017407262308,54.37,-0.26
KC,1.4,6.49,"Means, John",607644,ball,R,0,0,-1.22,-0.66,0.4,3.75,0.0896508813612297,-104.560594140578,3.164948092804175,-8.92786825335396,18.62390894531896,-37.76896793064666,54.62,0.032
FF,0.96,6.51,"Means, John",607644,hit_into_play,R,3,0,0.67,1.52,0.19,3.09,-3.328392279625305,-131.83048942393197,-5.823112143936561,8.545368360833013,28.659041705068077,-13.445985277760068,54.31,-0.371
CH,1.06,6.33,"Means, John",607644,ball,R,2,0,1.26,1.21,2.5,3.07,0.802055407530369,-117.39883700230295,-2.8917688665486314,11.54842316952134,21.913056336285617,-20.619018279642905,54.3,0.071
SL,1.1,6.4,"Means, John",607644,ball,R,1,0,-0.1,0.9,0.92,2.87,-0.2301544424652425,-122.9100549486475,-3.6680639787693634,-0.92476360448669,22.96927158654032,-22.502344259438853,54.34,0.044
CH,0.9,6.4,"Means, John",607644,ball,R,0,0,1.11,1.23,1.51,2.09,-0.7718818230455204,-119.19935991431493,-5.552482248724872,10.77800948901949,22.759506560690458,-19.565687626266737,54.29,0.027
CH,0.93,6.35,"Means, John",607644,hit_into_play,R,0,2,1.05,1.38,0.09,2.15,-3.9625488756108087,-119.88249348750162,-5.72325091001185,10.850087102670738,23.38520921044116,-17.93385470855781,53.98,0.168
CH,0.83,6.39,"Means, John",607644,swinging_strike,R,0,1,0.97,1.51,-0.35,2.02,-4.565858466212624,-119.41507735071386,-6.281380062729286,10.202047567484684,23.179126709844823,-16.750214310002537,54.05,-0.024
CH,0.88,6.41,"Means, John",607644,swinging_strike,R,0,0,0.99,1.47,-0.01,2.04,-3.9533788604740345,-120.12501184518568,-6.27016358603507,10.385371023381111,24.56229128501925,-16.963622408166643,54.2,-0.015
FF,1.02,6.46,"Means, John",607644,hit_into_play,R,3,1,0.64,1.56,0.57,3.02,-2.480931993657071,-130.2973094855424,-5.749811431531583,7.806086896844683,29.513474155508757,-13.389584285031496,54.24,0.934
SL,1.43,6.34,"Means, John",607644,ball,R,2,1,-0.21,0.52,1.33,2.91,0.1830329756921027,-120.830998508834,-2.3561119587367703,-2.067323039890215,24.992436371099902,-26.84361971738084,54.38,0.046
CH,1.18,6.41,"Means, John",607644,ball,R,1,1,0.99,1.34,0.44,0.81,-3.5371649008939103,-117.27985164905562,-8.27621245221702,9.808631345768667,23.735142395433705,-18.397686655209093,54.25,0.023
FF,1.01,6.46,"Means, John",607644,foul,R,1,0,0.63,1.63,0.31,2.16,-3.044662350871535,-129.94733369211963,-7.961242218311188,7.797789469408433,28.172067794749896,-12.254091615123926,54.25,-0.019
FF,1.27,6.39,"Means, John",607644,ball,R,0,0,0.67,1.6,1.21,2.52,-1.5446023839097975,-128.1121219501176,-6.5813982796283685,7.737578346604824,27.20909492019893,-13.385433788190117,54.33,0.016
CH,1.23,6.48,"Means, John",607644,hit_into_play,R,0,1,1.39,1.04,1.05,2.81,-2.9930426106910306,-115.56186098710928,-3.214116888842491,12.997780509313628,21.653984866556023,-22.44740149719756,54.5,-0.139
FF,1.04,6.57,"Means, John",607644,called_strike,R,0,0,0.52,1.61,-0.77,3.17,-5.551463747237802,-129.80060803663756,-5.728721847090767,6.99882079352403,27.38667365238849,-12.950990387777654,54.26,-0.024
SL,1.22,6.31,"Means, John",607644,hit_into_play,L,1,1,-0.19,0.62,-1.08,2.1,-4.958348679429103,-122.37846673309906,-4.623103863760937,-0.9393631621678754,23.64225771907445,-25.21896384896421,54.21,-0.216
SL,1.14,6.3,"Means, John",607644,ball,L,0,1,-0.27,0.81,-1.45,1.97,-5.366204880531204,-120.63534813792636,-5.062742302769404,-1.7288970930285883,20.963230579292414,-23.498562940133247,54.3,0.021
SL,1.34,6.4,"Means, John",607644,called_strike,L,0,0,-0.29,0.77,-0.49,2.91,-3.545813207567723,-119.21254336787436,-2.854421944515353,-2.1490387535919395,21.395710689199547,-24.47440333280508,54.29,-0.032
SL,1.21,6.33,"Means, John",607644,hit_into_play,R,1,1,-0.44,0.85,-0.51,2.96,-3.155620382189697,-124.07165632533588,-3.368881351050158,-3.989792846407501,23.505098223457267,-22.910242630121115,54.2,-0.217
FF,1.17,6.52,"Means, John",607644,called_strike,R,1,0,0.46,1.56,-0.44,3.3,-5.029351766957623,-132.82180472391812,-5.515827237577646,6.574060225806921,30.704961564189528,-12.761796185468578,54.31,-0.039
FF,0.97,6.49,"Means, John",607644,ball,R,0,0,0.26,1.57,-0.96,3.09,-5.353865759652787,-131.39620783198887,-5.825928106804933,4.150188693734748,29.603217597594387,-12.957246665306837,54.21,0.027
SL,1.13,6.36,"Means, John",607644,hit_into_play,L,1,2,-0.18,1.08,-0.36,2.95,-3.183227623671091,-125.27114540509466,-4.043386381443916,-1.245215331926944,24.64754914371808,-20.21449652412972,54.28,-0.217
SL,1.34,6.5,"Means, John",607644,foul_bunt,L,1,1,-0.07,0.63,-0.3,3.12,-3.661051798036469,-122.18483198582948,-2.708372168438695,-0.04046230527964,22.04198686390431,-25.575411258211336,54.34,-0.07
FF,0.84,6.59,"Means, John",607644,foul,L,1,0,0.65,1.58,-0.11,2.8,-3.7257381763126975,-131.04909745544649,-6.758745321210093,8.224275018165072,27.92003329210019,-12.772692040786929,54.41,-0.055
SL,1.3,6.4,"Means, John",607644,ball,L,0,0,-0.18,0.79,-1.14,3.18,-5.366797267976596,-124.08834108702142,-2.895007066100498,-0.8193497304571952,23.35310523725934,-23.571673179503478,54.33,0.044
CH,1.08,6.37,"Means, John",607644,hit_into_play,R,1,2,0.93,1.31,0.42,3.24,-3.2219744897421805,-117.20337602472117,-2.776901712704538,9.221923240988986,21.523124285009427,-19.783847022594596,54.31,-0.29
FF,0.99,6.54,"Means, John",607644,swinging_strike,R,1,1,0.39,1.62,-1.14,3.54,-6.089907156829296,-130.70936824702648,-4.865593702476091,5.747713403958953,27.146260363712045,-12.745874244155315,54.37,-0.078
KC,1.2,6.56,"Means, John",607644,ball,R,0,1,-1.27,-0.51,-2.18,1.67,-4.561357234301289,-105.79139669071176,-1.4529885034551362,-8.600799463457022,19.79641720302957,-35.956841832949216,54.6,0.057
SL,1.45,6.45,"Means, John",607644,called_strike,R,0,0,-0.18,0.72,-0.09,2.15,-3.103867984938276,-119.55010552834462,-4.619154278211671,-1.1948760160866525,22.01093307539364,-24.57007786145302,54.54,-0.064
CH,1.36,6.41,"Means, John",607644,hit_into_play,R,0,1,1.43,0.96,1.07,2.26,-3.271012445611816,-115.01504634418558,-3.986586478163376,13.293001943522464,21.94353819061746,-23.09678287392921,54.48,0.442
SL,1.47,6.35,"Means, John",607644,called_strike,R,0,0,-0.2,0.69,0.39,2.33,-2.0488147373381964,-119.45044976842424,-3.875947228084288,-1.5230017573669727,22.873634917456453,-25.004868916466688,54.38,-0.032
CH,0.97,6.4,"Means, John",607644,called_strike,R,3,2,1.11,1.43,-0.73,2.43,-6.0398468590175804,-120.04933731365924,-5.300254426553555,11.963834605136167,24.65219913144716,-17.482448664847777,54.08,-0.131
CH,1.08,6.3,"Means, John",607644,ball,R,2,2,1.09,1.39,-0.09,1.07,-4.80415222695777,-120.14020137126998,-8.105007860570225,11.462120374031972,25.106918953397727,-17.267785399384753,53.94,0.043
CH,1.31,6.31,"Means, John",607644,foul,R,2,2,1.37,1.22,1.01,1.67,-3.3007656273515296,-117.43723017382518,-6.004323583166041,13.344237973099228,22.046436349325536,-19.93103385881209,54.14,0.0
KC,1.18,6.36,"Means, John",607644,ball,R,1,2,-0.72,-0.77,-0.83,-0.3,-2.915823912355569,-111.00111368061114,-5.470861481287688,-5.305284400183984,22.671249276651864,-37.626641803103766,54.32,0.018
SL,1.37,6.33,"Means, John",607644,called_strike,R,1,1,-0.01,0.69,1.09,2.23,-0.6355013577637756,-121.1638999971747,-4.284942454551182,0.0287152003452989,23.79883231969421,-24.79941191175187,54.29,-0.026
SL,1.43,6.3,"Means, John",607644,ball,R,0,1,-0.01,0.91,1.11,2.2,-0.7134088472793112,-121.97323759608496,-4.896309033151295,0.0111649521059364,22.526050431320197,-22.382248091580767,54.22,0.011
FF,0.73,6.46,"Means, John",607644,called_strike,R,0,0,0.89,1.66,0.04,1.93,-3.631861195439816,-131.82187886576517,-8.938240503843002,11.16976141177588,29.102419801322945,-11.052426744239195,54.09,-0.015
CH,0.83,6.36,"Means, John",607644,swinging_strike,R,0,2,0.97,1.4,0.48,2.24,-2.63988902151012,-118.21799624733316,-5.325814308757298,9.56577563116273,21.54254768982502,-18.271656173722555,54.03,-0.104
CH,0.97,6.46,"Means, John",607644,swinging_strike,R,0,1,1.14,1.33,0.62,2.68,-2.982301146563064,-119.24185208306896,-4.5441593816671855,11.440463710835118,22.16160404976577,-18.79922904323524,54.44,-0.035
KC,1.23,6.36,"Means, John",607644,called_strike,R,0,0,-1.01,-0.51,-0.58,3.41,-1.9837746272714167,-111.0500830445242,1.811328152741566,-7.898825412845942,21.93517722823129,-36.92811027287376,54.38,-0.024
SL,1.12,6.31,"Means, John",607644,hit_into_play,R,1,2,0.09,1.0,-0.13,3.03,-3.192861297779871,-126.15348993860307,-3.749598786768779,1.567770826600269,23.61518079050188,-20.9084435303638,54.05,-0.168
CH,1.26,6.29,"Means, John",607644,ball,R,0,2,1.13,1.36,1.76,2.18,-1.068374430803418,-119.5693432802702,-5.396693767448815,11.083283570150014,22.922861603395035,-18.29426250342733,54.36,0.019
FF,1.04,6.47,"Means, John",607644,foul,R,0,1,0.72,1.67,-0.28,3.05,-4.910510298348959,-133.1794687238338,-6.345538255336826,9.677634426308217,29.83048191607501,-11.135103473185865,54.19,-0.047
KC,1.42,6.37,"Means, John",607644,called_strike,R,0,0,-1.0,-0.5,-0.33,2.66,-1.8183865872270255,-108.60196996582832,0.4651864441808042,-7.588804047103951,19.943446913636183,-36.396516381435084,54.53,-0.032
CH,0.99,6.36,"Means, John",607644,swinging_strike,R,3,2,1.01,1.27,-0.02,3.05,-4.356365717860843,-122.15827242277363,-3.800114652906388,10.946103341402004,23.77579150809797,-18.9012521093777,54.1,-0.131
FF,0.95,6.38,"Means, John",607644,foul,R,3,2,0.81,1.62,0.51,3.92,-2.8639792056274938,-133.63318707841734,-3.855472209194547,10.260098743519988,30.463152053675028,-12.213563382578728,53.99,0.0
CH,1.15,6.29,"Means, John",607644,ball,R,2,2,1.19,1.5,1.36,1.5,-1.8552186424080856,-121.51111423774864,-7.504028907358856,12.13184666666011,25.3219858882412,-16.084515459569353,54.15,0.043
FF,0.88,6.42,"Means, John",607644,foul,R,2,1,0.28,1.63,-0.5,3.36,-4.099988951563336,-132.89622233701667,-5.30176384115197,4.227433238453098,30.678839968134863,-11.991100921349664,54.08,-0.031
SL,1.09,6.33,"Means, John",607644,called_strike,R,2,0,-0.26,0.63,-0.19,2.97,-2.513800535651549,-124.88473484610375,-2.964408583620157,-2.153093278456812,25.608755466540256,-25.174195230594567,54.16,-0.022
FF,0.86,6.43,"Means, John",607644,ball,R,1,0,0.25,1.66,-1.48,1.94,-6.38353887105738,-131.60932927393998,-8.759782457555499,4.351352806507409,28.878426481077767,-11.212130094412965,54.23,0.026
FF,0.98,6.44,"Means, John",607644,ball,R,0,0,0.62,1.75,-0.94,3.65,-6.168937779741187,-132.43197920917223,-4.823839258612996,8.722622562894426,31.016374493673982,-10.770133300714026,54.04,0.016
KC,1.07,6.42,"Means, John",607644,hit_into_play,L,1,1,-1.01,-0.8,-0.78,2.15,-2.106963610792931,-113.39695811739806,-0.6522357296017595,-8.076920267934048,25.47283734819529,-39.055332353520825,54.48,-0.156
FF,0.69,6.56,"Means, John",607644,ball,L,0,1,0.5,1.86,-1.45,2.86,-6.446618802268666,-132.63244257390875,-7.343838148997088,7.381828093099336,32.48418672202028,-8.834409550105269,54.22,0.017
SL,1.15,6.37,"Means, John",607644,called_strike,L,0,0,-0.16,0.77,-0.64,3.56,-3.8804585038276103,-123.42343476656984,-1.781823239713645,-0.8390982277198916,24.35269610497249,-24.116347011327694,54.17,-0.024
FF,0.79,6.43,"Means, John",607644,hit_into_play,R,3,2,0.39,1.77,-0.03,3.14,-2.877062824631544,-131.6262252300399,-6.014444733618373,5.113836615108717,29.823546288569865,-10.556706027248136,54.1,-0.297
FF,0.91,6.47,"Means, John",607644,called_strike,R,3,1,0.66,1.76,0.57,2.77,-2.259785733421672,-131.35903673129866,-6.971234757867015,8.127330141966937,30.18856736437268,-10.527679974309835,54.18,-0.078
CH,1.05,6.38,"Means, John",607644,ball,R,2,1,1.18,1.39,-0.57,1.44,-5.945439334292115,-118.94909730880433,-7.204469863280227,12.347383293968887,24.26820182060852,-17.796590825200134,54.18,0.108
SL,1.22,6.35,"Means, John",607644,ball,R,1,1,-0.17,0.55,-1.16,2.97,-5.081613523949423,-120.04522609040544,-2.2607389420104846,-0.7076672939828674,22.411813204756225,-26.62518861953212,54.22,0.05
SL,1.25,6.49,"Means, John",607644,ball,R,0,1,-0.24,0.79,-0.26,4.35,-3.056165060017084,-124.03005617732528,-0.3312954366046683,-1.8762696079607493,23.981939494704413,-24.120079237603008,54.39,0.021
FF,0.93,6.51,"Means, John",607644,called_strike,R,0,0,0.73,1.73,0.05,3.0,-3.7361483562744935,-131.1942473787165,-6.362234139962499,9.247719710344915,30.79747109833704,-11.119336246780213,54.27,-0.032
SL,1.28,6.39,"Means, John",607644,swinging_strike,L,2,2,-0.09,0.74,-0.32,3.28,-3.592379165189387,-123.94743484741484,-2.489497300945685,-0.1828990674916223,24.579097235705483,-24.233392062261387,54.28,-0.328
SL,1.33,6.34,"Means, John",607644,ball,L,1,2,-0.09,0.67,-1.06,2.04,-5.31217822330202,-120.9374721530764,-4.638811630695156,0.3168122598187165,26.0748030474538,-24.824579772954905,54.19,0.012
SL,1.38,6.34,"Means, John",607644,called_strike,L,1,1,0.0,0.63,-0.63,3.36,-4.709694966679392,-124.33357317139212,-2.019761998802749,0.9173534997705972,24.52190563157443,-25.40972935516417,54.25,-0.116
SL,1.16,6.41,"Means, John",607644,ball,L,0,1,-0.04,0.69,-1.01,3.07,-5.030395505520777,-124.48482208031317,-2.962662638924077,0.6165604901544904,25.934537129835785,-24.575111584164,54.25,0.057
SL,1.33,6.45,"Means, John",607644,swinging_strike,L,0,0,-0.04,0.81,0.11,3.54,-2.760257444130369,-122.88119248684856,-2.031555795821771,0.1722955166647121,23.734181622784327,-23.79487683148895,54.41,-0.073
CH,1.13,6.45,"Means, John",607644,hit_into_play,R,1,2,1.22,1.21,0.27,2.04,-4.224636350945426,-117.8293805515972,-5.485670612293702,12.205326983207303,23.27205245295581,-20.049984927346102,54.44,0.364
FF,0.92,6.62,"Means, John",607644,ball,R,0,2,0.74,1.77,1.44,3.83,-0.2779794794865042,-132.5650133501031,-4.830691199274264,8.712997430781057,31.349196916437936,-10.519831053183156,54.4,0.026
CH,1.13,6.49,"Means, John",607644,swinging_strike,R,0,1,1.27,1.41,0.94,2.09,-2.8449114149404893,-117.52113941388114,-5.761892562341288,12.29048145453386,23.81447841755774,-18.26107833712348,54.34,-0.045
SL,1.53,6.4,"Means, John",607644,called_strike,R,0,0,-0.23,0.65,0.76,3.24,-1.288538721430855,-119.06336477845088,-1.8062237507345031,-1.922788778840675,22.45952670138113,-25.890631584970983,54.44,-0.042
FF,0.82,6.55,"Means, John",607644,hit_into_play,R,1,0,0.64,1.7,0.78,3.23,-1.4813346349868088,-132.3013913996396,-6.055403542056474,7.869441040169672,27.52322716679272,-11.120237589357751,54.35,-0.342
FF,0.99,6.55,"Means, John",607644,ball,R,0,0,0.73,1.67,1.77,3.91,0.3945186047380322,-133.68283301266922,-4.405093979349388,8.635713855547788,30.352549488936997,-11.454227106145876,54.38,0.044
CH,1.01,6.37,"Means, John",607644,hit_into_play,R,2,2,0.85,1.31,1.02,2.82,-1.5770330643999266,-116.08568692354184,-3.551882640864962,7.961564937137894,20.92869593030136,-19.850807854393963,54.31,0.707
CH,0.96,6.41,"Means, John",607644,ball,R,1,2,0.92,1.5,-0.61,1.7,-5.239468379365157,-117.24104465417156,-6.665366860339404,9.491823806187316,21.37715790253364,-17.2582198939114,54.26,0.037
KC,1.35,6.36,"Means, John",607644,called_strike,R,1,1,-0.8,-0.46,0.5,3.2,-0.3610943523491955,-112.4931788595684,1.072352069364359,-6.713086085010919,21.523941256518064,-36.51830424598699,54.46,-0.15
CH,1.23,6.4,"Means, John",607644,swinging_strike,R,1,0,1.07,1.28,0.48,3.01,-3.724765463893014,-118.63691725481053,-3.485809739971906,10.835567728842925,22.24176811472108,-19.606183334022603,54.42,-0.084
CH,1.31,6.37,"Means, John",607644,ball,R,0,0,1.09,1.38,1.52,3.43,-1.589369785741215,-117.21864932750776,-2.4310094266423192,10.362827972506915,23.338336192912795,-19.214629784593733,54.49,0.063
FF,0.99,6.48,"Means, John",607644,hit_into_play,R,3,1,0.74,1.73,-0.31,3.7,-4.739550785283463,-129.62320206171472,-4.377992036676391,9.324244469777804,29.81096380125917,-12.028446749180052,54.22,-0.549
FF,1.04,6.53,"Means, John",607644,ball,R,2,1,0.63,1.61,-0.21,4.41,-4.420261776977166,-131.16439499164775,-2.6754448741548518,8.249436015921013,29.8977541821337,-13.30837626293978,54.4,0.135
CH,1.28,6.36,"Means, John",607644,swinging_strike,R,2,0,1.04,1.41,0.3,2.68,-4.184075621012689,-118.8547710662027,-4.380271403537058,10.636748344070249,24.1777131258187,-18.167076494709924,54.45,-0.068
FF,1.06,6.58,"Means, John",607644,ball,R,1,0,0.67,1.71,-0.42,4.13,-5.036140441556394,-130.23481448271662,-3.613415383322945,8.693916607464173,28.143510861401303,-12.126772370463629,54.46,0.06
FF,1.09,6.54,"Means, John",607644,ball,R,0,0,0.62,1.71,1.09,4.28,-1.2861571819310864,-131.11442497140612,-3.272014269512991,7.402109225131786,27.925660035706294,-11.919268010977236,54.59,0.06
FF,1.08,6.49,"Means, John",607644,hit_into_play,R,0,0,0.71,1.64,0.39,3.15,-3.2307731013278773,-132.1305336132456,-5.901034082618409,9.004531204150329,31.039057030088145,-11.985903824608368,54.31,0.628
KC,0.97,6.36,"Means, John",607644,hit_into_play,R,2,2,-0.75,-0.83,0.3,2.95,-0.0796352444936874,-113.6557119284102,1.0269320902569157,-6.468249276732898,19.85647256063693,-39.762679143273736,54.32,1.029
CH,0.96,6.34,"Means, John",607644,foul,R,2,2,0.95,1.4,0.35,2.28,-3.2202903197671406,-119.30035192107282,-5.3338138607607934,9.690802338033608,22.807952413830023,-17.991820111293215,54.2,0.0
FF,0.8,6.47,"Means, John",607644,ball,R,1,2,0.41,1.81,-0.58,4.73,-4.308054370148361,-131.52604283236812,-2.179563978486536,5.683803392598993,30.983818908816104,-11.104733389614502,54.23,0.012
KC,1.11,6.3,"Means, John",607644,foul,R,1,1,-1.38,-0.58,-0.43,1.8,-0.7534220776330169,-113.4616777546952,-1.6423336236856432,-11.68984270422476,23.264291358703723,-37.04220323556128,54.23,-0.116
FF,0.76,6.53,"Means, John",607644,ball,R,0,1,0.74,1.88,0.32,0.84,-2.679022044226456,-131.50498682884313,-12.203968401011403,9.154875920558048,30.62744095569908,-7.843127418599142,54.19,0.057
FF,0.68,6.51,"Means, John",607644,swinging_strike,R,0,0,0.75,1.82,-0.68,3.9,-5.062663429012344,-133.39951938406273,-4.624210851236105,10.049494893354114,31.287091700795468,-9.776175737166948,54.18,-0.073
FF,0.65,6.51,"Means, John",607644,hit_into_play,L,3,1,0.79,1.65,-0.21,2.61,-3.862724014159142,-132.54373937703667,-7.465780129634658,10.12684664262863,27.636987549067214,-11.279166143516766,54.09,-0.833
FF,0.76,6.45,"Means, John",607644,called_strike,L,3,0,0.94,1.65,-0.48,2.23,-5.016813434072372,-130.01756342689885,-7.855169320263784,11.677158607785811,27.12490580564352,-12.014427641270064,54.17,-0.111
SL,1.04,6.31,"Means, John",607644,ball,L,2,0,-0.25,0.7,-1.25,2.62,-4.84341098904148,-123.15540631179134,-3.653783027450092,-1.5845059816342035,24.889004954823807,-24.523577000820808,54.12,0.22
SL,0.94,6.35,"Means, John",607644,ball,L,1,0,-0.03,0.96,-1.46,1.96,-5.601121939763661,-123.7454864185276,-5.9584896948811314,0.7832268121046396,23.297112767345148,-21.36270085914544,54.07,0.221
FF,0.86,6.42,"Means, John",607644,ball,L,0,0,0.91,1.76,-1.14,2.52,-6.988762860282384,-132.5919441337415,-7.689206416699588,12.218641004319808,28.54908493256131,-9.888304330458512,54.22,0.113
KC,1.11,6.34,"Means, John",607644,hit_by_pitch,R,0,0,-1.19,-0.63,-1.94,0.74,-4.25829140467475,-111.15335306348624,-3.422498013207825,-8.668498674855572,25.15815156558943,-36.82026234429223,54.44,0.162
SL,1.14,6.28,"Means, John",607644,hit_into_play,R,0,1,0.04,0.73,-0.34,2.36,-3.5692431438597043,-124.5958787273129,-4.5017467715021695,1.102047196773867,23.93766486517698,-23.84035046779384,54.19,1.002
CH,0.88,6.48,"Means, John",607644,foul_bunt,R,0,0,1.04,1.5,-0.06,1.6,-4.152963080058651,-119.67784651785098,-7.402921604803335,10.777935272951364,23.903828284082397,-16.55098031988286,54.21,-0.042
CH,0.72,6.25,"Means, John",607644,hit_into_play,R,2,2,1.27,1.58,0.5,1.01,-2.9895989444564792,-120.94448320759749,-8.590574279827786,13.06330000197896,25.632392311451635,-15.13602890270806,54.21,0.287
FF,0.62,6.41,"Means, John",607644,foul,R,2,2,0.61,1.67,0.32,1.95,-2.058089735329451,-132.4693425254901,-8.810670995929742,7.62592987700986,30.611320016643905,-10.838657516852123,54.27,0.0
FF,0.78,6.37,"Means, John",607644,foul,R,2,2,0.74,1.52,-0.95,2.9,-5.936044335332702,-132.63091976752312,-6.098668777607356,9.95809666633832,28.59279631910787,-13.151042279850383,54.25,0.0
FF,0.77,6.37,"Means, John",607644,ball,R,1,2,0.54,1.71,-0.6,3.57,-4.577432931926911,-132.1477264384845,-4.699626934281311,7.304533461731937,30.16604957019759,-11.356241522136656,54.31,0.026
KC,1.04,6.32,"Means, John",607644,ball,R,0,2,-1.22,-0.89,-0.68,0.66,-1.4231127280649838,-111.80145760216612,-3.203257533097511,-9.736741537820455,24.62324500055969,-39.10491603353476,54.43,0.013
FF,0.93,6.49,"Means, John",607644,foul,R,0,1,0.35,1.6,-0.15,2.98,-3.4385924561991006,-132.79573148063452,-6.290913070485209,4.9197538492177,32.97479391898215,-12.117719644240378,54.35,-0.035
FF,0.86,6.5,"Means, John",607644,swinging_strike,R,0,0,0.37,1.66,-0.49,3.76,-4.152613109256593,-132.2033328727637,-4.391824204616465,5.26718534546757,32.032924926569194,-12.102947521439656,54.4,-0.024
CH,1.05,6.35,"Means, John",607644,hit_into_play,R,2,1,1.21,1.28,0.65,2.04,-3.196489008870253,-118.19549595367936,-5.36468895226696,11.933948062003733,26.53313270482636,-19.35128425557166,54.46,-0.267
FF,1.11,6.42,"Means, John",607644,ball,R,1,1,0.38,1.87,-1.11,4.39,-6.327320906233339,-131.51749245779607,-2.976900479574081,5.977976839892801,34.08526940719046,-10.327301472944797,54.35,0.05
CH,1.3,6.33,"Means, John",607644,ball,R,0,1,1.12,1.59,1.41,2.36,-1.900048854920677,-118.41265090883454,-5.236445605563537,10.857833535290162,25.985997352606518,-16.471068469697816,54.37,0.021
KC,1.32,6.32,"Means, John",607644,called_strike,R,0,0,-1.15,-0.62,-0.13,2.19,-0.915238963204817,-107.23712107111292,0.0929436309683549,-8.624460228872966,21.356288310367013,-37.18685676871587,54.62,-0.032
FF,0.88,6.54,"Means, John",607644,hit_into_play,R,0,0,0.5,1.75,0.44,3.07,-2.166479306891876,-131.41218863925397,-6.312053983201879,6.270377583609409,31.89918483072476,-10.853528745810737,54.28,-0.338
FF,0.75,6.48,"Means, John",607644,hit_into_play,R,3,1,0.83,1.69,-0.75,2.6,-5.444092452118456,-130.24324741276854,-7.1050277719417485,10.560117456234671,28.02958546696725,-11.688033373423888,54.25,-0.478
FF,0.77,6.42,"Means, John",607644,ball,R,2,1,0.55,1.79,-1.46,3.26,-6.63706034653093,-129.64267811287536,-5.442316457208248,7.616632277244991,28.89204001788591,-11.117946883646391,54.21,0.107
SL,1.28,6.36,"Means, John",607644,ball,R,1,1,-0.02,0.75,-0.17,3.87,-3.313968342038302,-123.0966325749725,-0.9457301425603968,0.4419622533426524,24.805765742581627,-24.615739144375283,54.32,0.064
FF,0.94,6.5,"Means, John",607644,ball,R,0,1,0.64,1.95,-1.29,4.32,-6.985615038749086,-132.81542237104608,-3.7181595512889793,9.231118387012287,31.78110446704381,-8.632076634010051,54.31,0.021
FF,1.06,6.41,"Means, John",607644,called_strike,R,0,0,0.89,1.73,-0.69,3.03,-6.182609775897483,-129.9319127651021,-5.918623556190148,11.378533042768249,29.36549983841472,-11.522414149017555,54.14,-0.047
CH,1.06,6.36,"Means, John",607644,swinging_strike,R,2,2,1.36,1.46,0.13,2.39,-4.705377671634421,-118.5895972641086,-5.105408280513254,13.7173970220789,23.31239627495604,-17.63652316403406,54.19,-0.399
CH,0.96,6.35,"Means, John",607644,foul,R,2,2,1.15,1.54,0.06,1.16,-4.2414949613621005,-118.96905972956584,-8.078275648551216,11.73687304338434,23.918660549444706,-16.166694525438768,54.09,0.0
SL,1.25,6.27,"Means, John",607644,ball,R,1,2,-0.17,0.96,-1.08,1.51,-5.123087637989841,-123.27915089892068,-6.765681060382319,-0.7662146622183865,22.54742313771436,-21.311398920463308,54.05,0.082
FF,0.92,6.49,"Means, John",607644,foul,R,1,2,0.81,1.6,0.46,3.05,-2.923789717129532,-133.46838520881695,-6.243754331858176,10.32776092028712,31.640430317007617,-11.901267906099037,54.24,0.0
FF,0.96,6.47,"Means, John",607644,foul,R,1,1,0.73,1.6,0.22,3.51,-3.424219881164547,-132.21449496127434,-4.93378646749191,9.338410358403593,27.47108222476388,-12.543583557020064,54.29,-0.105
CH,0.9,6.53,"Means, John",607644,ball,R,0,1,1.15,1.4,1.16,1.1,-1.6255673635156709,-119.28918830692686,-8.451609004491512,11.350144130067678,21.74340656770797,-17.394094330637948,54.29,0.053
FF,0.94,6.5,"Means, John",607644,foul,R,0,0,0.77,1.69,-0.57,3.1,-5.35762608573538,-131.40329248850784,-6.095729358457713,10.020215741895637,28.148492099127743,-11.436888816322682,54.37,-0.051
SL,1.25,6.3,"Means, John",607644,hit_into_play,R,0,2,0.07,0.75,-0.62,2.31,-4.512713573673785,-123.34408736896582,-4.497475662621019,1.6223488804878496,24.03693480834311,-23.81914678836994,54.08,0.708
FF,1.43,6.44,"Means, John",607644,swinging_strike,R,0,1,0.96,1.63,0.33,2.51,-4.730119136499373,-130.62874006388526,-7.142945704588322,11.979280813639711,29.52705357143796,-12.15339900731076,54.29,-0.047
KC,1.51,6.44,"Means, John",607644,called_strike,R,0,0,-1.24,-0.62,-0.45,2.45,-1.8218622889090688,-107.42610332457872,0.360709162420314,-9.063910407155369,21.978691675096023,-37.261542482092686,54.59,-0.032
CH,0.64,6.47,"Means, John",607644,hit_into_play,L,0,2,0.85,1.3,-0.21,1.69,-3.5386603748468373,-118.0887635261238,-6.63996353655974,8.635457931539436,20.23205136319315,-18.98211289542872,54.19,-0.061
SL,1.08,6.43,"Means, John",607644,foul,L,0,1,-0.14,0.56,-0.77,2.05,-4.071025500863555,-124.68710097997668,-5.267140027396605,-0.748732678688739,23.005455618024158,-25.494165701719066,54.24,-0.024
FF,0.85,6.56,"Means, John",607644,called_strike,L,0,0,0.73,1.85,-0.59,3.32,-5.191174925779482,-132.8408459366782,-6.250980428899812,9.814778572540162,28.86300190692598,-9.173959885285614,54.24,-0.015
CH,1.0,6.49,"Means, John",607644,hit_into_play,R,0,0,1.06,1.29,-0.12,1.69,-4.589865237473059,-119.42047760099624,-6.76088495831676,11.074391261099905,23.42892373944508,-18.762039367693475,54.4,1.756
FF,1.16,6.42,"Means, John",607644,hit_into_play,R,0,0,0.82,1.42,-0.42,2.91,-5.632482339745983,-131.0285911647773,-5.7517026160439135,10.579400235041447,27.50122693290577,-14.783201140580548,54.3,0.249
SL,1.14,6.33,"Means, John",607644,called_strike,R,3,2,-0.18,0.69,0.12,3.53,-2.045380133893988,-124.2344874590166,-1.763398551663974,-1.4809046505571333,22.544412815894106,-24.82628026921836,54.07,-0.211
FF,0.77,6.49,"Means, John",607644,foul,R,3,2,0.44,1.78,-0.75,3.05,-4.755547654027424,-132.0715771503373,-6.463098929426564,6.19793230126751,29.979364145453477,-10.20713337538124,54.2,0.0
SL,1.08,6.34,"Means, John",607644,foul,R,3,2,-0.16,0.45,-0.69,3.14,-3.798024922658935,-122.59020391708476,-1.8969327711048587,-0.7626376041219848,27.21792958509008,-27.485115573919597,54.03,0.0
FF,1.0,6.41,"Means, John",607644,foul,R,3,2,0.72,1.72,-0.4,2.64,-5.0562136864211285,-132.56705587647957,-7.273206359717587,9.591103404353882,28.612697344987534,-10.5233108056457,54.13,0.0
FF,1.0,6.46,"Means, John",607644,foul,R,3,2,0.86,1.73,-0.8,2.62,-6.331415682242509,-131.34715088950756,-7.277723427939145,11.370270358644843,28.52514341250384,-10.804586332914829,54.11,0.0
CH,0.89,6.47,"Means, John",607644,foul,R,3,2,0.81,1.53,-0.47,1.86,-4.700759987357781,-120.34289453695104,-7.028997168661642,8.759103438080633,23.393050751389325,-16.13975407707833,54.04,0.0
SL,1.2,6.33,"Means, John",607644,ball,R,2,2,-0.36,0.61,-1.53,3.55,-5.662157698385108,-123.32771843289258,-1.4666487535748975,-2.75250164826921,20.666900615593,-25.80643149649886,54.02,0.069
SL,1.26,6.33,"Means, John",607644,ball,R,1,2,-0.36,0.61,-1.95,3.35,-6.795662523710311,-123.82568657165092,-1.9443503918295004,-2.483059038146389,22.91290825641001,-25.69706734030642,54.26,0.026
FF,1.18,6.47,"Means, John",607644,foul,R,1,1,0.84,1.59,-0.71,3.32,-6.522057342192055,-132.25150120782683,-5.384128140707543,11.283362475713126,27.06784095906797,-12.584031060892894,54.28,-0.04
CH,1.32,6.3,"Means, John",607644,called_strike,R,1,0,1.22,1.53,-0.51,1.42,-6.50860172698763,-119.83825544108552,-7.546640024320867,12.978603587930042,22.708846036568065,-16.114114177624163,54.24,-0.031
FF,1.27,6.45,"Means, John",607644,ball,R,0,0,0.81,1.82,0.18,3.5,-4.407956548306031,-130.5798252178905,-5.121110310750086,10.26072446321895,29.28879050837952,-10.512967297047188,54.28,0.024
FF,0.99,6.47,"Means, John",607644,hit_into_play,R,3,2,0.72,1.54,-0.91,2.65,-6.275323885284904,-131.11346117227828,-6.7332377919938535,9.763661573835606,31.912506429195943,-13.197344488701315,54.1,-0.297
SL,1.21,6.41,"Means, John",607644,ball,R,2,2,-0.07,0.49,-1.26,2.58,-5.646480020841111,-123.6358351200103,-3.5903893418718087,0.4618520920458126,25.965057597122296,-26.67642872898628,54.24,0.093
CH,1.27,6.36,"Means, John",607644,ball,R,1,2,1.23,1.31,1.33,1.44,-2.287282875806945,-121.04427787044756,-7.306996090678504,12.461958267699998,26.93791572960304,-18.004446567746697,54.22,0.036
FF,1.16,6.52,"Means, John",607644,swinging_strike,R,1,1,0.97,1.44,-0.53,3.2,-6.236587485550217,-131.17940104248655,-5.279662014973519,12.58365143777496,30.457240564641644,-14.69145215210266,54.41,-0.049
FF,1.0,6.51,"Means, John",607644,ball,R,0,1,0.84,1.57,-1.56,3.25,-8.099605651481461,-130.83874692365978,-5.370872909059636,11.446268311685415,31.506492499971227,-13.212762219061128,54.33,0.021
FF,1.17,6.61,"Means, John",607644,called_strike,R,0,0,0.66,1.73,0.33,3.51,-3.4910388313858496,-130.664891829643,-5.244289276167571,8.356811888645243,32.944917900178304,-11.554546113027714,54.37,-0.032
SL,1.04,6.42,"Means, John",607644,swinging_strike,R,0,2,0.07,0.58,-1.22,1.37,-5.468968534282468,-124.36193998168837,-6.845986726516598,1.7709740784959298,22.843454804367592,-24.98166854007136,54.21,-0.061
FF,0.97,6.52,"Means, John",607644,foul,R,0,1,0.63,1.69,0.5,3.26,-2.5616309360195704,-133.49244290654616,-6.062243680959585,8.103514986843134,28.793062956957066,-10.856816436690004,54.21,-0.024
KC,1.16,6.41,"Means, John",607644,called_strike,R,0,0,-1.15,-0.84,-0.65,2.91,-1.7101878635672958,-109.60406866457552,1.452340879396714,-8.8433082014085,21.96667516235562,-39.42462084941384,54.38,-0.015
CH,0.9,6.39,"Means, John",607644,hit_into_play,R,1,2,1.19,1.72,0.66,1.77,-2.9094602125074367,-121.83311652515104,-7.696803859878482,12.383280621640631,23.51374386555744,-13.708832815191409,54.02,-0.116
CH,0.92,6.4,"Means, John",607644,ball,R,0,2,1.17,1.52,1.7,2.7,-0.4950681469280894,-120.00696144192248,-4.869657135331461,11.389369507714097,22.88577481816858,-16.75605688875073,54.05,0.013
CH,1.2,6.36,"Means, John",607644,swinging_strike,R,0,1,1.19,1.39,0.84,1.46,-3.155135497840428,-120.9724079830038,-7.535234142162754,12.330439355771666,22.04956490519252,-17.255443728488547,54.32,-0.035
FF,0.86,6.52,"Means, John",607644,foul,R,0,0,0.72,1.65,-0.89,3.23,-5.931186361791359,-132.62877968504182,-5.9172946812973,9.792685396360492,27.477770435933277,-11.642935649809466,54.3,-0.024
CH,0.96,6.4,"Means, John",607644,hit_into_play,R,1,2,1.04,1.36,0.75,1.75,-2.520509451421717,-120.3718508978332,-6.804038911970973,10.626424283326632,21.028917357287263,-17.892907134288038,54.15,-0.168
FF,0.72,6.47,"Means, John",607644,foul,R,1,2,0.62,1.71,0.73,2.56,-1.3409841857197289,-135.14169014538203,-7.999265468629348,7.916900054599014,26.60920481938042,-9.736366763081,54.19,0.0
FF,0.8,6.5,"Means, John",607644,swinging_strike,R,1,1,0.77,1.75,0.31,2.5,-2.9581693488822496,-134.91093199208248,-8.287513639177915,10.11405535960622,27.05393570510624,-9.160630049305984,54.24,-0.049
CH,1.17,6.4,"Means, John",607644,ball,R,0,1,1.1,1.57,0.68,1.33,-3.311261533809917,-121.65743761014126,-8.374024956168846,11.617556896060297,22.954490486041102,-15.150093511689434,54.26,0.021
KC,1.33,6.44,"Means, John",607644,foul,R,0,0,-1.14,-0.64,-0.65,2.13,-2.032724702311468,-107.33096703173798,-0.3218899977077252,-8.417615772687826,19.825730883425223,-37.28359378916237,54.4,-0.032
CH,0.82,6.45,"Means, John",607644,hit_into_play,R,3,2,1.27,1.42,0.39,2.69,-3.510170258879932,-122.5027014271759,-5.195288432749293,13.51245130972324,23.40021877751668,-16.991320383619936,54.12,-0.131
FF,0.79,6.5,"Means, John",607644,ball,R,2,2,0.63,1.8,0.56,4.74,-1.9555564929959297,-133.82616672458713,-2.516930238519867,8.027240348458475,28.013027669168245,-10.176738508716094,54.29,0.043
CH,0.82,6.51,"Means, John",607644,foul,R,2,1,1.05,1.4,0.17,2.8,-3.5177004876486877,-120.62625567227452,-4.79380119132147,10.937901231779628,21.118553059236703,-17.70274252856695,54.27,-0.031
CH,0.99,6.4,"Means, John",607644,called_strike,R,2,0,1.25,1.47,-0.03,1.71,-4.73078088987463,-119.59476107517044,-6.907041844828585,12.868449116169604,23.875355611378364,-16.88951176217356,54.22,-0.022
FF,0.93,6.46,"Means, John",607644,ball,R,1,0,0.78,1.65,1.5,3.36,-0.2606553798296271,-132.6967472419662,-5.411496727938333,9.304837228455144,29.60222852387132,-11.77414198565103,54.29,0.026
FF,0.92,6.53,"Means, John",607644,ball,R,0,0,0.9,1.67,1.41,3.89,-0.7058207267233152,-133.3001424420436,-4.416477455827461,10.93554493496633,28.036666381108017,-11.51483602384075,54.33,0.016
SL,1.18,6.23,"Means, John",607644,hit_into_play,L,2,1,-0.2,0.63,-0.34,2.62,-3.219060888240349,-125.36372942221072,-3.6819520701124273,-1.4601158970358863,23.818180141350656,-24.953865876539727,54.11,-0.193
FF,1.04,6.39,"Means, John",607644,foul,L,2,0,0.74,1.67,0.12,2.86,-3.934735428308594,-133.3249142708698,-6.640639970843226,9.689004604314478,30.215049244970032,-10.98113098467132,54.16,-0.039
SL,1.34,6.29,"Means, John",607644,ball,L,1,0,-0.14,0.69,-0.95,1.87,-5.063981069177992,-122.77796863012104,-5.264962654779655,-0.363794329197794,24.91043147397022,-24.35108498085605,54.21,0.045
SL,1.32,6.32,"Means, John",607644,ball,L,0,0,-0.04,0.9,-1.26,2.7,-5.972164972096689,-123.93939139205273,-4.006553611524145,0.7344056511661395,23.934839866426124,-22.33993218365936,54.23,0.024
CH,1.07,6.3,"Means, John",607644,hit_into_play,R,1,2,1.25,1.37,0.93,1.94,-2.770145028063826,-121.07771440914888,-6.255239136855908,12.807538342254572,22.716404050300405,-17.649093041640175,54.27,-0.168
CH,1.15,6.24,"Means, John",607644,ball,R,0,2,1.23,1.48,0.72,1.18,-3.364167512328101,-119.98801301219012,-7.874238608702623,12.50528268079454,23.140450319872294,-16.538279317645983,54.28,0.019
FF,0.81,6.52,"Means, John",607644,swinging_strike,R,0,1,0.69,1.73,0.78,2.25,-1.5307610511809222,-132.47511297994092,-8.518320493547456,8.462258893887578,27.247004288611937,-10.192021694122488,54.37,-0.047
FF,1.1,6.49,"Means, John",607644,called_strike,R,0,0,0.78,1.77,0.21,3.02,-3.908089204261584,-133.26243781894715,-6.678268474426845,10.101792596930292,28.317956614088605,-9.873790481452255,54.39,-0.032
SL,1.19,6.37,"Means, John",607644,hit_into_play,R,1,2,-0.31,0.91,-0.52,2.34,-3.4493373754149577,-125.34448406382477,-5.21529584054553,-2.5725970479978764,24.13628364091823,-21.697416380441496,54.32,-0.071
CH,0.73,6.47,"Means, John",607644,foul,R,1,2,0.8,1.43,1.01,2.57,-0.915651669670474,-119.64379501110494,-5.005675556014348,7.79635640737942,25.71035630559653,-17.70768879986317,54.09,0.0
CH,1.23,6.39,"Means, John",607644,ball,R,0,2,0.76,1.43,0.87,1.66,-2.2413906002048942,-117.12697079046104,-6.452921734104459,7.400705626035395,24.39096714324418,-18.035875311188903,54.33,0.009
SL,1.21,6.4,"Means, John",607644,foul_tip,R,0,1,-0.06,0.66,-0.72,2.15,-4.411735193984011,-123.85410601275126,-4.985909228173254,0.2623410359422268,24.812558212829053,-24.557541742582423,54.23,-0.024
KC,1.2,6.53,"Means, John",607644,called_strike,R,0,0,-1.32,-0.53,-0.37,1.52,-0.8977011289710446,-108.42107393036956,-2.0731175121762826,-10.166366157192398,20.71453038740994,-36.17238301769221,54.34,-0.015
FF,0.87,6.59,"Means, John",607644,swinging_strike,R,2,2,0.41,1.66,-0.31,3.86,-3.850840157669798,-132.50805047619278,-4.486998318502648,5.691440287915349,30.691308987491063,-11.939891861556143,54.21,-0.142
FF,1.03,6.48,"Means, John",607644,ball,R,1,2,0.62,1.51,-0.07,5.85,-4.09112153248257,-132.66214231974251,1.1179923343409928,8.278874889803484,30.9969798023911,-14.99462734936742,54.41,0.026
SL,1.1,6.35,"Means, John",607644,foul,R,1,1,-0.43,0.79,-0.89,2.26,-3.780446150926675,-122.40070388357697,-4.697973132916268,-3.57492044175363,23.08981360994544,-23.481762580516666,54.36,-0.04
SL,1.12,6.39,"Means, John",607644,ball,R,0,1,-0.24,1.02,-1.3,2.0,-5.217346553056053,-124.8553731248556,-6.203215823398133,-1.4988137159586283,23.494345602324994,-20.466902654127363,54.29,0.017
CH,1.0,6.54,"Means, John",607644,called_strike,R,0,0,0.83,1.47,-0.14,1.95,-4.216705991273625,-120.82119471368308,-6.878425275526439,8.924246187221167,24.31474985723725,-16.671210004855627,54.39,-0.024
CH,0.89,6.58,"Means, John",607644,hit_into_play,R,1,1,0.8,1.56,0.69,2.82,-1.984368851224927,-118.46797297017712,-4.813626689759731,7.939320151539193,23.23213059358422,-16.821934822505703,54.21,-0.216
CH,1.13,6.45,"Means, John",607644,ball,R,0,1,1.21,1.27,1.51,1.77,-1.4582941887271486,-118.15306350008689,-6.241308980265578,11.60448070147974,23.226328686642702,-19.29766711488788,54.47,0.021
FF,0.96,6.48,"Means, John",607644,called_strike,R,0,0,0.75,1.61,0.76,3.12,-2.0902224134660234,-130.84528668908445,-5.737830525209168,9.053502805543824,28.069154534945703,-12.724055634134409,54.39,-0.032
SL,1.04,6.32,"Means, John",607644,swinging_strike,R,2,2,-0.15,0.64,-1.13,2.26,-4.91283411360687,-126.548882167832,-4.890086165226732,-0.5957413656633795,25.39180686985921,-24.529815012660087,54.0,-0.088
CH,0.98,6.31,"Means, John",607644,foul,R,2,2,1.0,1.51,0.84,2.07,-2.3005402644093054,-122.6310611880816,-6.426725370481023,10.53439993460092,25.70671068191514,-15.907173282838292,54.24,0.0
CH,0.89,6.35,"Means, John",607644,ball,R,1,2,1.02,1.4,0.69,1.25,-2.491135228320112,-121.94937393364444,-8.147230604745213,10.645952335415904,24.980808926924457,-16.762980631755134,54.0,0.018
KC,1.16,6.4,"Means, John",607644,called_strike,R,1,1,-1.24,-0.3,-0.56,2.03,-1.4331750926067506,-114.17070317011792,-2.044286813311314,-10.535086571765367,21.6756202926193,-34.627230540947984,54.36,-0.026
CH,1.05,6.4,"Means, John",607644,swinging_strike,R,1,0,1.1,1.36,0.86,2.72,-2.602331083778538,-121.3911215739897,-4.687038022721594,11.392651541460747,23.84121691478852,-18.00183581679544,54.39,-0.019
CH,1.06,6.4,"Means, John",607644,ball,R,0,0,0.94,1.45,1.29,3.43,-1.3146227048733266,-122.85894851323133,-3.391006466754618,9.735316998236277,25.52252473288788,-17.091497166630106,54.37,0.016
SL,1.24,6.29,"Means, John",607644,hit_into_play,R,2,2,-0.13,0.84,-0.46,2.19,-3.826552177236333,-126.84588828186554,-5.472192611411551,-0.6658512074472178,23.261854880304394,-22.226883896082605,54.13,0.287
CH,1.08,6.3,"Means, John",607644,called_strike,R,2,1,1.19,1.3,0.63,1.66,-3.391780193368877,-121.66997278247642,-6.818884461637006,12.53561768533876,23.154900945208244,-18.17303857673994,54.33,-0.051
CH,1.14,6.34,"Means, John",607644,ball,R,1,1,1.01,1.47,1.07,1.47,-2.1109420002880084,-120.13077567205444,-7.439186315530905,10.19092320931118,23.44498968208691,-16.707198004119665,54.17,0.037
SL,1.19,6.3,"Means, John",607644,called_strike,R,1,0,-0.18,0.91,-0.78,1.97,-4.325537237199895,-126.25009503933477,-6.111902208434028,-1.2039049023117958,22.778438729073383,-21.41863796166404,54.21,-0.031
CH,1.15,6.47,"Means, John",607644,ball,R,0,0,1.05,1.5,0.84,1.68,-2.706923936970285,-118.79968548396366,-7.078982456034918,10.474527646804232,22.82914463112886,-16.82333246691948,54.29,0.024
CH,1.22,6.46,"Means, John",607644,hit_into_play,R,0,0,1.16,1.35,1.31,3.02,-2.0346677280741416,-120.42986428378602,-3.959354268451651,11.640418550385029,23.59918505970143,-18.4672077463126,54.44,0.122
CH,0.8,6.49,"Means, John",607644,hit_into_play,L,2,2,0.83,1.19,0.06,2.64,-3.3087862712376306,-120.56965888369524,-4.68945775367744,8.745857902174935,21.68411975310205,-19.83410001603413,54.19,-0.088
SL,1.03,6.31,"Means, John",607644,ball,L,1,2,-0.15,0.83,-1.76,2.46,-6.371799842013068,-126.38370017870392,-4.814123138932033,-0.4698647773960823,22.475012052573803,-22.499286761057068,54.12,0.018
FF,0.9,6.48,"Means, John",607644,foul_tip,L,1,1,0.67,1.54,-0.09,3.42,-3.9575555488600425,-134.15283845801747,-5.314861261452398,8.903490675456974,28.800393158337343,-12.581939035659303,54.22,-0.026
SL,1.18,6.33,"Means, John",607644,swinging_strike,L,1,0,-0.26,0.74,-0.48,2.56,-3.4411486807919727,-126.42404640813078,-4.424892573220786,-2.2542880029252945,22.36656401445939,-23.5135501968582,54.24,-0.019
SL,1.15,6.38,"Means, John",607644,ball,L,0,0,-0.03,0.26,-1.35,1.15,-5.89145189745585,-125.22401576933464,-6.724124758351721,0.8552947997753876,24.195385349021205,-28.27968685505805,54.15,0.016
SL,1.19,6.27,"Means, John",607644,swinging_strike,R,1,2,-0.04,0.73,-1.05,1.75,-5.296827865962145,-127.00587939831584,-6.268356926579957,0.5107926216832014,23.33405938728199,-23.256408477827428,54.17,-0.116
KC,1.22,6.41,"Means, John",607644,called_strike,R,1,1,-0.7,-0.45,-0.24,1.88,-1.8569993305561825,-114.00632586880852,-2.07261062413596,-5.744157491069807,21.160322631152148,-35.96602004602599,54.4,-0.04
CH,0.95,6.48,"Means, John",607644,called_strike,R,1,0,0.83,1.25,0.27,1.86,-3.175145814159151,-120.75556345733328,-6.601176727573857,8.712026913934759,21.806864734821453,-18.85773034909099,54.13,-0.031
SL,1.14,6.3,"Means, John",607644,ball,R,0,0,-0.28,0.58,-1.3,0.65,-5.1360716550367504,-123.4857090918788,-8.06774961451004,-1.960500491023044,23.08114854539558,-24.928557007517217,54.2,0.024
FF,0.91,6.52,"Means, John",607644,hit_into_play,R,0,0,0.52,1.51,-0.27,2.4,-4.071567037903118,-132.7963654686152,-7.703879954518531,7.0201462705266895,27.781941237616564,-12.858659075375485,54.32,-0.228
KC,1.16,6.3,"Means, John",607644,swinging_strike_blocked,R,0,2,-1.2,-0.57,-0.93,0.47,-2.331592860210568,-115.67581773387928,-4.944056710987816,-10.321933442318167,21.96770559084319,-36.52168639114011,54.2,-0.061
CH,0.84,6.47,"Means, John",607644,foul,R,0,2,0.85,1.47,1.14,1.37,-0.9906411945229084,-121.68084033703182,-8.254233619934435,8.684409063307319,22.42219079964425,-16.20217100964331,54.26,0.0
SL,1.04,6.42,"Means, John",607644,foul,R,0,1,-0.27,0.62,-0.89,2.62,-4.060085666178448,-126.01083925904224,-4.219192274150569,-2.221237330607265,21.31068549228552,-24.988441277477957,54.25,-0.024
FF,0.82,6.58,"Means, John",607644,foul,R,0,0,0.52,1.47,0.37,2.46,-2.249961899473494,-132.64924973917465,-7.630214889186755,6.581410131102047,27.736191899281437,-13.367383068832153,54.35,-0.015
FF,1.0,6.48,"Means, John",607644,hit_into_play,R,0,0,0.6,1.5,-0.02,3.11,-3.817363374323177,-131.83853754006947,-5.680479661886836,7.763268683479577,27.59668018414103,-13.661592975214884,54.27,-0.163
KC,1.2,6.47,"Means, John",607644,hit_into_play,R,0,0,-1.2,-0.38,-0.74,1.86,-1.915891937750888,-111.44267552531488,-1.9842174201836444,-9.61049831534444,21.296637598757783,-35.19344196579989,54.45,-0.228
SL,1.05,6.36,"Means, John",607644,hit_into_play,R,2,0,-0.09,0.69,-0.4,2.62,-3.24985106028943,-124.43113316829364,-3.923832928122769,-0.2834646058233364,24.91612137400863,-24.455459171188348,53.99,-0.383
CH,1.04,6.42,"Means, John",607644,ball,R,1,0,1.16,1.46,0.93,2.31,-2.5191494222258792,-120.85691951730088,-5.739249482594392,11.81886583710156,25.39155781732776,-17.002478470158167,54.16,0.024
FF,0.89,6.56,"Means, John",607644,ball,R,0,0,0.55,1.68,-0.58,5.28,-4.881771673737652,-133.34212747857413,-0.9803084686163892,7.615215538031082,30.44375907464039,-12.171880839928484,54.2,0.021
FF,0.86,6.58,"Means, John",607644,hit_into_play,R,2,1,0.37,1.57,0.4,2.67,-1.988694044255416,-134.09891971170072,-7.51854191876139,4.95276471191382,29.01936115180341,-11.851286870829105,54.17,0.219
CH,0.7,6.54,"Means, John",607644,swinging_strike,R,2,0,0.93,1.42,0.49,1.58,-2.2820333869502982,-120.03719250207638,-7.52565531057518,9.420111056540298,23.53282012083061,-17.183358567456036,54.2,-0.022
KC,1.22,6.43,"Means, John",607644,ball,R,1,0,-0.94,-0.41,0.93,3.31,1.0634172367847383,-110.48572380964085,1.2868637065311772,-7.893247021891589,20.119058338890184,-35.99688596481839,54.41,0.026
KC,1.26,6.43,"Means, John",607644,ball,R,0,0,-0.9,-0.53,0.94,4.1,0.9285531170977256,-110.90333711039032,3.095005661468344,-7.547545257718577,20.45677090771751,-37.30896984165023,54.47,0.016
CH,0.95,6.4,"Means, John",607644,swinging_strike,R,2,2,1.16,1.35,0.78,1.56,-2.6751101445655765,-121.64216286955694,-7.370835575220073,12.01241875360854,25.097174934234676,-17.525441137135264,54.2,-0.142
CH,0.97,6.42,"Means, John",607644,swinging_strike,R,2,1,0.8,1.34,-0.57,1.79,-5.091801069149026,-121.11014305221308,-6.752127660646779,8.933215706627406,25.105997017821263,-17.841293463099774,54.29,-0.051
KC,1.28,6.36,"Means, John",607644,ball,R,1,1,-1.33,-0.73,-1.38,2.31,-3.246064003907632,-112.93040898558208,-0.307121555912095,-10.56267813075966,23.666419778869788,-38.5574474321492,54.32,0.037
KC,1.17,6.33,"Means, John",607644,ball,R,0,1,-0.95,-0.56,-0.01,1.05,-0.7821448184976418,-112.69820734848616,-3.2440611916502213,-7.882434691337119,23.05691035127342,-36.463610317933714,54.29,0.017
KC,1.28,6.44,"Means, John",607644,called_strike,R,0,0,-1.05,-0.52,-0.12,3.1,-1.0238947767612636,-109.67440909649648,1.1599835545112367,-8.251223083822914,21.351784312971198,-36.76412554500582,54.45,-0.024
FF,0.63,6.51,"Means, John",607644,foul_tip,L,1,2,0.63,1.64,-0.07,3.06,-3.181997530173373,-135.0081150745926,-6.572430274723585,8.447118098821255,31.85470727417736,-10.92370305551206,54.24,-0.168
SL,1.29,6.28,"Means, John",607644,swinging_strike,L,1,1,-0.04,0.49,-0.63,2.68,-4.439598342864542,-124.582823611724,-3.2370607594620133,0.4102268866292382,24.328371066590115,-26.623269897499075,54.17,-0.049
KC,1.12,6.3,"Means, John",607644,ball,L,0,1,-1.21,-0.79,-1.08,0.8,-2.508970975848217,-113.97238523713864,-3.4825358614501383,-9.99495584687077,22.735333284262992,-38.56283800642514,54.29,0.021
KC,1.17,6.41,"Means, John",607644,called_strike,L,0,0,-0.77,-0.62,0.63,2.3,0.2583145674547501,-112.38582882878671,-0.6418144522866405,-6.605988376076456,20.69824774679021,-37.54432621517493,54.44,-0.032
FF,0.83,6.5,"Means, John",607644,hit_into_play,R,1,1,0.76,1.67,-0.05,2.54,-3.8643632646366144,-133.27489678922618,-7.728594624832815,9.908328004810146,29.62814396573468,-10.814355189053,54.15,-0.217
FF,0.76,6.52,"Means, John",607644,called_strike,R,1,0,0.63,1.69,-0.33,1.97,-4.13120583180022,-133.1132104653816,-9.234826035074812,8.442721139966912,29.673213422640945,-10.319082944912047,54.12,-0.039
FF,0.88,6.51,"Means, John",607644,ball,R,0,0,0.6,1.53,0.57,3.56,-2.072632147965024,-134.01182334747207,-4.947102037053586,7.705806801504414,30.72008357567463,-12.962599549177646,54.21,0.027
CH,0.9,6.4,"Means, John",607644,swinging_strike,R,1,2,1.08,1.36,0.52,1.47,-3.0161544742486632,-121.11336356994548,-7.48319326422819,11.233842748117286,25.51289835162286,-17.50985834586594,54.21,-0.214
CH,0.99,6.42,"Means, John",607644,ball,R,0,2,1.06,1.41,2.16,1.74,0.6078120920747179,-120.83165631037828,-6.947310530543227,10.231940612928923,24.79588044708264,-17.239472149806154,54.32,0.02
SL,1.22,6.38,"Means, John",607644,foul,R,0,1,-0.26,0.7,-0.62,3.34,-3.820069852620616,-124.66870900002075,-2.404981781040102,-2.0652440594092827,22.245290131560942,-24.51902488157722,54.23,-0.059
CH,0.98,6.51,"Means, John",607644,called_strike,R,0,0,0.7,1.57,-0.03,2.73,-3.688356931266668,-121.96232280752176,-5.4444530405076215,7.6759461781355665,23.47608699523923,-15.61506100854102,54.35,-0.042
FF,1.11,6.46,"Means, John",607644,hit_into_play,R,2,2,0.63,1.59,-0.28,2.99,-4.89697103120665,-133.7471689065606,-6.393743856117728,8.619172741653754,29.831572182759636,-11.90834969063676,54.2,0.287
CH,0.98,6.34,"Means, John",607644,swinging_strike,R,2,1,0.87,1.48,0.03,1.09,-3.900092852840927,-121.78325539444052,-8.580985793078234,9.41388991511038,24.661395622391566,-15.974037726279295,54.25,-0.051
FF,1.16,6.39,"Means, John",607644,ball,R,1,1,0.68,1.5,-1.2,3.56,-7.443614714976749,-133.356282934245,-4.503921614149356,9.739634089247293,30.5517422011697,-13.563904988729403,54.19,0.037
FF,1.13,6.45,"Means, John",607644,ball,R,0,1,0.61,1.53,-1.11,3.3,-6.955367005555013,-133.50679316362542,-5.376283987852724,8.767783121671732,29.63535456722467,-12.966979961979945,54.33,0.017
FF,1.16,6.43,"Means, John",607644,swinging_strike,R,0,0,0.6,1.48,-0.53,3.86,-5.581745632669048,-134.06796284344492,-3.8838270400251815,8.445092823244776,30.352749986961417,-13.658735746651711,54.36,-0.024
CH,1.1,6.4,"Means, John",607644,hit_into_play,R,0,1,0.98,1.35,0.26,2.17,-3.853637680059295,-121.19664575270262,-5.900248803468765,10.40438402473615,24.33331600306491,-17.927941501524693,54.36,-0.196
KC,1.44,6.48,"Means, John",607644,called_strike,R,0,0,-1.02,-0.47,-0.02,2.0,-1.1971736019077035,-110.63923276375736,-1.4317884622952617,-8.1235911108312,21.531356663253288,-35.92794449499071,54.59,-0.032
FF,1.11,6.37,"Means, John",607644,hit_into_play,R,0,1,0.57,1.57,0.08,3.32,-3.853171320236425,-134.30437016903426,-5.353462049971147,7.687474762991703,30.342455775362517,-12.255671010391683,54.16,-0.085
CH,1.12,6.35,"Means, John",607644,foul,R,0,0,1.04,1.21,0.75,2.67,-2.922781404593412,-121.17254257162878,-4.392791851366209,10.867313495676324,23.61731776947965,-19.56820017564764,54.12,-0.015
CH,0.97,6.33,"Means, John",607644,swinging_strike,R,3,2,1.0,1.31,1.18,2.34,-1.501584125483917,-123.00859505045904,-5.531739845684318,10.406485760822548,24.85002291662953,-17.99532006746762,54.13,-0.211
FF,1.03,6.4,"Means, John",607644,foul,R,3,2,0.73,1.56,1.08,3.45,-1.440249617724749,-134.59267497455363,-5.13597915412796,9.188653517869554,28.00161720097164,-12.26914117659132,54.2,0.0
SL,1.26,6.35,"Means, John",607644,ball,R,2,2,-0.11,0.79,0.6,4.24,-1.3734142492765284,-127.27596043131092,-0.6304747881064272,-0.908024260441627,23.337789891124437,-23.53890174653384,54.19,0.069
CH,0.96,6.4,"Means, John",607644,ball,R,1,2,0.94,1.39,0.9,1.71,-1.9856433294108773,-121.21932281449672,-7.089968071796076,9.67834598526412,22.432338147575084,-17.280622360250316,54.07,0.026
CH,1.23,6.31,"Means, John",607644,ball,R,0,2,0.92,1.42,1.51,2.35,-1.1678889148375928,-120.88876309096436,-5.380122501559329,9.287996506102104,22.85311481310608,-17.42207058588618,54.18,0.013
SL,1.33,6.31,"Means, John",607644,foul_tip,R,0,1,-0.09,0.79,-0.4,3.35,-4.02411151534875,-128.72210003127364,-2.831481612298599,-0.2305430684199661,24.366253555290918,-22.950113500027097,54.08,-0.035
KC,1.42,6.45,"Means, John",607644,called_strike,R,0,0,-1.18,-0.62,-0.25,2.63,-1.3710097026076573,-110.06914846987644,0.2075186357511833,-9.396577150919866,18.556829980760867,-37.46983256340552,54.39,-0.024
FF,0.85,6.47,"Means, John",607644,hit_into_play,R,2,2,0.56,1.66,0.17,1.57,-2.952051132145235,-135.24774650770027,-10.411128791768444,7.518560466856328,29.42366919431684,-9.679123103206985,54.23,-0.204
FF,1.09,6.41,"Means, John",607644,ball,R,1,2,0.71,1.56,0.03,4.08,-4.257245769016846,-134.9354854172054,-3.55158699109303,9.618351348225502,30.840282422232477,-12.566279260969084,54.23,0.036
CH,1.09,6.47,"Means, John",607644,swinging_strike,R,1,1,0.97,1.34,1.23,1.4,-1.5840660272461364,-121.16458546060802,-7.808174075819298,9.905782875982592,23.284848115864367,-17.692961973273736,54.31,-0.049
CH,1.47,6.28,"Means, John",607644,ball,R,0,1,1.17,1.44,0.09,1.15,-5.378463165097339,-119.64341821640942,-7.904270532540513,12.235475677279553,22.13681040772056,-17.05343410518989,54.22,0.021
FF,1.19,6.35,"Means, John",607644,foul,R,0,0,0.79,1.72,-0.59,2.6,-6.186093137741137,-133.23180450641075,-7.314819496658785,10.74534681829829,28.680859758672867,-10.27638169550034,54.27,-0.032
