pitch_type,release_pos_x,release_pos_z,player_name,pitcher,description,stand,balls,strikes,pfx_x,pfx_z,plate_x,plate_z,vx0,vy0,vz0,ax,ay,az,release_pos_y,delta_run_exp
ST,-3.24,4.44,"Nittoli, Vinny",657697,hit_into_play,L,3,2,1.36,0.68,-0.44,1.78,3.6879945435085055,-118.0053265919324,-0.5550054317480443,11.847107011336462,24.23605264513986,-25.991308941640728,53.69,-0.131
FC,-3.18,4.53,"Nittoli, Vinny",657697,foul,L,3,2,-0.13,1.03,-0.3,2.53,7.376722102368283,-129.14231615089162,-0.9746656688676156,-3.027581681174115,27.578766127020067,-20.71048743812822,53.83,0.0
FC,-3.25,4.41,"Nittoli, Vinny",657697,swinging_strike,L,3,1,-0.03,0.91,-0.44,2.75,6.802714291075069,-125.60965342742892,0.3959737459280384,-1.6030520026450772,24.5465094655444,-22.81972629282046,53.69,-0.035
FC,-3.13,4.49,"Nittoli, Vinny",657697,ball,L,2,1,0.0,0.83,-0.96,3.76,5.311716983299846,-127.41971453062638,2.718062015608269,-1.1111121658803047,27.192762142618268,-23.92516671179288,53.6,0.046
CU,-3.07,4.93,"Nittoli, Vinny",657697,ball,L,1,1,0.83,-0.87,-2.29,1.85,0.1520163681673544,-118.45588018337229,1.4203234727862015,7.79457205043704,23.940486841144505,-40.83926876644252,53.58,0.023
FC,-3.15,4.44,"Nittoli, Vinny",657697,swinging_strike,L,1,0,0.03,0.89,-0.29,3.09,6.894405258088988,-126.0098461362987,1.190825941273022,-1.0242006606237215,24.94097587787915,-23.095289997929843,53.1,-0.019
ST,-3.14,4.49,"Nittoli, Vinny",657697,ball,L,0,0,1.32,0.4,-1.26,2.21,1.6754064206873005,-118.73476564243128,0.799915271174646,12.0150922414107,25.78545449120143,-28.88279260174681,53.6,0.016
ST,-3.19,4.43,"Nittoli, Vinny",657697,hit_into_play,L,3,2,0.83,0.59,-0.08,1.76,5.468037371651993,-118.7127121981382,-0.5397414336511297,6.806204353978843,23.15831254326373,-26.704276024363097,53.59,-0.211
FC,-3.14,4.54,"Nittoli, Vinny",657697,foul,L,3,2,-0.12,0.95,-0.48,3.11,6.824669164324547,-128.04315222619272,0.6815253227164567,-2.7641967162365804,26.227615992227328,-22.05780608534405,53.38,0.0
FC,-3.13,4.6,"Nittoli, Vinny",657697,foul,L,3,1,-0.26,1.11,-0.25,3.08,7.6080026379927395,-127.34820235114216,0.1308975583871174,-4.29274320845899,24.1674754969546,-20.253324453071173,53.41,-0.059
FC,-3.21,4.6,"Nittoli, Vinny",657697,swinging_strike,L,3,0,-0.34,1.11,-0.44,2.42,7.589481402923121,-129.36226255839122,-1.6758796867102357,-5.317366294338834,25.405264517377677,-19.51841819297801,53.65,-0.048
ST,-3.24,4.65,"Nittoli, Vinny",657697,ball,L,2,0,0.86,0.74,1.89,0.33,10.076812828915886,-120.38347380984848,-4.770476602587938,6.140707344195134,26.117806702739223,-24.201003340818897,53.87,0.086
CH,-2.88,4.64,"Nittoli, Vinny",657697,ball,L,1,0,-1.37,0.37,-0.02,0.92,9.656951708572054,-124.7232036978274,-3.284267106266635,-16.274085068805146,26.11033829716093,-27.861969242947666,53.49,0.045
FC,-3.24,4.52,"Nittoli, Vinny",657697,ball,L,0,0,-0.19,1.15,-0.18,4.2,7.812931918472878,-127.11444219639203,3.016790149306934,-3.4929084136996598,23.87584351712892,-20.460460305808507,53.78,0.024
ST,-3.1,4.62,"Nittoli, Vinny",657697,hit_into_play,R,1,1,0.75,0.46,-0.23,3.1,5.027841317135663,-118.27293805089612,2.383174988846672,6.044471891356551,23.59138479960322,-28.549012091793134,53.76,-0.216
ST,-3.09,4.52,"Nittoli, Vinny",657697,ball,R,0,1,1.0,0.36,2.43,-0.28,10.655252890301448,-119.55062084196253,-4.997780492944456,7.1167654109263685,26.200627865429897,-27.826277696727363,53.76,0.021
FC,-3.27,4.6,"Nittoli, Vinny",657697,foul,R,0,0,-0.21,1.14,-0.54,4.12,7.18822589464826,-128.4654118364213,2.603402022369924,-3.746539708468048,25.8878490194668,-20.32099087610221,53.47,-0.032
FC,-3.07,4.65,"Nittoli, Vinny",657697,hit_into_play,R,0,2,0.0,1.01,0.51,4.23,8.736233433461177,-128.18860273222063,2.964424813924121,-1.6438562242462609,24.64901312862811,-21.781119975629267,53.81,-0.213
FC,-3.12,4.55,"Nittoli, Vinny",657697,swinging_strike,R,0,1,-0.29,1.09,-1.25,3.54,5.259295727439096,-129.46143585284727,1.2808324505537982,-4.349516187691418,25.1924654072978,-20.356654446327678,53.47,-0.077
FC,-3.01,4.57,"Nittoli, Vinny",657697,swinging_strike,R,0,0,-0.08,1.05,-0.3,3.56,6.91386134729006,-130.32444365749052,1.3246254908165978,-2.37201156987226,28.176501630965213,-20.74297816832013,53.8,-0.042
FC,-3.11,4.58,"Nittoli, Vinny",657697,hit_into_play,L,2,2,-0.4,1.01,-0.61,2.63,7.172462620712725,-131.01630676051784,-1.0490711002406734,-6.145469977040662,26.936301310319035,-20.447814737120996,53.51,0.141
ST,-3.17,4.52,"Nittoli, Vinny",657697,foul,L,2,2,0.92,0.67,0.45,1.97,6.483116899990497,-119.41895731073151,-0.4880289878996634,7.464341328452718,23.91398987116853,-25.95024828278419,53.67,0.0
FC,-3.2,4.53,"Nittoli, Vinny",657697,foul,L,2,2,-0.06,1.21,0.53,2.49,9.260116769416353,-128.33275532624708,-1.4346131718239836,-2.3922329532227646,24.58744558326876,-18.68884662117561,53.83,0.0
FC,-3.05,4.7,"Nittoli, Vinny",657697,ball,L,1,2,0.06,1.07,0.54,4.87,8.72935368176263,-127.82678049305824,4.3940656972408405,-1.0668929035808925,24.78588156854992,-21.540514439792425,53.24,0.018
ST,-3.13,4.65,"Nittoli, Vinny",657697,foul,L,1,1,1.34,0.6,0.49,1.73,5.587681917221724,-119.2608675144433,-1.10763416505087,11.508111555015638,25.67044608003496,-26.52614186909406,53.9,-0.026
CU,-3.1,5.13,"Nittoli, Vinny",657697,ball,L,0,1,0.46,-0.71,-0.75,0.31,4.492406637749616,-120.14598913922109,-3.0959457344099937,3.561200971201726,23.391916163591404,-38.67943681872424,53.64,0.011
FC,-3.12,4.64,"Nittoli, Vinny",657697,foul,L,0,0,-0.01,1.31,0.14,3.05,8.124021725204546,-128.82974603192972,-0.533132550207267,-1.81183184933397,27.28571674589352,-17.743431323087886,53.27,-0.015
FC,-3.17,4.68,"Nittoli, Vinny",657697,swinging_strike,R,3,2,-0.17,1.25,-0.53,3.6,6.846272177876839,-128.99928880416536,0.8077988136853713,-3.309241244183438,27.21900324167228,-18.62217397165919,53.93,-0.211
FC,-3.25,4.59,"Nittoli, Vinny",657697,ball,R,2,2,-0.28,1.27,0.73,3.21,10.282993941284216,-128.2689551556349,0.0941593329053331,-5.210540389527977,26.05224433683612,-18.359780762492072,54.08,0.069
ST,-3.15,4.52,"Nittoli, Vinny",657697,ball,R,1,2,1.0,0.63,0.79,1.49,7.005779752103151,-118.96240802690488,-1.4167104804856985,7.980238949236745,25.104619472810977,-26.198142543243627,53.69,0.026
FC,-3.05,4.67,"Nittoli, Vinny",657697,foul,R,1,2,-0.03,1.11,0.51,2.9,8.827962789051005,-128.11955794339752,-0.5449310347385431,-2.047966944682837,24.75411040023891,-19.93176054510198,53.39,0.0
FC,-3.05,4.73,"Nittoli, Vinny",657697,ball,R,0,2,-0.02,1.06,0.78,3.82,9.365825601183465,-127.31381359042838,1.7570787067379785,-2.002565433253187,24.46389226016997,-21.18158031604503,53.72,0.013
FC,-3.08,4.84,"Nittoli, Vinny",657697,swinging_strike,R,0,1,0.04,1.18,-0.73,3.19,5.733669711259688,-129.206561362085,-0.4834184400826,-0.6199400290720861,25.298021265559893,-19.01909319250392,53.66,-0.035
ST,-3.29,4.82,"Nittoli, Vinny",657697,foul,R,0,0,0.96,0.66,-0.66,2.91,4.064985615766126,-117.8241680524142,1.1745085592332662,8.079392467249628,23.75716703308384,-26.50970244999944,53.83,-0.024
FC,-3.02,4.78,"Nittoli, Vinny",657697,hit_into_play,L,1,0,-0.09,1.15,0.38,2.71,8.627332620380605,-129.50112085162925,-1.4859197161956654,-2.7462622072157883,26.285217350504745,-19.06089929867813,53.58,-0.26
FC,-3.18,4.76,"Nittoli, Vinny",657697,ball,L,0,0,-0.04,1.14,1.56,2.56,11.770450617845857,-128.8167863727557,-1.674255468610481,-2.923668778229849,26.533233986801037,-19.360368603621964,53.75,0.032
FC,-3.21,4.61,"Nittoli, Vinny",657697,hit_into_play,L,0,0,0.31,0.7,-0.11,3.0,6.915379734921782,-126.87125540983736,0.761723606473372,2.2127165888415803,21.75266429191168,-24.812951807131327,53.48,-0.338
FC,-2.87,4.73,"Nittoli, Vinny",657697,swinging_strike,R,2,2,0.28,0.63,0.75,2.74,8.182326151547997,-126.20919516391471,0.0737611218483477,1.6217314031289511,21.432223393885977,-25.514694353508755,53.48,-0.278
ST,-2.78,4.78,"Nittoli, Vinny",657697,ball,R,1,2,1.36,0.4,1.47,1.4,7.049864094062756,-119.05734375692536,-1.8531892668293344,11.624298974759286,22.415276061584656,-28.244693134850493,53.54,0.034
ST,-3.05,4.47,"Nittoli, Vinny",657697,blocked_ball,R,0,2,0.79,0.56,2.35,0.57,10.887550687794734,-119.9081108758428,-3.547112024825707,5.773754146106981,21.01927489265689,-26.268858421478107,53.43,0.021
FC,-2.92,4.61,"Nittoli, Vinny",657697,foul,R,0,1,0.11,0.63,-0.26,3.66,6.228695626233743,-126.18646174918057,2.6283036946094804,0.028071834635552,22.88420966808333,-26.019426761606248,53.41,-0.075
FC,-2.96,4.78,"Nittoli, Vinny",657697,called_strike,R,0,0,-0.01,0.53,-0.24,2.12,6.775445135576576,-129.36863540826488,-1.674744101354786,-1.3165881849621508,22.91426795784041,-26.002031139793104,53.43,-0.047
CU,-2.92,5.13,"Nittoli, Vinny",657697,hit_into_play,L,0,0,0.84,-0.52,0.1,2.74,5.218970785751152,-117.86812451661228,2.2894285590350285,6.934226158618984,21.15202777219359,-37.64259913020031,53.46,0.419
FC,-2.93,4.57,"Nittoli, Vinny",657697,swinging_strike,L,2,2,-0.09,0.86,0.01,2.72,7.513659973915074,-129.4494446478606,-0.3456387900833711,-2.485095554205358,24.494186008320277,-22.554874332511925,53.33,-0.204
FC,-3.0,4.58,"Nittoli, Vinny",657697,foul,L,2,2,0.08,0.75,-0.78,3.07,5.223147779991286,-126.49290335000778,0.9901545052359914,-0.078127956823138,22.505657782888264,-24.449050815880508,53.44,0.0
FC,-3.05,4.77,"Nittoli, Vinny",657697,swinging_strike,L,2,1,0.12,0.9,-0.46,3.77,6.160315076106744,-129.25375433805647,1.6942722223039652,0.2580948585333301,23.583497501299952,-22.521708365314023,53.56,-0.063
CU,-2.81,5.24,"Nittoli, Vinny",657697,ball,L,1,1,0.97,-1.08,-2.39,3.28,-0.9049713968261373,-117.60298573682756,4.379659588436208,9.153026254965235,21.958231904516506,-43.19609746168141,53.7,0.05
FC,-3.06,4.67,"Nittoli, Vinny",657697,swinging_strike,L,1,0,-0.19,0.93,-0.13,2.75,7.62322257556619,-128.29314789486105,-0.5956426277181108,-3.484334161938992,23.491496513364893,-21.842912611137997,53.55,-0.044
FC,-2.97,4.6,"Nittoli, Vinny",657697,ball,L,0,0,-0.19,0.82,-1.07,2.21,5.118839023221818,-128.7803288226201,-1.5121897599156275,-3.163740065844159,24.93699950866722,-22.85325930991276,53.47,0.032
FC,-3.04,4.59,"Nittoli, Vinny",657697,hit_into_play,R,0,2,-0.22,0.93,0.84,3.23,10.107944924525473,-129.35387002663438,0.7386832386473732,-4.351999188030596,24.28362656377468,-21.99266520172775,53.38,-0.061
FC,-2.94,4.73,"Nittoli, Vinny",657697,swinging_strike,R,0,1,0.0,0.84,-1.1,3.48,4.581601098052271,-129.87716025859078,1.1274800000108725,-0.7904257190909256,23.93352285486924,-22.958997518298265,53.58,-0.024
FC,-2.92,4.83,"Nittoli, Vinny",657697,called_strike,R,0,0,-0.01,0.98,0.39,2.65,8.32995477246457,-130.88401428789942,-1.6223407796564522,-1.6359106352456922,23.39262328359297,-20.62493264503001,53.5,-0.015
FC,-2.88,4.79,"Nittoli, Vinny",657697,hit_into_play,L,2,1,-0.1,1.03,0.6,2.02,8.973233616732992,-130.95523242862984,-3.193105603165032,-2.8659414285673988,24.710444036346253,-19.81976056140616,53.44,-0.193
ST,-3.04,4.76,"Nittoli, Vinny",657697,ball,L,1,1,1.2,0.51,-1.28,3.27,1.7123390730004382,-120.14519947291237,2.0967084375066296,11.41568824570183,20.63204115752353,-27.722796833903416,53.54,0.037
FC,-2.96,4.75,"Nittoli, Vinny",657697,ball,L,0,1,0.17,0.97,-0.26,3.86,6.4396277842923,-131.35204634238514,1.6453968785234396,0.8076597494141806,24.71302282625962,-21.34244522734704,53.47,0.017
FC,-2.9,4.81,"Nittoli, Vinny",657697,called_strike,L,0,0,-0.21,0.99,-0.05,2.41,7.654427793948745,-132.04122329925232,-2.265863628875388,-3.906093892279182,25.687769284050404,-20.28187109594357,53.55,-0.024
ST,-2.89,4.75,"Nittoli, Vinny",657697,hit_into_play,R,2,2,1.54,0.24,1.4,2.02,6.91132743838883,-120.91094145211729,-0.2044469465868097,13.447178026969176,26.109927209687637,-29.991330985948835,53.42,-0.204
ST,-2.82,4.76,"Nittoli, Vinny",657697,ball,R,1,2,0.97,0.45,1.83,0.29,8.849094891853788,-120.34392635401451,-4.639336240887915,7.77462359460604,22.639837161818164,-27.118336710479344,53.43,0.036
FC,-2.87,4.91,"Nittoli, Vinny",657697,foul,R,1,1,0.21,1.03,0.91,2.51,9.028425771043675,-130.5909735289176,-2.1879594136101206,0.6937375293896403,25.36349371012762,-20.12518457684917,53.39,-0.049
CU,-2.44,5.36,"Nittoli, Vinny",657697,ball,R,0,1,1.63,-1.1,2.62,-0.22,8.319923750207117,-117.90379010536708,-3.732763940464544,13.38127561523477,24.402308268707344,-41.82199670433288,53.21,0.021
FC,-2.76,4.8,"Nittoli, Vinny",657697,called_strike,R,0,0,-0.48,1.18,0.23,2.59,8.650529839105724,-132.17592422312808,-2.171855785544872,-7.425401960927075,26.809450521773773,-18.05977923196164,53.44,-0.032
