pitch_type,release_pos_x,release_pos_z,player_name,pitcher,description,stand,balls,strikes,pfx_x,pfx_z,plate_x,plate_z,vx0,vy0,vz0,ax,ay,az,release_pos_y,delta_run_exp
ST,-2.99,5.23,"Ramírez, Yohan",670990,hit_into_play,R,1,0,1.54,-0.08,-0.23,1.95,3.33315241847164,-120.6807251978559,-0.8167646178431216,14.24557875406416,25.79660870617309,-32.99792132439435,53.44,-0.116
ST,-3.21,5.11,"Ramírez, Yohan",670990,ball,R,0,0,1.49,0.09,-1.19,2.37,1.7050237565553603,-121.10390243688708,0.0608191309302277,14.224301714205406,26.17593304980903,-31.51811475962091,53.48,0.016
ST,-3.15,5.21,"Ramírez, Yohan",670990,hit_into_play,R,0,2,1.56,0.14,-0.58,2.22,2.835999836358732,-120.27900527742064,-0.5392746125727925,14.497907961850888,24.830998612095826,-30.96950644847622,53.43,-0.104
ST,-2.97,5.45,"Ramírez, Yohan",670990,foul,R,0,1,1.8,-0.15,-0.7,2.78,1.6639511695187912,-119.01567177443562,0.8923647633445078,16.670656434444535,24.54109862062247,-33.9959026280204,53.67,-0.035
ST,-3.07,5.19,"Ramírez, Yohan",670990,called_strike,R,0,0,1.7,-0.01,-0.39,1.67,2.837622404146201,-120.64243889384146,-1.533452159363806,15.9672295660793,24.21943508834585,-32.13572362394771,53.55,-0.024
ST,-3.12,5.14,"Ramírez, Yohan",670990,foul_tip,L,2,2,1.4,-0.06,-0.19,1.4,4.079211198335133,-122.07555057444247,-2.1521010355637467,13.201262297281922,23.905151029224665,-32.60033128428232,53.39,-0.204
SI,-3.08,4.94,"Ramírez, Yohan",670990,called_strike,L,2,1,-1.41,0.21,0.51,1.68,12.930977621767774,-139.81812615942644,-3.5918352081674154,-21.387719769262183,30.0904569609042,-28.748104984880868,53.31,-0.063
ST,-3.01,5.29,"Ramírez, Yohan",670990,ball,L,1,1,1.87,0.1,0.97,0.77,5.545926456819279,-121.02452185737522,-4.1215094230055165,17.14309101215546,24.79161297999402,-30.589391622501655,53.29,0.05
SI,-3.18,4.98,"Ramírez, Yohan",670990,called_strike,L,1,0,-1.28,0.49,-0.68,2.54,9.492189664875037,-137.3635485295433,-1.802040086214722,-18.173009815202317,27.03932762962172,-25.785532168300463,53.42,-0.044
ST,-3.21,4.99,"Ramírez, Yohan",670990,ball,L,0,0,1.77,0.19,0.5,0.94,5.003944020607845,-118.38730338145264,-2.841473654376755,15.556241020066002,23.61287081310194,-30.047595912122397,53.35,0.032
ST,-3.01,5.48,"Ramírez, Yohan",670990,swinging_strike,L,3,2,1.62,-0.03,-0.9,2.61,1.587774845225545,-115.23063584090256,0.6474353902904697,14.108130970442662,22.485576424014397,-32.80829731130861,53.26,-0.131
FF,-3.17,5.25,"Ramírez, Yohan",670990,foul,L,3,2,-0.92,1.27,-1.2,2.43,7.244362487524585,-135.9952217077209,-4.348592829850772,-13.093164085320398,31.521904469815222,-15.673850850810798,53.27,0.0
ST,-2.97,5.43,"Ramírez, Yohan",670990,ball,L,2,2,1.7,0.23,1.1,0.41,6.090787184109294,-120.57409463479566,-5.4944385113929215,15.304503893270162,24.175485328728723,-29.028125555751977,53.29,0.043
ST,-3.13,5.27,"Ramírez, Yohan",670990,swinging_strike,L,2,1,1.34,0.45,1.43,1.17,7.812975380708175,-118.31320771676285,-3.532996075975817,11.182666369095328,21.50970395614784,-27.4594030261967,53.2,-0.031
ST,-3.41,5.44,"Ramírez, Yohan",670990,ball,L,1,1,1.68,0.26,-1.43,2.21,1.17844536129846,-115.6766259877123,-0.7653311670543383,14.825743535924264,22.600320706540067,-29.9500128278907,53.43,0.058
ST,-3.19,5.34,"Ramírez, Yohan",670990,ball,L,0,1,1.54,0.36,0.8,1.34,6.075955535209362,-117.78447532976378,-3.0040579013491477,13.080654090694846,23.43938925372192,-28.4053560466072,53.17,0.031
FF,-3.32,5.22,"Ramírez, Yohan",670990,foul,L,0,0,-1.01,1.28,-0.52,2.44,9.646810701902456,-136.7269410517147,-4.333824483714104,-14.876203269342133,32.867409149531674,-15.353646273325044,53.26,-0.042
SI,-2.98,5.14,"Ramírez, Yohan",670990,hit_by_pitch,R,1,2,-1.28,0.71,-2.29,4.12,4.68297606391786,-135.67361390718384,1.6724127522938947,-16.81078298472631,31.63084419736936,-24.12118259315512,53.46,0.314
ST,-3.11,5.33,"Ramírez, Yohan",670990,foul,R,1,2,1.82,0.38,0.62,2.18,4.995400747790263,-119.59354567574044,-1.2840033956570385,16.267801878795726,25.16136923169048,-28.525599357126065,53.41,0.0
ST,-3.13,5.32,"Ramírez, Yohan",670990,swinging_strike,R,1,1,1.72,0.55,0.47,2.31,4.888555282085727,-119.38729248176551,-1.2775256098989476,15.29789719037328,25.161651484194024,-26.93455960787449,53.35,-0.04
ST,-3.07,5.18,"Ramírez, Yohan",670990,ball,R,0,1,1.7,0.59,1.92,1.34,8.208595570684889,-121.0648455058704,-3.495610407641112,14.806362749381057,26.28900520411096,-25.83541283055354,53.41,0.017
ST,-3.24,5.11,"Ramírez, Yohan",670990,called_strike,R,0,0,1.79,0.54,0.54,1.9,5.154030906581259,-119.45804487762932,-1.6933333634307242,15.864524089041526,25.76951062231281,-26.94092802355752,53.4,-0.024
ST,-3.22,5.25,"Ramírez, Yohan",670990,hit_into_play,R,1,1,1.78,0.59,-0.45,2.8,2.8260518444187985,-117.38994291773864,0.1829779377551312,15.692380267177676,25.06659956280119,-27.066516158349607,53.4,-0.216
SI,-3.15,5.0,"Ramírez, Yohan",670990,foul,R,1,0,-1.6,0.46,-0.95,1.87,9.393301304223868,-136.54851283334395,-3.435673577291086,-22.120449674666805,30.97435387477323,-25.86601158258597,53.25,-0.044
SI,-3.06,5.0,"Ramírez, Yohan",670990,ball,R,0,0,-1.57,0.24,-0.04,1.35,11.42990467199312,-135.94777927462036,-4.219632092478475,-21.91941114195973,29.82687334976061,-28.450695491190796,53.31,0.032
ST,-3.06,5.41,"Ramírez, Yohan",670990,swinging_strike,L,3,2,1.62,0.27,0.75,1.1,5.512590225651248,-117.74232231763476,-3.4884691556916767,13.80267592017267,24.19401706187514,-29.15817566078737,53.34,-0.27
ST,-3.11,5.4,"Ramírez, Yohan",670990,ball,L,2,2,1.66,0.21,-1.91,2.21,-0.485935887358735,-116.75518592701948,-0.7135526901213538,15.156133897210594,23.69794408188184,-30.3370146577957,53.41,0.071
ST,-3.08,5.46,"Ramírez, Yohan",670990,called_strike,L,2,1,1.57,0.41,-0.89,2.41,1.8553248100280648,-114.03397231657436,-0.4500060313388957,13.32198509658931,22.132283249488584,-28.729637270163355,53.4,-0.067
ST,-3.4,5.37,"Ramírez, Yohan",670990,ball,L,1,1,1.56,0.4,-1.96,2.66,0.2169539558003639,-116.2932922022506,0.0535402584922162,14.09362521542448,23.00610359724974,-28.82718624422112,53.46,0.049
FF,-3.34,5.08,"Ramírez, Yohan",670990,called_strike,L,1,0,-0.94,1.1,-0.46,2.24,9.641498184204808,-135.5040277674993,-3.986449202193876,-13.686453824911116,30.110144540046186,-17.88267258452268,53.3,-0.039
ST,-3.31,5.17,"Ramírez, Yohan",670990,blocked_ball,L,0,0,1.43,0.41,1.06,0.11,7.090169330709593,-116.6933913592678,-5.2789122412727245,11.455665034105971,24.215587613656204,-27.546029151401434,53.29,0.027
ST,-2.82,5.39,"Ramírez, Yohan",670990,hit_into_play,R,1,2,1.79,0.07,-0.4,3.42,1.9913360850121145,-117.39901278930375,2.220150572765116,16.075211513191327,23.745380118063046,-32.16870253099191,53.55,1.028
ST,-3.17,5.25,"Ramírez, Yohan",670990,foul,R,1,2,1.5,0.14,0.69,2.2,5.899713599152937,-119.84761681463286,-0.6377938454459786,13.187696478875583,24.495545871688403,-30.88329792871407,53.72,0.0
ST,-2.98,5.32,"Ramírez, Yohan",670990,foul,R,1,1,1.62,0.45,0.53,3.13,4.789856177739511,-118.55549538865024,0.8873797053561117,14.17977065287307,24.90660981045065,-28.366708139663857,53.65,-0.137
ST,-2.92,5.3,"Ramírez, Yohan",670990,ball,R,0,1,1.57,0.41,1.37,1.19,6.691296300891508,-118.7344095098614,-3.4157852281236254,13.264269034511806,25.25407090152024,-27.827386534899293,53.56,0.001
ST,-2.96,5.39,"Ramírez, Yohan",670990,called_strike,R,0,0,1.6,0.24,-0.3,1.94,2.878207927125648,-116.68331989790092,-1.3400198263134344,13.945056910049454,23.17341586034972,-29.94042618366012,53.58,-0.081
FF,-2.94,5.19,"Ramírez, Yohan",670990,ball,L,3,0,-0.52,1.21,1.27,2.44,12.254797982289832,-137.21599807729544,-4.167231116690255,-9.361456766651346,31.333289879330408,-16.162120179863468,53.56,0.095
FF,-3.15,5.23,"Ramírez, Yohan",670990,ball,L,2,0,-0.42,1.18,0.48,3.49,10.537954238809228,-137.75793168419327,-1.4759487102340518,-7.83420932925206,33.01536396460153,-17.125627322072837,53.66,0.084
CU,-2.68,5.68,"Ramírez, Yohan",670990,ball,L,1,0,1.09,-1.31,1.5,0.36,7.143536413789251,-114.9453301856594,-2.2349666119118177,7.969035083966951,25.365254202505582,-43.35005266235793,53.66,0.06
CU,-2.76,5.64,"Ramírez, Yohan",670990,ball,L,0,0,0.99,-1.29,0.92,-1.08,6.243870353463287,-114.80481441517102,-5.307322685850747,7.164747550344758,25.961116763000533,-42.47016405371016,53.52,0.051
FF,-2.98,5.23,"Ramírez, Yohan",670990,hit_by_pitch,L,0,0,-0.84,1.28,2.85,0.16,17.297888968789866,-137.8528547229895,-10.666884132172322,-14.189062341683252,27.30415025135644,-13.35359789957104,53.62,0.237
ST,-3.0,5.2,"Ramírez, Yohan",670990,swinging_strike,R,2,2,1.66,0.45,1.38,1.07,6.876065462044586,-120.75604662775883,-3.797329154295584,14.504908419700584,27.426641910673155,-27.182540938836105,53.15,-0.278
ST,-2.84,5.3,"Ramírez, Yohan",670990,foul,R,2,2,1.46,-0.11,0.4,1.78,4.546904351694422,-118.31832736581768,-1.027357154110379,12.73432626027025,23.72125434807244,-33.20831358076273,53.21,0.0
ST,-3.08,5.23,"Ramírez, Yohan",670990,ball,R,1,2,1.34,0.08,-0.85,3.09,2.480482271472264,-119.63566340113626,1.564150991219254,12.362335941715546,22.802429705459392,-31.949442198085315,53.44,0.034
ST,-2.88,5.22,"Ramírez, Yohan",670990,swinging_strike,R,1,1,1.11,0.18,1.7,0.9,8.460991561172815,-120.91259032866452,-3.839744266664195,9.1872855822773,24.345485795856245,-29.81239938228353,53.18,-0.075
ST,-2.9,5.2,"Ramírez, Yohan",670990,ball,R,0,1,1.62,0.49,1.93,0.79,8.015021287145258,-121.0833388822408,-4.633894926438024,14.124630908355538,25.879785513532763,-26.57179250451673,53.41,0.031
ST,-2.85,5.19,"Ramírez, Yohan",670990,called_strike,R,0,0,1.73,0.5,0.46,1.48,4.273111014892406,-121.53534626043836,-3.104883265863881,16.154138475620627,25.638470833659525,-26.784938464531788,53.35,-0.042
FF,-3.0,4.98,"Ramírez, Yohan",670990,hit_into_play,L,3,2,-0.78,1.29,0.46,3.08,10.983622337826272,-138.34187732150562,-2.2136378967386827,-12.533813589658765,32.52893713366054,-15.346776586765472,53.41,-0.558
FF,-3.01,5.07,"Ramírez, Yohan",670990,swinging_strike,L,3,1,-0.86,1.36,0.73,2.63,11.915050838466826,-137.7161252232259,-3.7729642441993994,-13.63587800836113,32.1137855316569,-14.177388362919306,53.12,-0.042
CU,-2.64,5.56,"Ramírez, Yohan",670990,blocked_ball,L,2,1,1.04,-1.12,0.11,0.88,4.21570512280569,-117.22768011295416,-1.490632164443506,8.500610629220345,25.781732946681892,-42.29747792537791,53.23,0.158
FF,-3.01,5.03,"Ramírez, Yohan",670990,called_strike,L,2,0,-1.21,1.28,0.69,2.49,12.794500360535563,-140.1625669473715,-4.117200570050689,-18.9036813380854,33.82662870332789,-14.47757794259386,53.37,-0.113
FF,-2.92,5.09,"Ramírez, Yohan",670990,ball,L,1,0,-1.07,1.3,1.1,2.93,13.33543939603425,-140.02274977371624,-3.138678086677801,-17.197016343756324,33.30133087505848,-14.55513528074652,53.31,0.112
CU,-2.62,5.55,"Ramírez, Yohan",670990,ball,L,0,0,1.38,-0.92,0.11,4.25,3.515302338476725,-118.8096745846826,5.626597601312034,12.16664618460411,26.305131717772504,-42.28313635792913,53.45,0.067
SI,-2.84,4.83,"Ramírez, Yohan",670990,hit_into_play,R,3,2,-1.72,0.3,-0.07,2.63,11.28644711785359,-138.75547075202496,-0.7982124934146599,-24.81403837525143,32.23399605400111,-28.32357386762764,53.54,0.341
SI,-2.92,5.03,"Ramírez, Yohan",670990,called_strike,R,3,1,-1.67,0.2,-0.04,1.59,11.51587887595223,-139.03652470286906,-3.89576828252588,-24.24256835981361,32.95622450504883,-28.79021300500501,53.47,-0.078
SI,-3.01,5.03,"Ramírez, Yohan",670990,ball,R,2,1,-1.77,0.42,0.37,1.37,13.06875085542729,-138.5042970576353,-4.957070279136807,-25.71049283143164,31.847968676329188,-25.804343656068053,53.36,0.108
ST,-3.18,4.95,"Ramírez, Yohan",670990,ball,R,1,1,1.47,0.73,0.69,1.41,6.054106855232385,-120.71860841332374,-3.043273089160321,13.060106804899416,24.68590832017195,-24.64111207479616,53.51,0.05
SI,-2.87,5.02,"Ramírez, Yohan",670990,called_strike,R,1,0,-1.77,0.46,-0.06,1.73,11.52010663996832,-138.50556417744198,-4.042664050717908,-25.43961565682483,33.50894438593852,-25.52772102280669,53.52,-0.044
SI,-2.99,5.08,"Ramírez, Yohan",670990,ball,R,0,0,-1.66,0.37,-1.14,1.98,8.61203340198859,-136.9261761904721,-3.150655766765274,-22.868541851773436,32.672406934499506,-27.043113825192552,53.5,0.032
ST,-2.98,5.24,"Ramírez, Yohan",670990,hit_into_play,R,1,2,1.54,0.01,0.99,1.95,6.137139842763551,-120.87876552799418,-1.0484000846307078,13.795788892420951,25.068969877583516,-32.115261321214405,53.48,-0.071
SI,-2.91,5.07,"Ramírez, Yohan",670990,called_strike,R,1,1,-1.53,0.55,0.62,1.87,12.924634143782432,-138.96267482955986,-4.06245886184853,-22.771916681836952,32.34632755147238,-24.24448700223329,53.51,-0.026
ST,-2.95,5.19,"Ramírez, Yohan",670990,called_strike,R,1,0,1.53,0.18,0.4,2.02,4.766091341366066,-121.4001679572352,-1.1583791456231098,13.954818014712975,26.02328955967649,-30.382829198820303,53.37,-0.019
SI,-3.0,5.01,"Ramírez, Yohan",670990,ball,R,0,0,-1.58,0.56,-1.01,2.24,9.032185633305648,-140.52713756858216,-3.081032741363164,-23.071764991658195,34.3470393643111,-24.26146117955857,53.5,0.016
SI,-2.95,5.11,"Ramírez, Yohan",670990,hit_into_play,L,2,2,-1.51,0.6,-0.94,2.15,8.880968103296098,-140.4794680277005,-3.693128870705922,-21.968356059571786,33.11793399012733,-23.5308252758306,53.61,-0.142
CU,-2.75,5.62,"Ramírez, Yohan",670990,called_strike,L,2,1,1.2,-1.13,-0.91,2.15,1.835331696045862,-117.1660904402084,1.266449165626851,10.514688245677416,25.354411256775823,-43.00920794141801,53.38,-0.051
CU,-2.65,5.59,"Ramírez, Yohan",670990,ball,L,1,1,1.24,-1.14,-0.59,3.75,2.2798221553570994,-118.90228800378055,4.799088003262389,11.137036606508095,26.37092945315016,-44.14428292300712,53.5,0.037
FF,-2.88,5.16,"Ramírez, Yohan",670990,called_strike,L,1,0,-0.9,1.09,0.47,2.69,11.16720007902352,-140.62487031729222,-3.5380531228870677,-14.61012381529501,33.24768326347242,-17.08032303350086,53.41,-0.031
FF,-2.86,5.07,"Ramírez, Yohan",670990,ball,L,0,0,-0.91,1.43,0.94,2.98,12.276903451583664,-139.71301555623654,-3.190185481904928,-14.788851989344778,32.970715405683,-12.89624890368247,53.6,0.024
SI,-3.0,5.08,"Ramírez, Yohan",670990,hit_into_play,R,0,0,-1.51,0.5,-0.69,1.96,9.579781035749688,-138.46004476884332,-3.709875446626067,-21.56644810248092,30.74690294238973,-25.07304813496908,53.47,-0.228
SI,-3.25,5.25,"Ramírez, Yohan",670990,hit_by_pitch,R,1,0,-1.48,0.5,-2.46,4.02,5.406803309550104,-137.17252931094092,1.4171707789437744,-19.85074483354085,30.284926138380342,-26.39809606038804,53.56,0.351
FF,-3.09,5.13,"Ramírez, Yohan",670990,ball,R,0,0,-0.74,1.2,-0.08,3.7,9.57121462390107,-136.4298612124461,-0.5927243873218501,-11.367570238811968,31.02094061435333,-17.3146406757618,53.39,0.044
SI,-3.01,5.03,"Ramírez, Yohan",670990,ball,R,3,2,-1.21,0.47,-0.99,3.83,8.068624751548375,-136.66248477720208,1.5920166008641905,-16.930720097287473,29.037422238230327,-26.84578448154464,53.26,0.219
ST,-3.06,5.21,"Ramírez, Yohan",670990,foul,R,3,2,1.43,0.37,-0.56,2.8,2.8270083924521106,-115.71942042900044,0.8570461029738876,12.287881270419554,22.62419255161192,-29.267141853668587,53.32,0.0
ST,-2.86,5.33,"Ramírez, Yohan",670990,ball,R,2,2,1.24,0.56,1.57,1.79,7.6214845806404625,-117.85441938594636,-2.2229984865350643,9.601763029359796,27.630421934204545,-26.766111792022876,53.25,0.069
CU,-2.77,5.64,"Ramírez, Yohan",670990,ball,R,1,2,1.14,-1.17,-1.52,3.32,0.599759362192888,-116.88370997563894,3.988294203149618,10.179274791776498,26.744304128953686,-43.93754253054816,53.53,0.026
ST,-3.0,5.21,"Ramírez, Yohan",670990,foul,R,1,2,1.77,0.13,0.32,1.95,4.122668444390284,-118.69694772369952,-0.9227097208861303,15.7864063351572,24.460681695683206,-31.014625316162217,53.44,0.0
ST,-3.04,5.24,"Ramírez, Yohan",670990,called_strike,R,1,1,1.76,0.08,-0.61,2.4,2.099937820453441,-118.57143786953247,0.0883915225766909,16.144146765415307,23.645230594707563,-31.65067984029408,53.42,-0.04
FF,-3.05,5.1,"Ramírez, Yohan",670990,foul,R,1,0,-0.64,1.14,0.21,2.8,10.200925998632709,-138.7259535637707,-3.0288256103046995,-10.534459112358007,31.05530861112505,-16.99039905338778,53.19,-0.031
ST,-3.19,5.16,"Ramírez, Yohan",670990,ball,R,0,0,1.7,0.27,0.83,1.61,5.826122907433172,-118.34116974188676,-1.84843045419982,14.690327701015176,24.370399539060774,-29.52827087151052,53.36,0.024
CU,-2.72,5.65,"Ramírez, Yohan",670990,swinging_strike,L,1,2,1.14,-1.13,0.7,1.74,5.594769076998396,-119.32477940311,0.0592209343851188,9.416326767550668,27.55402124956164,-43.10849846038752,53.47,-0.168
FF,-3.08,5.17,"Ramírez, Yohan",670990,called_strike,L,1,1,-0.87,1.24,-0.31,1.96,9.427053685047964,-138.84873717083784,-5.667676671855701,-13.492710481416967,33.96517690294201,-15.05257969245812,53.28,-0.049
CU,-2.79,5.77,"Ramírez, Yohan",670990,ball,L,0,1,0.97,-1.02,-1.65,3.45,0.6721843865293574,-116.06114976146728,3.730481645525201,8.526841116240522,25.16230789734708,-42.38156348937762,53.5,0.021
CU,-2.83,5.67,"Ramírez, Yohan",670990,called_strike,L,0,0,0.98,-0.89,-0.13,2.85,4.19037062242265,-117.39280624238836,2.2425920696369994,8.029437531447314,25.9374968812918,-41.02089052413062,53.43,-0.032
SI,-3.21,5.09,"Ramírez, Yohan",670990,hit_into_play,R,0,1,-1.6,0.7,-1.02,2.55,9.335039756695494,-136.46272056802115,-2.4009515049565207,-22.06894344011322,30.57107441806833,-23.118603700206982,53.45,-0.188
SI,-3.09,5.18,"Ramírez, Yohan",670990,called_strike,R,0,0,-1.3,0.58,-0.71,1.89,9.23921644249509,-137.5867087662349,-4.3503686110525255,-18.492556907292176,25.95286679296641,-23.97883327597652,53.39,-0.042
FF,-2.97,5.23,"Ramírez, Yohan",670990,hit_into_play,L,2,2,-0.78,1.09,-0.32,2.65,8.77172429228379,-136.9644805652442,-3.504394956450815,-11.696967320411588,28.663323180837715,-17.86135993051904,53.25,0.141
CU,-2.63,5.74,"Ramírez, Yohan",670990,foul,L,2,2,0.98,-1.0,0.43,1.7,5.060515399794063,-118.20520789195751,-0.448591320152172,8.117150683408953,24.524516008933247,-41.6710841374021,53.32,0.0
CU,-2.85,5.68,"Ramírez, Yohan",670990,ball,L,1,2,1.08,-1.08,-2.05,3.06,-0.2635166513531953,-115.0136408360954,3.2403072386150145,9.539373885360778,24.474123616526008,-42.597140255738914,53.66,0.018
FF,-3.02,5.33,"Ramírez, Yohan",670990,foul,L,1,1,-1.05,1.41,-0.11,2.49,10.136353026208472,-138.49320295907273,-5.028778172282037,-15.789712349474469,31.88973258288036,-13.116803338708657,53.34,-0.026
CU,-2.79,5.7,"Ramírez, Yohan",670990,called_strike,L,1,0,1.03,-1.01,0.09,2.28,4.514246560848418,-116.9977295803537,1.124987347234412,8.398619148983261,24.52655758355506,-41.83587561492246,53.47,-0.019
FF,-3.19,5.2,"Ramírez, Yohan",670990,ball,L,0,0,-0.97,1.26,-1.13,3.3,7.7914183018918735,-139.42999731343187,-2.3014488407335727,-14.438044653625072,32.118640665066614,-15.474673481551903,53.23,0.016
SI,-2.86,5.24,"Ramírez, Yohan",670990,hit_into_play,R,1,1,-1.58,0.93,-0.08,2.11,11.008235952013438,-138.18703037417038,-4.703318227320022,-22.739022615896356,30.973137201860585,-19.292307081177047,53.32,-0.156
ST,-2.91,5.34,"Ramírez, Yohan",670990,ball,R,0,1,1.61,0.13,1.03,1.27,5.811019839433306,-118.21710047782123,-2.663950565765684,13.598763955637835,26.386319467242892,-30.626331370608217,53.43,0.017
ST,-2.98,5.34,"Ramírez, Yohan",670990,called_strike,R,0,0,1.55,0.27,0.2,1.71,4.181930118183502,-117.2816674740382,-1.8706484096720224,13.396475716064884,23.862425799571767,-29.53145552350874,53.31,-0.024
FF,-3.18,5.32,"Ramírez, Yohan",670990,swinging_strike,L,3,2,-0.91,1.3,-0.43,3.57,9.23654424058957,-135.78042378885124,-1.5945182973554335,-13.401656537212515,31.86046011756069,-15.959229018773334,53.35,-0.297
FF,-3.05,5.29,"Ramírez, Yohan",670990,called_strike,L,3,1,-1.21,1.26,0.64,2.06,12.580944983496613,-137.7613036501239,-5.672917857916711,-18.25247847224562,30.762916078213788,-14.986972452026857,53.31,-0.078
FF,-3.15,5.14,"Ramírez, Yohan",670990,called_strike,L,3,0,-1.27,1.22,-0.7,1.84,9.276700513388652,-135.590476328447,-5.495112864832736,-17.679859209315325,29.92447263633265,-16.124861141935913,53.05,-0.083
FF,-3.02,5.23,"Ramírez, Yohan",670990,ball,L,2,0,-1.03,1.42,1.27,1.69,13.6647385728144,-136.79592369825872,-6.68808473636049,-16.24142043227993,34.093978862689085,-12.899968157400073,53.24,0.133
CU,-2.83,5.75,"Ramírez, Yohan",670990,ball,L,1,0,1.27,-1.06,-1.02,3.43,1.580139387730159,-113.32199819847482,4.040035183707817,10.43784022732948,24.541378318635065,-42.273972825618586,53.52,0.064
FF,-3.15,5.28,"Ramírez, Yohan",670990,ball,L,0,0,-1.03,1.13,-1.69,3.8,6.181444727002318,-136.0290842547097,-0.550076823864104,-14.227400162678707,31.43147460248872,-18.266357002057543,53.23,0.032
ST,-3.03,5.4,"Ramírez, Yohan",670990,hit_into_play,R,1,2,1.58,-0.02,-1.17,3.2,1.1389922931811736,-116.48375977457842,1.9264289365665428,14.189944074114436,21.849115170646247,-32.972994897894786,53.66,-0.169
ST,-2.99,5.53,"Ramírez, Yohan",670990,called_strike,R,1,1,1.27,0.33,-0.56,3.13,3.012871218964689,-116.27358311818858,0.8850532209992974,10.823559125656702,23.35827844508485,-29.61001153622969,53.56,-0.048
SI,-3.05,5.19,"Ramírez, Yohan",670990,called_strike,R,1,0,-1.57,0.95,-0.59,2.84,9.977353656146716,-136.44534004492564,-2.536433942673024,-21.743389082808505,26.580031989986047,-19.930444553500426,53.42,-0.039
SI,-2.91,5.33,"Ramírez, Yohan",670990,ball,R,0,0,-1.52,0.86,0.75,2.15,13.014693501990518,-136.0315149159708,-4.493904192395972,-21.61862458887872,26.639897337445223,-20.648471724138425,53.26,0.027
