pitch_type,release_pos_x,release_pos_z,player_name,pitcher,description,stand,balls,strikes,pfx_x,pfx_z,plate_x,plate_z,vx0,vy0,vz0,ax,ay,az,release_pos_y,delta_run_exp
SL,2.5,5.69,"Rogers, Trevor",669432,ball,L,3,2,-0.28,0.63,-0.86,1.37,-7.111108982146044,-118.6888931767213,-4.46288079016761,-1.4820011379480835,19.482762332760736,-25.595645158995463,53.59,0.219
SI,2.55,5.87,"Rogers, Trevor",669432,foul,L,3,2,1.34,0.81,0.72,2.16,-7.293630902579249,-128.79713817491597,-4.756143899176029,16.40687751870407,24.067770672948352,-22.34707180806277,53.95,0.0
CH,2.45,5.73,"Rogers, Trevor",669432,ball,L,2,2,1.24,0.38,-1.26,1.62,-11.102147012311791,-121.55235044261192,-3.900443478522096,14.306204431678,21.419082089835644,-27.7828801283022,53.57,0.069
CH,2.55,5.65,"Rogers, Trevor",669432,foul,L,2,2,1.25,-0.17,0.16,1.95,-8.024510742672208,-121.17571722494198,-1.7553576003881843,13.869936194103904,22.350860587349832,-33.70952274316808,53.59,0.0
SI,2.56,5.79,"Rogers, Trevor",669432,ball,L,1,2,1.21,1.02,-1.34,3.56,-12.230551947910357,-130.27314344079966,-1.639717142436912,16.334707916689844,27.79164075472899,-20.42419356957019,53.9,0.026
SL,2.65,5.7,"Rogers, Trevor",669432,foul,L,1,1,-0.3,0.65,-0.24,2.22,-5.947125973778572,-118.49889051517604,-2.4893058910433354,-1.78813338614259,21.6253078273592,-25.798857585604264,53.88,-0.04
SL,2.6,5.68,"Rogers, Trevor",669432,ball,L,0,1,-0.12,0.54,-0.57,1.47,-6.910812660814818,-118.5571468894145,-3.93503441961436,0.087996608004019,21.55912583469169,-26.571917440844715,53.93,0.017
CH,2.49,5.8,"Rogers, Trevor",669432,called_strike,L,0,0,1.45,0.71,-0.27,2.31,-9.791467225584652,-128.39718973606892,-3.931418801064855,18.05869461473257,24.84623199590639,-23.71645355717108,53.92,-0.024
FF,2.53,5.81,"Rogers, Trevor",669432,hit_into_play,R,2,2,1.24,1.28,0.46,3.52,-7.687178647945824,-128.7798499437491,-2.2098863291414617,15.42891766092018,26.104327170784146,-17.632277914112578,54.02,-0.204
SI,2.63,5.7,"Rogers, Trevor",669432,ball,R,1,2,1.39,0.56,1.75,2.51,-5.116417830244876,-129.8916871010085,-3.059974885390468,16.82752177237522,25.00586403392797,-25.403385898037158,53.97,0.036
CH,2.56,5.63,"Rogers, Trevor",669432,ball,R,0,2,1.06,-0.13,1.3,1.06,-4.95894514929599,-119.96813744114506,-3.7214858255873775,11.164149327499102,20.371529849961373,-33.01679025871908,53.8,0.019
SI,2.53,5.76,"Rogers, Trevor",669432,foul,R,0,1,1.12,1.12,0.16,3.13,-8.103760205229714,-127.92313687254244,-2.633537578667916,13.898340638710886,24.99076380204863,-19.470377492737853,53.88,-0.047
SI,2.6,5.66,"Rogers, Trevor",669432,called_strike,R,0,0,1.36,0.46,1.0,1.91,-6.862382188680664,-130.1431306783065,-4.301474892456876,16.90477933791628,24.86143126478491,-26.209808266811105,53.83,-0.032
SI,2.46,5.6,"Rogers, Trevor",669432,hit_into_play,R,0,1,1.56,0.43,0.59,2.31,-8.043036116787421,-131.42375988919312,-3.185802547420894,19.78280047705197,28.403272970873186,-26.664714397091497,53.75,-0.423
SI,2.43,5.69,"Rogers, Trevor",669432,called_strike,R,0,0,1.47,0.66,0.68,1.81,-7.504375812042512,-130.52590208726303,-5.031390836626722,18.398490069482744,27.664585276927458,-23.79142937331827,53.72,-0.081
SL,2.39,5.63,"Rogers, Trevor",669432,hit_into_play,L,2,1,-0.14,0.64,-0.77,1.74,-6.995673917176541,-120.40635521368829,-3.7326419560439534,-0.1318799030675456,21.200845912006685,-25.390100780405877,53.65,0.267
FF,2.37,5.69,"Rogers, Trevor",669432,foul,L,2,0,0.92,1.27,-0.62,2.86,-9.38985970687213,-130.30552998441286,-3.6270871059295673,12.621699339223488,30.139743418892348,-17.180758069480806,53.83,-0.033
SL,2.4,5.68,"Rogers, Trevor",669432,ball,L,1,0,-0.23,0.53,-0.84,2.29,-6.961576940162128,-119.48712722638014,-2.1923174511191945,-0.9038907967870472,22.66469190838525,-26.84227053928684,53.68,0.044
FF,2.37,5.81,"Rogers, Trevor",669432,ball,L,0,0,0.98,1.17,0.48,4.25,-6.766413946894216,-130.34857428229924,-0.2530269045274613,12.720936088669998,30.79584179019179,-19.12110800471381,54.04,0.027
SI,2.48,5.83,"Rogers, Trevor",669432,ball,R,3,1,1.31,0.63,1.51,2.91,-5.171230030196451,-129.32977255638517,-2.3692847570163744,15.767792597866183,29.81028244193081,-24.896320422271167,53.86,0.065
CH,2.5,5.56,"Rogers, Trevor",669432,ball,R,2,1,1.16,0.13,1.4,2.62,-4.830529937747161,-121.2127586023989,-0.5302092552864173,12.36900617951571,24.850787146349685,-30.97281812988092,53.85,0.046
FF,2.6,5.72,"Rogers, Trevor",669432,foul,R,2,0,1.01,1.28,0.46,2.08,-7.516599598276594,-131.028196722229,-5.864810245441356,13.231248173782555,26.90217355903167,-16.329633677445095,53.82,-0.022
SI,2.65,5.72,"Rogers, Trevor",669432,ball,R,1,0,1.4,0.68,1.37,2.33,-6.283551113902549,-133.132153474065,-4.18499667365051,18.00830559022399,27.692833342606725,-23.33472485712197,53.98,0.026
SI,2.43,5.75,"Rogers, Trevor",669432,ball,R,0,0,1.48,0.57,0.13,1.64,-8.917514332316602,-130.66850921615026,-5.466096251572923,18.8010957071676,26.15939765792616,-24.622761185924134,53.77,0.016
SL,2.61,5.62,"Rogers, Trevor",669432,hit_into_play,L,1,1,-0.29,0.52,-0.37,2.57,-6.275819501086007,-120.18477003594288,-1.5599257577325538,-1.775330953856696,19.66166816924076,-26.94807931585901,53.78,-0.156
SI,2.31,5.76,"Rogers, Trevor",669432,ball,L,0,1,1.46,0.55,-1.93,3.29,-13.856633195211693,-132.03264887073462,-1.516869055805388,19.827510601780634,25.05186844936848,-25.51971707126072,53.69,0.017
SL,2.6,5.72,"Rogers, Trevor",669432,foul,L,0,0,-0.22,0.48,0.82,2.64,-3.5969403511324742,-118.58305524044964,-1.3235135617360223,-1.455228778227301,20.409340041150813,-27.52713871976354,53.77,-0.024
CH,2.63,5.59,"Rogers, Trevor",669432,hit_into_play,R,2,2,1.31,-0.05,0.57,1.9,-7.585869528361587,-124.53200106186648,-2.3644997957918683,15.109485877341948,23.966467989246507,-32.42020088198801,53.58,-0.204
CH,2.64,5.61,"Rogers, Trevor",669432,ball,R,1,2,0.88,0.8,1.44,1.57,-4.607907366228225,-123.45340529359912,-4.745313568437952,9.896802688613796,24.747347818555134,-23.28784185791817,53.7,0.036
FF,2.64,5.83,"Rogers, Trevor",669432,ball,R,0,2,1.11,1.07,0.23,3.98,-8.346987940362167,-130.42173590669833,-0.8428297043519759,14.40658914707944,26.34848438961374,-20.00649972093879,54.03,0.019
FF,2.49,5.8,"Rogers, Trevor",669432,foul,R,0,1,0.82,1.29,0.46,3.48,-6.775197426020927,-130.49889671469688,-2.479476458927498,10.808584455550324,26.24246028964342,-17.12779812863398,53.93,-0.047
FF,2.49,5.79,"Rogers, Trevor",669432,called_strike,R,0,0,0.86,1.24,-0.29,2.41,-8.614792209578253,-128.83296333225425,-4.841168433754482,11.26872865856831,24.66028310056185,-17.49152069246297,54.05,-0.032
CH,2.65,5.52,"Rogers, Trevor",669432,hit_into_play,R,0,2,1.25,0.0,0.83,1.57,-6.901616726149126,-124.67842289346432,-3.1437683545973845,14.349545116410086,23.218659216596297,-31.779161031859196,53.54,-0.061
CH,2.58,5.57,"Rogers, Trevor",669432,foul,R,0,2,1.2,0.1,0.63,2.28,-7.167189096880866,-125.78353958623885,-1.853434458538271,14.19737157364121,24.18892506352837,-30.977517902608536,53.62,0.0
CH,2.66,5.57,"Rogers, Trevor",669432,foul,R,0,1,1.22,-0.14,-0.19,1.36,-9.34237045112521,-125.1662874835928,-3.45407713119185,14.752102489743317,26.47534810254886,-33.116296224137336,53.64,-0.024
SL,2.6,5.63,"Rogers, Trevor",669432,called_strike,R,0,0,-0.28,0.53,0.21,2.36,-5.031417852952694,-122.06203197544288,-2.2040495190284908,-1.7337675457193251,24.66908555226457,-26.681474875758788,53.76,-0.015
SI,2.39,5.57,"Rogers, Trevor",669432,hit_into_play,R,3,2,1.6,0.52,-0.32,2.74,-10.572032374272084,-135.3405597539604,-2.6183443562099944,22.006665700709306,30.489695858637923,-25.424990267631983,53.6,2.656
FF,2.25,5.69,"Rogers, Trevor",669432,ball,R,2,2,0.92,1.11,-0.66,3.86,-9.479258973761985,-133.93705571148067,-1.2249828294102512,13.043287812209142,28.260903818454526,-18.788537461028596,53.66,0.115
CH,2.41,5.5,"Rogers, Trevor",669432,foul,R,2,2,1.16,0.0,-0.25,1.44,-8.796196712747028,-125.27722952744423,-3.500504645726554,13.976681863760222,23.384890294717653,-31.68425603364108,53.47,0.0
FF,2.32,5.73,"Rogers, Trevor",669432,swinging_strike,R,2,1,1.11,1.09,-0.22,3.02,-9.037845502644284,-135.2216141515937,-3.608970478703865,15.511121339247254,28.684374334082094,-18.231439309611773,53.58,-0.162
FF,2.4,5.76,"Rogers, Trevor",669432,ball,R,1,1,1.06,1.07,-0.02,4.31,-8.5361447423246,-133.82034425449655,-0.1853388415220549,14.553478157136752,27.95442492782265,-19.43592762740217,53.63,0.058
SI,2.5,5.71,"Rogers, Trevor",669432,foul,R,1,0,1.45,0.53,0.63,2.65,-8.097539515108878,-135.7604519446238,-3.3486417124873227,19.69949326423752,27.911737645422225,-25.036256270276358,53.65,-0.058
SI,2.62,5.64,"Rogers, Trevor",669432,ball,R,0,0,1.48,0.54,1.04,1.7,-7.291358000389302,-134.50073654337777,-5.449822373056673,19.505597407462574,27.71816191998256,-24.65008882922152,53.81,0.042
CH,2.44,5.55,"Rogers, Trevor",669432,ball,L,3,2,1.13,0.01,-1.25,1.83,-11.295924125705373,-125.98787207924278,-2.7953583069214227,14.13326452595646,22.80882171082026,-31.72111833854214,53.36,0.113
SL,2.47,5.57,"Rogers, Trevor",669432,ball,L,2,2,-0.22,0.48,-2.11,2.1,-10.34812886521964,-123.19701264095274,-2.804848004395609,-0.4475174655208849,21.65489368531804,-26.90724559542276,53.67,0.064
SI,2.6,5.63,"Rogers, Trevor",669432,foul,L,2,2,1.54,0.75,1.17,2.36,-7.109363932338299,-135.62230035378482,-4.300008472475386,20.515053245196352,30.146245602956363,-22.216120177265918,53.72,0.0
SL,2.33,5.57,"Rogers, Trevor",669432,ball,L,1,2,-0.34,0.57,-2.11,1.76,-9.72395333877314,-122.48281135673436,-3.6762560541463967,-1.6280212194631538,22.2646401683358,-25.86874100420338,53.62,0.048
SL,2.45,5.57,"Rogers, Trevor",669432,foul,L,1,2,-0.22,0.35,-0.3,3.14,-5.933125564727488,-120.97134072097778,0.1980077593188404,-1.108561027350662,22.56092076142863,-28.996164102808923,53.68,0.0
SL,2.47,5.61,"Rogers, Trevor",669432,swinging_strike,L,1,1,-0.29,0.62,-0.98,2.74,-7.478526949020829,-122.2812271978126,-1.5105657294956407,-1.4907135624469685,23.69798008091973,-25.83126419990203,53.68,-0.075
CH,2.55,5.52,"Rogers, Trevor",669432,called_strike,L,1,0,1.28,0.24,0.8,2.85,-6.808903532918385,-124.79112135178124,-0.4900652884206555,14.77348923926538,26.73244456611228,-29.77248933104034,53.61,-0.049
CH,2.53,5.56,"Rogers, Trevor",669432,ball,L,0,0,1.21,0.57,1.28,2.0,-5.512831169676365,-125.80797911161751,-3.4464752639946616,13.981186002705744,26.52277601416517,-25.604054713549917,53.54,0.021
SL,2.56,5.61,"Rogers, Trevor",669432,hit_into_play,R,1,2,-0.17,0.4,-0.44,1.99,-6.762222164998898,-122.7824454462684,-2.906563056749695,-0.4454879389827371,22.978314850899363,-27.76634932589652,53.42,0.268
SI,2.72,5.74,"Rogers, Trevor",669432,ball,R,0,2,1.66,0.46,1.82,2.46,-5.904665681018825,-133.7561394589182,-3.4518887196413783,21.24417105349362,29.024963862247645,-26.147937207314133,54.01,0.009
SI,2.63,5.79,"Rogers, Trevor",669432,foul,R,0,1,1.46,0.66,0.95,2.71,-7.454578142141997,-134.23821887484448,-3.4853409814408773,19.20919684720803,28.78291466912477,-23.577046602539514,53.95,-0.024
SL,2.62,5.74,"Rogers, Trevor",669432,called_strike,R,0,0,-0.24,0.58,-0.34,2.12,-6.359711500915033,-121.32411569379882,-3.0622512624598603,-1.260490943440247,22.19839977043152,-26.067626019750055,53.77,-0.015
SI,2.52,5.72,"Rogers, Trevor",669432,called_strike,R,1,2,1.42,0.61,-0.26,1.92,-10.133321275108113,-132.42273257576764,-5.044438085003229,18.843857649503303,26.378091833744595,-24.105855955737017,53.62,-0.116
SL,2.68,5.68,"Rogers, Trevor",669432,ball,R,0,2,-0.36,0.45,0.23,1.26,-4.895661075625374,-119.89925909905357,-4.474415198062783,-2.677358268886758,21.17165510100688,-27.177163099824384,53.78,0.013
FF,2.64,5.7,"Rogers, Trevor",669432,foul,R,0,1,1.14,1.25,0.36,3.37,-8.316793028735301,-133.96199704079712,-2.867650325836723,15.50728023046408,26.858622186776245,-16.63933747446815,53.87,-0.035
SL,2.62,5.57,"Rogers, Trevor",669432,swinging_strike,R,0,0,-0.31,0.56,-0.45,1.5,-6.541749248058733,-122.10240472143076,-4.205341615255658,-1.979344514124072,21.46216770035076,-25.97658850733523,53.76,-0.024
SL,2.56,5.7,"Rogers, Trevor",669432,hit_into_play,L,1,2,-0.32,0.47,-0.84,2.17,-7.095395814796182,-118.47035927039563,-2.2987027608109063,-1.777957530369987,20.625596387607136,-27.46997345056236,53.73,-0.168
FF,2.58,5.86,"Rogers, Trevor",669432,called_strike,L,1,1,1.26,1.32,-0.25,1.95,-9.749734473993486,-131.6464348565612,-6.674368849318966,16.692866503095992,26.93706530869147,-15.513312169528506,54.09,-0.049
SL,2.62,5.62,"Rogers, Trevor",669432,ball,L,0,1,-0.21,0.72,-1.51,1.44,-9.003460392739449,-119.34695801253122,-4.3945860801596615,-0.4139721152176043,20.89621535179308,-24.611461569162937,53.81,0.021
SL,2.5,5.69,"Rogers, Trevor",669432,called_strike,L,0,0,-0.34,0.59,-0.13,2.21,-5.303330186240311,-118.87019913028752,-2.4690877843179737,-2.348291702168038,21.02790975792717,-26.2952416309261,53.73,-0.032
CH,2.53,5.65,"Rogers, Trevor",669432,hit_into_play,R,1,1,1.07,-0.03,0.81,2.28,-6.381791867342588,-126.3608841182662,-1.874923351205655,12.703825110963235,23.254414717515772,-32.30503526344426,53.55,-0.097
FF,2.59,5.69,"Rogers, Trevor",669432,ball,R,0,1,0.94,0.93,-1.09,2.58,-11.449079350496175,-133.05275903868693,-4.0872902778302,13.441001558795303,25.502859355074012,-20.431165127686683,53.47,0.011
FF,2.45,5.81,"Rogers, Trevor",669432,foul,R,0,0,1.11,1.06,0.11,2.02,-8.464466437362889,-134.3634269938427,-6.215437339079893,15.3029350484647,27.85689086640817,-18.15289197027844,53.72,-0.015
SL,2.65,5.64,"Rogers, Trevor",669432,swinging_strike,L,2,2,-0.37,0.32,-0.4,1.63,-6.361024812698418,-121.33743924038863,-3.4894503734220046,-2.543663644079569,21.01632159088237,-28.59658680735724,53.63,-0.142
CH,2.56,5.56,"Rogers, Trevor",669432,foul,L,2,2,1.0,-0.06,0.43,1.55,-7.211778229011259,-125.59808354175672,-3.2524255249101284,12.031024109885015,23.953177212418893,-32.40005628535917,53.49,0.0
FF,2.36,5.82,"Rogers, Trevor",669432,ball,L,1,2,0.77,1.37,-0.03,4.25,-7.84281365727873,-134.17638640302894,-1.1453414065201033,11.06600317175923,29.296189182311792,-15.547781988619342,53.72,0.026
SL,2.57,5.6,"Rogers, Trevor",669432,foul,L,1,1,-0.19,0.52,-0.45,1.68,-6.7248817595838,-122.44636830584548,-3.899583302231272,-0.874175077718926,19.884288198714785,-26.39657967032763,53.55,-0.04
SL,2.45,5.68,"Rogers, Trevor",669432,ball,L,0,1,-0.34,0.51,-1.82,0.85,-9.157754148409962,-120.03665515295404,-5.614849006566359,-1.7853651882145218,20.142312467109114,-26.339498250803885,53.59,0.017
SI,2.38,5.86,"Rogers, Trevor",669432,foul,L,0,0,1.41,0.64,0.69,2.25,-7.359794319552248,-132.6527358737629,-4.602479655988663,18.170298106085404,27.34719909115529,-23.872854953909123,53.6,-0.024
CH,2.5,5.62,"Rogers, Trevor",669432,hit_into_play,R,0,1,0.74,-0.06,-0.21,1.7,-7.878091367461374,-122.79288698574904,-2.6663300000105994,8.988769850055776,23.98449965647067,-32.452331814685515,53.55,-0.196
FF,2.55,5.82,"Rogers, Trevor",669432,foul,R,0,0,1.0,1.17,0.64,2.19,-6.904493370504693,-131.08497388755464,-5.579097421850184,12.967706160275842,28.07739822320431,-17.646778864175186,53.77,-0.032
FF,2.4,5.71,"Rogers, Trevor",669432,swinging_strike,R,1,2,0.88,1.26,0.23,3.76,-7.607584641546935,-135.81973823060548,-2.02794134188514,12.53220485239225,30.47221083069891,-16.369692531099737,53.71,-0.169
CH,2.49,5.57,"Rogers, Trevor",669432,foul_tip,R,1,1,1.14,-0.16,0.24,1.53,-7.728616515384849,-124.8285117988986,-3.0265621407836,13.406331127912058,24.239913679611444,-33.43777781280136,53.4,-0.048
CH,2.44,5.5,"Rogers, Trevor",669432,swinging_strike,R,1,0,1.3,-0.14,0.27,1.53,-7.895971911847795,-125.2965749624939,-2.9659505825858288,15.21611263576206,24.222914495368915,-33.27611644251328,53.47,-0.039
SL,2.67,5.57,"Rogers, Trevor",669432,ball,R,0,0,-0.46,0.07,1.72,2.66,-1.2433111205248188,-117.47576326213644,-0.005334994082335,-4.094151957769248,20.389308727259102,-31.68641667430595,53.77,0.027
SI,2.46,5.63,"Rogers, Trevor",669432,hit_into_play,R,0,1,1.43,0.44,-0.07,1.18,-9.64157968633726,-134.3102164306551,-6.57287517866421,19.32839530630393,27.417216068307734,-25.5650650126715,53.67,-0.328
SL,2.55,5.55,"Rogers, Trevor",669432,called_strike,R,0,0,-0.14,0.48,0.92,2.41,-3.491382103757484,-120.55829468376848,-1.6842027837703846,-0.7206585141996809,21.109219877091352,-27.378846730364543,53.62,-0.042
SI,2.45,5.69,"Rogers, Trevor",669432,hit_into_play,L,1,0,1.31,0.61,-0.46,2.07,-10.478349229512256,-136.02029466546426,-5.020294299353082,18.480748144278508,26.363276464503237,-23.64967982648676,53.76,0.51
SL,2.44,5.56,"Rogers, Trevor",669432,ball,L,0,0,-0.08,0.68,-1.19,2.91,-8.536296873161346,-124.90727211352956,-1.4257026293338306,0.7812886555197737,23.57852707942077,-24.98737516351859,53.58,0.063
SI,2.36,5.61,"Rogers, Trevor",669432,hit_into_play,R,3,2,1.45,0.75,0.38,2.25,-8.364054851647825,-135.79733393489911,-4.617910357733375,19.806710364012453,28.493343979313305,-22.040314452862287,53.74,-0.445
SI,2.51,5.63,"Rogers, Trevor",669432,swinging_strike,R,3,1,1.45,0.67,1.46,2.95,-5.911510918812708,-135.22478374846702,-2.608212178030797,19.141544415898963,27.68040571739476,-23.63026073907088,53.86,-0.125
FF,2.41,5.72,"Rogers, Trevor",669432,ball,R,2,1,1.06,1.21,-1.64,3.29,-12.768093926380212,-134.6183289913767,-3.077205751422256,15.658642890319893,29.19086588495542,-16.98079863814778,53.63,0.218
FF,2.47,5.74,"Rogers, Trevor",669432,ball,R,1,1,1.1,1.14,0.29,4.27,-8.06485638441707,-135.2554318233976,-0.5044442541106634,15.25676346502277,29.21359080504816,-18.27727487835676,53.69,0.081
SI,2.58,5.69,"Rogers, Trevor",669432,swinging_strike,R,1,0,1.49,0.59,1.44,2.71,-6.187752306390943,-134.0615164396213,-3.054432219947106,19.29180101290009,28.281604172465787,-24.5392252951692,53.85,-0.164
SI,2.42,5.61,"Rogers, Trevor",669432,ball,R,0,0,1.44,0.66,-2.0,2.34,-14.606247066117929,-134.6480814262381,-4.041831533773897,20.748475162420185,29.330902688886447,-23.34934951025387,53.57,0.055
CH,2.52,5.48,"Rogers, Trevor",669432,hit_into_play,R,1,1,1.33,0.16,0.03,1.87,-8.84796664692477,-126.90939555468704,-2.93951536073184,16.11719442811669,23.31839806076392,-30.042316103662035,53.46,1.114
FF,2.43,5.7,"Rogers, Trevor",669432,called_strike,R,1,0,1.12,1.24,-0.66,1.98,-10.404951211479249,-134.05413858628006,-6.435005404598355,15.739028376566615,28.02489592530278,-15.944227966667034,53.61,-0.075
FF,2.35,5.82,"Rogers, Trevor",669432,ball,R,0,0,0.98,1.16,-0.52,3.67,-9.480339830750124,-133.8807059278539,-2.167946883390436,13.810475309863648,27.306378871209347,-17.87099507110268,53.77,0.067
SI,2.35,5.75,"Rogers, Trevor",669432,hit_into_play,L,1,1,1.51,0.67,0.67,2.34,-7.589922291880984,-133.03067720062336,-4.248275833523816,19.52755359794033,26.27908871938585,-23.461599364620056,53.59,0.421
FF,2.3,5.89,"Rogers, Trevor",669432,ball,L,0,1,1.03,1.15,-0.26,3.76,-8.82093174162493,-134.4621851024405,-2.194825105609959,14.258643656334629,26.41495421366408,-17.888126772995708,53.77,0.021
FF,2.3,5.76,"Rogers, Trevor",669432,called_strike,L,0,0,1.14,1.16,0.08,2.77,-8.203522191764916,-133.96073710027156,-4.323611171224339,15.513354037353617,28.680280169148087,-17.495400094129433,53.66,-0.032
