pitch_type,release_pos_x,release_pos_z,player_name,pitcher,description,stand,balls,strikes,pfx_x,pfx_z,plate_x,plate_z,vx0,vy0,vz0,ax,ay,az,release_pos_y,delta_run_exp
FF,-1.8,5.64,"Smith, Burch",572143,hit_into_play,R,0,0,-0.37,1.42,-0.48,3.52,4.411133985874222,-140.72632602428178,-3.30585608703046,-6.041745104177504,35.97750241786131,-12.913362790583257,53.57,0.129
FF,-1.74,5.61,"Smith, Burch",572143,hit_into_play,L,3,2,-0.42,1.3,-0.03,2.3,5.505144266457619,-138.9815217796969,-6.067956079844988,-6.725916626887542,32.654743601611955,-14.145345360365148,53.55,-0.211
FC,-1.96,5.5,"Smith, Burch",572143,swinging_strike,L,3,1,0.31,0.54,0.77,1.13,6.211992144378041,-131.7120669222461,-6.169786422145091,2.2430088850962098,28.185483888278856,-24.717233605913343,53.82,-0.059
FF,-1.92,5.75,"Smith, Burch",572143,ball,L,2,1,-0.06,1.27,-0.46,4.25,3.998114808321985,-139.83090090468886,-1.2636778202141208,-1.6743239214450016,32.931432558129266,-15.45658710902326,53.86,0.077
FF,-1.74,5.69,"Smith, Burch",572143,foul,L,2,0,-0.29,1.37,0.23,3.0,5.861710471906665,-138.54054572133873,-4.501601103708492,-5.071296030320689,31.06018141949352,-13.771045709033318,53.88,-0.039
FF,-1.99,5.52,"Smith, Burch",572143,ball,L,1,0,-0.28,1.39,0.35,1.18,6.799818982645103,-137.95061746530806,-8.861883685129182,-5.094561868451319,31.24449904007774,-12.606782563794932,53.75,0.045
CU,-1.83,5.91,"Smith, Burch",572143,ball,L,0,0,1.12,-1.17,-1.1,2.65,-0.5021797471822065,-115.52546322866785,1.8973521333228236,10.069381511364108,24.17838276918903,-43.17398919115977,54.22,0.024
FF,-1.68,5.58,"Smith, Burch",572143,called_strike,R,0,2,-0.58,1.3,-0.79,2.21,3.7395369925728943,-140.86891021035822,-6.42860288645093,-8.614132398546195,33.61416028782719,-13.66424291841862,53.62,-0.149
ST,-1.91,5.53,"Smith, Burch",572143,foul,R,0,2,0.9,0.02,1.34,1.89,5.889861991774569,-124.46282793132325,-2.304867888157004,8.025890854692571,26.92552871291153,-31.71914275465957,53.73,0.0
ST,-1.84,5.66,"Smith, Burch",572143,foul,R,0,2,1.45,0.14,1.13,2.55,4.006881012296772,-122.10121919580368,-0.9812597413519232,13.507011834000092,26.922036761938383,-30.803205727339105,53.96,0.0
FF,-1.69,5.82,"Smith, Burch",572143,foul_tip,R,0,1,-0.3,1.44,-0.93,2.84,2.6774009320534207,-138.88415151704143,-5.4534756014042,-4.491274007087993,33.83628138279317,-12.55749076769408,53.96,-0.047
FC,-1.97,5.56,"Smith, Burch",572143,foul,R,0,0,0.45,0.41,-0.21,1.94,3.352709044954281,-127.879825986173,-3.4814581336735544,4.204549169050109,27.924370302554102,-27.186586769687004,53.86,-0.032
ST,-2.56,5.54,"Smith, Burch",572143,hit_into_play,R,1,2,1.13,0.34,-0.1,3.51,3.39587378412096,-119.1071818324958,1.281406483972812,10.264898625154164,20.87668497183597,-29.32278947158667,53.69,-0.29
FF,-2.44,5.5,"Smith, Burch",572143,ball,R,0,2,-0.69,1.47,-0.43,3.74,6.990361306767488,-140.54527778263508,-2.465037763140423,-10.73154260877758,33.56021690225475,-12.349441692613112,53.64,0.053
FF,-2.4,5.42,"Smith, Burch",572143,swinging_strike,R,0,1,-0.74,1.49,-0.24,2.34,7.468854838635194,-139.55499447016712,-5.95138689396595,-11.43171490252829,32.016057985027,-11.57008864992566,53.69,-0.075
CU,-2.24,5.79,"Smith, Burch",572143,called_strike,R,0,0,0.74,-0.97,0.08,2.37,3.727798160344761,-116.38993388307348,1.0122293649353782,6.035088865394521,22.02743861231307,-41.39697232830947,53.91,-0.064
FF,-2.45,5.52,"Smith, Burch",572143,ball,L,3,2,-0.54,1.34,-1.25,3.66,4.450254480439534,-140.4227855077401,-2.4552559151089266,-8.121037222459595,30.68028018142749,-14.05639675735927,53.82,0.343
FF,-2.38,5.64,"Smith, Burch",572143,foul,L,3,1,-0.61,1.39,-0.56,2.93,6.233619538167045,-139.1796947594653,-4.703417939474239,-9.305257633688516,31.630490433682315,-13.30144811200799,53.72,-0.078
FF,-2.34,5.53,"Smith, Burch",572143,ball,L,2,1,-0.63,1.17,0.07,0.73,7.929746108159734,-140.0084054951952,-9.947733142958388,-10.067931765925126,29.66418693149061,-14.747656420199602,53.61,0.108
CU,-2.25,5.93,"Smith, Burch",572143,ball,L,1,1,0.69,-0.96,-1.56,4.52,0.2243475721730273,-117.27851414101734,5.3701445911253,6.290968089078342,22.04962319750356,-42.21911333250942,54.1,0.05
CU,-2.5,5.65,"Smith, Burch",572143,ball,L,0,1,0.85,-1.29,0.98,0.48,6.279774049322199,-120.06635056628686,-2.67322871196172,6.792633928569067,26.29288322156356,-44.13886810047568,53.87,0.021
FF,-2.4,5.64,"Smith, Burch",572143,called_strike,L,0,0,-0.42,1.36,-0.57,1.57,5.839395913760802,-138.96865097363087,-8.22911340491474,-6.833100791386668,32.003168622948195,-12.826604659599152,53.57,-0.032
FC,-2.54,5.5,"Smith, Burch",572143,hit_into_play,R,0,0,0.42,0.46,0.17,2.22,5.827372234487207,-129.21771198922545,-3.0254998659544072,3.590953855886984,24.310785189089213,-26.64747534647868,53.67,-0.229
ST,-2.4,5.56,"Smith, Burch",572143,called_strike,R,1,2,0.83,0.05,0.79,2.36,5.818898480790613,-122.9379150924591,-1.1848067477915545,7.327906799666258,23.923629119971533,-31.670887021154904,53.73,-0.169
FF,-2.28,5.67,"Smith, Burch",572143,foul,R,1,1,-0.3,1.36,0.46,2.7,8.082918847263851,-140.03728797105938,-5.460229715559798,-5.77409601415503,30.65448465831081,-13.216030086448162,53.53,-0.048
FF,-2.38,5.64,"Smith, Burch",572143,foul,R,1,0,-0.42,1.3,0.04,2.37,7.423546247502585,-140.06851103644394,-6.150165562084903,-7.116754216369283,30.293538025113413,-13.815140466914391,53.65,-0.039
FF,-2.33,5.66,"Smith, Burch",572143,ball,R,0,0,-0.41,1.51,-1.51,2.64,3.191940756146706,-142.20996681941767,-6.233742963454749,-6.325155858631145,31.149958314135496,-10.415887441710767,53.54,0.027
FC,-2.64,5.34,"Smith, Burch",572143,hit_into_play,L,0,0,0.29,0.44,-0.32,1.73,5.137716368815449,-129.85351187086732,-3.929638022517258,2.4889012254729628,22.0051860001362,-26.583544907389456,53.75,-0.298
FF,-2.27,5.7,"Smith, Burch",572143,swinging_strike,L,1,2,-0.49,1.32,-0.58,3.12,5.66713202782509,-140.72302525721565,-4.41341437947391,-7.731998097623401,28.79039425532558,-13.76239321048746,53.81,-0.283
FF,-2.18,5.67,"Smith, Burch",572143,foul,L,1,2,-0.33,1.52,-0.65,2.66,4.920012328587866,-142.25497095321984,-6.210239952238443,-5.505850823470015,31.04906758488181,-10.341766173386596,53.55,0.0
FC,-2.64,5.5,"Smith, Burch",572143,called_strike,L,1,1,0.49,0.4,-0.66,3.55,3.8624069856239576,-129.4243210314767,0.354329366309221,4.917933799225259,22.57122246838944,-27.86884875342759,53.64,-0.078
FC,-2.63,5.58,"Smith, Burch",572143,swinging_strike,L,1,0,0.48,0.31,0.39,2.96,6.373378126903583,-127.52081651379744,-0.8971622296610737,4.215139632247044,22.642424450253188,-28.808707832554337,53.74,-0.075
FF,-2.38,5.69,"Smith, Burch",572143,ball,L,0,0,-0.41,1.4,-1.25,3.18,3.949417959394762,-139.6302650952688,-4.2495961242823,-6.263176857593073,30.10004121114144,-13.09797838935972,53.86,0.067
FC,-2.39,5.38,"Smith, Burch",572143,blocked_ball,R,3,2,0.41,0.18,0.61,0.43,6.569198970289618,-129.36735086904395,-6.56399405465694,3.3415184439271552,24.899161426357683,-29.063522002471668,53.61,0.343
FF,-2.24,5.72,"Smith, Burch",572143,foul,R,3,1,-0.44,1.46,-0.15,1.95,6.574223844746062,-139.43801773705204,-7.7516159228457315,-7.1524290807637465,30.59272347984368,-11.531437103497842,53.51,-0.078
FF,-2.2,5.77,"Smith, Burch",572143,ball,R,2,1,-0.5,1.33,-0.98,2.8,4.442520077584342,-140.70887542557708,-5.486124424166111,-7.642576591425406,28.290435671028224,-13.479224125119996,53.61,0.108
ST,-2.45,5.56,"Smith, Burch",572143,ball,R,1,1,0.98,0.03,1.16,1.01,6.506016498615846,-122.79635838169072,-4.316003813798745,8.585108719363234,25.10071790924101,-31.17264022348244,53.64,0.05
FC,-2.43,5.48,"Smith, Burch",572143,ball,R,0,1,0.44,0.26,1.01,1.46,7.646269806164787,-130.4248030785216,-4.602870220512225,3.619232230580992,24.00320502794392,-28.4608349206374,53.78,0.021
FC,-2.53,5.52,"Smith, Burch",572143,called_strike,R,0,0,0.42,0.23,0.08,2.47,5.518779399956012,-128.5070756239145,-1.8859939039943616,3.641708974368393,23.562981918177897,-29.413226440752403,53.86,-0.032
FC,-2.51,5.49,"Smith, Burch",572143,hit_into_play,R,0,0,0.41,0.36,0.51,2.39,6.449081193885373,-127.04348386902076,-2.135936029304168,3.317187814601492,22.836467746667413,-27.99025646209453,53.93,-0.37
FF,-2.06,5.79,"Smith, Burch",572143,hit_into_play,L,1,2,-0.5,1.35,-0.48,2.0,5.40126915365428,-139.9798778803312,-7.62712928268188,-7.753015013352535,31.45321550252925,-12.892600447029142,53.56,0.313
ST,-2.25,5.59,"Smith, Burch",572143,foul,L,1,2,1.39,-0.16,0.99,2.06,4.767618605684553,-121.42546806134798,-1.366398715824879,12.771897816845865,24.04087173842672,-33.73416790063287,53.65,0.0
FF,-2.35,5.51,"Smith, Burch",572143,foul,L,1,2,-0.36,1.44,-0.24,2.74,6.5543285318130025,-141.22844834010684,-5.22453129999615,-6.265106091935964,31.32926919448213,-11.917070844144073,53.56,0.0
CU,-2.13,5.97,"Smith, Burch",572143,called_strike,L,1,1,0.76,-1.21,-0.89,3.2,1.280316010026871,-114.53167059163086,3.1072259289574946,6.409389203879977,22.891088244084045,-43.58523763331142,54.03,-0.04
FF,-2.08,5.8,"Smith, Burch",572143,called_strike,L,1,0,-0.47,1.43,0.7,3.12,8.435773996892836,-138.64945734819224,-4.643803459186194,-7.902796661441634,31.090053065978296,-12.923735118581485,53.76,-0.031
FC,-2.57,5.58,"Smith, Burch",572143,ball,L,0,0,0.5,0.31,-0.95,2.42,2.881860901775684,-126.55165360900516,-2.066890399296395,4.795815573420057,24.55979293204922,-28.59077196331578,53.75,0.024
FC,-2.35,5.55,"Smith, Burch",572143,hit_into_play,R,0,1,0.49,0.09,0.36,1.56,5.507220996276939,-126.37704835525945,-3.642533943243083,4.293662812765289,23.850758053498662,-30.68271516586401,53.76,-0.196
FF,-2.12,5.82,"Smith, Burch",572143,swinging_strike,R,0,0,-0.02,1.39,0.0,3.45,5.52766651477627,-135.60690641192232,-3.4291947903906905,-1.4647006250918295,29.834414598641917,-14.42454222028292,53.71,-0.032
FF,-1.82,5.64,"Smith, Burch",572143,hit_into_play,L,1,2,-0.32,1.33,-0.85,3.08,3.347554842477129,-140.91371659282416,-4.347278532776251,-4.952792350441162,31.29280949909135,-13.711923467317243,53.82,-0.17
FF,-1.91,5.72,"Smith, Burch",572143,foul_tip,L,1,1,-0.28,1.36,-0.3,3.86,4.817813185062711,-137.01127130449947,-2.1382228894165127,-4.57863206678537,31.86777696864273,-14.82011844516227,53.88,-0.048
FF,-1.8,5.79,"Smith, Burch",572143,ball,L,0,1,-0.15,1.45,-0.77,4.33,3.096092542938868,-139.43686362200754,-1.5650037535469628,-2.663670328543767,30.169992183153703,-13.073547527851762,53.91,0.03
FF,-1.82,5.74,"Smith, Burch",572143,foul,L,0,0,-0.33,1.38,-0.26,2.68,4.82823220537261,-137.96350927446278,-5.463347989799153,-5.240004352031548,31.15138025418601,-13.49012728159414,53.76,-0.042
FC,-2.07,5.38,"Smith, Burch",572143,hit_into_play,R,2,2,0.42,0.51,0.17,2.91,4.6315371943090025,-128.62948161812935,-1.0514453248605653,3.7751640284181343,24.938087255534136,-26.51667675028284,53.6,0.815
FC,-1.92,5.49,"Smith, Burch",572143,ball,R,1,2,0.64,0.02,1.45,1.86,6.63375757491968,-122.50821298683536,-2.151377730472907,5.323530969386367,21.69967356054937,-31.784949487578476,53.69,0.048
ST,-1.94,5.44,"Smith, Burch",572143,ball,R,0,2,1.09,-0.13,1.74,0.94,6.557439216608975,-124.35978884941336,-4.10816056705952,10.086974923401188,23.80274580758805,-32.95484513073051,53.62,0.022
FC,-1.94,5.61,"Smith, Burch",572143,swinging_strike,R,0,1,0.46,-0.19,1.05,1.04,6.230619844037166,-125.47061666047009,-4.416387557316437,4.045596702793625,19.08363035036444,-33.72561083280033,53.77,-0.077
FF,-1.91,5.72,"Smith, Burch",572143,foul,R,0,0,-0.16,1.1,-0.25,3.63,4.667886838689265,-136.38642207907685,-2.113320032806168,-3.047983486093056,30.829765330313087,-18.21706557222089,53.87,-0.048
ST,-2.01,5.61,"Smith, Burch",572143,hit_into_play,L,0,1,1.23,0.11,-0.55,2.39,0.9543318066060068,-121.54520641017898,-1.2384152968983853,12.07458985330286,22.51516752523633,-31.04429852829909,53.97,0.253
FF,-1.97,5.59,"Smith, Burch",572143,called_strike,L,0,0,-0.36,1.22,-0.76,3.28,3.925136506667623,-136.74753530297323,-3.0203469640097698,-5.299380031777431,27.96775143083892,-16.374766793379173,53.85,-0.015
FC,-2.09,5.55,"Smith, Burch",572143,swinging_strike_blocked,L,1,2,0.72,-0.1,1.35,0.88,6.547456815387813,-121.6450837880183,-4.104461531351672,5.70731271461173,26.237799164392747,-32.47488349902971,53.81,-0.116
FC,-2.14,5.64,"Smith, Burch",572143,swinging_strike,L,1,1,0.2,0.58,-0.24,2.11,4.236303133118337,-129.1197586778312,-3.879019419124289,1.5378705967314652,23.56641477126996,-25.10584995544473,53.93,-0.04
FF,-1.85,5.88,"Smith, Burch",572143,ball,L,0,1,-0.19,1.3,-1.26,4.25,1.9929126886079036,-138.41231564569472,-1.5468634100286356,-2.928003763852642,32.19774011584406,-15.369118345210897,53.84,0.017
FC,-2.3,5.39,"Smith, Burch",572143,called_strike,L,0,0,0.6,0.42,-0.3,2.21,3.6873120253340383,-129.61014464039184,-2.6958561077341807,6.015944822382216,25.84859287654467,-27.10756587757109,53.8,-0.024
ST,-2.06,5.76,"Smith, Burch",572143,hit_into_play,R,0,1,1.03,0.58,0.29,2.9,3.3795592040880584,-121.5519489023135,-1.263208002472853,9.446509872034689,25.24076080949044,-26.3946333267914,54.14,-0.196
FC,-2.08,5.66,"Smith, Burch",572143,called_strike,R,0,0,0.55,0.18,-0.54,3.21,2.5707728218983847,-125.91129049263508,-0.0141579659527464,5.37237437980209,24.890841950886266,-30.421449838948664,53.98,-0.032
FF,-1.84,5.69,"Smith, Burch",572143,hit_into_play,R,1,2,-0.45,1.3,-0.52,3.63,4.61851053027912,-141.28888624866556,-2.9960719096679247,-7.148806989991154,32.81476642401904,-14.312143537711613,53.66,-0.071
ST,-2.23,5.58,"Smith, Burch",572143,foul,R,1,1,1.16,0.09,-0.1,3.68,2.664359701533259,-122.47496395877964,1.7709357860347572,11.233286991400538,22.12386494538099,-31.80757633373384,53.75,-0.026
ST,-1.98,5.64,"Smith, Burch",572143,ball,R,0,1,1.49,-0.01,0.88,1.26,3.702921144168001,-122.04986415694054,-3.698082341303267,14.065853497409032,25.09024738885084,-31.72222485324824,53.61,0.011
ST,-2.0,5.72,"Smith, Burch",572143,foul,R,0,0,1.51,-0.34,0.46,1.7,2.720686320486536,-122.3446614940004,-2.159541202719818,14.319685952347736,27.93439440458629,-35.28805224610235,53.67,-0.015
FF,-1.74,5.72,"Smith, Burch",572143,foul_tip,R,0,2,-0.25,1.51,0.01,2.3,5.323769524356327,-140.88879245531675,-7.1167991559440695,-4.611922863752996,32.31847979406596,-10.590730427756682,53.57,-0.104
FC,-2.06,5.65,"Smith, Burch",572143,called_strike,R,0,1,0.64,0.07,0.71,2.94,5.495401651535535,-129.55338211143228,-0.7843662703093492,6.124374756082921,26.22205953585486,-31.37822192417617,53.83,-0.035
FC,-1.94,5.67,"Smith, Burch",572143,called_strike,R,0,0,0.38,0.14,0.44,3.12,5.096413633864522,-130.00665100998827,-0.6380718848052638,3.398208411519844,23.74902291322384,-30.673512194787254,53.93,-0.024
FF,-1.62,5.85,"Smith, Burch",572143,swinging_strike,R,2,2,-0.54,1.41,0.04,2.77,5.761551443499867,-141.58251365805597,-6.086903025434433,-8.50906924291515,28.8294155216054,-11.944006011492588,53.64,-0.204
FF,-1.9,5.7,"Smith, Burch",572143,foul,R,2,1,-0.43,1.37,-0.3,2.79,5.232716068939422,-138.77584092870643,-5.139604638571586,-6.740081406639942,30.62881097627584,-13.462933717823567,53.72,-0.063
ST,-1.92,5.6,"Smith, Burch",572143,ball,R,1,1,1.19,-0.15,2.17,1.17,7.164528618132632,-121.694556340828,-3.446164901804991,10.230129571347646,25.90690892285509,-33.14414210068352,53.65,0.05
FC,-2.09,5.59,"Smith, Burch",572143,called_strike,R,1,0,0.33,0.61,0.47,1.83,5.553972797336402,-127.2780934392716,-4.293303014963559,2.642131648895272,22.75475823968579,-24.87164585125042,53.68,-0.044
FF,-1.74,5.84,"Smith, Burch",572143,ball,R,0,0,-0.32,1.39,-0.84,3.91,3.113720368142907,-138.4306613993848,-2.5385304397427597,-4.817520923303123,31.42179937121253,-13.973975861522932,53.8,0.032
FC,-2.83,5.44,"Smith, Burch",572143,hit_into_play,R,1,0,0.51,0.23,-0.64,2.61,4.221482568379151,-125.74490015503908,-1.0726798742018813,4.785712629690442,21.642959541630603,-29.6615996611884,53.76,-0.359
FC,-2.64,5.54,"Smith, Burch",572143,ball,R,0,0,0.45,0.18,-0.19,3.64,5.021621283703412,-126.8723993111722,1.1948649793065436,4.024821028232506,23.142998675361188,-30.660722103238072,53.57,0.021
FF,-2.47,5.6,"Smith, Burch",572143,swinging_strike,L,3,2,-0.43,1.47,0.16,2.69,7.915107784002473,-137.7416763663276,-5.269102916476637,-7.201233870039128,30.466507190635625,-12.498773926155955,53.53,-0.392
FC,-2.74,5.44,"Smith, Burch",572143,foul,L,3,2,0.46,0.02,-0.66,1.62,4.067331931704229,-125.47609924900202,-2.9652936625343163,4.080306833102579,23.454978808098392,-31.556205891129096,53.62,0.0
FF,-2.62,5.57,"Smith, Burch",572143,foul,L,3,2,-0.53,1.43,-0.9,2.65,5.727225163172797,-137.67111461954084,-5.211136264789613,-7.918996953883826,28.36712778604976,-13.021496593787242,53.6,0.0
CU,-2.51,5.66,"Smith, Burch",572143,blocked_ball,L,2,2,0.86,-1.13,-0.05,0.67,3.844109834559489,-116.90510042655502,-2.160753371257199,7.072096248063355,24.188638718381878,-42.23932209293434,53.69,0.115
FF,-2.47,5.64,"Smith, Burch",572143,foul,L,2,2,-0.36,1.48,-0.16,3.74,6.91505894294632,-137.4575104849236,-2.5983784409613584,-6.121745467219242,30.06353744099516,-12.983553114809176,53.53,0.0
ST,-2.55,5.52,"Smith, Burch",572143,foul,L,2,2,1.25,0.3,1.11,2.53,5.959226486629885,-119.70868247868606,-0.8446408636749356,10.948411212558447,21.80639664475348,-29.36081744922826,53.59,0.0
CU,-2.58,5.75,"Smith, Burch",572143,ball,L,1,2,1.02,-1.13,-0.92,1.85,1.7718733778919566,-118.98834778637912,-0.0062022934625556,9.378552410782351,22.97627101714871,-43.14613002750712,53.68,0.034
FF,-2.39,5.68,"Smith, Burch",572143,ball,L,0,2,-0.28,1.49,-0.8,4.03,4.846245147892917,-137.97360983433936,-1.9884601097862515,-4.66062974767032,29.85179405392176,-12.9218072121355,53.65,0.021
FF,-2.46,5.52,"Smith, Burch",572143,called_strike,L,0,1,-0.4,1.37,-0.21,2.44,6.884379288778941,-138.55939301492194,-5.6285714498320845,-6.585230313217358,27.83484997655141,-13.478996591634306,53.46,-0.075
FF,-2.44,5.74,"Smith, Burch",572143,foul,L,0,0,-0.28,1.55,-0.06,2.47,6.79770181204918,-135.78058806695142,-6.146578203735247,-4.926441243998182,29.675135335166257,-11.78058148229686,53.66,-0.047
CU,-2.49,5.88,"Smith, Burch",572143,hit_into_play,L,0,0,0.95,-1.17,-0.07,3.04,3.4775722043572883,-113.43515005228778,3.0184914233167,7.4309601977986945,22.84155487473478,-43.022395336500175,53.93,0.989
FF,-2.52,5.62,"Smith, Burch",572143,hit_into_play,R,1,2,-0.11,1.44,-1.11,3.12,4.01944173293728,-139.10002070839928,-4.27489116501575,-2.284250100823376,30.96223531487112,-12.675145438616692,53.59,1.042
ST,-2.62,5.53,"Smith, Burch",572143,ball,R,0,2,1.0,0.09,1.81,1.96,8.324788554443966,-121.5368580659849,-1.930983248212712,8.17634451859031,25.16276973279613,-31.082892121554515,53.58,0.02
FF,-2.48,5.59,"Smith, Burch",572143,foul,R,0,1,0.07,1.6,0.84,3.13,8.612564962454533,-137.25957906374435,-4.299387339458791,-1.0701664416385772,30.22037307662773,-11.191394258452698,53.53,-0.059
FC,-2.74,5.45,"Smith, Burch",572143,called_strike,R,0,0,0.21,0.31,-0.05,2.71,6.243802818995385,-129.68004052544492,-1.4071926234178151,1.1271035545940309,26.021716402208234,-28.56140374189989,53.59,-0.042
FC,-2.47,5.45,"Smith, Burch",572143,hit_into_play,R,0,0,0.55,0.08,0.06,1.49,4.960878215331923,-125.37763510411148,-3.407669573054481,4.871276385827156,23.420623463575573,-30.82984010923934,53.61,0.292
FC,-2.55,5.51,"Smith, Burch",572143,hit_into_play,L,3,2,0.49,0.11,0.36,1.66,6.04749631218004,-126.6303640454587,-3.3727258444197936,4.211946278206375,23.69524501778082,-30.513993367783232,53.56,-0.297
FF,-2.29,5.83,"Smith, Burch",572143,ball,L,2,2,-0.46,1.55,-1.14,4.06,4.076458801675587,-138.05865467139472,-2.403994100571099,-6.856547845579814,33.024934008676105,-12.096668970789183,53.8,0.093
FF,-2.5,5.78,"Smith, Burch",572143,foul,L,2,1,-0.41,1.58,-0.59,2.95,5.911551759806232,-137.15572915760023,-5.185620382082106,-6.473205995316108,30.831098604327774,-11.31333787830604,53.83,-0.063
FC,-2.84,5.57,"Smith, Burch",572143,called_strike,L,2,0,0.54,0.2,-0.31,2.45,4.930397054660924,-124.49606749843343,-1.5653314129377551,4.740160985732097,22.3367943758942,-29.95306922738931,53.69,-0.057
FC,-2.68,5.6,"Smith, Burch",572143,ball,L,1,0,0.6,-0.09,-1.16,2.3,2.3409671574905557,-122.0192656169044,-1.0828164122648132,5.558662187279972,22.083896847798645,-33.08957357427503,53.84,0.064
FF,-2.43,5.77,"Smith, Burch",572143,ball,L,0,0,-0.59,1.59,-1.47,3.03,3.818694692992717,-136.66759531973108,-4.9103440716798685,-8.191617541280621,29.663023060736165,-11.414847853098408,53.75,0.032
FF,-2.51,5.4,"Smith, Burch",572143,called_strike,L,1,2,-0.4,1.4,-0.12,1.92,7.417205687237711,-141.03115492438027,-7.026923004427272,-7.055030549580594,33.96124184999939,-12.089468360687253,53.36,-0.169
FF,-2.53,5.53,"Smith, Burch",572143,called_strike,L,1,1,-0.39,1.51,-0.47,2.44,6.424307290674268,-140.06126060564267,-6.082746818932015,-6.7217320539573935,34.330824997996764,-11.080183234170084,53.62,-0.048
FC,-2.61,5.42,"Smith, Burch",572143,called_strike,L,1,0,0.28,0.32,0.41,3.12,6.930138737104354,-129.3475973819813,-0.2733677959785489,1.788844477170078,26.3255295653429,-28.73998758117945,53.24,-0.039
FF,-2.48,5.71,"Smith, Burch",572143,ball,L,0,0,-0.27,1.52,0.13,3.84,7.523966518916655,-138.86019085539718,-2.725334031691812,-5.2923492396866365,33.45278407650085,-12.111292493735538,53.75,0.027
FF,-2.3,5.66,"Smith, Burch",572143,swinging_strike,R,1,2,-0.43,1.48,-0.67,3.7,5.363740320140724,-140.13826664300456,-2.9543992808591337,-6.932362544805257,34.63054184837055,-12.337860473114665,53.52,-0.214
FF,-2.38,5.71,"Smith, Burch",572143,foul,R,1,1,-0.17,1.49,0.24,3.21,7.399407557502485,-139.44132470392128,-4.381983377775063,-4.011009181780193,34.34638714824589,-12.061381204093154,53.51,-0.07
FF,-2.38,5.53,"Smith, Burch",572143,foul,R,1,0,-0.47,1.57,-0.37,3.01,6.444922559158489,-139.63486771317395,-4.618635191531035,-7.714692727030726,33.61558888232734,-10.775541942463809,53.77,-0.055
FC,-2.58,5.44,"Smith, Burch",572143,ball,R,0,0,0.4,0.31,-0.6,4.03,4.000902083002375,-127.67411867652211,2.1198332785191063,3.602038763082469,26.370840254395777,-29.462835656114343,53.23,0.044
FF,-2.43,5.68,"Smith, Burch",572143,swinging_strike,L,2,2,-0.26,1.45,-0.31,4.22,6.218086444885799,-139.08685264824112,-1.4691070129898245,-4.879348657504924,33.477121309728,-13.348336475599854,53.71,-0.36
CU,-2.49,5.67,"Smith, Burch",572143,ball,L,1,2,0.99,-1.23,-1.05,4.42,1.3449138247161312,-119.549209829671,6.206717948915255,9.15814538835105,25.638849655910164,-45.4437843715147,53.89,0.077
FF,-2.56,5.47,"Smith, Burch",572143,ball,L,0,2,-0.71,1.67,-0.12,1.52,8.352060165068409,-142.49737250179322,-9.15210584655374,-11.734801625785146,35.32284530997886,-7.424315308976602,53.48,0.053
FF,-2.46,5.59,"Smith, Burch",572143,called_strike,L,0,1,-0.63,1.51,-0.64,3.1,6.324543812536234,-140.2865690601737,-4.513103622754961,-9.791884705556251,34.3922261400965,-11.410656054962615,53.58,-0.075
CU,-2.52,5.79,"Smith, Burch",572143,called_strike,L,0,0,1.15,-1.29,-0.37,3.64,2.6162458446930965,-117.5965305431626,4.487899693304074,9.94064202869227,26.36135003801457,-45.28411123699812,53.82,-0.064
FF,-2.37,5.78,"Smith, Burch",572143,hit_into_play,L,3,0,-0.54,1.66,-0.3,2.55,6.629092917276413,-137.19326050356364,-6.4272249379917366,-8.298573016558763,31.290418209203807,-10.01702108547822,53.74,0.18
FF,-2.25,5.77,"Smith, Burch",572143,ball,L,2,0,-0.4,1.64,-0.98,4.08,4.289585985924632,-139.15667460638554,-2.517051724082446,-6.162208673004938,33.57709302704173,-10.609344576071472,53.82,0.133
FF,-2.47,5.73,"Smith, Burch",572143,ball,L,1,0,-0.59,1.54,-1.34,2.66,4.3261262629448485,-138.49300036161233,-5.868321588981447,-8.560552350565134,32.32697617410268,-11.300310514047306,53.86,0.064
FF,-2.33,5.7,"Smith, Burch",572143,ball,L,0,0,-0.27,1.49,-0.66,4.44,5.124958151335526,-140.2749797766838,-1.1592837523600887,-4.734873555980764,33.557808457662766,-12.518085344750997,53.56,0.032
ST,-2.71,5.46,"Smith, Burch",572143,hit_into_play,R,2,2,1.33,0.01,0.49,2.77,4.835795404702623,-123.26140105911196,0.1064157010797897,12.426659439711834,27.219821591330145,-32.32144559378346,53.68,-0.088
ST,-2.51,5.5,"Smith, Burch",572143,ball,R,1,2,1.16,0.33,1.56,3.06,7.378217996349684,-125.1237247281572,-0.1401000668842307,10.477813449305916,27.250439717040315,-28.97982371276664,53.61,0.018
CU,-2.4,5.78,"Smith, Burch",572143,foul,R,1,1,1.23,-1.04,0.35,2.24,3.8417406430713608,-119.41264173019526,0.6886956357084904,10.767606342346602,27.163063583846476,-42.39381278806268,53.92,-0.026
FC,-2.38,5.47,"Smith, Burch",572143,ball,R,0,1,0.35,0.32,1.37,2.4,8.68208241696353,-131.83565657165522,-2.4509553556689574,2.288367654299748,27.45639133825525,-28.08713619211771,53.72,0.011
FF,-2.43,5.73,"Smith, Burch",572143,foul,R,0,0,-0.38,1.43,-0.92,2.81,5.008610442756055,-141.85380175429867,-5.653343932360501,-6.325080820069254,34.65147020423976,-11.820011497189949,53.62,-0.015
ST,-2.55,5.54,"Smith, Burch",572143,hit_into_play,R,2,2,0.92,0.61,0.86,2.98,6.2020966357417375,-122.49827556824432,-0.7413927331218593,7.909373617163403,25.72018793069833,-26.12307240106507,53.35,-0.142
ST,-2.55,5.47,"Smith, Burch",572143,ball,R,1,2,1.29,0.25,1.74,1.91,7.457898968981554,-122.58835170042646,-2.329679974107326,11.249751736676984,27.160327321947,-29.42046998038827,53.68,0.026
FC,-2.44,5.54,"Smith, Burch",572143,ball,R,0,2,0.48,0.46,1.46,1.82,8.476749817823162,-126.98794299584162,-3.7289170670162055,3.3318394442524424,27.50576846234201,-26.658169719863466,53.63,0.013
FC,-2.51,5.64,"Smith, Burch",572143,swinging_strike,R,0,1,0.06,0.55,-0.45,3.61,4.854743095758734,-127.31015958769792,0.1290549966996066,-0.3322436102172402,27.02509459622254,-26.44213060892643,54.0,-0.035
FC,-2.47,5.56,"Smith, Burch",572143,foul,R,0,0,0.29,0.42,0.11,2.82,5.759590602198361,-129.05969150672618,-1.5489063264182543,2.108270592172225,26.34689348756383,-27.30951161476701,53.61,-0.024
FC,-2.53,5.53,"Smith, Burch",572143,hit_into_play,R,0,0,0.2,0.63,0.67,2.66,7.456220580024406,-128.22499338864185,-2.2417975913891057,0.7492263129393266,24.85537038774277,-24.923898539479232,53.56,-0.23
CU,-2.0,5.88,"Smith, Burch",572143,hit_into_play,L,0,1,0.76,-1.28,0.14,2.15,3.304344048713403,-117.83982945101928,0.8413439257356499,6.285193317172752,25.9819993773897,-44.37242101584085,54.54,-0.085
FF,-1.97,5.71,"Smith, Burch",572143,called_strike,L,0,0,-0.25,1.44,-0.2,2.7,5.261845268141249,-139.07197042341477,-5.561303943954542,-4.4439764159553805,33.97387036075618,-12.490834577053034,53.6,-0.015
CU,-1.95,5.85,"Smith, Burch",572143,hit_into_play,L,2,2,0.81,-1.24,-0.37,2.14,1.9742449463247875,-116.62858225220158,1.0067729016544815,6.846450861911754,26.13777041371403,-43.851091502644586,54.03,-0.142
CU,-2.1,5.82,"Smith, Burch",572143,foul,L,2,1,1.02,-1.1,-0.42,1.99,1.761842980286514,-116.43639180810932,0.4018122217140485,8.85008230070862,23.94650727904407,-42.44545306390485,54.41,-0.051
CU,-2.11,5.81,"Smith, Burch",572143,ball,L,1,1,0.99,-0.9,-0.9,2.55,0.8266915983418666,-119.10641478888478,0.9803943367040237,9.206441304292282,23.88450680664542,-41.15267749624828,54.15,0.037
FF,-2.29,5.6,"Smith, Burch",572143,called_strike,L,1,0,-0.6,1.44,-0.55,3.47,5.936957641863951,-137.82309112513605,-3.1546781092583687,-8.971713345946547,30.892237195632426,-13.366063183241712,53.53,-0.031
FC,-2.34,5.44,"Smith, Burch",572143,ball,L,0,0,0.33,0.46,-0.99,2.99,2.640305746757764,-129.8295585904047,-1.0243982171785002,3.220922446763403,25.437322348787188,-26.892898343378704,53.76,0.024
FF,-2.01,5.7,"Smith, Burch",572143,swinging_strike,R,1,2,-0.34,1.63,0.65,2.74,7.945408893602841,-140.191681199635,-6.073730010279762,-6.320879803459643,31.760563232087804,-9.508443900985334,53.46,-0.168
FF,-1.92,5.65,"Smith, Burch",572143,ball,R,0,2,-0.43,1.46,1.16,2.07,9.287738335308363,-140.4292479025305,-7.367990259183438,-7.809076548749088,31.97494949550309,-11.38057705339112,53.46,0.019
ST,-2.2,5.59,"Smith, Burch",572143,swinging_strike,R,0,1,1.09,0.59,0.67,3.6,4.520063139853078,-121.71807677123944,0.6838216193308888,9.88739667994392,24.24712964254965,-26.65272416388846,53.6,-0.047
FF,-1.96,5.75,"Smith, Burch",572143,called_strike,R,0,0,-0.59,1.37,-0.83,1.98,4.23915607335563,-136.38282002872683,-7.128260386461873,-8.254063002596592,28.86359371101587,-13.667718972515535,53.81,-0.032
FC,-2.06,5.46,"Smith, Burch",572143,hit_into_play,R,0,0,0.42,0.32,0.13,2.56,4.5082955147061785,-128.72942229392632,-1.7347593268481898,3.818400401580083,24.037280864117943,-28.47219249021343,53.83,-0.163
FF,-1.98,5.64,"Smith, Burch",572143,called_strike,R,2,2,-0.47,1.43,-0.8,1.73,4.265765101090564,-140.50991622317696,-8.212738325603464,-7.178079548499418,29.57854464349491,-11.586041045957824,53.69,-0.204
FC,-2.18,5.55,"Smith, Burch",572143,called_strike,R,2,1,0.48,0.29,-0.03,3.36,4.202398032726013,-126.8826479718184,0.2465784163557913,4.52550974804279,22.75923785318039,-29.276185936410545,53.82,-0.063
FC,-2.12,5.58,"Smith, Burch",572143,ball,R,1,1,0.42,0.31,1.27,1.94,7.309694723873579,-126.57585480531694,-3.247776095483749,3.1931793508820725,22.74088243224744,-28.43264955025336,53.87,0.05
CU,-2.02,5.79,"Smith, Burch",572143,ball,R,0,1,1.03,-1.03,-1.08,2.63,0.1217158604026917,-118.3389220700582,1.499034809096906,9.69697458478398,22.68186777474977,-42.3675438615519,54.31,0.021
CU,-1.98,5.92,"Smith, Burch",572143,called_strike,R,0,0,0.92,-1.11,-0.9,3.0,0.6644301541949529,-116.44249573721288,2.349192084848404,8.23288806437642,21.792703538170446,-42.91741853876086,54.39,-0.032
ST,-1.86,5.66,"Smith, Burch",572143,called_strike,R,1,2,1.32,-0.81,0.75,2.32,3.359838282191133,-119.2420054143179,0.6592821166073202,11.783564075141316,25.627156136023537,-40.24306661727811,54.12,-0.071
CU,-2.01,5.86,"Smith, Burch",572143,foul,R,1,1,0.84,-1.02,-1.35,2.01,-0.1321325289921884,-116.76111807290404,0.1634723123702541,7.666559503424591,23.871623221611163,-41.73450271977589,54.17,-0.026
FC,-2.2,5.65,"Smith, Burch",572143,swinging_strike,R,1,0,0.38,0.42,0.54,2.08,5.871872570061331,-127.5971917485876,-3.4429555807979586,3.0473891761087164,23.65061781374816,-27.08944067754313,53.95,-0.019
CU,-1.98,5.9,"Smith, Burch",572143,ball,R,0,0,1.05,-0.96,-1.63,3.95,-1.2345035562459756,-116.7713648115318,4.239495686023308,9.84400438670192,22.305633328284955,-41.99465892857513,54.02,0.016
FC,-2.1,5.64,"Smith, Burch",572143,hit_into_play,R,2,0,0.21,0.45,-0.13,2.54,4.325527059570558,-127.34699697528104,-2.368876682228004,1.572450294454426,21.99512652550999,-27.03691997469836,54.01,-0.232
FF,-1.92,5.67,"Smith, Burch",572143,ball,R,1,0,-0.28,1.35,0.2,1.12,6.273232376599193,-138.73368925020097,-9.492805265590196,-4.919094413007178,27.397214729352225,-12.88493911005201,53.7,0.045
FF,-1.95,6.01,"Smith, Burch",572143,ball,R,0,0,-0.29,1.36,-1.1,4.36,2.834030816303873,-136.8013580525328,-1.5930978742967412,-4.183526693772141,28.337273585039306,-14.886319591178776,53.99,0.024
