pitch_type,release_pos_x,release_pos_z,player_name,pitcher,description,stand,balls,strikes,pfx_x,pfx_z,plate_x,plate_z,vx0,vy0,vz0,ax,ay,az,release_pos_y,delta_run_exp
SL,1.82,5.62,"Soto, Gregory",642397,called_strike,R,3,2,-0.19,0.06,-0.01,3.09,-4.005282027408871,-125.594929696816,0.1438513186038679,-1.12537312433239,27.46410235971443,-31.818447462073827,53.83,-0.305
SI,2.05,5.55,"Soto, Gregory",642397,foul,R,3,2,1.59,0.75,0.25,2.69,-8.505762336002915,-141.07478920085464,-3.777493077149944,23.27120137426849,35.95962338305373,-21.55114042259034,53.88,0.0
ST,1.99,5.64,"Soto, Gregory",642397,ball,R,2,2,-0.85,0.68,0.02,4.48,-2.886494681739593,-122.37635369122948,2.388863199816277,-7.906882904901586,24.998878227805545,-26.044453106525644,53.98,0.064
SI,2.02,5.55,"Soto, Gregory",642397,foul,R,2,1,1.44,0.89,0.39,2.82,-7.723482861467163,-141.5096476386696,-3.832643850884097,21.163645257463514,34.53053502809847,-19.4850498832958,53.93,-0.071
SI,1.99,5.51,"Soto, Gregory",642397,ball,R,1,1,1.49,0.81,-0.3,1.46,-9.58549067645576,-140.68940899883555,-7.119688559057412,22.03896918893856,33.88714683921253,-19.911904068509035,53.83,0.044
FF,1.72,5.75,"Soto, Gregory",642397,ball,R,0,1,1.29,1.05,-0.8,2.65,-9.923682619204824,-143.89998657599077,-5.4526987001220935,20.23480945307439,35.14439670011347,-16.536788179159096,53.93,0.02
SL,1.82,5.73,"Soto, Gregory",642397,called_strike,R,0,0,-0.06,0.21,-0.2,1.94,-4.672856685468814,-124.56578087035793,-3.0665959243387317,0.3363602777580934,25.90459639534015,-29.61875079591124,53.95,-0.048
ST,1.96,5.57,"Soto, Gregory",642397,hit_into_play,L,1,2,-0.74,0.31,-1.22,1.88,-6.012004480310933,-123.41398605079571,-2.9107771205597284,-6.3136438519918405,25.23094879026417,-28.61548159213603,53.82,1.93
SI,1.88,5.61,"Soto, Gregory",642397,foul,L,1,2,1.5,0.74,0.33,1.76,-7.796942398034688,-144.14789108365494,-6.820103547804371,22.689312772733693,35.55701965859953,-20.42042808550017,53.8,0.0
SL,1.96,5.55,"Soto, Gregory",642397,ball,L,0,2,-0.03,0.25,-0.8,0.98,-6.5951886507514965,-126.50479077904724,-5.262721149547252,1.0861676117135837,27.5451621287695,-28.562064750640527,53.87,0.009
ST,1.88,5.67,"Soto, Gregory",642397,foul_tip,L,0,1,-1.17,0.09,-1.18,2.2,-4.8068537982184125,-122.9677763785216,-1.861280973822989,-10.71807468780752,26.55970156724968,-31.104995337534746,54.04,-0.068
SI,1.94,5.65,"Soto, Gregory",642397,called_strike,L,0,0,1.41,0.94,0.29,2.71,-7.833875290600734,-143.67326466945704,-4.734319695088681,21.364295896067464,35.013615867057005,-18.303871927873683,53.84,-0.073
SI,2.05,5.56,"Soto, Gregory",642397,ball,R,2,0,1.5,0.85,-0.97,1.28,-11.462636430218378,-139.33206387476582,-7.667677177390283,22.17512289764,31.42726353255799,-19.42863384777343,53.82,0.053
SL,1.9,5.65,"Soto, Gregory",642397,ball,R,1,0,-0.15,0.1,1.22,1.82,-1.2988753192820912,-124.68869952515794,-2.99045248236782,-1.2878530775850892,25.902925161199217,-30.729629187749097,53.94,0.024
SI,2.1,5.56,"Soto, Gregory",642397,ball,R,0,0,1.47,0.82,0.59,1.45,-7.458995081535676,-141.76818242023046,-7.463154026993947,21.556851898971576,33.03780515934326,-19.56469816812416,53.9,0.021
ST,1.92,5.61,"Soto, Gregory",642397,hit_into_play,L,1,2,-1.17,0.2,-0.97,2.04,-4.321115677304064,-120.47699928424686,-1.9912878001213976,-10.363831831043354,25.89155955126977,-30.03062006410485,53.94,0.268
SI,1.84,5.66,"Soto, Gregory",642397,foul,L,1,2,1.55,0.82,0.13,2.44,-8.294916015148269,-143.4809731796845,-5.21437685776784,23.36280403116124,34.8341261631607,-19.862946735627396,53.87,0.0
ST,1.9,5.67,"Soto, Gregory",642397,ball,L,0,2,-1.07,0.44,-1.59,2.53,-5.939328293692088,-121.19708759292762,-1.5850321667365712,-9.219459864693686,25.307359044881565,-27.7304059774158,53.92,0.009
ST,2.02,5.6,"Soto, Gregory",642397,swinging_strike,L,0,1,-0.81,0.03,-0.39,1.57,-3.941929245422423,-120.48034679477182,-2.714647823257112,-6.976054074075181,25.60094660567851,-31.5149898509763,53.93,-0.024
SI,1.87,5.73,"Soto, Gregory",642397,called_strike,L,0,0,1.55,0.8,-0.49,1.82,-10.148043010614014,-144.44804300121442,-7.193230597598162,24.049173073381716,35.99980464672627,-19.329925396219284,53.84,-0.015
SL,1.8,5.69,"Soto, Gregory",642397,hit_into_play,R,1,1,-0.12,0.17,-0.62,1.93,-5.551416302535582,-126.20246665435586,-3.1196093788848462,-0.0082044912225194,28.07735110018049,-29.856343769477096,53.97,2.601
ST,2.04,5.7,"Soto, Gregory",642397,foul,R,1,0,-1.12,0.27,-1.15,2.39,-5.222482572006511,-122.7244916837044,-1.7990671580887612,-10.023992254174887,27.167594041657424,-29.291850640136364,53.96,-0.081
ST,2.15,5.65,"Soto, Gregory",642397,ball,R,0,0,-1.19,0.08,-1.39,1.53,-5.698798001063161,-119.16131221411332,-2.8005780937770526,-9.955887860109268,26.374951762955032,-31.03817898796984,54.1,0.056
SI,2.05,5.67,"Soto, Gregory",642397,hit_into_play,L,3,2,1.45,0.78,0.48,2.18,-7.612363159831208,-142.20542980966223,-5.685866481230463,21.4391890497562,33.78995469813599,-20.504596022671777,54.02,0.262
SI,2.02,5.63,"Soto, Gregory",642397,called_strike,L,3,1,1.45,0.94,0.67,2.97,-6.943878237443695,-141.0694703905673,-3.7056044509314874,20.90678477975304,33.54129557707923,-19.003893306502405,54.03,-0.054
SI,2.17,5.61,"Soto, Gregory",642397,called_strike,L,3,0,1.31,0.6,0.03,2.72,-8.723335559932574,-140.55558519423158,-3.5003102024616286,19.38248736124452,31.94517867748182,-23.64402531366311,53.98,-0.047
SI,1.9,5.66,"Soto, Gregory",642397,ball,L,2,0,1.46,0.66,-1.31,2.3,-11.919013414600332,-140.42037057908402,-4.883988792340454,22.03117937547718,32.4786481214793,-22.4341736481597,53.92,0.071
SI,2.13,5.64,"Soto, Gregory",642397,ball,L,1,0,1.35,0.66,1.37,3.25,-5.0824225166712695,-139.67567803305502,-2.244790529757753,18.77204565766748,31.066077896831484,-23.19257927599168,54.01,0.044
FF,1.95,5.75,"Soto, Gregory",642397,ball,L,0,0,1.29,0.91,0.77,0.97,-6.228223945659995,-142.9134695026642,-9.624986765999118,19.18058321052461,32.860070931711306,-17.677163336293837,53.87,0.027
SL,1.83,5.64,"Soto, Gregory",642397,hit_into_play,R,2,2,-0.05,0.17,-0.05,1.77,-4.406092220346475,-126.24457816547977,-3.4986290414418706,0.2991733064759914,22.662005113792336,-29.867076497867668,53.95,0.141
SI,2.01,5.59,"Soto, Gregory",642397,foul,R,2,1,1.15,0.6,0.06,2.74,-7.892691681860694,-140.8832552113943,-3.46393567719211,17.11834358319936,30.338140695374623,-23.60771879947483,53.91,-0.031
SI,2.04,5.58,"Soto, Gregory",642397,ball,R,1,1,1.34,0.55,-0.75,2.18,-10.493630875686854,-140.17869388631738,-4.75519688769253,19.97751164623704,30.31054097653326,-23.968332939726533,53.96,0.023
SL,1.89,5.68,"Soto, Gregory",642397,called_strike,R,1,0,-0.01,0.11,0.65,1.91,-2.9751643438460373,-126.99608802635667,-3.094291379116168,0.5861051706873336,28.629160992746776,-30.575252162124983,54.03,-0.019
SL,1.83,5.66,"Soto, Gregory",642397,ball,R,0,0,0.1,0.17,-0.25,0.95,-5.223215003972038,-127.2667611376167,-5.473282894306485,2.284387188581312,29.65442269882693,-29.326921546477745,54.05,0.016
SI,1.99,5.61,"Soto, Gregory",642397,hit_into_play,R,2,2,1.35,0.65,1.03,2.24,-5.619902732275035,-139.99591415670028,-4.914542546187133,19.027787597545743,29.2914485203262,-22.685731323896995,53.94,-0.142
SL,1.88,5.62,"Soto, Gregory",642397,foul,R,2,2,-0.14,0.05,0.6,3.05,-2.75575768559472,-124.3548317044378,0.0240607013743614,-0.9931446148716736,20.897754894662864,-31.83381086358883,54.02,0.0
SI,1.93,5.66,"Soto, Gregory",642397,ball,R,1,2,1.3,0.57,1.63,3.1,-3.8898426172669818,-144.7693533416922,-3.0255639627548767,19.20637879331368,32.63661689324482,-23.59645577810132,53.74,0.026
SI,2.05,5.57,"Soto, Gregory",642397,foul,R,1,1,1.47,0.73,0.3,2.96,-8.106045905318277,-141.60479434910636,-3.144378048386096,21.69363484959021,32.58917398597678,-21.881448105610296,54.02,-0.04
SL,1.79,5.67,"Soto, Gregory",642397,ball,R,0,1,0.19,0.13,-0.55,0.19,-5.962371787430689,-124.85579267930297,-6.9383012843077685,3.261534041632101,27.26349150762126,-29.51837545240576,53.91,0.017
SI,2.08,5.64,"Soto, Gregory",642397,called_strike,R,0,0,1.49,0.58,-0.45,2.09,-10.432773905519817,-143.42204785635758,-5.612826597142606,22.99404504572336,31.40838565730323,-23.02201450269138,53.79,-0.024
SL,2.15,5.63,"Soto, Gregory",642397,hit_into_play,L,1,2,-0.44,0.78,-0.46,3.62,-5.259164398956292,-123.78937022435584,0.1005515874636187,-3.309439754663812,27.1709159276454,-24.47074946647589,54.02,0.47
FF,1.89,5.77,"Soto, Gregory",642397,ball,L,0,2,0.75,1.18,1.32,3.98,-3.3036750690532384,-143.20342726040275,-2.1266439968727937,11.136753872058424,33.56237004218181,-15.6328277550172,53.98,0.019
SL,1.92,5.78,"Soto, Gregory",642397,foul,L,0,1,-0.16,-0.08,0.56,2.34,-2.930759312843236,-126.30498085931916,-1.9080443938856635,-1.1200366022513542,24.37848618494134,-32.88153214456872,54.0,-0.047
SI,2.07,5.76,"Soto, Gregory",642397,called_strike,L,0,0,1.57,1.04,-0.45,3.25,-10.394978465327066,-141.4459856744456,-3.6385367300210287,23.43259661548952,30.362075161760696,-17.539501491270816,53.9,-0.032
SI,1.9,5.58,"Soto, Gregory",642397,hit_into_play,R,2,1,1.28,0.86,-0.83,2.25,-10.19464946733071,-140.038189089904,-5.289953535691665,19.00313701973342,29.140856877570783,-19.785546890715853,53.85,-0.512
SI,1.74,5.73,"Soto, Gregory",642397,ball,R,1,1,1.32,0.55,0.46,4.61,-6.543807439778889,-142.5220081377566,1.162259768466429,19.42635368515124,30.50764964008797,-25.07283853989638,53.94,0.134
FF,1.76,5.77,"Soto, Gregory",642397,foul,R,1,0,0.8,1.33,-0.95,2.13,-9.241323258366917,-142.23418411012852,-7.461178776457362,12.885243136980456,31.87991838548304,-12.573142072374877,53.69,-0.134
SI,1.99,5.6,"Soto, Gregory",642397,ball,R,0,0,1.44,0.63,-0.93,1.92,-11.187428527506844,-141.01659430966075,-5.763711922749383,21.7723660729734,32.86989242156515,-22.627214884577405,53.75,0.036
FF,1.8,5.66,"Soto, Gregory",642397,ball,L,3,2,1.0,1.16,-1.03,1.05,-10.064767750025124,-142.48633865046597,-9.787121505437437,15.771382820823638,28.99860330859278,-14.369049153727804,53.61,0.798
SL,1.85,5.62,"Soto, Gregory",642397,ball,L,2,2,0.05,0.3,-1.11,1.5,-7.406904658506154,-128.56645210442733,-4.665817788884485,2.003916892969544,25.04247824622953,-28.077017133070196,53.58,0.345
SL,1.71,5.74,"Soto, Gregory",642397,swinging_strike,L,2,1,-0.08,0.23,-1.15,1.35,-6.7158229507634,-125.69334055022368,-4.806314041769216,0.4151259036732598,22.881697900973265,-29.02244883401664,53.75,-0.181
SI,1.88,5.6,"Soto, Gregory",642397,called_strike,L,2,0,1.38,0.55,-0.91,2.25,-10.6839486475306,-140.989375048295,-4.773626806104267,20.705187653309935,28.43965456050315,-23.894728592594003,53.75,-0.219
SL,1.99,5.66,"Soto, Gregory",642397,ball,L,1,0,-0.23,-0.04,0.9,4.25,-2.140108674323844,-125.32985199881868,2.9475904260322245,-2.029492620535388,23.288056279879942,-33.35469400732305,54.05,0.219
SI,1.8,5.58,"Soto, Gregory",642397,hit_into_play,R,3,2,1.37,0.7,0.2,2.76,-7.598693515458076,-143.43167322330015,-3.8901058320214137,20.636485299871048,32.50126003418331,-21.736320580442182,53.69,0.9
FF,1.74,5.71,"Soto, Gregory",642397,ball,R,2,2,1.06,1.14,0.71,4.8,-5.292531295033455,-143.19077303133534,0.3206452986993057,15.765807844011931,31.62032842209823,-16.740330600241283,53.81,0.345
SI,1.85,5.69,"Soto, Gregory",642397,ball,R,1,2,1.34,0.68,0.86,5.22,-5.907652563345874,-144.9292821333325,2.496597836357216,20.24942539350795,33.09602872443674,-23.35073638480656,53.81,0.082
SL,1.68,5.72,"Soto, Gregory",642397,foul,R,1,2,-0.32,0.3,-0.78,2.8,-5.365048120422854,-127.96591982679892,-1.6503314403923717,-2.505748189624518,24.04188697738412,-28.75227324257357,53.58,0.0
FF,1.79,5.67,"Soto, Gregory",642397,foul,R,1,1,1.06,0.94,-0.65,2.69,-9.239013206834924,-144.2279017748815,-5.050735880917484,16.839889580629624,29.794120818454378,-17.969218526838763,53.65,-0.129
SL,1.72,5.69,"Soto, Gregory",642397,ball,R,0,1,-0.09,0.05,-1.09,2.85,-6.630889667991353,-126.95813254435755,-0.7970832091537594,0.2383366876226225,24.20011511940653,-31.686227899435902,53.74,-0.001
SI,1.79,5.68,"Soto, Gregory",642397,swinging_strike,R,0,0,1.24,0.82,0.24,2.66,-7.088082940473837,-142.17292690489649,-4.612302796908061,18.44366574913596,29.005471348994043,-20.21617720864541,53.75,-0.098
SI,1.79,5.65,"Soto, Gregory",642397,hit_into_play,R,0,1,1.41,0.55,-1.16,2.01,-11.343388230826472,-142.5664418931371,-5.734876613305821,21.775284329977303,29.037662892411,-23.522309400349755,53.78,0.127
SL,1.8,5.71,"Soto, Gregory",642397,foul_bunt,R,0,0,0.01,0.3,-1.24,2.22,-7.472265344921724,-128.47706495043707,-3.069255476949638,1.6562929215745057,25.93458036596997,-28.389766753325272,53.88,-0.093
SL,1.66,5.72,"Soto, Gregory",642397,ball,R,3,2,-0.08,0.17,-0.78,3.53,-5.687849813031494,-126.05164976047978,0.6672143982759604,0.334852813678862,27.03936728130132,-30.78847865608066,53.79,0.427
SI,1.96,5.53,"Soto, Gregory",642397,foul,R,3,2,1.39,0.66,0.78,3.28,-6.4399165206566,-142.17595154803288,-2.116017871901268,20.29301104016412,30.878186942586478,-22.88683301707543,53.79,0.0
SI,1.78,5.63,"Soto, Gregory",642397,foul,R,3,2,1.3,0.82,-0.4,3.02,-8.939749990014784,-142.451404289761,-3.501319190681242,19.714698379373186,31.379231870788928,-20.31907714810694,53.87,0.0
SI,1.88,5.62,"Soto, Gregory",642397,swinging_strike,R,3,1,1.13,0.82,0.29,3.53,-7.000328748496848,-143.5290609790782,-2.158793742952948,17.261798500630366,31.99434176867664,-20.58857547781704,53.82,-0.042
SI,1.9,5.69,"Soto, Gregory",642397,ball,R,2,1,1.17,0.72,0.56,4.45,-6.316709040069752,-141.56806764980092,0.5075456716610137,17.13642799627097,29.586703778044708,-22.72476611293799,53.79,0.158
SI,1.96,5.57,"Soto, Gregory",642397,foul_tip,R,2,0,1.05,0.7,0.33,3.14,-6.846729080743225,-142.37198553163518,-2.753695822866984,15.74649108237308,27.99897826516184,-22.2406142840059,53.85,-0.113
SI,2.04,5.59,"Soto, Gregory",642397,ball,R,1,0,1.32,0.56,0.09,1.46,-8.350066581362242,-142.153537051529,-7.009889009382389,19.80348593036375,28.731725208164484,-23.276160847946034,53.81,0.112
SI,2.09,5.63,"Soto, Gregory",642397,ball,R,0,0,1.23,0.82,-0.24,1.38,-9.18641505830116,-142.72177709437022,-8.027285204435728,18.83352054658368,28.487091483589893,-19.37853172174364,53.93,0.067
SL,1.84,5.64,"Soto, Gregory",642397,hit_into_play,L,1,2,-0.05,0.14,-0.12,2.42,-4.7323886629159695,-128.496993820073,-2.094746997060943,0.3597410355822922,24.400707967736363,-30.42159326496857,53.47,0.47
SL,1.96,5.7,"Soto, Gregory",642397,ball,L,0,2,-0.08,0.58,-2.05,2.67,-9.369220851017657,-123.42472948624896,-1.8925519018274135,1.129472789159227,25.73244431942553,-26.08674503842122,53.32,0.019
SI,1.88,5.71,"Soto, Gregory",642397,foul,L,0,1,1.35,0.71,-0.13,3.18,-8.618001584726452,-143.09347886538802,-3.066191616257292,20.458968676898067,31.92502754339062,-21.8410544713336,53.88,-0.047
SI,2.0,5.74,"Soto, Gregory",642397,called_strike,L,0,0,1.45,0.74,0.46,2.3,-7.585704849500671,-142.09885067061094,-5.546261113064475,21.43419236967716,31.0383043895069,-21.046002445525307,53.63,-0.032
