pitch_type,release_pos_x,release_pos_z,player_name,pitcher,description,stand,balls,strikes,pfx_x,pfx_z,plate_x,plate_z,vx0,vy0,vz0,ax,ay,az,release_pos_y,delta_run_exp
SL,2.3,6.38,"Vespi, Nick",663989,hit_into_play,L,2,1,-0.87,-0.11,-0.2,2.45,-3.941108698158251,-120.11373365063386,-2.2602891898853743,-7.820712954064638,21.36300504318164,-33.053906845553854,54.93,-0.489
FC,2.21,6.44,"Vespi, Nick",663989,ball,L,1,1,-0.21,0.51,-1.69,1.88,-8.944072139010046,-128.06751410898065,-6.102347491090671,-0.8621563876945969,20.919938317047315,-25.58779166374717,54.76,0.058
SL,2.52,6.25,"Vespi, Nick",663989,called_strike,L,1,0,-0.82,0.33,0.0,2.02,-4.136846178982695,-121.19408399473149,-3.906889655705237,-7.418789266547016,21.701077993635494,-28.419746895615965,54.8,-0.058
FC,2.35,6.38,"Vespi, Nick",663989,ball,L,0,0,-0.15,0.43,0.26,3.93,-4.665493144904313,-127.34923933727968,-0.7197477324043347,-0.8077111196930495,23.97509590856746,-27.5673914560634,54.97,0.042
FC,2.3,6.39,"Vespi, Nick",663989,ball,R,3,1,-0.34,0.51,-0.34,3.8,-5.689561734926706,-129.2171819161265,-1.3823676452705558,-2.752804072472816,24.746395369753664,-26.374761813967915,54.86,0.06
FC,2.14,6.39,"Vespi, Nick",663989,ball,R,2,1,-0.17,0.43,0.67,3.47,-3.150209358491729,-127.5564854898116,-1.8639736072113289,-1.283598582049842,24.116297656253955,-27.25678754947619,54.93,0.046
FC,2.19,6.44,"Vespi, Nick",663989,foul,R,2,0,-0.2,0.48,-0.52,2.07,-6.148171616243619,-129.59937955563726,-5.63879038751313,-1.001244446190272,26.81538487926117,-25.751213763975667,54.89,-0.028
FC,2.14,6.44,"Vespi, Nick",663989,ball,R,1,0,-0.37,0.58,-0.85,0.92,-6.403551986746522,-127.9641746247964,-8.414597270744197,-2.8691298588368856,25.16418008175189,-24.33482439058049,54.71,0.024
FC,2.25,6.41,"Vespi, Nick",663989,ball,R,0,0,-0.25,0.52,0.16,1.41,-4.544788739005194,-129.14897126786292,-7.223554881460432,-1.9373008581326852,25.007168024551834,-25.105688741915312,54.74,0.021
CU,2.22,6.42,"Vespi, Nick",663989,called_strike,R,0,2,-0.92,-0.42,0.12,1.99,-2.9042176139498226,-117.38419310709388,-2.342705646608417,-7.870902698035464,23.80748495789097,-35.776425513749075,54.81,-0.223
CU,2.12,6.45,"Vespi, Nick",663989,swinging_strike,R,0,1,-0.85,-0.47,-0.46,1.33,-4.049559285331667,-116.51084041463056,-3.637669213376758,-6.884374214882826,23.49108799502996,-35.90801352863225,54.74,-0.075
FC,2.28,6.43,"Vespi, Nick",663989,called_strike,R,0,0,-0.2,0.52,0.39,1.6,-4.191350234032967,-130.70135282830336,-7.020045399986046,-1.468602613636004,27.149399763703883,-24.9157590312102,54.78,-0.047
FC,2.06,6.45,"Vespi, Nick",663989,hit_into_play,R,0,1,-0.2,0.57,-0.23,1.52,-5.17957032519642,-130.29553166523365,-7.325337891035472,-1.165017256021277,26.802729843239923,-24.3296891162054,54.83,0.443
FC,2.34,6.43,"Vespi, Nick",663989,swinging_strike,R,0,0,-0.1,0.52,-1.0,1.35,-7.870422003947306,-128.9891080565701,-7.435476182490751,0.4003684863786918,24.469850353797323,-25.050606511155905,54.84,-0.024
SL,2.61,6.3,"Vespi, Nick",663989,hit_into_play,R,0,1,-0.92,0.11,-0.21,2.01,-4.614303780103311,-120.83047488782474,-3.5643536786202,-8.224932583762394,22.381737756999087,-30.59674353288965,54.81,1.024
CU,2.27,6.45,"Vespi, Nick",663989,foul,R,0,0,-1.06,-0.52,-0.47,1.49,-3.974907631681275,-115.82736926652154,-3.104295753659641,-8.747158321391895,22.85181635114864,-36.41284796329769,54.74,-0.024
SL,2.4,6.37,"Vespi, Nick",663989,hit_into_play,L,0,0,-0.78,0.49,-0.68,2.37,-5.659786986374432,-125.24773595125906,-4.262959512489558,-7.332482227293048,22.11362516107864,-26.43843113193286,54.75,0.703
FC,2.18,6.51,"Vespi, Nick",663989,hit_into_play,R,0,1,-0.22,0.39,-0.09,2.26,-5.06118416502527,-130.27688905118646,-5.328137591044547,-1.684799465457979,22.736249393542064,-26.918112123303025,54.95,1.033
FC,2.31,6.47,"Vespi, Nick",663989,called_strike,R,0,0,-0.21,0.46,0.39,3.32,-4.206682914971871,-129.04526967808363,-2.713163811037897,-1.722430505292473,21.399842467938992,-26.66268429599506,54.95,-0.051
FC,2.25,6.44,"Vespi, Nick",663989,hit_into_play,R,2,0,-0.12,0.67,-0.39,1.95,-6.186956418427495,-130.31820159713945,-6.514562653208992,-0.2841246312131937,22.680173949120032,-23.447573775156837,54.91,0.532
FC,2.22,6.38,"Vespi, Nick",663989,ball,R,1,0,-0.01,0.44,-1.25,1.44,-8.39064068480904,-129.43029600229295,-7.008337008708358,1.424111702972707,23.49163252978093,-26.025507052514712,54.85,0.064
FC,2.24,6.54,"Vespi, Nick",663989,ball,R,0,0,-0.03,0.57,0.52,3.73,-4.116298760720348,-130.49114358402386,-2.192616286667114,0.4430099594548226,24.669431620301783,-25.359903048450708,54.94,0.032
SL,2.53,6.38,"Vespi, Nick",663989,hit_into_play,R,3,2,-0.84,-0.37,0.03,1.79,-4.067143990089384,-121.82098437277408,-3.4519021694187098,-7.623618199796537,23.387652721356726,-35.3647564563302,54.77,-0.441
FC,2.39,6.47,"Vespi, Nick",663989,foul,R,3,2,-0.11,0.42,-0.49,2.66,-6.7920645424507695,-130.33339382730568,-4.337013542279703,-0.0546132550131676,23.076541102852534,-26.74222999627263,54.77,0.0
FC,2.36,6.44,"Vespi, Nick",663989,foul_tip,R,3,1,-0.07,0.42,-0.83,2.53,-7.673131513152793,-130.6360335591519,-4.60186952243572,0.7007723314432218,24.909633103451466,-26.63092627999677,54.82,-0.131
FC,2.58,6.37,"Vespi, Nick",663989,ball,R,2,1,-0.13,0.49,2.01,4.07,-1.0945587731530964,-127.36420641386783,-0.4844391091431266,-1.2058610280417703,23.24710512358201,-26.90375863921303,54.95,0.083
SL,2.55,6.35,"Vespi, Nick",663989,blocked_ball,R,1,1,-0.79,0.0,-0.88,0.66,-6.3697577501165,-123.08339533567327,-6.884625984168494,-6.850818037142585,23.515399453013394,-30.98392641774601,54.79,0.058
FC,2.56,6.41,"Vespi, Nick",663989,called_strike,R,1,0,0.07,0.59,0.2,1.64,-5.967849233521021,-131.3409607998809,-7.124660261180182,2.067279847145344,27.09448452279549,-24.05156489555943,54.8,-0.058
FC,2.46,6.47,"Vespi, Nick",663989,ball,R,0,0,0.03,0.63,0.08,1.41,-5.843981919924969,-129.7086816481401,-7.658747017975594,1.5635997169816414,26.88699427070989,-23.650672514055987,54.89,0.042
SL,2.2,6.29,"Vespi, Nick",663989,hit_into_play,L,0,0,-0.59,0.39,-1.0,2.17,-6.313889588719521,-124.58286816779396,-4.186372059517267,-4.753584356869919,26.192162311386458,-27.41273942276747,54.77,-0.1
SL,2.35,6.28,"Vespi, Nick",663989,swinging_strike,R,0,2,-0.87,-0.36,-0.98,1.05,-6.032070675412116,-124.01923004084794,-5.228961008104967,-7.691929240185248,25.299618581304188,-34.965496865410806,54.77,-0.104
FC,2.26,6.37,"Vespi, Nick",663989,foul,R,0,1,-0.03,0.46,-0.57,2.32,-6.893915076446928,-131.69119862862183,-5.154621726837208,0.993340727625728,26.059980600592,-25.96376029624629,54.87,-0.035
FC,2.17,6.37,"Vespi, Nick",663989,foul,R,0,0,0.02,0.37,-0.63,1.79,-6.8816858621228345,-130.4926647613715,-6.115233100515852,1.546241414358569,24.99742728066262,-26.874674366936777,54.82,-0.024
FC,2.4,6.38,"Vespi, Nick",663989,called_strike,R,3,2,-0.25,0.56,0.65,2.54,-3.752044708179448,-130.60380790073643,-4.706112346576644,-2.146884660334118,24.884757946632867,-25.05260971620677,54.92,-0.297
SL,2.27,6.35,"Vespi, Nick",663989,ball,R,2,2,-0.77,-0.04,-1.44,2.7,-7.10154280837923,-123.89372349834608,-2.175643121420169,-6.554611302508117,24.06229571267272,-32.365746020421845,54.77,0.093
SL,2.62,6.29,"Vespi, Nick",663989,foul,R,2,2,-0.74,0.11,-0.43,1.35,-5.508793748782519,-121.21596384094066,-5.11024147605775,-6.300926495221578,22.40928276141425,-30.29118458718758,54.74,0.0
FC,2.33,6.4,"Vespi, Nick",663989,foul,R,2,1,0.02,0.54,-0.91,2.63,-7.917894936847994,-129.93478240111625,-4.468267374356996,1.6434138259865168,23.033109464374395,-25.362829831414345,54.79,-0.063
FC,2.43,6.43,"Vespi, Nick",663989,called_strike,R,2,0,-0.16,0.54,-0.42,3.01,-6.662976214954215,-131.3433984471355,-3.710871176620561,-0.4644015096644067,26.551026280854725,-25.315539601379395,54.87,-0.057
FC,2.24,6.41,"Vespi, Nick",663989,ball,R,1,0,-0.41,0.46,-1.64,0.43,-8.66564405508677,-130.63621852196246,-9.76390070351067,-2.957933738726797,25.9324895671765,-25.024096413779542,54.73,0.064
FC,2.2,6.46,"Vespi, Nick",663989,ball,R,0,0,-0.11,0.71,-2.27,0.67,-10.854159412381236,-131.9836130732248,-10.040088492629003,0.9082845764391804,26.509739993277908,-21.91947198365669,54.65,0.032
FC,1.97,6.5,"Vespi, Nick",663989,hit_into_play,R,1,1,-0.36,0.47,-0.79,2.98,-6.019739953914092,-131.2034510517744,-3.7960202423953153,-2.9321912795741625,27.14903362077417,-26.11054671907701,54.81,-0.097
CU,2.07,6.52,"Vespi, Nick",663989,swinging_strike,R,1,0,-0.87,-0.37,-0.37,2.07,-3.7582329703188986,-118.13969886629322,-2.6416825893583185,-7.431439022677404,22.31966960791484,-35.3133849344538,54.69,-0.019
FC,2.17,6.54,"Vespi, Nick",663989,ball,R,0,0,-0.25,0.65,1.02,3.99,-2.3165110869873096,-132.1437903887128,-1.8935234518496824,-2.522741013241065,25.546043533092718,-24.378004964910765,54.86,0.016
FC,1.91,6.52,"Vespi, Nick",663989,hit_into_play,R,0,1,-0.08,0.89,-1.19,3.02,-7.560570125258416,-132.7278408790262,-4.841796030395135,0.4813772696252078,24.844351586143944,-20.785323442521765,54.75,-0.139
CU,2.18,6.5,"Vespi, Nick",663989,foul,R,0,0,-0.7,-0.31,0.11,2.35,-3.239615297426061,-116.68680463203044,-1.853347812696186,-5.747896708363169,22.284217132087218,-34.90639307493964,54.77,-0.024
SL,2.51,6.29,"Vespi, Nick",663989,swinging_strike,L,1,2,-0.81,0.32,-0.66,1.84,-5.768808980772112,-123.88238037906233,-4.776515690400789,-7.322999480323423,22.82663811576537,-28.19835590645349,54.77,-0.168
CU,2.14,6.54,"Vespi, Nick",663989,called_strike,L,1,1,-1.17,-0.38,0.11,3.36,-2.2692518060900784,-117.05931561001888,0.351044503284686,-10.273342800009877,22.845146504997363,-35.95523684691099,54.77,-0.049
CU,2.06,6.55,"Vespi, Nick",663989,ball,L,0,1,-1.19,-0.18,-0.73,3.05,-3.898712738860648,-117.183147184415,-0.7686901839225855,-10.19344535945896,22.362673406069234,-33.86652162693481,54.8,0.021
FC,2.18,6.5,"Vespi, Nick",663989,called_strike,L,0,0,0.19,0.64,-0.09,2.45,-6.022115973203673,-132.50813236039951,-5.631203997429777,3.417458166410763,25.93862290502239,-23.681690556224314,54.71,-0.032
FC,2.1,6.6,"Vespi, Nick",663989,hit_into_play,R,3,2,-0.26,0.6,0.01,2.13,-4.539710662227753,-130.66224582338518,-6.244717549281811,-2.004783535221328,28.871341668036987,-24.205783715636294,54.89,-0.271
FC,2.28,6.61,"Vespi, Nick",663989,called_strike,R,3,1,-0.11,0.66,0.42,3.12,-4.232197534621875,-128.54418359812584,-3.783068380272954,-0.422199565444387,25.47866740285688,-24.26039914054041,54.82,-0.054
SL,2.53,6.39,"Vespi, Nick",663989,blocked_ball,R,2,1,-0.95,0.22,-0.06,0.76,-4.070063554887122,-122.25708499519725,-6.906378020735249,-8.491177806677127,27.898314805435238,-28.65325010909489,54.81,0.058
CU,2.08,6.52,"Vespi, Nick",663989,blocked_ball,R,1,1,-0.92,-0.38,-0.84,-0.48,-4.684316824746255,-117.2664705131014,-7.995597960003017,-7.349814057540293,26.21102675015476,-34.04190014219794,54.67,0.049
FC,2.19,6.55,"Vespi, Nick",663989,swinging_strike,R,1,0,-0.26,0.47,-0.69,1.71,-6.437009726437205,-129.26881852555562,-6.716285669104563,-1.4821766917216632,27.6521553808674,-25.632495318916064,54.76,-0.039
FC,2.08,6.64,"Vespi, Nick",663989,ball,R,0,0,-0.15,0.35,-0.83,3.21,-6.793050139458593,-130.27704365092566,-3.174975115240435,-0.218138165412587,28.34134225558049,-27.66213266100866,54.61,0.027
SL,2.5,6.39,"Vespi, Nick",663989,hit_into_play,R,0,1,-0.8,0.21,-0.34,1.48,-4.992393112853882,-123.33049496360252,-5.546899414001648,-7.300964645623407,22.50956756079201,-29.1851917667138,54.89,-0.173
CU,2.12,6.61,"Vespi, Nick",663989,foul,R,0,0,-0.72,-0.33,-0.3,1.7,-3.9461487572180247,-116.30466239595192,-3.374444775522757,-5.641686739317942,23.870264322512647,-34.70056025365084,54.76,-0.081
SL,2.41,6.41,"Vespi, Nick",663989,hit_into_play,L,0,2,-0.9,0.25,-0.59,2.34,-5.095844167263306,-122.40172186539702,-3.435990132390629,-7.909706896046569,26.77394964223441,-29.19145370224707,54.97,-0.266
SL,2.47,6.45,"Vespi, Nick",663989,foul,L,0,2,-1.0,0.04,-0.96,1.53,-5.95651171376121,-123.4406925388839,-5.122336611479448,-8.793361389645941,28.025871222183596,-30.7861882266307,54.81,0.0
SL,2.38,6.52,"Vespi, Nick",663989,swinging_strike,L,0,1,-0.84,0.21,-0.67,1.04,-5.287869775030065,-120.93277994598871,-6.36289190825736,-6.940139345122581,26.784418354176825,-28.95248906924348,54.9,-0.157
SL,2.55,6.52,"Vespi, Nick",663989,called_strike,L,0,0,-0.78,0.32,-0.35,2.59,-5.091666363705773,-121.88440027219752,-3.225348281530714,-6.597899243555778,26.291825378644383,-28.50651546025016,54.9,-0.093
FC,2.38,6.54,"Vespi, Nick",663989,hit_into_play,R,0,0,-0.25,0.79,-0.28,2.36,-5.929592311602391,-129.30592591320874,-5.777800549896984,-1.48636452752591,28.115685241621648,-22.29071310774676,54.83,0.691
CU,2.23,6.69,"Vespi, Nick",663989,hit_into_play,R,1,1,-1.04,-0.32,-0.04,0.99,-2.949431310801353,-114.56113693921108,-4.827174376267656,-8.460141590860816,23.34131319578672,-34.22778413595992,54.97,0.421
CU,2.24,6.66,"Vespi, Nick",663989,ball,R,0,1,-1.21,-0.17,0.75,3.02,-1.0011270776025605,-115.91923848138671,-0.8520158081468061,-10.60546327793074,24.229359877051724,-33.75450159893578,54.99,0.021
FC,2.27,6.73,"Vespi, Nick",663989,foul,R,0,0,0.07,0.77,-0.31,2.87,-6.456892132318287,-130.39133592339908,-5.090643048912886,2.21952880978376,28.83360712259079,-22.47049465828916,54.84,-0.032
FC,2.1,6.51,"Vespi, Nick",663989,hit_into_play,R,1,2,-0.32,0.38,0.47,2.76,-3.3077985892347423,-130.4130401682513,-4.058299236932702,-3.023590304456385,26.23890440778663,-27.169571089303023,54.83,-0.071
SL,2.39,6.39,"Vespi, Nick",663989,foul,R,1,2,-0.91,0.2,0.14,2.36,-3.386985385978666,-123.15076517052604,-3.326789401742975,-8.432297652942756,27.76677178602919,-29.698156102129765,54.86,0.0
FC,2.31,6.49,"Vespi, Nick",663989,foul_tip,R,1,1,-0.15,0.47,0.08,2.89,-5.147349192193871,-130.90337186305234,-3.924098840147474,-0.5994146207108347,28.17376743383465,-26.14195840066525,54.77,-0.026
FC,2.13,6.52,"Vespi, Nick",663989,ball,R,0,1,-0.06,0.42,0.57,1.2,-3.696229446199456,-130.40009668010688,-7.974788313829686,0.0953922162551327,27.106108846119504,-25.90812375272299,54.7,0.011
CU,2.11,6.63,"Vespi, Nick",663989,called_strike,R,0,0,-1.12,-0.44,0.07,3.21,-2.335912622350381,-115.39253128447244,0.1911142452126673,-9.421535897028813,24.69021535387161,-36.3559731855149,54.83,-0.015
SL,2.41,6.42,"Vespi, Nick",663989,swinging_strike,L,2,2,-0.9,0.23,-0.72,1.88,-5.343500207960062,-120.9709883162862,-4.288877759570536,-7.568686732923145,26.184125204613355,-29.247237849315116,54.9,-0.142
FC,2.23,6.46,"Vespi, Nick",663989,ball,L,1,2,-0.22,0.52,-1.3,1.32,-8.221192631544195,-130.9454056006773,-7.851337441063973,-0.8386559030268282,27.27003626417111,-24.670409727466883,54.67,0.026
FC,2.29,6.54,"Vespi, Nick",663989,ball,L,0,2,-0.21,0.6,-1.25,2.1,-8.21488498792617,-129.9827411863043,-6.112872254254342,-0.6139405838530245,27.928940610327768,-24.27798098962628,54.68,0.013
SL,2.47,6.36,"Vespi, Nick",663989,swinging_strike,L,0,1,-0.92,0.21,-1.28,1.18,-6.751095147431518,-121.24362709114988,-5.736772654018567,-7.459065216684851,27.16203640673687,-29.07527198975784,54.6,-0.035
CU,2.13,6.61,"Vespi, Nick",663989,called_strike,L,0,0,-0.98,-0.44,-0.51,2.51,-3.919916131558508,-115.69554328278912,-1.3450854298306902,-7.874454242739228,23.967714517759955,-36.01354296077441,54.75,-0.024
FC,2.3,6.53,"Vespi, Nick",663989,hit_into_play,R,2,1,-0.16,0.59,-0.36,1.21,-6.173852342696703,-130.27521774336745,-8.32642892298283,-0.5542515748360212,26.9828478644174,-23.9397814429188,54.73,-0.267
CU,2.23,6.53,"Vespi, Nick",663989,ball,R,1,1,-0.88,-0.09,-0.93,1.3,-5.231840023056375,-116.04162215628912,-4.485291913915221,-6.765862019830097,24.250736091645766,-32.271527340089186,54.71,0.05
FC,2.34,6.56,"Vespi, Nick",663989,called_strike,R,1,0,-0.22,0.55,0.78,3.36,-3.2884204280276026,-128.27183672880403,-2.790969027604123,-1.7225282298926938,27.79166013160424,-25.7374322031062,54.78,-0.044
FC,2.21,6.64,"Vespi, Nick",663989,ball,R,0,0,-0.23,0.4,0.75,3.6,-3.07812127694011,-130.33354377653217,-2.290240902684243,-1.9222679537069869,29.41578398971768,-27.363992490267204,54.89,0.032
CU,2.07,6.5,"Vespi, Nick",663989,hit_into_play,R,1,0,-1.01,-0.46,0.35,2.2,-1.860475043984791,-115.38411407977004,-1.7250150203922108,-8.621311568718525,22.956762642900017,-36.14203417241491,54.64,-0.116
FC,2.14,6.45,"Vespi, Nick",663989,ball,R,0,0,-0.08,0.4,-1.17,0.58,-7.954461147778358,-130.47892841221088,-9.31481481415155,0.8609258280387442,28.358582657856,-25.749772689538737,54.58,0.016
SL,2.44,6.39,"Vespi, Nick",663989,hit_into_play,R,1,2,-0.95,0.14,-0.55,2.48,-4.971003953676377,-121.24607440701448,-2.712850419249889,-8.156990269240174,26.45787952453657,-30.41880457878745,54.76,-0.116
CU,2.13,6.51,"Vespi, Nick",663989,swinging_strike,R,1,1,-1.02,-0.32,-1.16,0.96,-5.322125886798339,-116.925369135916,-4.883278854226711,-8.133326452360288,24.927488492065773,-34.22735228276735,54.65,-0.04
CU,2.22,6.48,"Vespi, Nick",663989,ball,R,0,1,-0.89,-0.29,1.49,2.48,0.0786624676399261,-115.34028508474128,-1.3408910355529622,-7.878474329875996,24.31828925224043,-34.667783381500506,54.77,0.017
FC,2.21,6.57,"Vespi, Nick",663989,called_strike,R,0,0,0.0,0.42,0.09,3.42,-5.209103213736015,-130.36243241418146,-2.627819864612247,1.1756046665629072,28.661331712241434,-27.08711196358911,54.73,-0.024
FC,2.18,6.6,"Vespi, Nick",663989,hit_into_play,R,2,2,-0.08,0.46,0.07,2.41,-4.999093244423942,-131.14655521940685,-5.374929145585284,0.1122928480302478,27.89922823182125,-25.873102028038517,54.86,-0.204
SL,2.55,6.53,"Vespi, Nick",663989,foul,R,2,2,-0.74,0.04,0.15,3.01,-3.987684380765522,-120.20604575982163,-1.577565892210301,-6.354934686496837,24.16752388118157,-31.68966267964353,54.92,0.0
CU,2.32,6.55,"Vespi, Nick",663989,foul,R,2,1,-1.0,-0.6,-0.45,1.91,-4.206233799351229,-116.65630816441214,-2.3276077789857323,-8.155648943311368,24.352014055045707,-37.36469478411481,54.53,-0.063
FC,2.22,6.59,"Vespi, Nick",663989,foul,R,2,0,-0.14,0.74,-0.85,2.1,-7.179488405006809,-129.8255721029428,-6.546373543107238,-0.1379618968815508,25.94237803634079,-22.589942182370542,54.85,-0.057
FC,2.25,6.55,"Vespi, Nick",663989,ball,R,1,0,-0.07,0.84,-0.19,0.88,-5.843975087276656,-131.19325549649858,-9.836059935340336,0.399235633649562,28.17662673734238,-20.599113325330645,54.63,0.064
CU,2.21,6.58,"Vespi, Nick",663989,ball,R,0,0,-1.15,-0.42,-0.47,1.1,-3.724373624858592,-116.51109786526484,-4.48351064053975,-9.547712896202654,24.915065384314858,-35.20630044451531,54.61,0.032
FC,2.21,6.43,"Vespi, Nick",663989,hit_into_play,R,1,0,-0.28,0.81,-0.18,2.91,-5.242609172942436,-130.1821250086415,-4.337067492776697,-2.1298211757793832,27.435852385259928,-22.264134481695365,54.78,-0.116
FC,2.17,6.44,"Vespi, Nick",663989,ball,R,0,0,-0.03,0.51,-1.02,1.38,-7.8184288286849695,-131.5855233426477,-7.757333211775778,1.2038145610883957,26.428138567413097,-24.79688878199236,54.54,0.016
FC,2.19,6.52,"Vespi, Nick",663989,hit_into_play,R,0,1,-0.02,0.44,0.15,2.98,-4.993080528536935,-131.2644982837928,-3.7578552073606257,0.8165143344830451,27.16865032786846,-26.55350575122003,54.79,-0.139
FC,1.97,6.54,"Vespi, Nick",663989,swinging_strike,R,0,0,-0.08,0.49,-1.25,1.79,-7.694431421982961,-129.7472038077817,-6.645671256938202,0.744401882113228,27.179931622550185,-25.42782424809109,54.62,-0.024
FC,2.39,6.48,"Vespi, Nick",663989,hit_into_play,L,3,2,-0.24,0.57,0.41,2.96,-4.298299243772849,-129.63958352296123,-3.7682303704959863,-1.816303122878711,27.1748172318767,-25.183486809797834,54.8,-0.297
FC,2.3,6.49,"Vespi, Nick",663989,foul,L,3,2,-0.31,0.51,-0.1,3.36,-5.254752577689148,-130.902278756541,-2.894804884959879,-2.516366098906257,25.566552851468604,-25.871682780603063,54.73,0.0
FC,2.27,6.51,"Vespi, Nick",663989,foul,L,3,1,0.02,0.66,0.82,3.23,-3.612591966757229,-131.43615526334688,-3.676186081374343,0.9001668850917794,24.172655112415462,-23.90416151594187,54.7,-0.078
FC,2.25,6.53,"Vespi, Nick",663989,called_strike,L,3,0,-0.05,0.59,-0.97,2.09,-7.773409081821807,-130.42533513462982,-6.214495580422756,1.0191328439891674,26.313303275720006,-24.28837879904593,54.79,-0.083
FC,2.28,6.45,"Vespi, Nick",663989,ball,L,2,0,-0.04,0.55,-1.47,1.57,-9.161693800862905,-130.67347271123674,-7.230858269185346,1.5041406264920374,27.847373231108573,-24.528916055916568,54.53,0.133
FC,2.18,6.55,"Vespi, Nick",663989,ball,L,1,0,0.06,0.86,-3.08,1.13,-13.026251098128014,-130.64727413419604,-9.239905939155236,3.3732300390664127,26.46541436113573,-20.379994131965255,54.7,0.064
FC,2.08,6.59,"Vespi, Nick",663989,ball,L,0,0,0.05,0.62,-1.07,3.07,-7.844056720432476,-130.91945315824836,-4.057865941457692,2.2517543223902887,27.50331696553207,-24.31665558741808,54.75,0.032
FC,2.18,6.52,"Vespi, Nick",663989,hit_into_play,L,2,2,-0.03,0.47,0.15,3.51,-4.845150014836388,-129.01107499744504,-2.246956086134059,0.6772040405519771,27.94840741230528,-26.616826742465182,54.81,-0.088
CU,1.79,6.58,"Vespi, Nick",663989,ball,L,1,2,-0.98,-0.72,-0.44,1.44,-3.04310663578083,-115.8257002190412,-3.068922812675009,-8.035118132504927,25.2951400068666,-38.13600792774196,54.64,0.018
SL,2.2,6.35,"Vespi, Nick",663989,foul,L,1,2,-0.82,0.01,-0.78,1.78,-5.269102503550213,-123.40079088476794,-4.310869114528864,-7.351537352433067,24.90805814534885,-31.420757728642847,54.69,0.0
CU,2.03,6.58,"Vespi, Nick",663989,foul,L,1,1,-1.0,-0.26,-0.08,2.59,-2.7366110871338023,-116.19728050651882,-1.4503994879541184,-8.301592715971553,25.475549432315884,-34.447897339487014,54.76,-0.026
FC,2.04,6.52,"Vespi, Nick",663989,called_strike,L,1,0,-0.19,0.46,-0.62,1.53,-6.100511451732335,-130.31496518232888,-7.212813337301882,-0.8596107585996156,27.593229906114,-25.61588899720747,54.83,-0.019
SL,2.38,6.39,"Vespi, Nick",663989,ball,L,0,0,-0.6,-0.19,0.25,1.44,-3.715185143216112,-122.4283331435487,-4.63688467772686,-5.185548399264212,25.606716713979164,-33.37225953558815,54.79,0.016
FC,1.91,6.56,"Vespi, Nick",663989,hit_into_play,R,1,2,-0.18,0.59,-1.19,2.29,-7.317023377176822,-132.17835540508395,-6.033421225735959,-0.5950433263970012,27.018784638913875,-24.11479686897013,54.67,-0.116
CU,2.08,6.53,"Vespi, Nick",663989,ball,R,0,2,-0.57,-0.6,-0.18,0.08,-3.8499085774131783,-115.99955588649163,-6.183524020386801,-4.323134034504332,24.56001452800352,-36.47747049253281,54.64,0.013
SL,2.42,6.47,"Vespi, Nick",663989,foul,R,0,1,-0.49,0.47,-0.46,2.57,-5.7196588704553815,-124.21134429470224,-3.780545928305554,-3.878930410854935,25.916221931970917,-26.724742295402503,54.92,-0.035
CU,2.26,6.58,"Vespi, Nick",663989,called_strike,R,0,0,-0.89,-0.49,-0.12,2.11,-3.5497958298324472,-116.67690684075647,-2.1842795048402763,-7.332836133464769,23.76878819296743,-36.417319316033954,54.76,-0.024
FC,2.16,6.6,"Vespi, Nick",663989,hit_into_play,R,1,1,-0.15,0.69,-0.25,3.38,-5.631869223619617,-132.29944884417776,-3.634368285290504,-0.6591567487225938,27.275147263992476,-23.50034188354611,54.76,-0.216
SL,2.4,6.42,"Vespi, Nick",663989,ball,R,0,1,-0.74,-0.25,-1.83,-0.09,-8.315518118579087,-123.36448173238516,-8.36337350843593,-6.04787119271743,22.58193544344325,-33.3184778089076,54.82,0.021
FC,2.08,6.63,"Vespi, Nick",663989,called_strike,R,0,0,0.09,0.48,-0.27,1.72,-5.990710303328965,-130.92284167903762,-7.184813064669366,2.2913002302460286,26.575934734431648,-25.406494485482032,54.64,-0.032
FC,2.21,6.32,"Vespi, Nick",663989,ball,L,3,0,-0.19,0.54,-1.33,2.05,-8.240458656752557,-130.021963073262,-5.68895574460126,-0.6798739265125813,23.241014396246086,-25.09009198332458,54.7,0.182
FC,2.12,6.4,"Vespi, Nick",663989,ball,L,2,0,0.03,0.56,-1.31,1.18,-8.38531144405923,-129.41171934984249,-7.927258630884085,1.9680587008725352,24.802089091431863,-24.47523460750932,54.73,0.133
FC,2.25,6.37,"Vespi, Nick",663989,ball,L,1,0,-0.26,0.55,-1.63,2.64,-8.747919413406972,-127.60114139850718,-4.052295769334265,-1.2821021625219151,23.517306002519405,-25.50991607626204,54.73,0.064
FC,2.18,6.38,"Vespi, Nick",663989,ball,L,0,0,-0.08,0.44,-1.4,1.86,-8.488684157461783,-128.79342613612437,-5.873367364562378,0.7399620393396779,24.436661841802568,-26.282100395668344,54.76,0.032
SL,2.27,6.17,"Vespi, Nick",663989,swinging_strike,L,1,2,-0.83,0.06,-1.58,1.34,-7.152682746458297,-121.1932538519683,-4.713058114991803,-6.718463348739536,24.620957495695908,-30.77885098048077,54.52,-0.236
FC,2.18,6.38,"Vespi, Nick",663989,foul,L,1,1,-0.08,0.7,1.01,3.13,-2.692178532681196,-129.71655374382738,-3.447541549699721,-0.369170758228914,23.93500846971446,-23.77448977004209,54.75,-0.075
SL,2.49,6.24,"Vespi, Nick",663989,ball,L,0,1,-0.73,0.09,1.08,2.3,-1.7750863940833836,-120.98600288528948,-2.7684951887042564,-6.887491498173926,21.89470616169493,-30.97861603834525,54.65,0.02
SL,2.48,6.23,"Vespi, Nick",663989,called_strike,L,0,0,-0.63,-0.07,-0.54,2.0,-5.665768358711986,-121.54751155734743,-3.1561007128420155,-5.151377905098959,24.26344356557066,-32.400390979513624,54.55,-0.048
FC,1.97,6.4,"Vespi, Nick",663989,hit_into_play,R,0,0,-0.18,0.65,-0.04,2.86,-4.577247791012339,-131.0988667330576,-4.218524408659326,-1.1760077429504885,25.64343234748305,-24.04050364946828,54.55,0.239
CU,2.18,6.48,"Vespi, Nick",663989,swinging_strike,R,0,2,-0.81,-0.29,1.11,1.37,-0.8197640894720506,-117.57864150380422,-4.10894132168237,-7.298853054831736,23.52031750973024,-34.26635937794242,54.71,-0.104
SL,2.35,6.32,"Vespi, Nick",663989,swinging_strike,R,0,1,-1.09,0.4,-1.33,2.11,-6.285616530531643,-121.60388405136293,-3.9704508587132383,-9.364314771693216,25.94250093439017,-27.575842920805737,54.69,-0.035
CU,2.19,6.4,"Vespi, Nick",663989,swinging_strike,R,0,0,-0.46,-0.52,-0.64,0.55,-5.328802332208011,-116.7811737006026,-5.176538099087528,-3.145347686369888,23.552377183131924,-36.03726625295781,54.75,-0.024
FC,2.29,6.4,"Vespi, Nick",663989,hit_into_play,R,1,0,-0.23,0.67,-0.3,2.33,-5.885062924471168,-130.64335108613875,-5.430836231197981,-1.298181782082195,29.248904594884635,-23.481524407557394,54.74,-0.26
FC,2.13,6.45,"Vespi, Nick",663989,ball,R,0,0,-0.01,0.56,-1.05,2.49,-7.704955383148938,-129.4074088793211,-4.804114382535414,1.571440534029152,27.42393619174432,-25.00008508664761,54.77,0.032
CU,2.01,6.34,"Vespi, Nick",663989,hit_into_play,R,1,2,-0.45,-0.4,0.92,1.87,-1.5635695401676182,-118.04848130481052,-2.47720057249445,-3.8038787463294064,26.29566047775125,-35.53584852129614,54.81,-0.169
CU,2.01,6.36,"Vespi, Nick",663989,foul,R,1,2,-0.81,-0.3,-0.41,1.07,-3.814019108721206,-117.58991922940668,-4.580904922557795,-6.83356395241606,20.993080744767187,-34.3370155251278,54.69,0.0
FC,2.26,6.35,"Vespi, Nick",663989,ball,R,0,2,-0.29,0.4,0.87,3.65,-2.744660213549957,-128.24530749994432,-1.2514244865997637,-2.617322610776182,27.21176770847223,-27.772023486772788,54.83,0.026
SL,2.44,6.22,"Vespi, Nick",663989,foul,R,0,1,-0.75,0.17,-0.41,1.83,-5.04641982255435,-121.74778958266243,-3.981500900933009,-6.37087255648896,25.663081446244668,-29.854622457301986,54.8,-0.045
FC,2.16,6.37,"Vespi, Nick",663989,foul,R,0,0,-0.01,0.46,-0.41,2.34,-6.199005123669436,-128.6263455454363,-4.675722159309537,1.2099238764242572,26.638064167761215,-26.26573517281512,54.72,-0.042
FC,2.18,6.37,"Vespi, Nick",663989,hit_into_play,R,0,1,-0.02,0.59,-0.13,2.2,-5.611496839127963,-130.83247156828332,-5.554296715471181,0.8935448224400062,27.224601651615128,-24.451701086003155,54.76,0.144
SL,2.42,6.18,"Vespi, Nick",663989,foul,R,0,0,-0.78,0.13,-0.27,1.21,-4.666723205997762,-123.07039816723216,-5.507186568599637,-7.110644021806545,23.031970316657365,-29.99052818395631,54.8,-0.015
CU,2.25,6.36,"Vespi, Nick",663989,hit_into_play,R,1,2,-0.93,-0.53,-0.04,1.11,-3.28468758913342,-116.24134412507767,-3.7983497767394856,-7.740807998476324,22.432964863896583,-36.41117763374861,54.73,-0.116
SL,2.65,6.2,"Vespi, Nick",663989,called_strike,R,1,1,-0.73,0.29,0.64,2.54,-3.1434906918900665,-121.37084183925371,-2.571092098376305,-6.6847397466489245,21.09778785500828,-29.064400606029007,54.97,-0.04
FC,2.44,6.33,"Vespi, Nick",663989,called_strike,R,1,0,-0.06,0.55,0.41,2.67,-4.781220245618571,-129.4589454258248,-4.088983803234,0.1698618299955609,24.003206410059104,-25.394751311184773,54.91,-0.031
FC,2.2,6.34,"Vespi, Nick",663989,ball,R,0,0,-0.17,0.68,-1.81,0.59,-9.40329408367742,-129.2284348877701,-9.417419091745971,-0.0266781556552972,26.18425978517168,-22.78949087826112,54.6,0.024
FC,2.35,6.39,"Vespi, Nick",663989,hit_into_play,R,0,0,0.04,0.52,-0.14,1.94,-6.186420504230462,-130.8471548620573,-6.111073885815222,1.7031576277961558,26.251141503977298,-25.125193634598777,54.83,-0.228
FC,1.98,6.27,"Vespi, Nick",663989,hit_into_play,R,0,1,-0.18,0.69,-0.03,2.57,-4.6102831276587874,-131.82904085501008,-4.834765674000115,-1.3179688950691508,23.982707020621355,-23.37549317186917,54.68,-0.188
FC,1.94,6.39,"Vespi, Nick",663989,called_strike,R,0,0,-0.21,0.61,0.13,2.49,-4.04831549973939,-131.7382822331562,-5.094722073909644,-1.6606252203779543,25.309291608977063,-24.255972168743487,54.75,-0.042
FC,2.08,6.41,"Vespi, Nick",663989,hit_into_play,L,2,0,-0.29,0.48,-0.97,2.43,-6.875627898896964,-130.45200467770266,-4.910805566184983,-2.0991580004549486,22.794277580995384,-25.961933912695496,54.78,-0.48
FC,2.02,6.33,"Vespi, Nick",663989,ball,L,1,0,-0.37,0.52,0.53,3.38,-2.8920790226166413,-131.30866428583306,-2.55387170315772,-3.7680877317672152,23.20495108296313,-25.83901431845344,54.79,0.066
CU,2.09,6.38,"Vespi, Nick",663989,ball,L,0,0,-0.69,-0.3,1.13,3.11,-0.8148085352177143,-117.65500078098287,-0.1876900175930373,-6.323793339446511,19.466027625093883,-35.12187782260939,54.84,0.044
FC,2.06,6.35,"Vespi, Nick",663989,hit_into_play,R,1,2,-0.41,0.62,0.11,3.39,-3.978859368795821,-132.6590471788932,-2.977651591687386,-4.2243958550068825,22.715195569381425,-24.37877934570013,54.8,-0.29
SL,2.3,6.21,"Vespi, Nick",663989,foul,R,1,2,-0.83,0.4,-0.76,2.94,-5.480549677175653,-123.96232924781653,-2.212147806980449,-7.560401430342542,22.929105966622817,-27.80958548592244,54.67,0.0
FC,1.98,6.33,"Vespi, Nick",663989,blocked_ball,R,0,2,-0.23,0.6,-1.42,0.55,-7.99185006129188,-132.6790042768989,-9.924076668909056,-1.236492204651107,24.263497674136552,-23.334174676163407,54.65,0.053
FC,2.35,6.38,"Vespi, Nick",663989,swinging_strike,R,0,1,-0.21,0.24,0.09,2.78,-5.107080977152858,-131.18488824170117,-3.517738525401816,-1.415738776685784,25.47166839632431,-28.886256378068254,54.87,-0.075
FC,1.99,6.41,"Vespi, Nick",663989,swinging_strike,R,0,0,-0.22,0.58,-0.48,2.32,-5.6187198586193965,-131.57146228198368,-5.516055420296518,-1.562343488501481,24.73635470092948,-24.466232116164704,54.86,-0.064
FC,2.16,6.37,"Vespi, Nick",663989,hit_into_play,L,0,0,-0.16,0.56,-0.37,3.03,-5.918001668109324,-131.63951482484703,-3.639521859130308,-0.8002314652407319,23.590017163746072,-25.079608746983645,54.87,0.41
