pitch_type,release_pos_x,release_pos_z,player_name,pitcher,description,stand,balls,strikes,pfx_x,pfx_z,plate_x,plate_z,vx0,vy0,vz0,ax,ay,az,release_pos_y,delta_run_exp
FF,-2.48,6.01,"Vieira, Thyago",600986,ball,R,3,1,-0.71,1.45,-1.06,3.25,5.48080606743141,-140.89509878720978,-5.193343060454802,-10.652737353407655,30.946728812447816,-11.876753892078916,53.63,0.107
SI,-2.61,5.89,"Vieira, Thyago",600986,ball,R,2,1,-1.12,1.1,1.06,1.55,12.350665396110523,-138.48501392576534,-8.358736614515628,-17.16942107689873,30.262772042164176,-16.27162242158904,53.3,0.219
SI,-2.63,5.94,"Vieira, Thyago",600986,called_strike,R,2,0,-1.09,1.12,-0.17,1.63,9.197209595079848,-141.0015314771219,-8.665768076917407,-16.6419807613412,30.884619243308748,-15.447656680484307,53.44,-0.142
SI,-2.62,5.91,"Vieira, Thyago",600986,ball,R,1,0,-1.02,1.08,-0.77,3.67,7.356599437810313,-140.4643862884431,-2.893501451570538,-15.2108886271282,31.568526092460942,-17.348801057379827,53.51,0.141
SL,-2.45,6.02,"Vieira, Thyago",600986,blocked_ball,R,0,0,0.32,0.5,1.08,0.24,8.331001895500723,-132.89245986610456,-9.9795574033309,2.21552067131997,26.117201886215497,-24.319946327477048,53.32,0.093
FF,-2.55,5.96,"Vieira, Thyago",600986,hit_into_play,R,1,0,-0.97,1.42,0.06,2.21,9.394678108249142,-141.66454360330394,-7.934999538483766,-15.23045203150926,32.86148969453441,-11.366071217228644,53.38,2.023
SI,-2.51,5.92,"Vieira, Thyago",600986,ball,R,0,0,-1.01,1.28,0.97,1.31,11.870034658140062,-141.37133473645338,-9.965343167690596,-16.266370802207337,32.01854209421852,-12.81566954823194,53.26,0.036
SI,-2.51,5.89,"Vieira, Thyago",600986,ball,R,3,2,-1.13,1.27,0.41,1.33,10.472834486708305,-139.38030495256868,-9.470776196719994,-17.09658241910512,30.500781510665536,-13.646810710094153,53.26,0.707
FF,-2.25,6.15,"Vieira, Thyago",600986,ball,R,2,2,-1.1,1.56,-0.41,4.5,7.784165867645056,-145.74639953169054,-2.895228234288485,-17.514555874673785,36.37072363162584,-9.487182947911004,53.45,0.239
FF,-2.28,6.05,"Vieira, Thyago",600986,foul,R,2,2,-0.97,1.34,0.31,2.4,9.326922255212247,-141.65603105047256,-7.490922519053977,-15.200353861289138,30.833904998277195,-12.534607766151984,53.43,0.0
SL,-2.31,6.07,"Vieira, Thyago",600986,ball,R,1,2,0.3,0.37,1.22,1.19,8.192902852671022,-129.84824647354063,-6.799569537291633,1.4880668021545889,30.495543130807285,-26.607407051113107,53.35,0.066
SL,-2.27,6.13,"Vieira, Thyago",600986,ball,R,0,2,0.28,0.33,1.1,1.63,7.81008725369312,-129.29728412925942,-5.8089225010348535,1.6148524110860327,25.683662964952376,-27.4221153667596,53.29,0.058
FF,-2.1,6.26,"Vieira, Thyago",600986,foul,R,0,2,-0.88,1.48,-0.33,2.67,6.979375037209497,-143.65637592479308,-7.858712521333688,-13.882136435744204,34.988224954314155,-9.951165871100486,53.54,0.0
FF,-2.3,6.1,"Vieira, Thyago",600986,foul,R,0,1,-1.06,1.42,-0.47,2.23,7.392159742718269,-140.6785863754702,-8.11301769467924,-15.75387458983642,31.758948980238884,-11.61715925491558,53.48,-0.157
SI,-2.48,5.91,"Vieira, Thyago",600986,called_strike,R,0,0,-1.22,1.29,0.16,1.83,10.121644569193116,-142.95533090608487,-8.70914012840948,-19.043875704042357,31.34765973788678,-12.656485205151112,53.46,-0.093
FF,-2.6,6.02,"Vieira, Thyago",600986,ball,L,3,2,-0.98,1.51,0.24,1.22,10.103471420358094,-142.40245711600423,-11.153881203680216,-15.631965714215552,30.98439041428531,-9.212350179041293,53.41,0.377
SI,-2.5,6.0,"Vieira, Thyago",600986,blocked_ball,L,2,2,-1.06,1.2,0.97,0.18,11.908747152268251,-141.71879518516266,-13.105537381047633,-16.933006910144293,31.59780181112754,-13.032613956412195,53.48,0.083
FF,-2.55,6.01,"Vieira, Thyago",600986,foul,L,2,1,-0.91,1.41,-0.37,2.72,8.177317680692667,-143.9544532809987,-6.8965834061143525,-14.571340848300892,33.88875336755528,-11.13454410313647,53.54,-0.074
SL,-2.68,6.01,"Vieira, Thyago",600986,ball,L,1,1,0.03,0.52,-0.52,0.3,5.315190682743192,-129.468814975309,-9.12952330714411,-0.8333152979351547,27.384865436748463,-24.623161563302723,53.59,0.074
FF,-2.39,6.11,"Vieira, Thyago",600986,ball,L,0,1,-1.06,1.52,-1.92,3.23,3.754318986845885,-142.38906413690955,-5.83164232734077,-15.218246020203178,34.556866412724865,-10.41463444657296,53.64,0.057
SI,-2.63,5.94,"Vieira, Thyago",600986,swinging_strike,L,0,0,-1.2,1.52,-0.65,2.47,8.238372207345503,-143.04471347843187,-7.510422931398733,-18.395375995361743,35.42126738636012,-9.781318385929849,53.55,-0.064
FF,-2.48,5.94,"Vieira, Thyago",600986,ball,R,3,1,-0.97,1.46,1.02,1.4,11.81172904008858,-141.9054596111796,-10.227191584786633,-15.85446419348064,33.15904564418301,-10.0766739248947,53.43,0.265
FF,-2.51,6.02,"Vieira, Thyago",600986,called_strike,R,3,0,-0.89,1.46,-0.73,2.4,6.914519126988427,-142.0292178923121,-7.689130364610397,-13.59798090468862,33.12688420048308,-10.747292924173498,53.67,-0.083
SI,-2.61,5.96,"Vieira, Thyago",600986,ball,R,2,0,-1.31,1.06,-0.94,1.72,7.593595396985846,-141.50581830985195,-8.346839296878763,-19.391136893708005,33.38430330060707,-16.20552267562406,53.63,0.133
SI,-2.69,6.04,"Vieira, Thyago",600986,ball,R,1,0,-1.11,1.33,-1.04,1.94,7.0629176416792765,-142.03190315805372,-8.668836076703291,-16.692751326788112,33.21109749577783,-12.292315109168957,53.73,0.064
SI,-2.66,6.02,"Vieira, Thyago",600986,ball,R,0,0,-1.31,1.19,-0.72,0.36,8.330381884525787,-141.99050576025002,-12.587053714049244,-19.64350279947235,33.13902133631654,-13.30232735157916,53.64,0.032
