pitch_type,release_pos_x,release_pos_z,player_name,pitcher,description,stand,balls,strikes,pfx_x,pfx_z,plate_x,plate_z,vx0,vy0,vz0,ax,ay,az,release_pos_y,delta_run_exp
FC,-1.37,6.83,"Wells, Tyler",669330,hit_into_play,R,3,2,0.38,0.56,1.15,2.39,5.248942898056832,-125.43508543788737,-5.4896871585232585,2.983314993179455,23.90140166102067,-25.40301113927527,53.99,-0.131
FF,-1.24,6.86,"Wells, Tyler",669330,foul,R,3,2,-0.23,1.7,-0.05,3.83,3.49359790046715,-132.1750134408483,-5.336508626796783,-3.3829292022852404,27.88668991065473,-11.270279200392592,54.02,0.0
CH,-1.27,6.85,"Wells, Tyler",669330,foul,R,3,2,-1.33,1.07,0.07,2.25,5.758598646601699,-122.33229321895288,-6.437851524643068,-14.513393285995848,23.57277800766678,-20.30145445287462,53.9,0.0
CH,-1.32,6.8,"Wells, Tyler",669330,foul,R,3,2,-1.52,0.98,-0.39,1.81,5.236936666930679,-123.61021454815722,-7.345670118721939,-16.59675569229773,24.523190698558206,-20.85446022150474,54.0,0.0
FC,-1.21,6.84,"Wells, Tyler",669330,foul,R,3,2,0.53,0.97,0.69,2.3,3.5245100156564453,-128.1481746518685,-6.998505243971493,5.252115422233741,24.001266124483298,-20.30549815457425,54.02,0.0
CH,-1.28,6.86,"Wells, Tyler",669330,foul,R,3,1,-1.44,1.23,-0.09,2.43,5.643931005848607,-122.58485117944588,-6.34257895345717,-15.590844229426224,25.026842916050978,-18.71559461403332,54.02,-0.035
CH,-1.29,6.82,"Wells, Tyler",669330,ball,R,2,1,-1.49,1.23,0.38,1.06,6.894549325767273,-123.3581342364314,-9.608845403437634,-16.558097276174983,25.5339472455598,-17.835085680204713,54.02,0.046
FF,-1.08,6.87,"Wells, Tyler",669330,ball,R,1,1,-0.13,1.58,1.48,3.37,6.74936370475899,-132.62011871421754,-6.269598221534968,-3.078215477658381,30.133658025307373,-12.366560530875848,54.08,0.023
CU,-1.01,6.85,"Wells, Tyler",669330,ball,R,0,1,0.92,-0.78,2.38,-0.58,5.467410489256221,-110.5225659090826,-7.029438810164872,6.345710101470721,22.077208532565795,-37.32124538810581,54.1,0.011
FC,-1.29,6.88,"Wells, Tyler",669330,foul,R,0,0,0.63,0.77,0.56,2.88,3.205184580552827,-128.34014525252297,-5.273154581590356,6.339282576865997,25.019022306130573,-22.78695325088813,54.17,-0.015
FC,-1.11,6.87,"Wells, Tyler",669330,swinging_strike,R,3,2,0.68,0.72,-0.12,3.81,0.9928415280617676,-126.571401730172,-2.7099051363441764,7.22333916624014,22.609075350172525,-24.045062356571968,54.18,-0.211
CU,-1.28,6.95,"Wells, Tyler",669330,ball,R,2,2,0.85,-0.93,-0.4,3.58,0.2914998471387002,-107.6307661926967,2.0010630088632237,6.605527210857023,18.058487805485694,-39.95932558906032,54.18,0.069
CH,-1.18,6.77,"Wells, Tyler",669330,ball,R,1,2,-1.26,1.01,1.48,0.83,8.81028525391446,-124.12349867395471,-9.80861924337568,-14.740000699464344,22.790070508732565,-20.00121073479163,53.99,0.026
FC,-1.19,6.9,"Wells, Tyler",669330,foul,R,1,1,0.49,0.74,1.14,2.64,4.574937153263269,-126.30976782843862,-5.526938022905306,4.31833659314693,25.314391115742435,-23.35743382064281,54.1,-0.04
CH,-1.12,6.89,"Wells, Tyler",669330,called_strike,R,1,0,-1.31,1.26,0.74,2.22,6.960119724107821,-122.84129684741774,-7.007860364551147,-14.665439690409254,25.97966540094656,-18.14608930548567,54.02,-0.031
CU,-1.16,6.93,"Wells, Tyler",669330,ball,R,0,0,0.72,-0.92,1.21,1.05,3.6258145515263145,-109.23798838299226,-3.336621265007045,5.061292762534096,20.50835101614608,-39.07369637424867,54.19,0.024
FC,-1.39,6.8,"Wells, Tyler",669330,hit_into_play,R,2,2,0.33,0.85,0.05,1.66,2.814589658912295,-126.8791388166688,-8.01813034686859,3.0273501675471013,23.85620634324731,-21.580903632668274,54.04,-0.204
CU,-1.17,6.88,"Wells, Tyler",669330,ball,R,1,2,0.73,-0.63,1.36,1.19,3.9888876603524848,-110.84149696857028,-3.734403703917504,5.287819195769135,20.78822455214184,-36.87143377944884,54.09,0.036
FF,-1.14,6.88,"Wells, Tyler",669330,foul,R,1,2,-0.07,1.54,0.56,3.66,4.416992092010285,-132.62230498498408,-5.51857709421458,-1.746223139536338,28.70415942224988,-13.043202660960818,54.08,0.0
CH,-1.3,6.82,"Wells, Tyler",669330,foul,R,1,2,-1.47,1.23,0.63,2.38,7.430008656307996,-122.8184991381447,-6.393545878586499,-16.33695542277347,26.608406877622453,-18.594360254307745,54.09,0.0
FC,-1.22,6.86,"Wells, Tyler",669330,foul_bunt,R,1,1,0.55,0.9,1.14,2.2,4.463538029325572,-124.38856370787376,-6.564650993305119,4.875266655446774,23.529125327404053,-21.73224467396933,54.13,-0.049
FF,-1.17,6.92,"Wells, Tyler",669330,ball,R,0,1,0.05,1.42,0.71,4.72,4.602721629049385,-131.76170323530096,-2.56252150375666,-0.477865441687277,29.22301124249127,-15.36978940388905,54.13,0.021
CU,-1.29,6.91,"Wells, Tyler",669330,called_strike,R,0,0,0.73,-1.16,0.2,1.87,1.770876549728038,-108.48362197203504,-1.0724954617843607,5.454389611177564,19.94436296499279,-41.363521166039,54.14,-0.032
CU,-1.04,6.92,"Wells, Tyler",669330,hit_into_play,R,1,2,1.22,-0.83,0.18,3.07,0.3606474805150991,-108.43691612741058,0.7691685103006665,9.57294607018508,19.50382526459148,-39.05873513209558,54.22,-0.169
CU,-1.04,6.93,"Wells, Tyler",669330,swinging_strike,R,1,1,1.17,-0.75,0.05,1.92,0.1844620074440019,-110.07824301301318,-1.9736653150954435,9.411787211661167,20.379753101238563,-38.0819963235617,54.19,-0.048
CU,-1.31,6.9,"Wells, Tyler",669330,swinging_strike,R,1,0,1.12,-0.86,0.91,2.14,2.6272486895433347,-109.43286155123694,-1.1612334735887468,8.454484386712533,20.32129875703753,-39.04197711736126,54.07,-0.039
FC,-1.14,6.89,"Wells, Tyler",669330,ball,R,0,0,0.38,0.37,1.84,1.37,6.331262380634727,-125.79663304521736,-7.761562996267693,2.8877638554427243,23.433527601533093,-26.930975244686746,53.98,0.027
SL,-1.27,6.84,"Wells, Tyler",669330,hit_into_play,R,2,1,0.56,0.2,0.89,2.52,3.9165593772170095,-122.62812370294266,-4.137991780779636,5.011848745555791,21.52061796801057,-29.549803473884197,54.05,0.835
FF,-1.21,6.85,"Wells, Tyler",669330,ball,R,1,1,-0.33,1.59,0.36,4.55,4.6976696390591135,-134.2803097598389,-3.513819674021958,-4.976484549927605,28.577928641370598,-12.306452144983211,54.13,0.074
FC,-1.23,6.91,"Wells, Tyler",669330,called_strike,R,1,0,0.58,0.59,0.77,2.85,3.5695837116798628,-125.71617241244958,-4.693370771744744,5.561199728598573,23.250999407031557,-25.24933731568205,54.05,-0.054
CU,-1.04,6.98,"Wells, Tyler",669330,blocked_ball,R,0,0,0.92,-1.11,1.02,0.99,2.6672649691988406,-110.36737498184948,-3.382638457469314,6.898945557775757,21.775677334111027,-40.731946955744384,54.2,0.035
CH,-1.36,6.79,"Wells, Tyler",669330,hit_into_play,L,2,1,-1.29,1.19,-0.55,1.81,4.496916092630878,-123.7276166052609,-7.73004357636099,-14.126957083689533,26.08675986924932,-18.587461987095537,53.99,-0.371
CH,-1.28,6.81,"Wells, Tyler",669330,called_strike,L,2,0,-1.27,1.23,-0.04,2.36,5.493040340160323,-123.85482887845818,-6.575724612335533,-14.209446023839783,26.709130860187,-18.36155822297291,53.98,-0.057
FF,-1.15,6.89,"Wells, Tyler",669330,ball,L,1,0,0.15,1.43,0.0,3.64,2.616037079761042,-133.4989635133975,-5.461702870400031,1.2232238194889464,28.63255924075345,-14.143787352402722,54.05,0.059
FC,-1.38,6.84,"Wells, Tyler",669330,ball,L,0,0,0.62,0.68,1.06,1.77,4.6811378352425645,-128.94646294872365,-7.829234516424211,6.116083290187056,23.791510704134765,-23.275733672075678,54.04,0.036
SL,-1.23,6.89,"Wells, Tyler",669330,hit_into_play,R,2,2,0.65,0.1,0.26,2.45,2.143882071233812,-120.47314102172987,-3.9307233944957103,6.011146317095776,20.707961412533905,-30.680360700340938,54.08,0.44
SL,-1.17,6.88,"Wells, Tyler",669330,ball,R,1,2,0.52,-0.19,1.44,1.33,4.9720838677228505,-121.0043201807639,-5.935501051109802,4.230641300003236,22.48302658276405,-33.1595589001397,54.12,0.026
CH,-1.22,6.86,"Wells, Tyler",669330,swinging_strike,R,1,1,-1.34,1.06,0.05,1.55,5.743682111086896,-124.37888878394888,-8.442938489566599,-15.100563731009569,24.814959217717632,-19.59918736630101,53.92,-0.04
SL,-1.12,6.88,"Wells, Tyler",669330,ball,R,0,1,0.5,0.18,2.1,0.84,6.500403510632784,-122.5072288494753,-8.07337964951707,3.855013741679049,22.84772382202387,-29.00074132501889,53.97,0.017
CU,-1.23,6.93,"Wells, Tyler",669330,foul,R,0,0,1.12,-1.07,0.49,2.57,1.5599538921838652,-108.11182862397494,0.2374309383359492,8.432597119696918,20.16602287017145,-40.8166565622914,54.11,-0.024
CH,-1.4,6.89,"Wells, Tyler",669330,hit_into_play,L,0,1,-1.3,0.92,-0.63,2.17,4.452771475646011,-124.27286107015124,-6.703087057216792,-14.387178946940042,24.383445267442152,-21.457886385127047,54.03,-0.196
CU,-0.95,6.96,"Wells, Tyler",669330,called_strike,L,0,0,0.73,-0.96,0.32,3.29,1.335516326752493,-108.90277473041742,1.3547489349233672,5.4921476993006655,20.596850095045173,-40.27830227474589,54.21,-0.032
CH,-1.24,6.89,"Wells, Tyler",669330,hit_into_play,R,1,0,-1.55,1.31,-0.42,2.9,5.071087291906664,-124.32283058501334,-5.793929286189363,-17.096705092796757,24.223211077095577,-17.63992496104909,53.97,-0.368
SL,-1.11,6.92,"Wells, Tyler",669330,ball,R,0,0,0.52,0.45,1.24,3.32,4.496776352008565,-124.86915682053464,-3.1434368823961947,4.477538053007929,25.568342217840737,-27.07491801180904,54.18,0.035
SL,-1.14,6.87,"Wells, Tyler",669330,swinging_strike,R,1,2,0.24,0.18,0.98,1.1,4.460934212760932,-123.29396254906516,-7.62110489728313,1.7920333547167169,20.33712502710779,-29.1948247548978,54.07,-0.411
CH,-1.25,6.79,"Wells, Tyler",669330,ball,R,0,2,-1.22,1.32,1.01,1.55,7.8959275784146845,-125.28165726350976,-8.982218303689367,-14.364668355940628,22.92813952584557,-16.609436329003962,53.9,0.043
SL,-1.22,6.89,"Wells, Tyler",669330,foul,R,0,1,0.27,0.18,0.25,2.94,2.922222799667909,-123.17005629356667,-3.312962875857222,2.2817397625971125,20.58334819223904,-29.99175465535617,53.98,-0.143
CU,-1.09,6.94,"Wells, Tyler",669330,swinging_strike,R,0,0,0.76,-0.74,0.94,1.13,2.863861952058988,-109.7617923668692,-3.5659471713754707,5.542329016283202,21.72179153987092,-37.60184641855865,54.1,-0.071
FF,-1.08,6.9,"Wells, Tyler",669330,hit_into_play,R,2,2,-0.43,1.38,0.41,2.52,4.750884167401453,-135.19059925905216,-8.5770351881244,-6.173044850492141,24.34439703011126,-13.581599951386748,54.12,1.351
FF,-1.15,6.84,"Wells, Tyler",669330,foul,R,2,2,-0.37,1.63,0.45,2.86,4.879029126078859,-134.52580181221242,-7.923542027309092,-5.543771202397664,29.88965258250693,-10.859057514425228,53.98,0.0
SL,-1.06,6.94,"Wells, Tyler",669330,foul,R,2,2,0.49,0.26,1.19,2.47,4.243629173860029,-121.62388137086452,-4.474040298780523,4.214366492532103,20.5178635945546,-28.983108847354217,54.15,0.0
SL,-1.2,6.91,"Wells, Tyler",669330,called_strike,R,2,1,0.47,0.41,-0.09,3.16,1.6622163248428132,-124.14365432364276,-3.430007080364533,4.635705028241718,21.622453561566545,-27.45189282133088,54.2,-0.074
SL,-1.09,6.92,"Wells, Tyler",669330,ball,R,1,1,0.53,0.13,0.68,3.51,3.000722141400573,-120.87311536986331,-1.6739084495738092,4.757865638178178,20.881172900285478,-30.7945703642982,54.14,0.058
FC,-1.31,6.87,"Wells, Tyler",669330,ball,R,0,1,0.45,0.72,1.07,1.22,4.901484722252733,-129.7955618325967,-9.49845592298247,4.3636549586885405,22.28397913333456,-22.468087277171456,54.04,0.031
FC,-1.35,6.91,"Wells, Tyler",669330,missed_bunt,R,0,0,0.28,1.32,-0.11,3.91,2.4383101683364714,-129.04069319593913,-4.104354979415678,2.7414320655232216,24.089784644099616,-16.71302759015506,54.14,-0.042
SL,-1.27,6.81,"Wells, Tyler",669330,ball,R,3,2,0.66,0.48,1.23,1.04,4.593946878626724,-124.39614041100914,-8.364319525168462,6.004157446766766,23.018503872788184,-25.83599973716059,53.94,0.219
FF,-1.11,6.91,"Wells, Tyler",669330,ball,R,2,2,-0.36,1.58,0.85,4.32,5.81043887135197,-135.44038128148844,-4.344072485400172,-5.636481522887368,29.3081217676456,-11.980148820138066,54.19,0.069
SL,-1.33,6.83,"Wells, Tyler",669330,ball,R,1,2,0.8,0.3,1.45,1.72,4.946001686012101,-123.97457080785328,-6.3741886483732095,7.429081329049686,23.00036768235601,-28.022513379936765,54.01,0.026
SL,-1.26,6.86,"Wells, Tyler",669330,swinging_strike,R,1,1,0.69,0.61,0.75,0.98,3.3650600672230517,-124.07897059773892,-8.823455910171482,6.53487022095711,22.37965109810567,-24.461984890246367,54.0,-0.04
SL,-1.3,6.89,"Wells, Tyler",669330,called_strike,R,1,0,0.66,0.04,0.48,2.33,2.7729846085135006,-120.11963618449651,-3.993928588686372,5.957925973536651,21.191304802710476,-31.308885258310116,54.08,-0.031
FC,-1.08,6.96,"Wells, Tyler",669330,ball,R,0,0,0.61,0.46,1.23,2.86,4.283394792631684,-126.64483054389316,-4.663800660873837,5.83885590690288,22.553552629987006,-26.57128479404229,54.2,0.024
FF,-1.02,6.94,"Wells, Tyler",669330,hit_into_play,R,0,1,-0.6,1.75,0.4,3.66,4.94170824715862,-134.44966321978197,-6.392301829496816,-8.378097438448986,28.408764316204763,-9.709174552468191,54.11,1.617
FF,-1.11,6.9,"Wells, Tyler",669330,swinging_strike,R,0,0,-0.63,1.64,0.5,2.93,5.533417826218612,-135.2433020071241,-8.040196377670256,-8.915815068222244,28.081675351674324,-10.454003477848008,54.1,-0.047
FF,-1.14,6.87,"Wells, Tyler",669330,hit_into_play,R,3,2,-0.43,1.46,-0.18,2.5,3.406180249736633,-134.5366300999098,-8.535783210902302,-5.924398552901891,28.27616151982129,-12.790362005618974,54.08,0.371
FF,-1.17,6.92,"Wells, Tyler",669330,ball,R,2,2,-0.22,1.61,0.24,4.49,4.08761385488846,-134.9125107024729,-3.94886282272012,-3.53042954508103,29.13847691663685,-11.840567736850836,54.14,0.069
SL,-1.26,6.93,"Wells, Tyler",669330,foul,R,2,1,0.37,0.27,-0.12,3.3,1.896353540985457,-121.32821675424609,-2.4590259632659435,3.275799184459604,23.05983311781468,-29.288488118669918,54.13,-0.051
FF,-1.14,6.95,"Wells, Tyler",669330,ball,R,1,1,-0.17,1.69,1.53,4.6,7.188912470883488,-134.3686728310923,-3.872477749264466,-3.665990989926417,29.351435820923925,-11.042422305043006,54.1,0.037
CU,-1.04,6.94,"Wells, Tyler",669330,ball,R,0,1,0.76,-0.87,2.27,0.64,5.688710971007549,-112.9202941178092,-4.962523932370978,5.500687376546876,20.24950864887241,-38.962527820200336,54.13,0.017
FF,-1.02,6.97,"Wells, Tyler",669330,foul,R,0,0,-0.19,1.64,0.86,2.37,5.214211221684175,-134.96841154801078,-9.605182874268449,-3.387506215283272,27.96552632122633,-10.25231971546017,54.13,-0.024
FF,-1.22,6.92,"Wells, Tyler",669330,hit_into_play,L,2,1,-0.45,1.48,0.14,2.49,4.443550961077812,-134.48402125623664,-8.721730828761405,-6.400700897838629,28.192928499106195,-12.504751152222656,54.19,-0.267
CH,-1.34,6.93,"Wells, Tyler",669330,called_strike,L,2,0,-1.41,0.98,0.11,1.98,6.262669416937261,-124.12076165905756,-7.364937237556569,-15.875366400958788,23.935526368056067,-20.72221045017312,54.02,-0.057
CH,-1.3,6.98,"Wells, Tyler",669330,ball,L,1,0,-1.37,1.02,-0.06,4.14,5.662224421262245,-123.81471786128576,-2.381538834098459,-15.243937760498971,25.059231071725403,-21.406318232877773,54.26,0.064
CU,-1.25,7.01,"Wells, Tyler",669330,ball,L,0,0,0.78,-0.77,0.74,1.37,2.7441819249107318,-109.72459236080944,-3.2003488136897054,5.768572763818152,19.91054315654557,-38.03183020952572,54.27,0.032
FF,-1.09,6.93,"Wells, Tyler",669330,hit_into_play,R,3,1,-0.22,1.73,0.57,3.59,4.70532084275054,-133.8926989738748,-6.413274978455108,-3.69243705413273,28.828597470516254,-10.17119297449029,54.01,-0.324
FF,-1.08,6.88,"Wells, Tyler",669330,called_strike,R,3,0,-0.26,1.57,0.54,2.69,4.707398586159807,-135.03479819720533,-8.41756184701811,-4.166663109677744,27.27348491970178,-11.364935861624414,54.1,-0.047
CH,-1.35,6.92,"Wells, Tyler",669330,ball,R,2,0,-1.24,1.17,-0.67,1.41,4.084654475169027,-123.33657359606588,-8.946457703362539,-13.527533580900007,22.88330548246463,-18.6675818222462,54.03,0.071
SL,-1.26,6.94,"Wells, Tyler",669330,ball,R,1,0,0.68,0.39,1.22,1.37,4.4885770682634645,-124.87423627556244,-7.741559637100987,6.273276244689403,24.38745060862668,-26.80706382205888,54.15,0.044
FF,-1.19,6.91,"Wells, Tyler",669330,ball,R,0,0,-0.29,1.56,0.83,2.86,5.787665754880717,-134.44973097682112,-7.948901870340625,-4.699315880337994,27.98684848243551,-11.68272460342675,54.13,0.027
FF,-1.14,6.93,"Wells, Tyler",669330,hit_into_play,L,2,0,-0.27,1.49,0.12,2.96,3.806579988465935,-134.8238106446831,-7.549707566237193,-4.1051277718701735,31.43708460026389,-12.596380945383356,54.16,0.087
FC,-1.44,6.96,"Wells, Tyler",669330,ball,L,1,0,0.5,0.92,-1.07,3.86,-0.1408074518533864,-128.16674646976136,-3.3418340941595823,5.487408221631899,26.53562787328151,-21.57062201543144,54.27,0.026
FF,-1.11,6.94,"Wells, Tyler",669330,ball,L,0,0,-0.46,1.57,0.14,1.16,4.152033942675977,-133.2636753763742,-12.13195973274449,-6.362848503710229,30.119641648096945,-10.935893165842607,54.12,0.016
FF,-1.1,6.95,"Wells, Tyler",669330,hit_into_play,R,0,1,-0.2,1.68,0.56,2.29,4.68228545226802,-134.8072094917692,-9.776414754554049,-3.5009399984464222,29.68334572024955,-9.740440216026723,54.16,-0.139
SL,-1.36,6.95,"Wells, Tyler",669330,swinging_strike,R,0,0,0.47,0.25,1.03,1.46,4.693657513674759,-124.72260698548244,-7.22866056343277,3.939670275823607,24.93499685815426,-28.26299090260176,54.15,-0.024
FF,-1.14,6.92,"Wells, Tyler",669330,swinging_strike,R,3,2,-0.28,1.73,0.67,2.51,5.259159209049111,-134.73160885701668,-9.260731145119207,-4.5652229764380055,28.733750478293924,-9.302939657753804,54.03,-0.297
SL,-1.23,6.97,"Wells, Tyler",669330,ball,R,2,2,0.39,0.1,1.24,1.31,4.957213244985919,-122.86122632358273,-7.0566301110296585,3.0490909051486352,23.08801978193292,-30.027774536858438,54.25,0.093
FF,-0.96,6.98,"Wells, Tyler",669330,ball,R,1,2,-0.19,1.65,1.6,2.32,6.906069620866847,-133.75782405796323,-9.594845933774025,-3.656687275043596,27.60703813453493,-10.4420392474267,54.15,0.036
FF,-1.16,6.95,"Wells, Tyler",669330,foul,R,1,2,-0.43,1.46,0.04,3.13,4.011272725099251,-135.01419271095733,-7.221199406729605,-6.041018903606826,27.361220331520784,-12.943880604934636,54.22,0.0
SL,-1.31,6.98,"Wells, Tyler",669330,foul,R,1,1,0.58,0.25,0.27,1.91,2.532251871727965,-122.95974239492146,-6.034062291240117,5.542253443109184,20.265317918338702,-28.8078210943127,54.33,-0.049
FF,-1.27,6.99,"Wells, Tyler",669330,called_strike,R,1,0,-0.34,1.58,0.32,3.06,4.751472061331219,-133.14998998894234,-7.500078814736176,-4.9865196289880975,26.25484236487228,-11.89936677476032,54.2,-0.044
FF,-1.13,7.07,"Wells, Tyler",669330,ball,R,0,0,-0.43,1.63,-0.36,3.8,2.855209980339803,-133.24146095786753,-5.908274074409234,-5.673376524137121,27.443304527595306,-11.649942851972028,54.29,0.032
CU,-1.12,6.83,"Wells, Tyler",669330,hit_into_play,R,1,1,0.72,-0.79,0.23,2.15,1.536522877612496,-110.56301732884172,-1.242547391909011,5.531209942225174,21.88245967956452,-38.58828730770145,54.08,0.506
CU,-1.12,6.81,"Wells, Tyler",669330,ball,R,0,1,0.57,-0.92,0.61,0.72,2.610576447271157,-111.66073680802192,-4.146902184227704,4.244773630789799,22.27204070719776,-39.22290021696307,54.07,0.031
FF,-1.15,6.79,"Wells, Tyler",669330,foul,R,0,0,-0.47,1.71,0.22,3.97,4.506820236089317,-134.30605162721696,-5.01280365216173,-6.714105745105953,34.20211954787644,-10.768033225727148,53.95,-0.042
FF,-1.14,6.81,"Wells, Tyler",669330,ball,L,3,0,-0.16,1.38,1.07,3.23,5.944422777449264,-133.05291371217757,-6.169229753933642,-3.120328567399415,26.90754532608541,-14.695174085315982,53.94,0.113
CH,-1.33,6.74,"Wells, Tyler",669330,ball,L,2,0,-1.44,1.15,-0.42,1.65,5.061297449452906,-124.012898916347,-8.020048958657052,-15.901662418122276,24.14040150050768,-18.910885590600174,53.95,0.086
FC,-1.38,6.8,"Wells, Tyler",669330,ball,L,1,0,0.46,0.87,-0.13,4.49,2.047526504252175,-126.76271633056412,-1.2207528479052927,4.591155037544351,23.572850295365924,-22.658783871125944,53.98,0.045
CU,-1.11,6.82,"Wells, Tyler",669330,ball,L,0,0,0.55,-0.8,0.94,1.74,3.3672943906599926,-112.15281092265188,-2.3687029084841544,4.028075860862186,20.74323346241167,-38.671882324781656,54.06,0.024
FF,-1.25,6.8,"Wells, Tyler",669330,hit_into_play,R,3,2,-0.28,1.64,-0.02,2.76,3.748593957770469,-133.80250947867734,-7.972076692333398,-4.239184496101213,29.79250987044794,-10.924644639607996,53.95,-0.297
CH,-1.22,6.8,"Wells, Tyler",669330,called_strike,R,3,1,-1.4,1.06,0.78,1.98,7.396324225498341,-121.5529965203527,-6.815676648246181,-15.34620695311089,23.71389144396827,-20.471760808837264,53.9,-0.078
FF,-1.27,6.73,"Wells, Tyler",669330,ball,R,2,1,-0.37,1.51,1.43,3.1,7.680326843571328,-134.1027621444277,-6.679191049194554,-6.118406123873737,30.12086711609501,-12.681090928648253,54.07,0.108
CU,-1.02,6.84,"Wells, Tyler",669330,ball,R,1,1,0.68,-1.03,0.0,0.66,0.9191155122827128,-108.91363529989152,-3.715116938090512,5.190902595684554,19.927591443852997,-39.89127329497744,54.22,0.05
CU,-1.03,6.88,"Wells, Tyler",669330,ball,R,0,1,0.72,-1.11,1.14,1.35,3.219825327533226,-109.57876140317651,-2.288340203390449,5.111791539913061,21.716950931250203,-40.83702793417558,54.08,0.021
CU,-1.22,6.93,"Wells, Tyler",669330,called_strike,R,0,0,0.57,-0.71,-0.06,3.09,1.4084465292670294,-110.1285875118836,0.3556182439131645,4.3555899468172505,19.80353425622385,-38.24111512108927,54.25,-0.032
FF,-1.12,6.75,"Wells, Tyler",669330,hit_into_play,L,0,2,-0.59,1.59,0.24,3.75,4.756252510843074,-134.12258179438007,-5.267158064466261,-8.13581500556429,30.32646661752168,-12.02494151616989,53.99,-0.061
FF,-1.32,6.81,"Wells, Tyler",669330,foul,L,0,1,-0.65,1.46,-0.12,2.82,4.498529033187016,-134.4955872491777,-7.552879305136002,-8.903228875064626,29.13783044276618,-13.031183642675826,54.12,-0.024
CU,-1.25,6.89,"Wells, Tyler",669330,called_strike,L,0,0,0.62,-0.64,-0.63,3.15,0.2024043000999648,-112.27113161700372,0.1448478819088783,5.190366574577563,19.406418508645004,-37.80373791246412,54.23,-0.015
CU,-1.09,6.85,"Wells, Tyler",669330,hit_into_play,R,0,1,0.85,-0.44,0.68,2.97,2.206083602720025,-112.29708948023436,-0.5117017364826904,6.826968255553474,20.13875030915394,-36.03730238450863,54.05,-0.139
FF,-1.17,6.86,"Wells, Tyler",669330,called_strike,R,0,0,-0.33,1.61,-0.37,3.13,2.7537093004165394,-133.95463935496173,-7.153660960654218,-4.515749370148237,28.116580389425504,-11.491379503500768,54.0,-0.024
FF,-1.38,6.77,"Wells, Tyler",669330,hit_into_play,L,0,0,-0.52,1.46,-0.21,2.23,4.117642977801031,-134.1971878639454,-8.912348860901938,-7.187992452712373,27.71948747824632,-12.843566215570986,54.16,-0.228
CH,-1.21,6.79,"Wells, Tyler",669330,hit_into_play,L,3,1,-1.51,1.28,-0.84,2.62,3.97639757809614,-126.3557034580862,-6.452964790687199,-16.9418779505922,25.508834758312897,-17.29187564106673,54.14,-0.678
CH,-1.27,6.71,"Wells, Tyler",669330,blocked_ball,L,2,1,-1.32,1.01,-0.73,0.14,3.99950248397376,-126.35760153708752,-11.644660086568418,-14.912889718087856,25.647367976939872,-19.14701957720448,54.08,0.095
FF,-1.1,6.79,"Wells, Tyler",669330,ball,L,1,1,-0.49,1.62,1.28,3.54,7.191056427767671,-135.02322108124068,-6.040983906964525,-7.707301527695465,32.060499956983016,-11.30459134881564,53.92,0.015
FC,-1.27,6.75,"Wells, Tyler",669330,called_strike,L,1,0,0.38,1.04,0.02,2.64,2.390570625537066,-130.5258189020402,-6.355698276856182,3.804706505348798,28.849817502310547,-19.13731716618442,54.09,-0.049
FC,-1.34,6.81,"Wells, Tyler",669330,ball,L,0,0,0.37,0.64,1.05,5.03,5.043300848201604,-128.40050496955422,0.4178558502314135,3.0915078834280103,26.443852115457013,-25.344905019635107,54.14,0.047
FF,-1.11,6.75,"Wells, Tyler",669330,hit_into_play,R,3,1,-0.33,1.63,0.08,2.73,3.777781891686819,-135.0224278221415,-8.048872641733448,-4.917738643084769,31.90042347430961,-10.646331656153531,54.02,-0.523
FF,-0.98,6.77,"Wells, Tyler",669330,ball,R,2,1,-0.2,1.61,1.2,2.08,6.043695372183854,-135.7283869056612,-9.854937122391346,-3.780312676860224,30.39718112259563,-10.289265666805097,54.07,0.115
FF,-1.05,6.78,"Wells, Tyler",669330,foul_tip,R,2,0,-0.29,1.59,-0.06,3.15,3.1583437490730315,-135.15752291410655,-7.016532858369497,-4.2010502717655465,29.635302372769637,-11.373376771209356,54.01,-0.098
CU,-1.14,6.86,"Wells, Tyler",669330,ball,R,1,0,0.85,-0.77,0.47,1.03,1.8635138684056127,-110.75305966848208,-3.7040987774675287,6.553048664342172,22.041364298196665,-37.97070138212335,54.15,0.06
CU,-1.09,6.87,"Wells, Tyler",669330,ball,R,0,0,0.62,-0.63,1.33,1.26,4.032236018192474,-112.49004629442508,-3.7998741257593016,4.485646025580177,21.607092372775085,-37.02450898854706,54.27,0.03
FF,-1.15,6.82,"Wells, Tyler",669330,hit_into_play,R,1,0,-0.29,1.53,-0.22,3.34,3.03210725553166,-134.91935453680634,-6.442949629453777,-4.262896767818023,29.821691020093645,-12.276096887636765,54.13,0.916
FF,-1.02,6.89,"Wells, Tyler",669330,ball,R,0,0,-0.28,1.64,0.31,3.93,3.982328002706825,-133.9359808368817,-5.233848532575945,-4.298776686729354,29.98260018709921,-11.540866039607923,54.17,0.044
CU,-1.07,6.86,"Wells, Tyler",669330,hit_into_play,R,0,2,0.59,-1.09,-0.32,1.32,0.5128644422618548,-109.55650856886926,-2.356145823684012,4.634269395032242,21.157149734386373,-40.69829954585787,54.15,-0.398
FF,-1.14,6.75,"Wells, Tyler",669330,foul,R,0,1,-0.87,1.58,-0.33,3.13,4.008446836159072,-136.4233016242541,-7.12997115046547,-11.792561914719252,30.069983577511177,-11.060435459887335,54.19,-0.075
CU,-1.19,6.9,"Wells, Tyler",669330,swinging_strike,R,0,0,0.73,-0.78,0.15,1.0,1.5183853758304322,-111.38993574476562,-4.018864259193064,5.821277681649916,19.89630188669201,-38.19634849355672,54.2,-0.064
CH,-1.49,6.7,"Wells, Tyler",669330,hit_into_play,L,1,2,-1.28,1.27,-1.14,2.68,3.410019071868902,-124.21431198519748,-5.720673682651839,-13.966065912290924,25.50991092808497,-18.089859838703106,54.07,0.47
CU,-1.18,6.89,"Wells, Tyler",669330,foul,L,1,1,0.55,-0.69,0.27,2.25,2.1197926496643027,-113.50038799922578,-1.8328824441657727,4.407725427983948,20.35569640014303,-38.023055732506585,54.17,-0.049
FC,-1.33,6.84,"Wells, Tyler",669330,ball,L,0,1,0.36,1.14,0.89,4.29,4.700513242448461,-129.64693201535482,-2.661344280450705,3.1785249654808023,24.85163470838098,-18.943689013027104,54.25,0.021
FF,-1.25,6.77,"Wells, Tyler",669330,foul,L,0,0,-0.5,1.57,-0.02,2.16,4.203103122293606,-133.87721478643584,-9.284494464821034,-6.913109424047803,29.023339344836096,-11.472700680377518,54.09,-0.032
FF,-1.11,6.79,"Wells, Tyler",669330,hit_into_play,R,1,2,-0.51,1.63,-0.11,3.81,3.7248856175548815,-136.39648340432188,-5.522072744173815,-7.249294385201454,34.292304333701914,-10.832839456128584,54.07,-0.314
FF,-0.95,6.89,"Wells, Tyler",669330,foul,R,1,1,-0.46,1.5,-0.35,4.12,2.5211804086379264,-134.6464755945808,-4.580039542152981,-6.170202886109299,27.856757245616823,-13.085093167741144,54.19,-0.116
FF,-1.1,6.76,"Wells, Tyler",669330,ball,R,0,1,-0.38,1.59,-1.0,3.11,1.083140367292408,-136.02902636355125,-7.234736775829425,-4.907767801961888,28.185153428716312,-10.987536003921374,54.12,0.057
FF,-1.08,6.85,"Wells, Tyler",669330,swinging_strike,R,0,0,-0.33,1.61,0.85,3.45,5.660689033462806,-134.91736192050774,-6.456171658875298,-5.20464209087173,28.875723655331207,-11.235847718946133,54.09,-0.073
CU,-1.04,6.87,"Wells, Tyler",669330,swinging_strike,L,0,2,0.7,-0.49,0.81,1.88,2.6629409520156107,-112.04401362959088,-2.6944418579549376,5.351124616070835,20.899122324468888,-36.04945694236248,54.18,-0.32
FC,-1.18,6.76,"Wells, Tyler",669330,foul,L,0,1,0.32,1.11,0.23,2.85,2.823328138937615,-130.713557706736,-6.096620982019316,3.141797906685898,26.619516586249837,-18.329990457199635,54.03,-0.079
FF,-1.28,6.77,"Wells, Tyler",669330,foul,L,0,0,-0.59,1.69,-0.41,3.28,3.5727335287304887,-136.22869428551343,-6.95344014206611,-8.209882855371855,33.36035061225447,-9.852984193831931,54.16,-0.083
FF,-0.98,6.82,"Wells, Tyler",669330,foul_tip,R,1,2,-0.52,1.57,-0.05,3.47,3.564539227528823,-136.9872666648176,-6.42213303047734,-7.328084554199959,32.90992227626504,-11.245962880369223,54.17,-0.381
FC,-1.07,6.87,"Wells, Tyler",669330,called_strike,R,1,1,0.47,0.96,0.42,1.75,2.6916740377198507,-129.94766033174955,-8.616299437931639,4.831989862016541,26.3212971100863,-19.73900203781712,54.22,-0.155
FF,-1.15,6.87,"Wells, Tyler",669330,ball,R,0,1,-0.24,1.53,-0.62,4.31,1.8924774600061904,-136.04080474536747,-4.188961911445047,-3.44603925301078,31.88578186601416,-12.541773842355363,54.13,0.056
CU,-1.13,6.89,"Wells, Tyler",669330,foul,R,0,0,0.67,-0.86,-0.63,1.99,-0.1402429436544322,-112.18759032191396,-1.8168311376629,5.645267300201483,22.094745207051652,-39.2624528744872,54.16,-0.093
CH,-1.29,6.74,"Wells, Tyler",669330,ball,L,3,2,-1.22,1.15,0.06,1.18,5.701432535971048,-124.9931534540366,-9.29633360660389,-13.957944228207882,25.02380727334773,-18.46127957724749,53.95,0.377
CU,-1.05,6.86,"Wells, Tyler",669330,blocked_ball,L,2,2,0.72,-1.26,1.21,0.43,3.547173546663521,-113.750923074232,-4.55351520778025,5.430466899905425,24.04473281961676,-42.280806313784495,54.13,0.083
FF,-1.31,6.83,"Wells, Tyler",669330,ball,L,1,2,-0.52,1.56,-0.57,4.25,3.0614978108819364,-136.08693267072636,-4.314604679324999,-7.191482892333664,31.73163188717686,-12.0480748837502,54.15,0.082
CH,-1.23,6.73,"Wells, Tyler",669330,ball,L,0,2,-1.25,1.32,-0.99,1.07,3.1346361599296486,-125.94607020614136,-9.981904650351746,-13.945958712718344,27.875753519866,-16.184616253072154,54.11,0.035
CH,-1.19,6.86,"Wells, Tyler",669330,swinging_strike,L,0,1,-1.29,1.17,-1.35,1.66,2.2258469514255883,-124.01494817867577,-8.226619520876215,-13.691713923463684,26.782967239190597,-18.619748196878,54.1,-0.075
CU,-1.16,6.95,"Wells, Tyler",669330,called_strike,L,0,0,0.57,-0.94,0.87,2.44,3.310532363310821,-113.38821738693149,-1.0315023383864697,4.264478833103133,21.76157159723805,-40.31062220782944,54.23,-0.064
CH,-1.34,6.84,"Wells, Tyler",669330,hit_into_play,L,1,0,-1.47,0.98,-0.65,1.89,4.610454629759635,-124.60247782742728,-7.400060264712638,-16.21689926707991,25.587988716439508,-20.623511528765107,54.08,0.378
CH,-1.38,6.8,"Wells, Tyler",669330,ball,L,0,0,-1.43,0.9,-0.02,1.19,6.119128823734431,-124.48389657944855,-8.806029681572124,-16.138098040119083,24.745551385958784,-21.19352368147404,54.06,0.032
FF,-1.15,6.86,"Wells, Tyler",669330,hit_into_play,R,0,0,-0.58,1.47,0.03,1.94,4.32177849349556,-135.10332328960288,-10.11200873571383,-8.022875939352426,28.526064027282334,-12.153009562562332,53.84,-0.1
FC,-1.31,6.85,"Wells, Tyler",669330,hit_into_play,R,0,1,0.58,0.92,0.29,2.82,2.711504216929952,-129.18566214514914,-5.797951322611207,6.018639036125191,25.283866936056576,-20.906852499736782,53.87,1.912
FF,-1.29,6.79,"Wells, Tyler",669330,called_strike,R,0,0,-0.34,1.76,0.16,2.9,4.496699287255006,-135.43594392819008,-8.111121996889258,-5.161992662868844,31.350243891594648,-8.887388952377382,53.93,-0.042
CU,-1.02,6.92,"Wells, Tyler",669330,swinging_strike,R,0,2,0.55,-1.01,0.16,0.86,1.4910091229211286,-111.68525376900058,-3.9178607625770634,4.267801899921765,21.825151030300685,-40.08137277925606,54.22,-0.194
FF,-1.02,6.85,"Wells, Tyler",669330,foul,R,0,2,-0.5,1.51,0.34,3.99,4.602421526646202,-135.36282027215017,-4.897776737517053,-7.126914441104515,29.58928139294844,-12.767711937708864,53.94,0.0
FF,-1.28,6.79,"Wells, Tyler",669330,foul_tip,R,0,1,-0.43,1.49,-0.43,2.88,3.1667115556325185,-136.05378505718045,-7.677709576699367,-6.046310517922442,29.75306667139272,-12.20668526310665,53.79,-0.059
FC,-1.27,6.83,"Wells, Tyler",669330,called_strike,R,0,0,0.46,0.93,0.04,1.73,2.258835107020276,-129.79090131075358,-8.496528335453963,4.703778722767932,27.347739500560145,-20.074122013254453,53.99,-0.042
FC,-1.27,6.79,"Wells, Tyler",669330,hit_into_play,L,1,2,0.36,0.8,-0.38,3.05,1.4196994067456554,-129.3708437897639,-4.839593357166068,3.795990911995832,25.716337802590036,-22.404648091489776,54.11,0.784
CH,-1.25,6.8,"Wells, Tyler",669330,swinging_strike,L,1,1,-1.47,0.84,-0.66,3.01,4.43732791948662,-125.35305535271704,-4.536164608451213,-16.40046136528467,25.012937805576875,-22.56032696348573,53.55,-0.075
FC,-1.43,6.82,"Wells, Tyler",669330,ball,L,0,1,0.51,0.89,-0.79,1.86,0.501684793220892,-129.15335480548018,-7.93071040505157,5.53718249479817,27.905150387456327,-20.74989379279668,54.16,0.021
FF,-1.26,6.82,"Wells, Tyler",669330,called_strike,L,0,0,-0.45,1.53,0.09,2.41,4.495276455586622,-136.24736376779464,-9.03611222809874,-6.601430854395482,32.090293835891195,-11.246591201629911,53.99,-0.047
SL,-1.24,6.86,"Wells, Tyler",669330,hit_into_play,R,0,1,0.31,0.24,0.27,1.47,2.918617353730968,-123.99610610784364,-6.836896553859669,2.6355191683507395,25.566206796758863,-28.523811075302454,54.04,0.443
FC,-1.37,6.82,"Wells, Tyler",669330,foul,R,0,0,0.36,0.94,-0.24,2.22,2.0513103333425966,-131.0553339028457,-7.48827883952138,3.724967541256168,25.54329208803773,-20.036675720868683,54.16,-0.024
CH,-1.23,6.86,"Wells, Tyler",669330,hit_into_play,L,3,2,-1.22,1.2,-0.53,3.16,4.155264423692795,-124.80337383842848,-4.964373988293687,-13.617227718359548,23.46951763954397,-18.85384756819132,54.08,-0.297
FF,-1.3,6.85,"Wells, Tyler",669330,ball,L,2,2,-0.52,1.55,0.31,3.96,5.272466911765022,-135.04218171602548,-5.044834095926935,-7.530318936112689,28.817991142482978,-12.231728435535446,54.05,0.093
FF,-1.28,6.93,"Wells, Tyler",669330,ball,L,1,2,-0.36,1.58,-0.74,6.14,2.196108236135062,-135.62728587766168,0.3176555262917026,-4.976897949538261,31.21602128140085,-13.08607507036874,54.03,0.036
FF,-1.27,6.83,"Wells, Tyler",669330,foul,L,1,2,-0.56,1.4,-0.36,2.83,3.583045974632462,-135.3729908802916,-7.579947689040066,-7.712604305040227,30.294900000804663,-13.44721899013392,54.11,0.0
CU,-1.17,6.92,"Wells, Tyler",669330,ball,L,0,2,0.72,-0.79,-0.05,0.67,1.0587019502957935,-110.90134272246668,-4.568478704981244,5.670310413107927,22.81566257104376,-37.94791457776627,54.01,0.019
CU,-1.28,6.92,"Wells, Tyler",669330,swinging_strike,L,0,1,0.76,-0.86,0.62,1.56,2.645572866564316,-111.88858539647222,-2.730876778473127,5.780072343021184,22.194274610756334,-39.03734834278794,54.14,-0.047
CU,-1.24,7.01,"Wells, Tyler",669330,called_strike,L,0,0,0.8,-1.01,-0.27,3.39,0.5814167515560582,-109.73407263643492,1.4370379694617574,6.29425563269786,21.01425110662259,-40.81156214550624,54.37,-0.032
FC,-1.37,6.88,"Wells, Tyler",669330,hit_into_play,R,1,0,0.59,0.95,0.46,2.14,3.2194494494476573,-128.23063843689354,-7.413146423068005,5.903295876761896,25.719041556851007,-20.427483973544927,54.1,-0.116
FC,-1.43,6.86,"Wells, Tyler",669330,ball,R,0,0,0.35,0.87,-0.44,4.36,1.695670102246911,-130.4291611936654,-2.031268270935885,3.704271879293144,26.98187122527664,-22.05393155078936,54.25,0.016
CH,-1.31,6.83,"Wells, Tyler",669330,hit_into_play,L,2,2,-1.44,1.19,-0.82,2.05,4.11872422413434,-124.9973935915524,-7.459280350107779,-15.939792386154911,27.409421484309416,-18.315113822509943,53.95,-0.142
FF,-1.28,6.85,"Wells, Tyler",669330,foul,L,2,2,-0.34,1.56,0.05,3.14,4.117905010284075,-134.28729221745365,-6.94720777718608,-5.112754321608063,32.00896323046204,-12.00641161083124,54.24,0.0
FC,-1.31,6.82,"Wells, Tyler",669330,foul,L,2,1,0.48,0.92,-0.03,2.45,2.098421940543836,-127.44677417255912,-6.286756908763003,4.804936801470367,27.58620041848217,-21.09035050008685,54.09,-0.051
FF,-1.25,6.85,"Wells, Tyler",669330,foul,L,2,0,-0.13,1.72,0.41,2.92,4.513839251495103,-133.98209752004843,-7.857244761621175,-2.577427491223896,29.414161501913355,-10.010987218408289,54.2,-0.039
FC,-1.45,6.86,"Wells, Tyler",669330,ball,L,1,0,0.43,0.92,-0.96,2.71,0.3064649614007553,-129.39929224958692,-6.076709182319326,4.728500318062436,26.362076111207475,-20.73390935500084,54.28,0.045
FF,-1.19,6.93,"Wells, Tyler",669330,ball,L,0,0,-0.36,1.78,1.54,1.68,7.662681358412177,-132.95185706115618,-11.195365544335695,-5.889485502481794,28.23230182871004,-8.764052867090657,54.17,0.024
FF,-1.31,6.9,"Wells, Tyler",669330,hit_into_play,L,0,1,-0.58,1.67,-0.08,3.66,4.385304913212327,-134.43628066575366,-6.023034418907288,-7.952020882674777,30.658218575568917,-10.866878713291618,54.33,-0.196
FF,-1.32,6.84,"Wells, Tyler",669330,foul,L,0,0,-0.47,1.68,-0.35,2.45,3.4938899494279814,-134.4465197922468,-8.98472060640085,-6.530265582087804,30.588036957315055,-10.086755091703983,54.22,-0.032
FF,-1.28,6.88,"Wells, Tyler",669330,swinging_strike,R,0,2,-0.7,1.7,0.18,4.47,5.215991560037855,-133.3461328122592,-3.836786293122318,-9.563830180796382,32.68583670374832,-11.376802160355403,54.14,-0.061
FC,-1.33,6.83,"Wells, Tyler",669330,foul_tip,R,0,1,0.2,1.01,0.71,1.52,4.566835236276813,-128.42552797907013,-8.932608301253758,1.1832797586631714,27.76787716760632,-19.303312262209086,54.13,-0.024
CU,-1.22,6.95,"Wells, Tyler",669330,swinging_strike,R,0,0,0.62,-0.54,0.37,2.67,2.2221321490069563,-111.18349039012504,-0.9242996773086783,4.670815799858655,22.22761228980803,-36.70267519101333,54.24,-0.015
FC,-1.28,6.89,"Wells, Tyler",669330,swinging_strike,R,1,2,0.33,0.95,0.36,3.01,3.290969316249737,-128.51756905656302,-5.349526839307472,3.02443581782842,26.37952866869836,-20.75483557530629,54.2,-0.116
CH,-1.37,6.85,"Wells, Tyler",669330,called_strike,R,1,1,-1.41,1.07,0.43,2.94,7.087910094483006,-124.32141365548485,-5.0937566213786845,-15.996475382318676,24.47966006334036,-20.26277165913847,54.05,-0.04
FC,-1.27,6.84,"Wells, Tyler",669330,swinging_strike,R,1,0,0.3,0.98,1.07,1.95,5.076107824716619,-128.9177162777684,-8.000099949436006,2.426917502936184,25.064373419738317,-19.764577025627325,54.04,-0.031
SL,-1.37,6.84,"Wells, Tyler",669330,ball,R,0,0,0.34,0.36,0.79,0.4,4.388188660776926,-123.8180370388364,-9.596347854095548,2.783810970831857,21.69413376386647,-26.937654029742355,54.17,0.024
CH,-1.52,6.74,"Wells, Tyler",669330,called_strike,R,0,2,-1.44,0.98,0.72,1.56,8.244578686821962,-124.72869780776496,-8.064324320316409,-16.665376609813737,22.533189047764036,-20.54234156174743,53.95,-0.149
FF,-1.08,6.91,"Wells, Tyler",669330,swinging_strike,R,0,1,-0.38,1.67,0.22,3.63,4.099188666797909,-132.60774403734015,-5.968007922708722,-5.3694222240155485,26.844275816680646,-11.369092306536835,54.12,-0.047
FC,-1.28,6.88,"Wells, Tyler",669330,called_strike,R,0,0,0.43,1.06,0.17,1.74,2.627641896994172,-128.31926520405594,-8.648120260693391,4.3314084010294165,23.91196353413017,-18.994192423275877,54.23,-0.032
SL,-1.28,6.84,"Wells, Tyler",669330,hit_into_play,L,1,2,0.62,-0.01,0.03,2.26,1.782657353062561,-121.47498636154717,-4.10766335283039,5.798180623980153,22.47869677001182,-31.73775759917225,54.16,-0.071
FC,-1.33,6.81,"Wells, Tyler",669330,called_strike,L,1,1,0.43,0.6,-0.84,3.34,0.304832655104321,-127.166914765888,-3.475233135789589,4.636565733954738,24.6921040109345,-25.17593450429154,54.17,-0.026
CH,-1.41,6.82,"Wells, Tyler",669330,swinging_strike,L,1,0,-1.17,1.14,-0.74,2.63,3.990724374205059,-125.26781514973028,-6.07954079552292,-13.156818616400644,23.59503492666808,-19.160259788654614,54.01,-0.019
FC,-1.4,6.89,"Wells, Tyler",669330,ball,L,0,0,0.65,0.66,-0.26,4.03,1.4142174656665236,-128.10537629629255,-2.275026831734417,7.000583167132672,23.53156221561284,-24.6093228356275,54.18,0.016
SL,-1.21,6.89,"Wells, Tyler",669330,hit_into_play,R,1,2,0.28,-0.37,0.63,1.47,3.617661841995085,-119.6156174062074,-5.09182915545896,2.0537646709013524,21.902091051263437,-34.962325595985405,54.17,-0.116
FF,-1.17,6.83,"Wells, Tyler",669330,foul,R,1,2,-0.35,1.56,0.77,2.49,5.743875065889831,-134.93601034660716,-8.752187168939262,-5.462051099416679,27.40330490472348,-11.449230661893209,54.01,0.0
CH,-1.38,6.88,"Wells, Tyler",669330,swinging_strike,R,1,1,-1.1,1.2,-0.35,1.32,4.621486079545012,-123.47161252380442,-9.129271015042946,-12.173203785367612,23.27287483403231,-18.315838868444008,53.97,-0.04
FC,-1.34,6.84,"Wells, Tyler",669330,ball,R,0,1,0.48,0.52,1.06,2.16,4.774226822080938,-126.52401653364696,-6.238585561264516,4.480696204418575,20.6370221056412,-25.6621525831458,54.18,0.017
FF,-1.12,6.88,"Wells, Tyler",669330,called_strike,R,0,0,-0.45,1.39,0.46,1.72,4.949506924972067,-132.982218434396,-10.15100357931102,-6.333350814742448,27.437428426918448,-13.76280316037054,54.12,-0.024
CU,-1.29,6.92,"Wells, Tyler",669330,hit_into_play,R,0,0,0.78,-0.73,0.81,2.16,3.0465082599381006,-111.50709729713328,-1.699299435330463,5.941047713876473,20.35496222432597,-38.18335800601623,54.02,-0.228
FC,-1.3,6.86,"Wells, Tyler",669330,swinging_strike,R,3,2,0.56,0.91,0.12,3.62,2.3266905865156877,-130.25106880763562,-3.966257493492295,5.901817610836343,25.762654498660847,-21.134036450576332,54.18,-0.131
CH,-1.34,6.81,"Wells, Tyler",669330,foul,R,3,2,-1.32,1.25,-0.43,3.26,4.879207473341621,-125.36594508720106,-4.727797054555256,-14.868754839422838,26.0397554334402,-18.27229116625024,53.93,0.0
FF,-1.34,6.86,"Wells, Tyler",669330,ball,R,2,2,-0.14,1.63,-1.17,4.8,0.7510116595929924,-135.506381418402,-3.117552236003759,-1.8360172708431928,29.588318146853958,-11.59581843660695,54.17,0.043
CH,-1.3,6.77,"Wells, Tyler",669330,ball,R,1,2,-1.59,1.1,0.15,1.37,6.746375082231621,-125.6872771385948,-8.927601403388413,-18.226517871625493,25.569374217528612,-18.819428376275653,53.96,0.018
CH,-1.36,6.77,"Wells, Tyler",669330,ball,R,0,2,-1.42,1.3,1.26,1.8,9.232672478021646,-126.45196475409402,-8.461584583770684,-17.091779223949743,25.9288496416816,-16.591414414304108,53.94,0.009
CU,-1.09,6.9,"Wells, Tyler",669330,foul,R,0,1,0.57,-0.69,0.75,1.95,2.889677662384714,-112.92627646147344,-2.3611083273126106,4.295032877101584,21.90548712274093,-37.78221072340957,54.05,-0.024
FF,-1.14,6.88,"Wells, Tyler",669330,foul,R,0,0,-0.16,1.38,1.01,2.56,5.850209645903746,-135.07645204156472,-8.326581012381185,-3.1555894971264853,28.45711569045945,-13.611998360480351,54.14,-0.015
CH,-1.32,6.73,"Wells, Tyler",669330,swinging_strike,R,2,2,-1.43,1.04,-0.29,1.97,5.413240642829929,-125.67447153215018,-7.269098264502255,-16.239969544324893,25.3716152911685,-19.84783904358056,53.89,-0.142
SL,-1.28,6.92,"Wells, Tyler",669330,ball,R,1,2,0.16,0.1,-0.2,1.13,2.176996676106369,-120.5795438329526,-6.984150574887762,1.1389488847773064,21.976582214708174,-30.085642099953493,54.09,0.026
CH,-1.23,6.77,"Wells, Tyler",669330,ball,R,0,2,-1.41,1.11,1.19,1.67,8.647061373715676,-125.589487318699,-8.265515146350289,-16.642084524244552,23.75606192176293,-18.88625704020737,53.98,0.013
FC,-1.15,6.82,"Wells, Tyler",669330,foul,R,0,2,0.36,0.7,0.83,2.05,4.056300491839696,-127.91836294909642,-6.9214598398983895,3.1277116629420614,25.58754899538677,-23.29343362505493,54.13,0.0
CU,-1.22,6.94,"Wells, Tyler",669330,swinging_strike,R,0,1,0.66,-1.02,-0.97,1.54,-0.6584475001165762,-110.67998290266245,-2.4935135837879567,5.58592711363392,18.544334577215405,-40.34594298437411,54.24,-0.035
FF,-1.15,6.9,"Wells, Tyler",669330,called_strike,R,0,0,-0.53,1.6,-0.4,3.06,3.1033809026413417,-136.31714359926923,-7.78710330493096,-7.327663175187699,26.10886881388093,-10.7594260570138,54.18,-0.024
CH,-1.39,6.78,"Wells, Tyler",669330,hit_into_play,L,1,2,-1.35,1.19,-1.0,1.97,3.7295186252538426,-126.27644787876376,-7.806649996059053,-15.25792004808446,24.886767131179,-18.01866325711824,53.96,-0.168
FC,-1.46,6.82,"Wells, Tyler",669330,foul,L,1,2,0.38,0.59,-1.01,3.39,0.289927222588498,-127.41442626298284,-3.4378154143329125,4.107363850688536,22.6248923748409,-25.26787281498288,54.18,0.0
CU,-1.32,6.92,"Wells, Tyler",669330,foul,L,1,1,0.51,-0.98,0.42,2.29,2.796274893821615,-112.52659389022074,-1.171759428916244,3.894084037510799,19.5154713675044,-40.501733820393845,54.16,-0.049
CH,-1.33,6.83,"Wells, Tyler",669330,foul,L,1,0,-1.32,1.13,-0.95,2.02,3.594745578060764,-125.4150457386409,-7.533130537927627,-14.680312967108463,24.66625215961475,-18.88223323884024,54.11,-0.044
CH,-1.33,6.83,"Wells, Tyler",669330,ball,L,0,0,-1.36,1.16,0.46,0.55,6.988977178223517,-124.1026291877882,-10.898808733704476,-15.415911075421947,24.19078521904432,-18.114834756857217,53.94,0.032
CH,-1.33,6.86,"Wells, Tyler",669330,hit_into_play,R,1,0,-1.46,1.05,-0.83,2.7,4.170245231932825,-125.44137160953112,-5.887181621812369,-16.256358113869297,22.306511532621897,-20.126372707585407,54.03,-0.116
FF,-1.26,6.88,"Wells, Tyler",669330,ball,R,0,0,-0.37,1.55,0.99,3.99,6.549970003453954,-134.46815059938132,-4.949554451652584,-5.85741902447619,27.706374516893817,-12.488322640629214,54.11,0.016
CH,-1.34,6.88,"Wells, Tyler",669330,hit_into_play,R,0,1,-1.45,1.06,-0.08,2.66,6.005457176602739,-126.43817624958182,-6.133049792334614,-16.83080952663401,24.692889377366733,-19.73221352833592,54.03,-0.139
CU,-1.19,6.96,"Wells, Tyler",669330,swinging_strike,R,0,0,0.53,-0.95,0.76,2.19,3.178567256399968,-112.016413929514,-1.3721019464740027,3.820473164425331,22.308431455046414,-40.03416425153375,54.11,-0.024
FF,-1.19,6.91,"Wells, Tyler",669330,foul_tip,R,2,2,-0.45,1.67,0.25,3.08,4.669899259164464,-134.67376946668543,-7.646970828671349,-6.5403130640829295,28.727721662007728,-10.323306013466192,54.09,-0.204
FC,-1.07,6.94,"Wells, Tyler",669330,ball,R,1,2,0.41,0.64,1.46,1.15,5.1749412026957335,-125.1488181503354,-8.76569139026804,3.21447310810969,26.02421776678942,-23.87289480668279,54.16,0.036
CH,-1.39,6.88,"Wells, Tyler",669330,swinging_strike,R,1,1,-1.03,1.13,-0.49,1.75,4.1891962358023145,-123.7093698255345,-7.98536263829525,-11.402860567889372,24.35901402656628,-19.182795282561404,54.14,-0.049
CH,-1.3,6.89,"Wells, Tyler",669330,ball,R,0,1,-1.17,1.18,0.45,0.95,6.468083117957249,-123.9624565673402,-10.08104918238159,-13.337689511641996,23.639297609950237,-18.19138980542284,54.0,0.021
SL,-1.32,6.89,"Wells, Tyler",669330,called_strike,R,0,0,0.23,0.13,0.48,1.72,3.757491340013064,-123.13097863777224,-6.022900121058445,1.6438884080559355,22.18164981704683,-29.931265466762905,54.18,-0.032
CH,-1.38,6.85,"Wells, Tyler",669330,hit_into_play,L,1,2,-1.27,1.28,-0.81,1.89,3.963297489985984,-126.2978963538267,-8.375437753475387,-14.414032495100155,23.870380951716825,-16.978314623264577,54.01,-0.229
CH,-1.41,6.8,"Wells, Tyler",669330,ball,L,0,2,-1.46,1.2,-0.89,0.95,4.267527140403352,-126.28243378416003,-10.331934175388827,-16.49575463702365,24.85778840767094,-17.492185318295917,53.92,0.001
SL,-1.45,6.88,"Wells, Tyler",669330,foul,L,0,2,0.1,0.2,-1.23,3.0,0.3251635682291374,-122.34111517969151,-3.067411586812565,0.908080681440344,21.988148554087225,-29.748868787233235,54.12,0.0
FF,-1.25,6.86,"Wells, Tyler",669330,called_strike,L,0,1,-0.4,1.58,-0.49,2.66,2.857299802830696,-136.1910156721095,-8.600280101615006,-5.599909089989789,29.079728918946603,-10.78390409802806,54.09,-0.137
FC,-1.51,6.87,"Wells, Tyler",669330,called_strike,L,0,0,0.21,1.14,-0.7,2.43,1.562507380009445,-130.67846131764296,-7.403818338342857,2.0507137083783986,28.138211759067797,-17.72576174665938,54.15,-0.102
CU,-1.19,6.94,"Wells, Tyler",669330,hit_into_play,R,0,1,0.53,-1.16,0.05,1.95,1.6671695993564968,-111.54936389049402,-1.362855703620765,4.026803284493862,22.123258120624733,-41.76721011433896,54.11,-0.395
CU,-1.28,6.98,"Wells, Tyler",669330,called_strike,R,0,0,0.72,-0.53,0.65,1.93,2.7623906978216923,-110.96292587433406,-2.625650807591492,5.45449615281052,19.746359472166585,-36.28420441961229,54.16,-0.083
FC,-1.24,6.92,"Wells, Tyler",669330,hit_into_play,R,1,1,0.51,1.03,-0.16,3.12,1.5745983713220515,-128.1867977801665,-5.338838569848424,5.367580647734628,22.263366355959317,-19.96971319475829,54.11,0.957
CH,-1.42,6.87,"Wells, Tyler",669330,ball,R,0,1,-1.22,1.04,-1.42,2.31,2.4958247975273715,-126.23684057072724,-6.944571218448754,-13.62284782555676,22.09026426540135,-19.86959710952947,54.12,0.028
CU,-1.2,6.98,"Wells, Tyler",669330,called_strike,R,0,0,0.34,-0.92,-0.11,1.88,1.656472917844371,-109.90595221684865,-1.805921840920715,2.431717757778888,21.1171542702138,-39.475093047630665,54.25,-0.083
FF,-1.26,6.88,"Wells, Tyler",669330,hit_into_play,R,3,1,-0.4,1.59,0.63,2.66,5.763280712616992,-135.9338653463962,-8.667281980163354,-6.104929485309941,27.48024801798196,-10.797155691920896,54.06,-0.846
FC,-1.3,6.94,"Wells, Tyler",669330,ball,R,2,1,0.5,0.8,0.29,1.37,2.825290130135905,-127.81410375646009,-9.075276881551284,4.985544279565638,24.103056999772583,-21.845840307296776,54.12,0.238
CH,-1.34,6.83,"Wells, Tyler",669330,blocked_ball,R,1,1,-1.31,1.05,0.68,0.77,7.544220655254695,-126.13534131536171,-10.52010244154514,-15.513207578401056,23.872232322167644,-19.0016447475293,53.96,0.129
FC,-1.32,6.93,"Wells, Tyler",669330,foul,R,1,0,0.46,0.64,-0.08,2.24,2.048876774311052,-126.92216237553336,-6.491948509674101,4.598451446890279,23.36528257096163,-24.14779117118709,54.11,-0.125
FF,-1.31,6.93,"Wells, Tyler",669330,ball,R,0,0,-0.52,1.62,-1.28,3.42,1.1988876816293277,-134.55597412831065,-6.689905772577045,-6.548567679956424,28.677186328014137,-11.205934172495237,54.16,0.087
FF,-1.15,6.93,"Wells, Tyler",669330,hit_into_play,R,1,2,-0.53,1.59,-0.09,3.42,3.867874714505666,-134.26544414017246,-6.571618850011826,-7.2816097500526045,29.19248634343404,-11.678676869128454,54.17,0.777
FF,-1.4,6.97,"Wells, Tyler",669330,ball,R,0,2,-0.41,1.54,-0.7,5.35,2.688199462762337,-134.63832687401066,-1.66264218487179,-5.614935377333447,30.081118902026425,-13.31999159112494,54.27,0.053
SL,-1.36,6.97,"Wells, Tyler",669330,swinging_strike,R,0,1,0.42,0.24,0.12,2.52,2.6824356670816294,-125.20740316560982,-4.849089067145063,3.8757481518585433,24.25838778893496,-28.86147505059704,54.24,-0.075
FC,-1.44,6.93,"Wells, Tyler",669330,called_strike,R,0,0,0.51,0.48,0.29,3.47,3.1089482711948544,-127.35095761688548,-3.2064037339897133,4.979009627229615,25.84840810197127,-26.514365594310785,54.26,-0.064
FF,-1.47,6.92,"Wells, Tyler",669330,hit_into_play,L,2,0,-0.78,1.54,-1.09,2.88,2.631105397008878,-133.3465634441087,-7.661550190953486,-9.827760957421932,28.910815950225857,-12.366955389435072,54.16,0.314
FF,-1.26,6.92,"Wells, Tyler",669330,ball,L,1,0,-0.46,1.72,0.89,1.75,6.437290762452897,-133.4537173290183,-10.933745163115407,-6.994692253760602,30.596954399694788,-9.365423165631382,54.05,0.064
CU,-1.29,7.0,"Wells, Tyler",669330,ball,L,0,0,0.88,-1.11,0.75,1.35,2.6774629946793844,-110.2978303125482,-2.6592590121060407,6.608187852478362,21.843549523937867,-40.8360685527395,54.11,0.032
FF,-1.37,6.93,"Wells, Tyler",669330,swinging_strike,R,0,2,-0.53,1.57,-0.14,4.1,4.318128579897549,-135.7190551399418,-4.971383271429486,-7.489385086062935,30.02564298497147,-11.942794051663338,54.08,-0.061
CU,-1.12,6.98,"Wells, Tyler",669330,foul,R,0,2,0.65,-1.2,0.88,0.73,3.033813740629646,-110.53880904574088,-3.8222543846035855,4.728466781375832,21.02736068862849,-41.44705058552216,54.09,0.0
FF,-1.42,6.95,"Wells, Tyler",669330,foul,R,0,1,-0.49,1.63,-0.19,3.04,4.203194201835204,-134.3757225436254,-7.685516970564241,-6.794000352809552,28.836941965681827,-10.963799750241767,54.14,-0.024
FC,-1.3,6.9,"Wells, Tyler",669330,called_strike,R,0,0,0.55,0.77,0.51,2.16,3.2838356877992747,-128.68465265124505,-7.085856196209847,5.422203808135869,27.042357610844025,-22.357623942131458,54.1,-0.015
FF,-1.31,6.94,"Wells, Tyler",669330,hit_into_play,R,0,1,-0.62,1.76,-0.26,2.15,4.040002544613018,-135.47454398169242,-10.360656389336391,-8.508949151692091,31.023739881246232,-8.461160862437445,54.11,1.912
FF,-1.55,6.96,"Wells, Tyler",669330,foul,R,0,0,-0.18,1.65,0.47,3.24,5.51523884482606,-133.84708589867532,-7.157938451438708,-3.3488700318492146,30.28799984043666,-11.022211189918112,54.13,-0.042
FF,-1.33,6.94,"Wells, Tyler",669330,hit_into_play,R,0,1,-0.35,1.56,-0.82,2.74,2.0695646860947,-133.88827003477493,-8.215556906641094,-4.611651645432697,27.493502749604595,-11.874724619967006,54.15,-0.256
FF,-1.43,6.95,"Wells, Tyler",669330,called_strike,R,0,0,-0.38,1.48,0.5,3.75,5.765496350024054,-134.92221292768022,-5.637217195444818,-5.867463021380665,28.53206369454528,-13.100179740590946,54.15,-0.042
CU,-1.45,6.95,"Wells, Tyler",669330,hit_into_play,L,1,1,0.81,-0.98,-0.36,1.51,0.8380119263073456,-111.4500263194986,-2.661012659246297,6.539002227943634,21.326703076392374,-40.0037901977404,54.14,0.273
FF,-1.63,6.94,"Wells, Tyler",669330,foul,L,1,0,-0.58,1.45,-0.48,3.55,4.194640012087768,-135.0930483048603,-6.131071778865141,-7.921887508127996,25.989288623647575,-13.315512920935614,54.17,-0.031
FF,-1.58,6.86,"Wells, Tyler",669330,ball,L,0,0,-0.69,1.6,-1.18,2.26,2.506551610353234,-133.6856272020661,-9.31353759659442,-8.76172852716821,26.6602148057838,-11.227297042336469,54.08,0.024
CU,-1.46,6.97,"Wells, Tyler",669330,hit_into_play,R,0,1,0.78,-0.98,-0.05,1.76,1.5557373006930737,-109.71821777209318,-1.9053263390163824,5.946045636891993,20.58828136194726,-39.93807595947072,54.14,-0.196
FF,-1.52,6.89,"Wells, Tyler",669330,called_strike,R,0,0,-0.44,1.7,-0.19,2.34,4.307778892078206,-133.6950472394902,-9.37663691986336,-6.202487310239957,29.52113588981188,-9.953322177058968,54.11,-0.032
