pitch_type,release_pos_x,release_pos_z,player_name,pitcher,description,stand,balls,strikes,pfx_x,pfx_z,plate_x,plate_z,vx0,vy0,vz0,ax,ay,az,release_pos_y,delta_run_exp
FF,-1.56,6.53,"Campbell, Isaiah",663462,foul_tip,R,0,2,-0.66,1.59,0.1,3.13,5.91925295229733,-139.05931028968817,-6.974481819562561,-9.844143243626476,30.64900500312217,-10.198892986721248,53.83,-0.061
FF,-1.44,6.59,"Campbell, Isaiah",663462,called_strike,R,0,1,-0.46,1.53,0.36,2.17,5.7315696135230025,-137.29616292069878,-9.307198027545825,-7.000505159189774,28.379674717704145,-10.98347210919229,53.81,-0.024
FF,-1.66,6.48,"Campbell, Isaiah",663462,called_strike,R,0,0,-0.55,1.46,0.69,3.33,7.4633673334655874,-138.5925384079152,-5.986173025772851,-8.754613950636928,29.55151379779251,-12.142888318891462,53.78,-0.015
ST,-2.18,6.32,"Campbell, Isaiah",663462,hit_into_play,R,0,0,0.97,-0.19,-0.27,2.85,2.4726942115411146,-118.9254604782637,-0.8708660640422978,8.669439088915235,23.223572146184825,-34.00047200408057,53.95,2.576
SL,-1.92,6.38,"Campbell, Isaiah",663462,hit_into_play,L,0,1,0.59,0.3,0.63,2.12,4.976238784309885,-128.13724683989017,-4.921319943912062,5.612255800666607,24.93502415587101,-28.124071727791243,53.96,1.111
SL,-2.01,6.45,"Campbell, Isaiah",663462,foul,L,0,0,0.41,0.37,-0.24,1.92,3.4417924195066094,-127.37217273194724,-5.641521141453257,3.880124694214636,22.606117295163106,-27.28726580190361,53.99,-0.081
FF,-1.76,6.55,"Campbell, Isaiah",663462,hit_into_play,R,1,2,-0.43,1.52,-0.63,2.74,3.9348168127696375,-137.0887552021695,-7.628706737873188,-6.331343540209059,29.572240494725527,-11.487233363826974,53.88,0.364
FF,-1.71,6.59,"Campbell, Isaiah",663462,swinging_strike,R,1,1,-0.48,1.67,-0.29,2.72,4.813201531194381,-137.57638560275217,-8.186586210222769,-7.158759060727085,30.930056237651108,-9.33553413655735,53.83,-0.048
FF,-1.6,6.65,"Campbell, Isaiah",663462,ball,R,0,1,-0.36,1.56,0.93,4.51,7.45401467624409,-138.07141860776323,-3.4688012360976,-6.231060260987904,28.947276920363947,-11.576887457490004,54.08,0.03
SL,-1.8,6.38,"Campbell, Isaiah",663462,foul,R,0,0,0.37,0.36,1.03,1.97,6.0751630770371055,-126.89307669376592,-5.251380589368459,2.911881406498828,23.314579149905008,-27.43732300898596,54.02,-0.042
SI,-1.83,6.54,"Campbell, Isaiah",663462,hit_into_play,R,0,0,-1.17,0.69,-1.03,2.88,4.492936429168416,-132.34968707998425,-4.795211581879422,-14.732486888048442,26.729313527927008,-23.218299893521053,54.26,-0.1
FF,-1.79,6.58,"Campbell, Isaiah",663462,hit_into_play,L,3,0,-0.09,1.53,0.39,2.3,5.615834339317832,-131.89768410151325,-8.064599266788422,-2.1674872221828374,26.736994942682983,-12.8033621957842,54.23,2.332
FF,-1.91,6.68,"Campbell, Isaiah",663462,ball,L,2,0,-0.11,1.53,-1.28,3.14,1.8346317034751067,-132.9170007442405,-6.351641615467211,-1.70436477925169,26.921167860591883,-12.893776422703985,54.3,0.102
ST,-2.19,6.45,"Campbell, Isaiah",663462,ball,L,1,0,1.5,-0.12,-0.62,3.91,0.6393058964047366,-115.7480510126548,1.4262317642449986,13.359831602538756,21.591805008098437,-33.775163548910335,54.25,0.087
FF,-1.92,6.65,"Campbell, Isaiah",663462,ball,L,0,0,-0.33,1.5,-0.67,3.92,3.812115546345491,-130.96634944249473,-4.031668784561227,-4.59352347004131,25.77590778362081,-14.262277576706982,54.05,0.056
FF,-1.79,6.63,"Campbell, Isaiah",663462,hit_into_play,L,1,1,-0.33,1.66,-0.6,2.52,3.72077307684583,-133.92572713117949,-8.11733752900708,-4.8375301155858255,29.86910062788401,-10.651683275534422,54.57,1.055
ST,-2.25,6.35,"Campbell, Isaiah",663462,swinging_strike,L,1,0,1.47,-0.4,0.46,1.31,3.221450153411004,-117.04229301721892,-3.691318509502729,12.81042773027216,23.911155346898934,-35.34293385391326,53.94,-0.081
ST,-2.27,6.31,"Campbell, Isaiah",663462,ball,L,0,0,1.16,0.19,-0.44,3.36,1.863375734178236,-117.6231931317877,-0.2148639389622254,10.27798558864686,24.527285167622008,-30.65294602978343,54.01,0.056
SL,-1.75,6.56,"Campbell, Isaiah",663462,ball,R,3,1,0.42,0.19,0.99,1.31,5.682016485349639,-125.75043767867918,-6.673630368516575,3.230300272891132,26.55058769773136,-28.924894938707585,54.2,0.079
ST,-2.0,6.43,"Campbell, Isaiah",663462,ball,R,2,1,1.37,-0.24,1.2,1.7,4.569442402948589,-118.1851241074866,-3.40243035975402,11.604041390704287,26.460620750101583,-33.91815521989706,53.86,0.062
SI,-1.74,6.53,"Campbell, Isaiah",663462,ball,R,1,1,-1.29,0.8,-1.08,0.26,4.410519004484124,-132.37840478130238,-11.550810231126668,-16.11888961766059,28.80348437147041,-20.435633771647364,54.11,0.044
ST,-1.95,6.31,"Campbell, Isaiah",663462,foul,R,1,0,1.53,-0.05,0.16,1.99,1.790629501664436,-116.94857359335064,-2.773844267808019,13.645334847035448,23.06270559009494,-32.29311194967037,54.01,-0.049
FF,-1.56,6.68,"Campbell, Isaiah",663462,ball,R,0,0,-0.41,1.49,-0.81,4.06,2.8023018705266134,-134.00092527202253,-4.030756589624821,-5.602562598529976,28.96865020244957,-13.616632096463409,54.11,0.021
ST,-2.38,6.4,"Campbell, Isaiah",663462,hit_into_play,L,0,0,1.37,-0.1,0.19,2.43,3.164146618632257,-119.24748583516782,-2.17577722345316,12.404341165240265,24.23145269944146,-32.927059996062766,54.07,0.239
FF,-1.57,6.65,"Campbell, Isaiah",663462,called_strike,R,1,2,-0.73,1.49,-0.66,3.19,3.97644180286037,-135.65948669541902,-6.381750258697339,-9.887501454302432,31.358975756672503,-12.605826625961624,54.06,-0.116
ST,-2.04,6.36,"Campbell, Isaiah",663462,swinging_strike,R,1,1,1.03,-0.28,0.79,1.86,4.43155156616166,-119.84828391291028,-3.133881630954913,8.957842005413609,24.30980950079687,-34.45242517845305,54.1,-0.04
SL,-1.7,6.58,"Campbell, Isaiah",663462,ball,R,0,1,0.34,0.71,1.14,1.66,6.212010733796909,-128.8921217399653,-7.460996302389605,2.613712499838494,25.742307081513975,-22.90277314422344,54.25,0.017
ST,-2.32,6.43,"Campbell, Isaiah",663462,foul_tip,R,0,0,1.09,0.07,0.4,3.57,4.047051524339568,-119.58146679725525,-0.0501526659618054,9.67941336370462,23.480341510658512,-31.70242953175206,54.19,-0.024
ST,-1.98,6.31,"Campbell, Isaiah",663462,hit_into_play,L,2,2,1.17,-0.39,0.4,2.07,3.1119979264688,-118.61567183806088,-2.1031570675748186,10.308658040918768,24.77763904969029,-35.66391075783362,54.23,-0.204
SL,-2.08,6.42,"Campbell, Isaiah",663462,called_strike,L,2,1,0.01,0.68,-0.66,1.65,3.494585148507177,-130.15274947060223,-7.194509851605585,-0.6917511943086818,28.31966317063534,-23.093784711029382,54.18,-0.063
ST,-2.37,6.36,"Campbell, Isaiah",663462,ball,L,1,1,1.45,-0.08,1.62,2.46,6.171292117687786,-118.92181070815674,-1.9977005080907075,12.37458621560491,24.703324046901425,-32.74822181169835,54.41,0.05
ST,-2.39,6.43,"Campbell, Isaiah",663462,called_strike,L,1,0,0.8,0.04,-0.18,2.39,3.4859595383574,-120.1102978854817,-2.7611955908836707,7.071016499114558,22.91669613147573,-31.463523755665086,54.14,-0.044
FF,-1.81,6.67,"Campbell, Isaiah",663462,ball,L,0,0,-0.43,1.51,-1.57,4.3,1.5439294196095936,-136.1032905161126,-3.684950382087088,-5.624342562563924,30.354290245566155,-12.824972979343674,54.4,0.032
FF,-2.03,6.55,"Campbell, Isaiah",663462,hit_into_play,L,2,2,-0.53,1.49,-0.36,3.59,5.5627793990953736,-137.8092302751452,-5.386358697060707,-7.9394587288990435,31.107537031856147,-12.203711616301486,54.07,1.399
ST,-2.36,6.43,"Campbell, Isaiah",663462,foul,L,2,1,1.5,-0.09,0.53,2.94,3.6055884504642974,-119.32680885785189,-1.09017974102376,13.4711622540072,25.29414757058752,-33.07150627056481,54.52,-0.074
FF,-1.88,6.63,"Campbell, Isaiah",663462,ball,L,1,1,-0.47,1.62,-1.36,3.28,2.379687788686313,-136.76316713490235,-6.521233353518859,-6.474784032815206,31.017324048205897,-10.676582659652228,54.29,0.05
FF,-1.82,6.64,"Campbell, Isaiah",663462,called_strike,L,1,0,-0.46,1.71,-0.44,2.83,4.559104772319444,-135.33750634888315,-7.757813215209205,-6.683469096000752,30.14165932563969,-9.620569559664204,54.12,-0.058
FF,-2.15,6.57,"Campbell, Isaiah",663462,ball,L,0,0,-0.75,1.59,-2.11,2.54,1.7455388424177416,-135.77964790109397,-8.06445457824897,-9.603216552322747,31.285319199046757,-10.953403270627636,54.34,0.06
SL,-2.14,6.44,"Campbell, Isaiah",663462,hit_into_play,L,1,0,0.37,0.38,0.67,2.22,6.152548189391535,-129.23647075641094,-5.104751619819985,2.8832073001531437,26.331409570601657,-27.02292463888464,53.91,-0.37
ST,-2.32,6.23,"Campbell, Isaiah",663462,ball,L,0,0,1.3,-0.46,0.67,0.96,4.265155135764351,-119.38404995827092,-4.371065505856466,11.250316610521091,27.556732647893806,-35.739319315663245,54.07,0.035
ST,-2.41,6.33,"Campbell, Isaiah",663462,hit_into_play,L,1,0,1.12,0.14,0.2,2.29,3.75569574118685,-120.5100470689123,-2.887332710110932,9.878208014887823,28.182024361278746,-30.391611759402977,54.19,-0.211
SL,-2.03,6.46,"Campbell, Isaiah",663462,blocked_ball,L,0,0,0.14,0.5,0.06,0.43,4.85507379859809,-129.66045783401876,-9.903370296880508,0.5815805319072659,26.707704441414027,-24.62200960533256,53.98,0.063
ST,-2.19,6.32,"Campbell, Isaiah",663462,hit_into_play,L,0,1,1.15,-0.21,0.1,1.66,3.0027783631567373,-120.91239910663826,-3.762457570630511,10.557418152369005,25.74988196643335,-33.638984376981185,54.22,-0.349
ST,-2.37,6.28,"Campbell, Isaiah",663462,foul,L,0,0,1.41,0.08,0.27,2.9,3.265180583010921,-119.3698867519582,-1.2740674604818012,12.89461548465692,22.033497011428924,-31.39176614312086,54.22,-0.053
SL,-2.01,6.54,"Campbell, Isaiah",663462,hit_into_play,R,1,0,0.28,-0.14,-0.47,2.52,3.098628368875291,-124.371121500179,-2.9205235408860077,2.2651824002133014,24.676057294496907,-33.23163699621853,54.02,1.039
SL,-2.03,6.51,"Campbell, Isaiah",663462,blocked_ball,R,0,0,0.39,0.29,1.4,0.67,7.467369315359904,-127.24342277408988,-8.592452171778543,2.7877178324847383,25.32295750630563,-27.456663841455345,54.0,0.067
SL,-2.08,6.36,"Campbell, Isaiah",663462,hit_into_play,L,0,1,0.37,0.1,-0.05,2.18,4.151147348295599,-128.4330365423976,-4.316355912249072,3.341205084256464,25.26165295516532,-30.391633538536528,54.27,0.896
SL,-2.13,6.49,"Campbell, Isaiah",663462,foul,L,0,0,0.38,0.15,-0.09,2.78,4.142227844188028,-126.50808921468452,-3.059837581458507,3.2229622218307643,25.29278760751081,-30.153270055840963,53.93,-0.053
SL,-1.98,6.37,"Campbell, Isaiah",663462,hit_into_play,L,1,2,0.35,0.14,-0.42,2.12,3.0092912818128266,-124.41144507147324,-4.133095595798283,3.1324637787454304,21.305136064148552,-30.16728681428528,53.8,0.777
FF,-1.88,6.48,"Campbell, Isaiah",663462,called_strike,L,1,1,-0.41,1.46,-0.37,1.65,4.847692695065299,-137.41512911145293,-10.245745227799665,-6.222315975431542,27.646547192645933,-11.603402252147715,53.94,-0.078
SL,-2.04,6.39,"Campbell, Isaiah",663462,ball,L,0,1,0.04,0.29,0.34,1.06,5.702362090531457,-128.22003917315587,-7.543417620789291,-0.576603261008689,23.053981262937477,-27.692390103043937,54.1,0.057
SL,-2.17,6.4,"Campbell, Isaiah",663462,foul,L,0,0,0.49,0.15,0.6,2.22,5.605978987096746,-125.81521537388238,-4.102958836140131,4.181799143119106,23.575744321651488,-30.02864007461659,54.14,-0.064
SL,-2.0,6.48,"Campbell, Isaiah",663462,hit_into_play,R,1,0,0.35,0.46,0.3,2.17,4.874002359097036,-128.16551936682882,-5.37739514827414,2.9621890616785715,24.06920498256272,-26.28076040921364,54.07,0.378
SL,-2.04,6.45,"Campbell, Isaiah",663462,ball,R,0,0,0.31,0.58,0.83,3.69,6.318580716051397,-127.46947528562347,-1.818177883639288,2.2977804338041072,23.124534994491206,-25.62021721805173,53.88,0.032
ST,-2.24,6.38,"Campbell, Isaiah",663462,hit_into_play,R,1,0,1.19,-0.02,0.35,2.09,3.589667090506345,-121.29990099484904,-3.300790838836857,10.956597117297385,25.58255891182264,-31.94562193629278,54.3,-0.851
ST,-2.35,6.47,"Campbell, Isaiah",663462,ball,R,0,0,0.83,-0.05,-0.27,1.24,3.1432438024708445,-120.79876849665897,-5.401057911709168,7.489604998960193,24.565820491787168,-31.734831036963985,54.2,0.086
SL,-2.32,6.47,"Campbell, Isaiah",663462,blocked_ball,L,3,0,0.41,-0.11,-0.3,-0.26,3.984113391383093,-126.41284851558926,-9.69768010649822,3.565413348942981,25.434739210131063,-31.62988184731308,54.3,0.072
SL,-2.15,6.54,"Campbell, Isaiah",663462,ball,L,2,0,0.4,0.07,-1.33,3.35,1.1210632668637026,-123.75252382672856,-1.3636338228319462,3.9266599671880793,22.352503735754382,-31.35602611938875,54.16,0.102
SL,-2.09,6.64,"Campbell, Isaiah",663462,ball,L,1,0,0.52,0.18,-0.4,1.35,3.027209243732462,-127.76424405676444,-7.057530118863954,5.00150181893599,26.883800315914574,-28.93260777337919,54.08,0.087
SL,-2.08,6.64,"Campbell, Isaiah",663462,ball,L,0,0,0.66,-0.39,-1.1,2.86,0.9564888287220016,-123.14916577968704,-1.663238434549755,6.493882773507626,25.069032565699636,-36.05975141466896,54.36,0.056
SL,-1.88,6.63,"Campbell, Isaiah",663462,hit_into_play,R,2,2,0.43,-0.22,-0.39,2.22,2.6460510478095203,-123.6780340208021,-3.616373227482556,3.937850295402545,23.64889013127155,-33.94473023678735,53.88,1.516
SL,-1.94,6.52,"Campbell, Isaiah",663462,blocked_ball,R,1,2,0.43,-0.17,0.33,0.49,4.55541504022096,-126.55872457905608,-7.942769100637621,3.607312939925518,26.620772632477912,-32.48610697628938,54.12,0.142
SL,-1.91,6.52,"Campbell, Isaiah",663462,swinging_strike,R,1,1,0.3,0.43,0.29,1.02,4.743629148994151,-128.44198842149885,-8.244250754656198,2.458078283711321,25.004409965167856,-25.959523856843838,54.09,-0.145
SL,-1.99,6.57,"Campbell, Isaiah",663462,called_strike,R,1,0,0.43,0.19,0.39,1.72,4.797894788558143,-125.8248565997132,-5.769869580358307,3.6216837682670926,24.11103108457704,-29.19907068421632,54.13,-0.132
SL,-1.81,6.51,"Campbell, Isaiah",663462,blocked_ball,R,0,0,0.56,0.1,0.76,0.41,4.825064285634707,-121.5544124222068,-7.823892125719087,4.5904324364508025,23.451134233724883,-29.84309543983987,54.19,0.086
ST,-2.26,6.53,"Campbell, Isaiah",663462,hit_into_play,R,0,0,1.48,-0.47,0.53,1.68,3.3976340025690823,-117.826530230729,-3.1859972248977866,12.861216049728336,26.059777262317063,-36.0428242059872,54.24,0.909
SL,-1.99,6.51,"Campbell, Isaiah",663462,hit_into_play,L,0,1,0.3,-0.02,-0.32,2.46,3.44899504793333,-128.75932759426257,-3.7517016286006606,2.546028728779109,27.666748497397485,-31.76723535442187,54.31,-0.085
ST,-2.45,6.36,"Campbell, Isaiah",663462,called_strike,L,0,0,1.28,-0.37,-0.73,2.68,1.398753579688241,-117.88589072932513,-0.8077823285606984,11.542755232087586,24.852721404434952,-35.69836805721387,54.22,-0.015
SL,-1.95,6.61,"Campbell, Isaiah",663462,hit_into_play,R,2,0,0.26,-0.25,-0.29,2.34,3.3356138153793657,-122.13678593402616,-2.944925542606049,1.8996360230976224,24.98562695697156,-34.32107772696595,54.07,-0.232
SL,-1.99,6.5,"Campbell, Isaiah",663462,ball,R,1,0,0.22,0.08,1.27,0.46,7.280315702724655,-125.20692644386284,-8.216510551810996,0.8183842071082321,26.47630112456145,-29.721043322347736,54.25,0.045
FF,-1.85,6.58,"Campbell, Isaiah",663462,ball,R,0,0,-0.54,1.68,1.38,1.35,9.50733421233272,-135.8941199431545,-11.431527534797654,-8.793454219748625,30.85140978245586,-8.880544633385016,54.13,0.024
ST,-2.36,6.43,"Campbell, Isaiah",663462,hit_into_play,R,0,0,1.57,-0.36,0.84,1.76,4.068113735108468,-116.25366585764802,-2.796485409911887,13.229051473957686,24.629122646957818,-35.095797594421406,54.25,-0.228
SL,-2.1,6.62,"Campbell, Isaiah",663462,hit_into_play,R,2,2,0.44,0.29,0.63,1.41,5.633275775399821,-126.43777876315907,-6.864561037474287,3.497002159706702,26.525600309663577,-27.835580102130976,54.3,-0.259
SL,-2.1,6.52,"Campbell, Isaiah",663462,ball,R,1,2,0.83,0.22,1.25,1.67,6.181078289483436,-123.21383525559688,-5.355477075475281,6.990293713257452,27.125912215261675,-29.00245436046229,54.05,0.032
SL,-1.85,6.58,"Campbell, Isaiah",663462,blocked_ball,R,0,2,0.59,0.03,1.38,-0.33,6.443187147853418,-124.26111951818908,-10.062227104258042,4.759741599137571,25.186596323843844,-29.98897805312584,54.13,0.001
SL,-2.0,6.58,"Campbell, Isaiah",663462,swinging_strike,R,0,1,0.66,0.22,0.75,1.45,5.277465053978323,-127.12581863616116,-6.6251775263969,5.974827501083089,27.46163472927093,-28.602329668614328,54.19,-0.065
SL,-2.29,6.56,"Campbell, Isaiah",663462,called_strike,R,0,0,0.56,0.2,1.0,2.64,6.612142252544894,-123.78838452609332,-3.27498112817569,4.36490106769829,25.756400975784075,-29.633560251226072,54.11,-0.042
SL,-2.35,6.5,"Campbell, Isaiah",663462,hit_into_play,L,2,1,0.42,0.07,-0.47,1.93,3.5832982380715186,-124.16146724746304,-4.605803415293801,3.6119602823746697,24.22845970525042,-30.76557814958348,54.3,-0.366
SL,-2.14,6.41,"Campbell, Isaiah",663462,blocked_ball,L,1,1,0.45,0.03,0.52,0.54,5.344551482449447,-123.56399196734334,-7.479573415063689,3.5038997362011037,25.42044722028404,-30.52874472050013,54.05,0.064
SL,-2.46,6.53,"Campbell, Isaiah",663462,ball,L,0,1,0.48,0.15,-0.71,1.37,3.220861136838335,-127.35387689284616,-6.609181936165337,4.543092589965319,26.95633217211134,-29.323811758004823,54.24,0.021
SL,-2.42,6.51,"Campbell, Isaiah",663462,swinging_strike,L,0,0,0.42,0.0,-0.39,1.4,3.994517009366793,-125.93745556103694,-6.026191742422094,3.705469612964325,23.88274413861264,-31.196328073626077,54.26,-0.047
ST,-2.36,6.4,"Campbell, Isaiah",663462,foul_bunt,R,0,2,1.66,-0.45,1.31,1.91,5.031614635677746,-117.45915520194306,-2.4228598225005253,14.189702087986594,24.23556555212317,-36.08303399220536,53.97,0.093
SL,-2.28,6.57,"Campbell, Isaiah",663462,foul_bunt,R,0,1,0.37,0.11,0.46,2.22,5.855164383291021,-127.67403292878156,-4.689372539998895,3.0069964865349936,23.99973426147293,-30.20750063703096,54.29,-0.087
SL,-2.17,6.62,"Campbell, Isaiah",663462,foul_bunt,R,0,0,0.72,-0.26,0.48,1.61,4.719072896585487,-122.89588648657232,-4.834909627403215,6.478899248143478,23.169424637804664,-34.07023332883529,54.19,-0.051
ST,-2.55,6.3,"Campbell, Isaiah",663462,hit_into_play,L,1,2,1.31,-0.37,0.25,1.56,3.7403525641531497,-117.79149853476764,-3.1862558195672417,11.361547790577848,23.91959932199873,-35.17215722756306,54.35,0.689
SL,-2.38,6.53,"Campbell, Isaiah",663462,foul,L,1,1,0.33,-0.13,-0.67,2.13,3.379969339173848,-124.62102576536864,-3.91062742548954,2.8036828831155263,22.759125163999524,-33.03856987752805,54.34,-0.049
SL,-2.29,6.56,"Campbell, Isaiah",663462,called_strike,L,1,0,0.46,0.09,0.84,2.64,6.582740774793645,-126.55331271112397,-3.4240703076845875,3.672020271550193,25.07394635384612,-30.75843264900352,54.08,-0.044
SL,-2.31,6.57,"Campbell, Isaiah",663462,ball,L,0,0,0.3,0.14,0.96,0.4,7.324752081258936,-128.15950015852346,-9.259008969764638,1.9732250340076556,24.108627759424014,-28.971258441986908,54.15,0.032
FF,-1.95,6.54,"Campbell, Isaiah",663462,called_strike,L,0,2,-0.18,1.42,0.69,2.05,7.235348614264518,-136.20507241321042,-9.062966476156744,-3.766138791696628,27.809438000417888,-12.670317728965903,54.03,-0.061
SL,-1.97,6.47,"Campbell, Isaiah",663462,swinging_strike,L,0,1,0.44,-0.3,0.11,1.06,4.077373950098332,-126.0022190061088,-6.153766299117432,3.9617651404180583,24.474695460162707,-34.395033882807304,54.03,-0.024
SL,-2.02,6.56,"Campbell, Isaiah",663462,foul,L,0,0,0.3,-0.11,-0.38,1.98,3.290632725124791,-125.98147954493685,-4.522837015858252,2.605198471026936,23.589576237034017,-32.74794987371088,54.15,-0.015
SL,-2.18,6.49,"Campbell, Isaiah",663462,hit_into_play,R,3,2,0.43,-0.3,-0.81,1.8,2.3558736502990563,-123.95102446525335,-4.155104892486202,4.053832588798453,23.38617170553349,-34.70667634782074,53.96,-0.211
SL,-2.08,6.44,"Campbell, Isaiah",663462,swinging_strike,R,3,1,0.31,-0.13,0.32,0.81,5.03613887641851,-123.49680841697278,-6.634474222687326,2.1387704763465885,24.50699772378874,-32.41633264491752,53.85,-0.059
SL,-2.02,6.47,"Campbell, Isaiah",663462,ball,R,2,1,0.44,0.17,0.77,1.4,5.719284898272415,-124.82422612160852,-6.077509659809149,3.455082107464078,25.21642418003609,-29.37309182794129,53.9,0.077
FF,-1.72,6.55,"Campbell, Isaiah",663462,ball,R,1,1,-0.06,1.46,0.27,1.27,5.254062340598932,-135.53872278216454,-11.015360074606102,-1.861906506848432,29.503730687713457,-11.985111915630124,54.15,0.037
SL,-2.03,6.58,"Campbell, Isaiah",663462,foul,R,1,0,0.44,0.22,0.4,2.7,4.954191817500343,-127.3333868810027,-3.743609776811135,3.946226901356143,22.990945688783444,-29.229910880128784,54.26,-0.031
SL,-1.78,6.6,"Campbell, Isaiah",663462,ball,R,0,0,0.6,-0.01,-0.52,3.59,1.7680137478657263,-124.51152329433287,-0.862921689903942,5.996071681256376,22.31463089127292,-32.316003348160734,54.08,0.024
FF,-2.04,6.57,"Campbell, Isaiah",663462,swinging_strike,L,2,2,-0.38,1.52,-0.65,3.79,4.532010683132181,-139.04161577827853,-5.1496607573742335,-5.867531148211202,29.74399535602824,-11.515840800411253,54.13,-0.204
SL,-2.18,6.44,"Campbell, Isaiah",663462,called_strike,L,2,1,0.39,0.11,-0.1,1.77,4.173664632626875,-125.96308915051786,-5.233511864125193,3.398302715693008,23.20619949416207,-30.24293079753716,54.22,-0.063
ST,-2.45,6.37,"Campbell, Isaiah",663462,ball,L,1,1,1.56,-0.19,-0.88,2.54,0.5286214814987606,-118.84225980368188,-1.642887646118123,14.639935835051908,24.283015714701214,-33.82332518579947,54.18,0.05
ST,-2.39,6.38,"Campbell, Isaiah",663462,swinging_strike,L,1,0,1.69,-0.31,0.69,2.3,3.640951097539198,-117.65973508821337,-1.78856486632071,14.81742682839983,24.77416478778376,-34.904353468545004,54.01,-0.044
ST,-2.49,6.32,"Campbell, Isaiah",663462,ball,L,0,0,1.55,-0.18,-0.45,1.23,1.5528662102632231,-115.68659355245568,-4.006838382720169,13.593729896279044,22.836775327484915,-33.241127661770975,54.21,0.032
ST,-2.26,6.48,"Campbell, Isaiah",663462,hit_into_play,R,1,2,1.61,-0.07,1.04,3.02,4.424526328173408,-121.27227049485576,-1.3059136536007665,14.84467853756967,25.47997676410254,-32.811440542637214,54.14,0.47
SL,-2.14,6.63,"Campbell, Isaiah",663462,foul,R,1,1,0.36,0.16,-0.6,3.33,2.967851771737107,-128.18642694145476,-2.2447057114436846,3.339739388530787,26.857724611513163,-30.12735607929757,54.44,-0.049
ST,-2.39,6.41,"Campbell, Isaiah",663462,ball,R,0,1,1.61,-0.42,0.89,0.5,4.360944826962551,-121.08229468284438,-6.155637113134782,14.550244391990436,28.477793515357323,-35.04601134087555,54.11,0.021
ST,-2.47,6.48,"Campbell, Isaiah",663462,called_strike,R,0,0,1.68,-0.31,0.16,2.27,2.653682254113627,-117.98020892703148,-2.113693695167472,14.958928545978194,25.525136932864324,-34.81628453915565,54.07,-0.032
SL,-2.32,6.39,"Campbell, Isaiah",663462,swinging_strike,L,3,2,0.4,-0.12,0.16,1.84,5.060076783126744,-125.01628758714246,-4.22692946827376,3.0355908794446718,27.470754783937355,-32.76134093414624,54.1,-0.131
SL,-2.06,6.58,"Campbell, Isaiah",663462,ball,L,2,2,0.32,-0.1,0.37,0.52,5.191101842422501,-127.11261802806564,-8.227316622874246,2.3234237195696426,27.268482751652613,-31.710592236800007,54.1,0.043
ST,-2.54,6.34,"Campbell, Isaiah",663462,ball,L,1,2,1.37,-0.6,-1.43,1.52,-0.1397685871028004,-118.8757959228148,-3.013115455582146,12.846023127676771,26.79223420235173,-37.37123991202616,54.19,0.018
FF,-2.1,6.5,"Campbell, Isaiah",663462,foul,L,1,2,-0.42,1.56,0.0,2.88,6.338727937129407,-136.44915833848157,-7.110185738260924,-6.616972371867464,29.62319861774598,-11.300125793660431,54.2,0.0
SL,-2.52,6.46,"Campbell, Isaiah",663462,swinging_strike,L,1,1,0.31,-0.17,-0.24,1.3,4.800026496047833,-125.81528857648472,-5.743195116212669,2.378962034384147,24.96967910511871,-33.07215421428703,54.23,-0.026
ST,-2.46,6.33,"Campbell, Isaiah",663462,ball,L,0,1,1.45,-0.25,1.18,1.89,5.4849383436042505,-120.279826375542,-3.039849207572885,12.73928324046596,26.17492949798361,-34.16886411044274,54.09,0.011
ST,-2.52,6.41,"Campbell, Isaiah",663462,foul,L,0,0,1.47,-0.24,-0.32,2.06,2.0709831662735887,-117.4682444712202,-2.491245771978557,13.08539929248036,24.82405113783389,-34.084649649839164,54.39,-0.015
SL,-1.95,6.61,"Campbell, Isaiah",663462,hit_into_play,R,0,1,0.44,0.02,1.08,2.18,6.444885099361087,-128.7432154273618,-4.811647306658256,3.665260004666944,24.633973860949013,-31.21135684484029,54.43,-0.139
ST,-2.41,6.47,"Campbell, Isaiah",663462,called_strike,R,0,0,1.5,-0.65,-0.34,2.26,1.7627246392038896,-117.97825551240663,-1.4463277557162992,13.420276260055042,25.97042973318636,-38.10091345219544,54.18,-0.024
ST,-2.52,6.37,"Campbell, Isaiah",663462,hit_into_play,L,1,2,1.52,-0.53,0.68,2.49,4.283079792844661,-118.62205837217348,-0.9995826386127762,13.242978127964244,26.111249760534925,-37.15230555472226,54.11,-0.168
ST,-2.42,6.23,"Campbell, Isaiah",663462,ball,L,0,2,1.63,-0.47,0.16,0.56,2.674754155758191,-118.74236171060376,-5.150440467522714,14.6163875479,26.77531941435829,-35.616685385974925,54.26,0.019
ST,-2.41,6.43,"Campbell, Isaiah",663462,called_strike,L,0,1,1.68,-0.53,-0.47,2.62,1.108094592363062,-118.40780680766844,-0.8315892467426423,15.417867624723456,26.146683469261657,-37.1965155683909,54.27,-0.047
SL,-2.29,6.5,"Campbell, Isaiah",663462,foul,L,0,0,-0.02,0.51,-0.18,2.54,5.205851730815586,-129.75325355674306,-4.7884867750869455,-1.2844017033535513,27.01739407072825,-25.59269852314902,54.33,-0.032
