pitch_type,release_pos_x,release_pos_z,player_name,pitcher,description,stand,balls,strikes,pfx_x,pfx_z,plate_x,plate_z,vx0,vy0,vz0,ax,ay,az,release_pos_y,delta_run_exp
SI,-2.31,6.28,"García, Luis",472610,hit_into_play,L,3,1,-1.3,0.83,-0.4,1.79,8.146544278886134,-140.2097169415621,-8.338962086288873,-19.034406300944383,31.88243115907077,-19.45124726193666,53.57,-0.478
SI,-2.28,6.3,"García, Luis",472610,ball,L,2,1,-1.22,0.81,-0.44,1.08,7.8273282657529535,-141.66755352130755,-10.56583430783215,-18.16453668659768,28.88458254177144,-19.10179382489486,53.5,0.107
SI,-2.56,6.3,"García, Luis",472610,swinging_strike,L,2,0,-1.4,0.76,-1.13,1.97,7.022705412105568,-140.3471316892366,-7.691911422573863,-20.065744524343653,33.787265023372534,-20.541702373575337,53.82,-0.057
ST,-2.31,6.3,"García, Luis",472610,ball,L,1,0,1.24,-0.08,1.35,1.87,5.983764245987439,-120.87921557110464,-3.4759654706337217,10.807565389262084,26.12071564986158,-32.39493921513895,53.79,0.059
SI,-2.46,6.25,"García, Luis",472610,ball,L,0,0,-1.36,0.65,-0.93,2.09,7.147163234543088,-138.65543376638894,-6.774114894235424,-19.10478337178376,33.486863034453684,-22.33533435651041,53.69,0.036
SI,-2.27,6.25,"García, Luis",472610,hit_into_play,R,0,1,-1.27,0.97,-1.55,1.9,4.905679215547271,-141.52485530948266,-8.486203536248777,-18.238828051903425,31.624397724565934,-17.36408348684426,53.6,-0.222
SL,-2.43,6.32,"García, Luis",472610,foul,R,0,0,0.62,0.08,0.41,2.45,5.277610232567735,-119.79797702086996,-2.392361802683354,4.880482484491719,23.935852463861806,-31.1215080197432,53.85,-0.051
FS,-2.28,6.28,"García, Luis",472610,hit_into_play,L,1,2,-0.76,0.53,0.22,1.2,7.752699287989068,-128.90794820935469,-7.551047024101962,-9.98474781908721,24.51895044518217,-24.921607745553896,53.78,1.269
FS,-2.12,6.2,"García, Luis",472610,blocked_ball,L,0,2,-0.63,0.33,1.04,-0.28,9.126718416867057,-128.70621670220436,-10.570405663755698,-8.817634806465662,25.313860658151683,-26.477345653090516,53.69,-0.073
FF,-2.23,6.35,"García, Luis",472610,foul,L,0,2,-0.35,1.23,-0.24,3.96,6.177618436240209,-141.532044122293,-3.786458301771058,-6.041816509189914,30.212121079646263,-14.899192093316094,53.86,0.0
FS,-2.27,6.23,"García, Luis",472610,foul,L,0,2,-0.43,0.3,0.3,1.39,7.17130605265152,-128.0969577873808,-6.399187365033583,-6.089922807182645,22.558994991723868,-27.830507997765974,53.8,0.0
FS,-2.31,6.25,"García, Luis",472610,foul,L,0,1,-0.77,0.39,0.28,1.87,7.955230163430757,-128.2333172760537,-5.469945095359927,-10.0740094535716,23.353906886292883,-26.946852628439338,53.83,-0.06
SL,-2.44,6.34,"García, Luis",472610,foul,L,0,0,0.79,-0.3,0.65,2.18,5.5522523784573545,-120.90860654933716,-2.4525010660822044,6.518161638987409,25.20942024539892,-34.786384464577246,53.91,-0.053
SI,-2.26,6.33,"García, Luis",472610,hit_into_play,R,0,0,-1.2,1.03,-0.7,2.75,6.818296986455705,-138.3424063220126,-6.073871900449132,-16.881361372109346,31.038678584510265,-17.724805079584915,53.82,1.106
SL,-2.09,6.27,"García, Luis",472610,swinging_strike_blocked,R,2,2,0.32,-0.2,0.02,0.57,4.254727237292525,-121.13950647503432,-6.315811732063201,2.4442767143879967,21.950192708714045,-33.21313133916127,53.71,-0.204
SI,-2.27,6.31,"García, Luis",472610,called_strike,R,2,1,-0.91,0.98,-0.04,1.85,8.051122500371704,-139.9308746291026,-8.545735294768384,-13.65219038195252,29.055024714181283,-17.634579814374604,53.73,-0.063
SL,-2.06,6.28,"García, Luis",472610,ball,R,1,1,0.83,0.09,2.16,-0.17,8.175950157854555,-122.34200411672497,-8.825974338859075,6.8620414992165815,22.919730228708318,-29.775193035104422,53.78,0.05
SI,-2.17,6.36,"García, Luis",472610,foul,R,1,0,-1.08,0.6,-0.65,2.66,6.478952749694711,-139.12190543244276,-5.55415380461332,-15.44546500989621,29.94017471546969,-23.32875199689794,53.78,-0.044
SI,-2.31,6.4,"García, Luis",472610,ball,R,0,0,-1.11,0.72,-1.39,2.72,4.963165280406824,-138.54042698450343,-5.690531918414501,-15.44200022824338,29.42572867384489,-21.81754315552424,53.81,0.032
FS,-2.16,6.3,"García, Luis",472610,hit_into_play,L,1,2,-0.44,0.19,-0.02,1.66,6.0225085871446025,-125.32966886436512,-5.296120498800109,-5.671525449558473,21.273435607739607,-29.38191311735305,53.75,-0.071
FS,-2.2,6.28,"García, Luis",472610,swinging_strike,L,1,1,-0.38,0.24,0.67,1.29,7.671421886187391,-125.90082500576884,-6.313087239701224,-5.423407694364621,21.632267703749434,-28.61115813542967,53.87,-0.026
FS,-2.26,6.35,"García, Luis",472610,ball,L,0,1,-0.42,0.15,-1.51,4.03,2.69618167668375,-127.63655868824108,0.1474386072551714,-5.142136420927394,23.096234006898104,-30.738364035835044,54.0,0.011
FF,-2.5,6.26,"García, Luis",472610,foul,L,0,0,0.29,0.49,1.49,1.54,9.387792581759395,-131.8220450591805,-6.974787331671467,1.5514846116851146,25.93559226758927,-25.16968676945484,53.92,-0.015
SI,-1.95,6.37,"García, Luis",472610,hit_into_play,R,0,1,-1.12,0.85,-0.88,1.9,5.5075304744211255,-142.0784123212872,-8.575537060197515,-16.4715548972296,32.00407225989812,-18.914484588859104,53.8,-0.139
SI,-2.21,6.3,"García, Luis",472610,called_strike,R,0,0,-1.12,0.78,-0.61,2.26,6.907726503250833,-141.20559131390846,-7.125942695297521,-16.514083676921732,31.14541281275524,-20.36246674516324,53.72,-0.024
SL,-2.05,6.37,"García, Luis",472610,swinging_strike,R,1,2,0.64,0.02,1.08,2.47,6.098433472558608,-123.50347721445075,-2.8947472767918208,5.467417958162786,23.00784979250666,-31.628369843489004,53.8,-0.168
SL,-2.14,6.32,"García, Luis",472610,swinging_strike,R,1,1,0.8,0.06,0.82,1.13,5.314563176938639,-121.83287546857116,-5.764639663908557,6.995699810226888,22.87659991668129,-30.632300482561185,53.77,-0.049
SL,-2.13,6.33,"García, Luis",472610,swinging_strike,R,1,0,0.75,-0.05,2.17,0.86,8.452951296045878,-121.42723666236748,-6.08255272280377,5.797777005943887,23.87152746827642,-31.680861857426937,53.98,-0.044
SI,-2.25,6.35,"García, Luis",472610,ball,R,0,0,-1.12,0.87,-1.78,3.14,3.806337789591246,-139.590159318127,-4.941430559814545,-15.47645979252595,29.013371640568877,-19.846235224422063,53.81,0.032
SI,-2.24,6.32,"García, Luis",472610,hit_into_play,L,0,0,-1.13,0.81,-0.37,2.88,7.563992580011916,-139.58684454992792,-5.403102325123164,-16.438821071061398,29.538126643029035,-20.614713142393114,53.74,1.0
FF,-2.34,6.22,"García, Luis",472610,hit_into_play,L,0,0,-0.52,1.16,-0.5,2.07,6.209997255802152,-142.3388760727371,-8.409749981809725,-8.567392769459072,34.6706317370307,-14.673635283545014,53.86,-0.1
SL,-2.18,6.2,"García, Luis",472610,hit_into_play,R,1,2,0.66,-0.04,0.93,1.92,5.860296138101753,-120.71258004576636,-3.2237099652962384,5.248231742635691,24.518733150426797,-32.139883097882446,53.84,-0.116
SI,-2.2,6.27,"García, Luis",472610,foul,R,1,2,-1.2,0.95,-0.37,1.91,7.6372646351858045,-140.42369193264204,-8.256791168830132,-17.664882735920646,31.793262933518307,-17.860430422199155,53.93,0.0
SL,-2.12,6.13,"García, Luis",472610,ball,R,0,2,0.9,-0.07,2.8,-0.78,9.803371521351131,-123.2446421744166,-9.738141934332443,7.048889130621064,25.997123438782893,-30.90068246071755,53.61,0.013
ST,-2.29,6.24,"García, Luis",472610,swinging_strike,R,0,1,0.91,0.12,0.42,1.86,4.346501548903915,-117.6834867104018,-3.3507692926882067,7.558240287462674,23.14279142344453,-30.599776345321136,53.89,-0.035
SI,-2.3,6.28,"García, Luis",472610,called_strike,R,0,0,-1.16,0.81,-0.81,2.61,6.691444985909449,-141.65236131568554,-6.190488643568369,-17.13938773275191,34.154532939124444,-20.04772996065893,53.87,-0.024
SI,-2.38,6.31,"García, Luis",472610,hit_into_play,R,0,0,-1.05,1.02,0.06,3.26,8.819051985041677,-138.80119878999338,-4.683026755364469,-15.611416102960876,32.657844993648894,-18.17260722588791,54.05,-0.228
