pitch_type,release_pos_x,release_pos_z,player_name,pitcher,description,stand,balls,strikes,pfx_x,pfx_z,plate_x,plate_z,vx0,vy0,vz0,ax,ay,az,release_pos_y,delta_run_exp
ST,1.89,5.53,"Horn, Bailey",690544,hit_into_play,R,0,0,-1.03,0.59,0.13,2.64,-2.0044510390903727,-121.59730155250422,-1.3742625641106625,-9.863695822512952,23.953320044479536,-26.235921010797725,54.5,-0.229
ST,1.47,5.63,"Horn, Bailey",690544,hit_into_play,L,0,1,-1.29,0.05,-0.49,1.91,-1.9359705721513984,-119.23130445876946,-1.909504846480505,-11.79331593449467,24.611865405097006,-31.539730558619308,54.18,-0.256
FF,1.15,5.82,"Horn, Bailey",690544,swinging_strike,L,0,0,0.71,1.53,-0.11,2.65,-4.95143543304953,-140.19589862105053,-6.2740510836443,10.48408130584212,33.40454708137127,-10.754256094129708,54.36,-0.042
ST,1.63,5.65,"Horn, Bailey",690544,called_strike,R,0,2,-1.36,0.21,0.64,2.38,0.3910484957115175,-119.66374997377945,-1.2357793165725162,-13.03841564577899,25.46618601519972,-30.09800444910792,54.47,-0.23
ST,1.63,5.64,"Horn, Bailey",690544,called_strike,R,0,1,-0.93,0.63,0.56,3.03,-0.6030039675408295,-119.81749489487756,-0.5971254378091844,-8.829552636433046,24.812972591023765,-26.233370796789348,54.58,-0.075
FC,1.44,5.66,"Horn, Bailey",690544,swinging_strike,R,0,0,-0.2,0.64,-0.32,1.69,-3.882005942443088,-129.07930673477446,-4.968133649526995,-1.3839080184633823,27.719248256084036,-24.20133175522345,54.36,-0.064
FC,1.41,5.75,"Horn, Bailey",690544,hit_into_play,L,0,0,-0.44,0.49,-0.4,2.62,-3.3989192786765914,-125.92513964313191,-2.2231876100520607,-3.978010491191596,26.603438349159024,-26.7616488122394,54.3,0.41
ST,1.83,5.66,"Horn, Bailey",690544,ball,L,3,1,-0.98,0.36,-1.39,2.81,-5.62913884732488,-124.714728557807,-1.1948582143268585,-9.099796965147991,24.87942446231685,-28.36839306009146,54.23,0.209
ST,1.87,5.65,"Horn, Bailey",690544,ball,L,2,1,-1.31,-0.4,0.98,1.97,0.5063838830094174,-119.57598092535538,-1.0458355547672655,-12.649238211041336,22.76251637526028,-35.98318695943354,54.44,0.127
ST,2.0,5.39,"Horn, Bailey",690544,ball,L,1,1,-1.46,0.02,0.21,1.17,-1.2288364291730844,-119.72473443537244,-3.0832818633203445,-13.797372296528671,22.9755241931259,-31.560824802022537,54.36,0.058
ST,1.84,5.64,"Horn, Bailey",690544,ball,L,0,1,-1.3,0.07,-1.21,3.58,-4.433916090145755,-121.05596681942492,1.560275944535402,-12.046160183842566,22.589505633104967,-31.94739224587662,54.2,0.031
ST,1.77,5.65,"Horn, Bailey",690544,swinging_strike,L,0,0,-1.07,0.4,-1.73,1.52,-6.0743482509930695,-124.035901171735,-4.255232562810368,-10.005073299506506,22.711156525380183,-27.44552682880637,54.25,-0.042
ST,1.4,5.68,"Horn, Bailey",690544,hit_into_play,L,2,1,-1.22,-0.01,-0.34,3.21,-1.561493984056746,-119.44739941781862,0.9660391076853334,-11.3420083164228,23.66002482890521,-32.643817836302176,54.42,0.236
ST,1.22,5.67,"Horn, Bailey",690544,called_strike,L,2,0,-1.04,-0.1,0.08,1.39,-0.5829381587237219,-119.3120021991213,-2.9312246818470458,-9.770749585459743,23.34745668738794,-32.73996741634065,54.38,-0.039
ST,1.44,5.48,"Horn, Bailey",690544,ball,L,1,0,-1.21,0.07,0.89,2.62,1.0768928384039391,-117.7565185848178,0.1297670871822793,-11.44142659685535,22.370793114376493,-31.806430265640223,54.44,0.045
ST,1.2,5.76,"Horn, Bailey",690544,ball,L,0,0,-1.18,0.01,-0.9,3.43,-2.490384760926926,-120.68265596664716,1.1359292978243491,-11.003832631027398,23.92519015105372,-32.54259203872668,54.33,0.024
FF,1.09,5.75,"Horn, Bailey",690544,swinging_strike,R,0,2,0.8,1.31,0.28,3.39,-3.915688830956701,-138.3624906036159,-3.472635243230948,11.14563197496041,31.225854898904597,-14.728711418454669,54.44,-0.149
ST,1.48,5.55,"Horn, Bailey",690544,called_strike,R,0,1,-0.91,0.25,0.4,2.94,-0.6816691607059384,-121.16774502764083,-0.0184094032074472,-8.838595805735965,24.068424862609756,-29.941015656173366,54.51,-0.047
ST,1.48,5.6,"Horn, Bailey",690544,called_strike,R,0,0,-0.91,0.14,-0.53,2.23,-2.768836525769654,-118.5088335553612,-1.2119689504439188,-8.024531352302846,23.03990176123685,-30.876717749752142,54.39,-0.032
ST,1.43,5.67,"Horn, Bailey",690544,hit_into_play,L,3,1,-1.55,0.16,-0.22,2.62,-0.7326824771701462,-119.98622364415375,-0.7202933908861386,-14.859130840876617,23.44762366246755,-30.68207691508192,54.24,-0.324
ST,1.49,5.63,"Horn, Bailey",690544,ball,L,2,1,-1.51,0.17,-1.43,1.37,-3.766957677340925,-122.38267470389232,-3.830779690148629,-14.386641040112856,24.502878145428493,-29.88726350748636,54.25,0.058
ST,1.41,5.66,"Horn, Bailey",690544,called_strike,L,2,0,-1.58,-0.02,-0.64,2.43,-1.549338622086455,-118.30013054895215,-0.577028956241859,-14.498451494706936,23.01016761950432,-32.49143295105947,54.41,-0.033
ST,1.43,5.49,"Horn, Bailey",690544,blocked_ball,L,1,0,-1.11,-0.04,-0.68,0.78,-2.673311073004673,-121.73934064970614,-4.346740960773352,-10.559099348871277,23.67686537414706,-31.957894031849477,54.27,0.044
ST,1.42,5.56,"Horn, Bailey",690544,ball,L,0,0,-1.35,0.25,1.01,1.84,1.6837890565160722,-119.072024051898,-2.316504763616697,-13.236051775334785,22.013589273588757,-29.51824871487404,54.45,0.027
ST,1.45,5.6,"Horn, Bailey",690544,hit_into_play,L,0,1,-1.46,0.07,0.42,2.76,0.4797453943829393,-120.50060117357536,-0.1557319340167324,-14.310597823718544,22.94266671323548,-31.66524853234001,54.36,0.144
ST,1.49,5.63,"Horn, Bailey",690544,called_strike,L,0,0,-1.61,-0.02,-0.41,2.3,-1.1664271857862238,-118.90621670934634,-0.8738059651880341,-15.026993928027013,22.90659504208469,-32.43954921678646,54.42,-0.015
ST,1.52,5.49,"Horn, Bailey",690544,hit_into_play,R,3,1,-1.63,-0.2,-0.52,2.18,-1.4432606662688667,-117.87410526341104,-0.3630849962523806,-14.897384081565974,22.74088187803748,-34.22272503168573,54.24,-0.271
FF,1.29,5.82,"Horn, Bailey",690544,ball,R,2,1,0.19,1.06,-0.99,3.24,-6.314191593114738,-136.79408789627325,-3.3453703052261208,3.725958431516952,27.29654427917392,-18.280778486263998,54.43,0.077
ST,1.47,5.55,"Horn, Bailey",690544,foul,R,2,0,-1.52,-0.03,0.32,2.64,0.3086705667592364,-116.4598758283332,0.3723461183262069,-13.85050264573816,22.45318580856013,-32.77976348327216,54.5,-0.039
ST,1.48,5.61,"Horn, Bailey",690544,ball,R,1,0,-1.53,0.12,0.65,4.04,1.066740097049483,-117.5484534927885,2.9435208463591134,-14.368624541317995,23.32349932898352,-31.919888183543332,54.46,0.045
ST,1.55,5.57,"Horn, Bailey",690544,ball,R,0,0,-1.43,0.07,-0.44,1.41,-1.7486528942894912,-119.47817353500388,-3.0059902874677613,-13.374396962910714,22.72097036524087,-31.16761091861291,54.32,0.024
ST,1.41,5.56,"Horn, Bailey",690544,hit_into_play,L,0,1,-1.69,0.09,-0.92,2.68,-1.9653271252843147,-117.70450918457938,0.0681067556526426,-15.257364217602657,23.12432589956199,-31.615416874399283,54.43,-0.196
ST,1.51,5.63,"Horn, Bailey",690544,called_strike,L,0,0,-1.45,-0.17,0.54,3.26,0.5865119232086469,-115.14952524882608,1.9309484534082884,-12.96239940019028,21.50447621903908,-34.240369275198745,54.57,-0.032
ST,1.44,5.68,"Horn, Bailey",690544,hit_into_play,R,1,1,-1.46,-0.08,-0.51,2.5,-1.581619339797442,-119.5159283843474,-0.5075134225268864,-13.648334777784989,23.414651775046764,-33.04187108950095,54.56,-0.097
FF,0.97,5.97,"Horn, Bailey",690544,swinging_strike,R,1,0,0.43,1.21,0.5,3.33,-2.129836663634566,-136.23475639112723,-3.745907860386557,5.769408384466008,27.503047287741985,-16.50004838352406,54.63,-0.019
ST,1.28,5.67,"Horn, Bailey",690544,ball,R,0,0,-1.35,-0.21,0.05,1.35,-0.1841207025585661,-119.74517030969942,-2.848016015368154,-12.886072285111796,23.7636410674688,-33.85229101232917,54.59,0.016
ST,1.19,5.72,"Horn, Bailey",690544,hit_into_play,L,2,2,-1.27,-0.25,0.85,2.55,1.6184714343428144,-115.89997638606282,0.2304082910659877,-11.738240926732791,21.3216031450557,-34.67667475423052,54.62,-0.013
ST,1.36,5.76,"Horn, Bailey",690544,foul,L,2,2,-1.28,-0.27,0.5,3.34,0.5149597909581389,-116.81125083799412,1.8113077476342372,-11.850769219767024,21.32173644510557,-35.17413426598032,54.57,0.0
FF,1.15,5.72,"Horn, Bailey",690544,foul,L,2,2,0.54,0.81,-0.66,2.73,-5.847529314339472,-136.67729542917283,-3.859873164662836,7.956676911924501,25.73361798704069,-21.39808999464731,54.51,0.0
ST,1.19,5.72,"Horn, Bailey",690544,ball,L,1,2,-1.36,-0.64,-2.2,0.79,-5.201491037170407,-123.83026809061182,-3.852251814736997,-12.722377259946816,27.94470357432499,-38.08790036082362,54.49,0.037
CU,1.09,5.93,"Horn, Bailey",690544,ball,L,0,2,-0.72,-0.98,1.13,4.86,1.3855865414311936,-113.43501067879816,6.251662201815256,-6.478900520153616,18.69131736752684,-41.89400710545719,54.56,0.043
ST,1.24,5.78,"Horn, Bailey",690544,foul,L,0,2,-1.09,-0.52,-1.05,1.77,-3.1636668028648964,-123.0746872792663,-1.9587682366690131,-10.475334215131245,24.60402127299704,-37.2605078144767,54.47,0.0
ST,1.5,5.55,"Horn, Bailey",690544,swinging_strike,L,0,1,-1.2,-0.58,-0.9,1.39,-3.0667360657742697,-119.25238681860084,-1.7095412701997563,-10.858469237049512,23.41062708700232,-37.54363266095787,54.61,-0.143
ST,1.42,5.72,"Horn, Bailey",690544,called_strike,L,0,0,-1.37,-0.47,-0.5,2.93,-1.7291677887233297,-122.75565914728963,0.8012382331885595,-13.537556411896176,23.88643689327016,-37.28113204269946,54.59,-0.071
FF,0.92,5.9,"Horn, Bailey",690544,hit_into_play,R,1,2,0.41,0.81,0.6,2.31,-1.7338273238827606,-137.51702446950398,-5.604493152583617,5.549538373912661,22.05996701010817,-20.89229119519281,54.49,-0.17
CU,1.3,5.78,"Horn, Bailey",690544,ball,R,0,2,-0.73,-0.89,1.06,2.52,0.8347472174593937,-113.54991401210196,1.4249006406090083,-6.511562315309718,18.66760270569584,-40.38763165526843,54.51,0.035
ST,1.27,5.72,"Horn, Bailey",690544,foul,R,0,1,-0.83,-0.21,-0.56,2.34,-2.5182324157796856,-119.37862560282116,-0.7866854570420148,-7.596980110072914,19.654664205056324,-34.249440354219146,54.49,-0.087
FF,1.21,5.84,"Horn, Bailey",690544,called_strike,R,0,0,0.28,0.96,0.5,3.13,-2.460262471912691,-138.0000385760031,-3.688880085780291,4.066425068136818,23.452900547925093,-19.197651232928425,54.48,-0.051
FC,1.14,5.93,"Horn, Bailey",690544,hit_into_play,R,1,0,0.01,0.31,0.17,2.87,-2.4595696371324283,-132.36057974149918,-2.4865776567276745,0.6062738483086345,24.071549065782644,-28.266046158869376,54.47,1.391
ST,1.41,5.63,"Horn, Bailey",690544,blocked_ball,R,0,0,-0.9,0.21,-1.34,0.54,-4.508924153038056,-121.04391952215302,-5.685933280709089,-8.193720135289444,20.17767439856641,-29.34152331457334,54.44,0.087
ST,1.52,5.66,"Horn, Bailey",690544,hit_into_play,R,1,0,-1.13,-0.05,-0.09,2.63,-1.4714035569668655,-120.37511602401374,-0.4364618258049724,-10.88710550553174,19.847907573508536,-32.75342405787582,54.64,0.624
ST,1.49,5.69,"Horn, Bailey",690544,ball,R,0,0,-0.8,0.17,-1.08,2.31,-4.31451447995224,-121.71645736023582,-1.8061219626954463,-7.342358496916176,19.960567972081478,-30.33063592172298,54.6,0.067
FF,0.86,5.93,"Horn, Bailey",690544,hit_into_play,R,0,2,0.4,1.19,0.23,2.47,-2.514331584781671,-137.74573041840367,-6.111936361131424,5.589151484013564,23.27495338165999,-15.813664363151194,54.45,0.489
ST,1.35,5.62,"Horn, Bailey",690544,called_strike,R,0,1,-1.31,-0.07,0.18,2.12,-0.1128970453327092,-119.87089547048028,-1.378521879564679,-12.74586146314489,19.77992552582634,-32.7817736514369,54.57,-0.047
ST,1.41,5.7,"Horn, Bailey",690544,called_strike,R,0,0,-1.05,-0.09,-0.31,2.37,-1.875446205304872,-120.86634756313272,-1.0802934630641443,-10.126301971040666,20.04674001618489,-33.0681759400767,54.62,-0.032
FF,0.87,5.85,"Horn, Bailey",690544,hit_into_play,L,1,1,0.51,1.08,-0.02,1.94,-3.395319046883688,-135.90149133636638,-6.807375284241805,6.972292548486184,22.396583963316196,-17.548219733732253,54.52,1.578
ST,1.45,5.74,"Horn, Bailey",690544,ball,L,0,1,-1.23,0.02,1.28,2.73,1.9598350347256748,-118.54946409805896,-0.3337209685786202,-12.114830588737956,18.07652026471378,-32.14664562415748,54.61,0.057
FF,1.12,5.96,"Horn, Bailey",690544,called_strike,L,0,0,0.39,1.05,-0.16,2.95,-4.123816543000016,-136.02448553713796,-4.423532108717652,5.5695928134863335,23.482379657340505,-18.28365411912664,54.54,-0.064
FF,1.03,5.81,"Horn, Bailey",690544,ball,R,3,2,0.55,1.1,-0.62,1.48,-5.445336600876477,-136.81414499235635,-8.03560444509595,7.964218245243026,24.78259134339989,-16.80128881611311,54.43,0.343
ST,1.53,5.58,"Horn, Bailey",690544,swinging_strike,R,3,1,-1.25,-0.4,-1.41,1.45,-4.20431960528742,-119.03780652898544,-1.980227272698424,-11.094621708535607,22.891410406153373,-35.7814248467907,54.54,-0.078
FC,1.21,5.77,"Horn, Bailey",690544,ball,R,2,1,0.1,0.5,-0.99,1.05,-5.6015624114417575,-129.98272860353907,-6.750281334113504,2.1038050077541017,21.56108347993812,-25.443523948468734,54.49,0.108
FC,1.24,5.73,"Horn, Bailey",690544,ball,R,1,1,-0.41,0.34,-0.68,1.26,-3.775502936994342,-126.97652502563218,-5.30271637034685,-3.677627444869618,24.6215608651021,-27.641564884401284,54.59,0.05
FF,1.1,5.77,"Horn, Bailey",690544,ball,R,0,1,0.77,1.06,1.19,2.98,-1.4598066352995032,-135.73740846994357,-3.762968742007027,9.874008564172708,26.440358333287,-18.46957041949653,54.4,0.021
FC,1.41,5.7,"Horn, Bailey",690544,called_strike,R,0,0,-0.53,0.26,-0.24,1.75,-2.772340166132852,-123.29494125773958,-3.40698691419061,-4.840384931675883,23.706617498683933,-29.08371591877693,54.61,-0.032
ST,1.37,5.73,"Horn, Bailey",690544,hit_into_play,L,0,0,-0.95,0.03,0.04,2.63,-1.1347200273997609,-114.91185579228954,-0.1185810035303165,-8.368354413843301,17.682361823027644,-32.08811860947135,54.62,-0.338
ST,1.33,5.8,"Horn, Bailey",690544,swinging_strike,L,1,2,-1.12,0.14,-0.15,2.79,-1.1981999781812824,-121.82901982653264,-0.8761365101590054,-11.092777132253802,20.63352736429424,-30.811172530066035,54.47,-0.478
FF,1.13,5.76,"Horn, Bailey",690544,called_strike,L,1,1,0.52,1.04,-0.18,2.07,-4.642722364449004,-139.84577314988277,-6.592289587860033,7.80482785051388,26.18292979520938,-17.265927717426074,54.35,-0.209
FF,1.07,5.9,"Horn, Bailey",690544,ball,L,0,1,0.36,0.87,0.76,4.26,-1.6138949494265562,-139.23772027099128,-0.7667072083217642,5.0470465799755,25.874682067433437,-20.775266511932745,54.56,0.047
FF,1.09,5.86,"Horn, Bailey",690544,called_strike,L,0,0,0.41,1.1,-0.17,1.8,-4.229533659016004,-139.64568777344874,-7.718055227952175,6.210942201740441,24.75612362840102,-16.311678218943623,54.4,-0.121
ST,1.44,5.86,"Horn, Bailey",690544,hit_into_play,L,1,1,-1.18,-0.07,0.0,2.99,-0.9627624619382232,-119.7646927863256,0.0873001295334017,-11.295902593115771,21.386756892993272,-33.038526395747866,54.49,0.071
ST,1.59,5.68,"Horn, Bailey",690544,swinging_strike,L,1,0,-1.22,-0.11,-0.26,1.26,-1.8324367919951192,-119.81033884886196,-3.343162303132474,-11.579866564624185,20.60296221210351,-32.85501283123494,54.42,-0.125
ST,1.5,5.7,"Horn, Bailey",690544,blocked_ball,L,0,0,-0.95,-0.49,-0.26,0.4,-2.1266669001474345,-118.34638856729708,-4.364288142078408,-8.611420980306471,21.56594401126543,-36.20587413449179,54.24,0.087
FF,1.08,5.88,"Horn, Bailey",690544,hit_into_play,L,0,2,0.22,1.05,-0.07,2.83,-3.506082896359409,-138.5992304993318,-4.799230241402208,3.5532650541788064,24.63218761133412,-17.68585289549799,54.5,0.841
FF,1.19,5.91,"Horn, Bailey",690544,foul,L,0,1,0.07,0.96,0.05,3.33,-3.1178068468754465,-137.62080981663703,-3.240247673699356,1.5088447432331022,25.72636236477612,-19.388751385342843,54.47,-0.087
ST,1.52,5.65,"Horn, Bailey",690544,foul,L,0,0,-1.06,0.0,0.04,2.24,-1.2855963346485908,-118.80531888806468,-1.167242925842192,-9.940262422402412,20.243747988816036,-32.17346647377461,54.49,-0.051
ST,1.5,5.67,"Horn, Bailey",690544,hit_into_play,L,2,1,-1.38,0.11,-0.38,2.78,-1.5730895780002387,-119.41359576380258,-0.2475330307610019,-12.991208775873773,21.89074353313716,-31.256389426775048,54.67,-0.12
ST,1.78,5.54,"Horn, Bailey",690544,ball,L,1,1,-1.53,0.15,0.2,1.57,-0.6355481075968878,-119.759389038465,-2.791198574844942,-14.645261311509913,21.80388428126586,-30.393276717163843,54.53,0.023
ST,1.96,5.76,"Horn, Bailey",690544,called_strike,L,1,0,-1.56,0.32,0.69,2.95,0.1451196127559373,-120.45338313850954,-0.5526703652285581,-15.238817557129058,23.286692339550143,-29.138698402718777,54.53,-0.019
ST,1.53,5.5,"Horn, Bailey",690544,ball,L,0,0,-1.24,-0.37,1.24,1.34,1.7236459616401647,-119.50995586787796,-2.130268338813844,-12.218890131650102,23.7649022127666,-35.5412550736208,54.46,0.016
ST,1.32,5.66,"Horn, Bailey",690544,hit_into_play,L,2,2,-1.54,-0.11,-0.05,2.84,-0.1320334140443749,-120.1294260216457,0.2888849439143708,-14.884716650997536,22.75571183134736,-33.51044929909202,54.54,-0.142
ST,1.42,5.62,"Horn, Bailey",690544,called_strike,L,2,1,-1.39,-0.3,-0.76,1.68,-2.223110519851276,-119.622404527499,-1.8151497519552773,-12.914101090755608,22.807426356562917,-34.95357663640704,54.62,-0.051
ST,1.32,5.69,"Horn, Bailey",690544,ball,L,1,1,-1.58,-0.16,-0.39,3.68,-0.8080815100685078,-119.3418541179406,2.265588668400329,-14.964704441252284,22.307516180405592,-34.32082602850424,54.43,0.037
ST,1.41,5.58,"Horn, Bailey",690544,ball,L,0,1,-1.05,-0.19,1.86,3.41,3.010969183573437,-119.38298220378292,1.973008352779745,-10.657344341432085,23.15804936987836,-34.57026846664431,54.76,0.017
FC,1.19,5.68,"Horn, Bailey",690544,called_strike,L,0,0,-0.23,0.43,-0.55,2.75,-3.769208579831573,-129.52546483891226,-2.098417998015686,-1.8362015659554507,24.78835571583534,-27.06411185389353,54.45,-0.024
ST,1.37,5.77,"Horn, Bailey",690544,called_strike,L,0,2,-1.12,-0.19,-0.11,3.17,-1.1876180909301624,-120.0414182398148,0.9446223080497732,-10.598699695491094,23.36269450947947,-34.36448154884271,54.53,-0.149
FF,1.19,5.82,"Horn, Bailey",690544,foul,L,0,1,0.5,1.12,0.05,2.47,-4.080574789210819,-138.49863902513962,-5.719682695830032,7.297931369659824,25.740945112674915,-16.67311479615797,54.55,-0.047
FC,1.3,5.69,"Horn, Bailey",690544,called_strike,L,0,0,-0.26,0.42,-0.14,3.1,-2.904308874341216,-126.60530223094815,-0.99848627029585,-2.3979183182001744,20.99085036074039,-27.55775354614356,54.44,-0.032
ST,1.29,5.79,"Horn, Bailey",690544,hit_into_play,L,2,0,-1.32,0.05,-0.16,2.21,-0.7237827150569147,-120.92944776481492,-1.7643368956944911,-12.676039185475924,25.76187471175393,-31.59246721087652,54.41,-0.3
FF,1.08,5.93,"Horn, Bailey",690544,ball,L,1,0,0.52,1.36,0.07,4.09,-3.74111807418852,-136.94103887721403,-2.070459585964034,7.382199198439476,30.659760637155426,-14.848985213468533,54.45,0.044
FC,1.35,5.83,"Horn, Bailey",690544,ball,L,0,0,-0.12,0.44,1.21,3.41,-0.0731283558762175,-125.77243672430468,-0.4249669298502595,-1.2946137145965604,25.61060208428463,-27.685438069300677,54.43,0.027
ST,1.38,5.8,"Horn, Bailey",690544,swinging_strike,R,3,2,-1.19,0.1,0.59,2.75,0.5293826540585773,-118.85052449680708,-0.4644956878671569,-11.357570379566258,23.403797009107784,-31.377650053245524,54.4,-0.365
ST,1.48,5.77,"Horn, Bailey",690544,called_strike,R,3,1,-1.29,-0.01,0.36,2.48,-0.0309095727004735,-118.65408873267316,-0.7548967585319838,-12.16429569308984,23.72963215309378,-32.382182708776234,54.36,-0.103
FC,1.15,5.79,"Horn, Bailey",690544,ball,R,2,1,0.11,0.57,0.01,1.02,-3.025721096125868,-129.8171778027735,-6.88911164044312,1.8922338528640117,26.260913162580515,-24.56936286189169,54.32,0.127
FF,1.18,5.88,"Horn, Bailey",690544,called_strike,R,2,0,0.64,1.47,-0.45,2.71,-5.623202775730487,-136.2036437936655,-5.6909044464483545,9.22566086949162,30.07989803663181,-12.845864319580771,54.18,-0.064
ST,1.42,5.81,"Horn, Bailey",690544,ball,R,1,0,-1.0,0.16,-1.09,1.62,-3.795477281794287,-121.05029182707024,-3.43647193105571,-9.037512231156526,25.072372206117144,-30.08997531239883,54.31,0.066
ST,1.53,5.78,"Horn, Bailey",690544,ball,R,0,0,-1.12,0.3,2.01,3.68,3.1949723447399654,-117.64431372073136,1.379552093115885,-11.048572480034348,23.036343177178725,-29.88925515673901,54.6,0.044
ST,1.27,5.73,"Horn, Bailey",690544,hit_into_play,L,1,0,-1.34,-0.1,-0.45,2.6,-1.249142580163772,-116.6312820576258,0.0060282833089893,-11.885421250216249,23.477899582033583,-33.327116776507665,54.36,0.242
FC,1.28,5.84,"Horn, Bailey",690544,ball,L,0,0,0.03,0.8,0.97,3.86,-0.8247351681925162,-130.88941032967114,-0.6417782684321938,0.5209343024660986,27.00783756298154,-23.00773820233611,54.47,0.024
FC,1.36,5.84,"Horn, Bailey",690544,hit_into_play,R,0,0,0.0,0.77,0.2,3.01,-2.822202241374919,-129.09003898994413,-2.4482878462390016,0.6511700185602954,27.286707088315985,-23.246401823518173,54.45,-0.228
ST,1.22,5.8,"Horn, Bailey",690544,swinging_strike,L,2,2,-1.14,0.2,-1.44,3.06,-3.9347838107097113,-123.26853871273144,-0.4356736483391749,-10.739577776717086,25.397140041169635,-30.254415697134867,54.39,-0.199
ST,1.25,5.84,"Horn, Bailey",690544,swinging_strike,L,2,1,-1.21,0.11,-0.16,2.37,-0.8443674978344934,-119.97724653621852,-1.535846873485924,-11.484158160953728,24.330064215350102,-31.047689630377224,54.3,-0.067
ST,1.34,5.79,"Horn, Bailey",690544,ball,L,1,1,-1.24,0.28,0.68,3.6,0.9178809119584486,-121.02227104578672,0.8872476427073681,-12.349359659271386,24.138836504979867,-29.830000184635256,54.38,0.049
ST,1.36,5.8,"Horn, Bailey",690544,ball,L,0,1,-1.16,0.13,-1.35,3.08,-3.9662206733542553,-121.88972283176544,-0.107198714452609,-10.736784147222355,24.372879231506023,-31.120267395172288,54.37,0.03
FF,0.93,6.0,"Horn, Bailey",690544,foul,L,0,0,0.58,1.5,0.56,3.82,-2.2442561018061324,-138.74422541898113,-3.48921215027106,7.93847630525626,30.40642180970872,-12.199331694732166,54.42,-0.042
ST,1.37,5.81,"Horn, Bailey",690544,foul_tip,R,0,2,-1.32,0.31,-0.16,3.61,-0.9214768944565126,-122.21987250043657,0.7187726807490724,-12.995319367065118,25.291470681768743,-29.48928743842716,54.47,-0.194
CU,1.04,5.97,"Horn, Bailey",690544,foul,R,0,2,-0.73,-1.2,0.07,3.12,-0.7477718338267915,-113.95986476099566,2.9378392263494764,-6.205202975026452,21.536121770601515,-43.40460418530222,54.41,0.0
FF,1.04,5.93,"Horn, Bailey",690544,foul,R,0,1,0.51,1.29,-0.2,3.08,-4.419717384674179,-138.8883633132665,-4.773348593682492,7.636265114663701,30.0643810014006,-14.639055112551992,54.36,-0.059
ST,1.21,5.76,"Horn, Bailey",690544,called_strike,R,0,0,-0.9,0.24,0.19,2.01,-0.5639305593054762,-120.16433077336234,-2.4449000517540496,-8.553851246364875,25.46030094496056,-29.59183329355103,54.33,-0.042
ST,1.28,5.86,"Horn, Bailey",690544,hit_into_play,L,0,0,-1.48,-0.15,-0.58,2.25,-1.3341599424557793,-118.6333123841536,-1.152679603388751,-13.566727669706134,26.025198198555376,-33.55993487832104,54.35,-0.537
ST,1.31,5.82,"Horn, Bailey",690544,hit_into_play,L,0,0,-1.49,0.25,-1.13,3.09,-2.599668174544275,-118.97055460563092,0.0174896373767761,-13.50796344018076,25.22143926333395,-30.05010927778852,54.37,0.41
FF,1.01,5.91,"Horn, Bailey",690544,hit_into_play,R,2,1,0.51,1.27,-0.83,2.41,-5.888711372327248,-136.82124234943478,-6.166978714705467,7.699006326068478,28.95928103353419,-15.102272713890086,54.45,-0.583
ST,1.56,5.79,"Horn, Bailey",690544,ball,R,1,1,-1.4,-0.08,1.11,3.63,1.6562976390355957,-117.50245445910336,1.981712217420032,-13.255920447942378,23.14577872139328,-33.48466341439986,54.53,0.015
ST,1.51,5.84,"Horn, Bailey",690544,ball,R,0,1,-1.6,-0.21,2.21,3.46,4.419459222542342,-113.43979893426332,2.191978634058266,-14.629866054394498,22.710636464319503,-34.638346080829905,54.62,0.1
ST,1.49,5.73,"Horn, Bailey",690544,called_strike,R,0,0,-1.19,0.23,-0.58,2.71,-2.3518385993636293,-118.9595891603176,-0.6584573029291841,-10.811500194540187,23.621608877965137,-30.08890250233734,54.4,-0.102
ST,1.37,5.83,"Horn, Bailey",690544,hit_into_play,L,0,2,-1.15,0.46,0.3,2.97,-0.2006606841971504,-120.5185283830852,-0.9311815970366952,-11.155689275200446,23.747748557811832,-27.72095184114761,54.39,-0.419
ST,1.46,5.76,"Horn, Bailey",690544,called_strike,L,0,1,-1.02,0.41,-0.35,2.36,-2.1018299995913226,-118.48422882782796,-1.832550843779416,-9.195369215232244,22.118056286860632,-28.14248335218704,54.44,-0.215
FC,1.3,5.9,"Horn, Bailey",690544,called_strike,L,0,0,0.13,0.51,0.49,1.87,-2.2515451357786125,-128.7413483168251,-4.807149971475138,1.928263490915836,25.583712965390188,-25.758248726646347,54.48,-0.121
ST,1.51,5.62,"Horn, Bailey",690544,hit_into_play,R,3,2,-1.56,-0.31,0.15,1.93,-0.0672220739332665,-119.10752438665952,-1.0815028523945622,-14.694523755479102,25.64582330855317,-35.07587998512563,54.36,-0.347
FF,1.11,5.77,"Horn, Bailey",690544,swinging_strike,R,3,1,0.74,1.43,-0.17,3.03,-4.958271335453955,-137.75539434496332,-4.61303543058884,10.506355438280876,32.80281374600264,-13.240603450357748,54.38,-0.053
ST,1.36,5.67,"Horn, Bailey",690544,ball,R,2,1,-1.62,-0.16,0.3,3.85,0.7163403486677374,-117.715065418335,2.923411102770518,-15.063464344232855,25.13736848202878,-34.50683694515405,54.66,0.058
FC,1.22,5.75,"Horn, Bailey",690544,foul,R,2,0,-0.48,0.73,0.57,3.19,-0.5856351302291233,-127.63919258583216,-1.486831498680497,-5.036718388466873,30.29352669792591,-24.217623012282843,54.61,-0.033
ST,1.52,5.63,"Horn, Bailey",690544,ball,R,1,0,-1.02,-0.25,1.19,2.09,1.2029010803583278,-117.72965862040752,-0.7378792749423244,-9.709254102904492,24.26798403106224,-34.56195657952996,54.6,0.044
ST,1.49,5.73,"Horn, Bailey",690544,ball,R,0,0,-0.89,-0.17,0.8,3.47,0.1395604396678706,-120.64836707539231,1.7126164330562872,-8.596066672307654,26.39036474394753,-34.44986296587108,54.55,0.027
ST,1.4,5.63,"Horn, Bailey",690544,hit_into_play,R,0,1,-1.42,-0.05,-0.35,1.42,-1.2342768896361933,-120.68732676176964,-2.948075094373989,-13.358914084903397,27.74882410038424,-32.19570168112906,54.35,-0.328
ST,1.43,5.64,"Horn, Bailey",690544,foul,R,0,0,-1.52,-0.09,-0.3,1.56,-0.9701937980413728,-118.39084452323588,-2.301494506099523,-14.008571252253606,25.02874747952241,-32.77938306158546,54.4,-0.042
ST,1.4,5.67,"Horn, Bailey",690544,hit_into_play,R,2,2,-1.8,0.06,-0.38,3.0,-0.5359488211034723,-118.85198404009326,0.5262072770751121,-16.793421748876515,26.061743137497345,-31.971337645684457,54.53,0.287
ST,1.53,5.67,"Horn, Bailey",690544,called_strike,R,2,1,-1.51,0.21,0.61,2.81,0.8229767387592228,-118.79633421272158,-0.2275778035722073,-14.370007141732597,24.1494549297888,-30.367563270945347,54.34,-0.051
FF,1.08,5.85,"Horn, Bailey",690544,foul,R,2,0,0.51,1.29,-0.59,3.1,-5.498311910891954,-138.6637565160264,-4.441134674408881,7.813022096155535,31.505067701922588,-14.757339185994391,54.61,-0.039
ST,1.2,5.79,"Horn, Bailey",690544,ball,R,1,0,-1.39,0.2,-1.83,1.51,-4.148979068016479,-119.35788040417894,-3.427829842106472,-12.293780988827749,25.746975094634795,-29.80634639315205,54.53,0.045
CU,1.15,5.88,"Horn, Bailey",690544,ball,R,0,0,-1.07,-1.18,3.36,5.65,6.214585228633152,-106.44415836467542,8.880091256538078,-9.293659638049569,20.49153196570226,-43.05532980675749,54.92,0.024
ST,1.38,5.68,"Horn, Bailey",690544,hit_into_play,L,2,2,-1.51,-0.02,-0.06,3.81,-0.3518076334204019,-121.0892120621101,2.2257048040413423,-14.663199902266832,25.31275299314624,-33.03152305373227,54.49,-0.204
ST,1.37,5.67,"Horn, Bailey",690544,ball,L,1,2,-1.54,-0.05,1.35,3.43,2.8668409253461364,-118.09527047285916,1.7221779572084306,-14.949644668271294,23.83652256781465,-33.26368003691641,54.69,0.036
ST,1.32,5.72,"Horn, Bailey",690544,ball,L,0,2,-1.44,-0.08,-0.84,3.93,-2.148796832750827,-121.46182377285236,2.496553703903616,-13.718256170942263,25.16568941992177,-33.74407343639968,54.5,0.019
CU,1.13,5.82,"Horn, Bailey",690544,foul,L,0,2,-0.85,-1.4,0.03,2.26,-0.8001316438824855,-113.14295339671068,1.954223634028709,-6.991563119917646,24.288557441100064,-44.688803493516005,54.47,0.0
ST,1.36,5.73,"Horn, Bailey",690544,foul,L,0,2,-1.51,-0.13,0.12,2.33,0.1198210389734188,-119.66694618389148,-0.8524009171028807,-14.385048802494106,26.056787203003505,-33.4818775537941,54.44,0.0
FF,1.15,5.8,"Horn, Bailey",690544,foul,L,0,1,0.67,1.38,0.59,3.04,-2.917816937635657,-137.5441628371988,-4.524602187809249,9.142289026660883,32.247188006493985,-13.92382329667927,54.54,-0.047
ST,1.36,5.79,"Horn, Bailey",690544,swinging_strike,L,0,0,-1.65,0.06,-1.12,2.31,-2.3902369541095414,-119.08059764461152,-1.3025114591219622,-15.013232646061732,26.45276587236437,-31.547964285694817,54.58,-0.032
ST,1.54,5.6,"Horn, Bailey",690544,hit_into_play,R,0,1,-1.48,0.07,-0.14,2.71,-0.9340866957157804,-120.5280406244916,-0.1965975617847657,-14.165385898849612,25.35180866576118,-31.68571343069716,54.42,-0.085
CU,1.22,5.78,"Horn, Bailey",690544,swinging_strike,R,0,0,-1.31,-1.01,0.36,1.72,0.5506984621763527,-112.04103445546438,0.2916717756290752,-10.98154343710434,23.89073411767499,-40.88030528080183,54.6,-0.015
CU,1.14,5.84,"Horn, Bailey",690544,swinging_strike,R,1,2,-1.06,-1.0,-0.65,2.04,-1.8948780836892205,-113.65707214086667,0.6458879723552153,-8.684028196929143,23.83267534676166,-41.16926452096739,54.3,-0.116
ST,1.5,5.6,"Horn, Bailey",690544,foul,R,1,2,-1.08,0.32,-0.12,2.24,-1.5946641302001812,-121.12021849472714,-1.804595536049976,-10.137363127496938,26.5984856209042,-28.92632212545069,54.37,0.0
FF,1.15,5.8,"Horn, Bailey",690544,foul,R,1,2,0.49,1.18,-0.46,2.08,-5.326922136291554,-139.40331954352024,-6.8121359492020055,7.688021001874405,33.08049510860493,-15.41996657651588,54.57,0.0
FF,1.05,5.81,"Horn, Bailey",690544,ball,R,0,2,0.34,1.1,-1.46,1.37,-7.350053885883967,-139.30529782727976,-8.557472456688705,6.133214313964489,31.801744852997807,-16.066299110985543,54.4,0.013
ST,1.31,5.8,"Horn, Bailey",690544,called_strike,R,0,1,-1.72,-0.25,0.21,3.03,0.8111288207626843,-116.2887103239254,1.1850582125506628,-15.656032782722765,24.988778153412028,-34.888470774797995,54.49,-0.035
CU,1.28,5.79,"Horn, Bailey",690544,swinging_strike,R,0,0,-0.91,-1.37,0.19,0.87,-0.646674246266921,-111.87617639340192,-0.8085326348967028,-7.371739072926334,24.234013123367195,-43.62053855460366,54.49,-0.024
ST,1.4,5.67,"Horn, Bailey",690544,hit_into_play,L,2,1,-1.35,-0.31,0.04,2.16,-0.4719223006372899,-119.50844861486004,-0.7159019527592871,-12.675241759129566,26.20997868684363,-35.19551827433578,54.45,-0.267
ST,1.41,5.66,"Horn, Bailey",690544,called_strike,L,2,0,-1.29,-0.3,0.38,1.6,0.1454383961931049,-117.87867279143629,-1.7727919555017695,-11.893718778799943,25.65924127808873,-34.77470418635185,54.3,-0.057
ST,1.45,5.68,"Horn, Bailey",690544,ball,L,1,0,-1.65,0.06,-0.87,2.36,-2.0285580952503777,-118.6584056739512,-0.9259380052590176,-15.061559771159684,25.231754269345554,-31.66588398745961,54.41,0.064
ST,1.47,5.69,"Horn, Bailey",690544,ball,L,0,0,-1.27,0.01,0.11,3.48,-0.5999636512255774,-117.68424512496584,1.7753870201531454,-11.543474768565694,25.0482835258966,-32.679527583053385,54.41,0.032
CU,1.24,5.8,"Horn, Bailey",690544,swinging_strike,L,1,2,-0.98,-1.32,0.48,1.87,0.1604826938877481,-110.84149106396772,1.1894537447314029,-8.06185808391839,20.50645384385789,-43.50744029093104,54.34,-0.579
FF,1.3,5.69,"Horn, Bailey",690544,foul,L,1,2,0.73,1.2,-0.21,2.83,-5.577652670380385,-138.66267163451727,-4.604376437132989,10.637488259559005,28.31443135256642,-15.827259434537298,54.29,0.0
ST,1.48,5.69,"Horn, Bailey",690544,ball,L,0,2,-0.95,0.25,-0.87,3.55,-3.5488535408872988,-122.7065518616144,0.8553617946882106,-8.971556333683363,23.252127528190165,-29.969731395975504,54.38,0.023
ST,1.54,5.65,"Horn, Bailey",690544,foul,L,0,1,-1.68,-0.08,0.51,1.95,0.9046462657147754,-118.8941278527622,-1.5755112035150642,-16.07944111805126,23.53703662001137,-32.86930869270233,54.52,-0.116
ST,1.57,5.69,"Horn, Bailey",690544,called_strike,L,0,0,-1.7,0.05,-0.23,2.85,-0.7860557531277146,-118.61502364575333,0.1135506626224553,-15.83692145292298,23.26725492620677,-31.98222105832968,54.34,-0.099
ST,1.66,5.68,"Horn, Bailey",690544,ball,R,3,2,-1.46,0.26,-1.08,3.04,-3.4147624976985003,-121.03816554749514,-0.1043948471735091,-13.677001506352758,23.70092748805476,-29.772425341392776,54.38,0.267
CU,1.3,5.86,"Horn, Bailey",690544,ball,R,2,2,-1.0,-1.43,2.05,2.66,3.421722543710365,-112.50720377113446,2.7813666804183947,-9.154699088460038,22.18797239704969,-45.03288561588021,54.4,0.131
ST,1.61,5.65,"Horn, Bailey",690544,foul,R,2,1,-1.72,0.08,0.15,1.37,0.0283455935532024,-115.81225056122308,-2.6750717231745917,-15.26053475944469,25.313388046903107,-31.10653162401509,54.48,-0.084
FF,1.27,5.76,"Horn, Bailey",690544,ball,R,1,1,0.55,1.26,-1.35,2.58,-8.080919134722691,-137.8719183992513,-5.449295701070271,8.877142659819004,31.14562474452404,-15.032020995245649,54.23,0.028
ST,1.73,5.66,"Horn, Bailey",690544,called_strike,R,1,0,-1.4,0.16,0.54,1.74,0.0087581651785613,-119.0306279041992,-2.544153238186367,-13.283960402788312,23.566779357868647,-30.39410348809277,54.56,-0.081
ST,1.68,5.69,"Horn, Bailey",690544,ball,R,0,0,-0.79,0.56,-0.78,1.48,-4.11107939555544,-122.2771115651912,-4.474599243219335,-7.215910838652725,22.671811036923128,-25.91680628072516,54.42,0.056
ST,1.53,5.64,"Horn, Bailey",690544,hit_into_play,L,1,2,-1.41,-0.1,0.35,2.08,0.0405400374468504,-118.33724936803404,-1.1526391177468474,-13.193816614669048,23.73409891130462,-33.09212335482251,54.41,0.364
ST,1.53,5.79,"Horn, Bailey",690544,ball,L,0,2,-1.08,0.3,0.51,4.02,-0.2127312690225521,-121.0465230932898,1.8357988762676305,-10.57634808814218,24.763635036003407,-29.856128315060143,54.34,0.026
ST,1.43,5.69,"Horn, Bailey",690544,swinging_strike,L,0,1,-1.27,0.01,-0.57,1.84,-2.091658371634725,-119.91758811166171,-2.2089999028366885,-11.750037582895452,24.206784437564004,-31.819770453928363,54.18,-0.045
ST,1.44,5.66,"Horn, Bailey",690544,called_strike,L,0,0,-1.03,0.2,0.63,2.62,0.1464996372979765,-119.55280055536966,-0.7675986502398069,-9.947304715530109,21.08930735566538,-30.3516354827174,54.3,-0.042
FC,1.37,5.81,"Horn, Bailey",690544,ball,R,3,0,-0.09,0.61,-0.88,1.38,-5.249492328368358,-128.1103571906651,-5.931124420171178,0.0199825372480882,25.602628059079294,-24.469264905908595,54.27,0.042
FC,1.38,5.66,"Horn, Bailey",690544,ball,R,2,0,0.35,0.55,0.29,1.04,-3.4222454133022087,-130.64673735347384,-6.623682361524322,4.6643666757445565,26.18304297982941,-24.711251332115932,54.33,0.046
ST,1.49,5.57,"Horn, Bailey",690544,ball,R,1,0,-1.48,0.19,0.8,1.48,1.274268128309112,-117.37725386698894,-2.737372060470429,-13.884661980227346,23.643350790097514,-30.14231916061103,54.45,0.026
FF,1.03,5.83,"Horn, Bailey",690544,ball,R,0,0,0.55,1.17,-1.0,2.86,-6.508102357038515,-137.13257741178705,-4.632149581075499,8.410132924512466,29.676258869397525,-16.608401775518004,54.15,0.016
ST,1.5,5.68,"Horn, Bailey",690544,hit_into_play,L,0,0,-1.47,-0.16,-0.72,2.09,-2.2228594799168957,-121.47700732562022,-1.457684344566203,-13.984137747057922,25.430172007273395,-33.70420137885201,54.38,-0.163
ST,1.61,5.62,"Horn, Bailey",690544,hit_into_play,R,0,1,-1.56,0.16,0.25,1.82,-0.0552086537743254,-118.01624231990188,-2.181852390156501,-14.633074511486392,21.599313034536603,-30.46313955543971,54.46,-0.196
FC,1.53,5.62,"Horn, Bailey",690544,called_strike,R,0,0,-0.29,0.29,0.63,1.48,-1.5348976383815187,-124.53837503957668,-4.098551167965306,-2.7460819751379213,23.54166728588149,-28.57503334122373,54.43,-0.032
FF,1.34,5.74,"Horn, Bailey",690544,hit_into_play,R,1,1,0.53,0.85,-0.58,2.89,-6.131510043291105,-136.90098637208192,-3.5691914286371014,8.058202559422734,29.471344813177915,-20.899579563245357,54.44,-0.316
ST,1.52,5.59,"Horn, Bailey",690544,called_strike,R,1,0,-1.72,0.02,0.32,1.67,0.5994601800597835,-117.93272293734393,-2.186090957831328,-16.195872822091076,21.65862428649008,-31.75458173005184,54.47,-0.054
FF,1.19,5.87,"Horn, Bailey",690544,ball,R,0,0,0.18,1.12,-1.13,4.12,-6.4098094545813495,-136.9862892693107,-1.3236914251858916,3.6274647405230738,29.13115597203802,-17.977372835276608,54.43,0.035
ST,1.54,5.7,"Horn, Bailey",690544,hit_into_play,L,1,1,-1.36,-0.17,0.47,2.55,0.2189001622534225,-118.35865340703111,-0.1674527381071928,-12.894310962743637,21.49504594222252,-33.920205582990235,54.45,-0.126
ST,1.48,5.7,"Horn, Bailey",690544,ball,L,0,1,-1.36,-0.52,1.58,2.16,2.78430325336979,-117.20819804223518,-0.2037042908913213,-13.106585534618825,22.299778409559188,-37.1321411847192,54.52,0.05
ST,1.49,5.61,"Horn, Bailey",690544,called_strike,L,0,0,-1.26,0.0,0.06,1.99,-0.8114390894043454,-119.8586386980216,-1.6918787967488418,-12.007447680086509,22.270934162926093,-32.11142628107661,54.44,-0.071
ST,1.58,5.65,"Horn, Bailey",690544,hit_into_play,R,0,0,-1.2,-0.46,-0.88,1.69,-3.165836476919184,-117.39184561725936,-1.2695385200443952,-10.45853103560156,22.540041254018163,-36.41720737361469,54.45,-0.274
ST,1.62,5.67,"Horn, Bailey",690544,hit_into_play,L,1,1,-1.21,-0.37,-0.18,2.11,-1.6845948659470824,-116.79602984309932,-0.4767159231425848,-10.78201163452896,22.10295553524,-35.706639436710354,54.33,0.64
FF,0.96,5.93,"Horn, Bailey",690544,ball,L,0,1,0.65,1.37,-1.27,2.93,-7.087968413746004,-134.7893830046619,-4.860516436419462,9.472277865482042,27.83684688002703,-14.519649334958377,54.51,0.021
ST,1.56,5.76,"Horn, Bailey",690544,called_strike,L,0,0,-1.15,-0.3,-0.02,2.38,-1.3317428504793607,-117.0092894133445,-0.2179568126590625,-10.238582779689535,23.202791328148937,-35.096940411951444,54.5,-0.032
ST,1.72,5.69,"Horn, Bailey",690544,swinging_strike,R,3,2,-1.11,0.23,0.54,3.2,-0.5353215753317775,-120.0726828770108,0.2812873461842555,-10.77623618007495,19.20965034557581,-30.095470516825568,54.52,-0.131
FF,1.3,5.81,"Horn, Bailey",690544,foul,R,3,2,0.58,1.37,-0.35,2.72,-5.47698859937556,-136.08414723483787,-5.3060080747702605,8.256951023127197,24.96336643320908,-14.158468597627095,54.59,0.0
ST,1.68,5.63,"Horn, Bailey",690544,ball,R,2,2,-1.68,0.01,0.89,1.66,1.407565870884644,-116.73087496511675,-2.1334566369509744,-15.660241242020495,20.900731774335995,-31.94005756954861,54.58,0.043
CU,1.34,5.8,"Horn, Bailey",690544,ball,R,1,2,-0.99,-1.21,-0.49,0.57,-2.1054537404497946,-113.7341690897006,-2.1013303387433244,-8.110588162069023,23.09471725081679,-42.37445869808227,54.36,0.018
FF,1.12,5.89,"Horn, Bailey",690544,ball,R,0,2,0.33,1.37,-0.88,3.08,-5.89836863441067,-137.43317377194515,-4.691329846719633,5.420364057575914,28.560316326545152,-13.96512491475472,54.48,0.009
CU,1.35,5.92,"Horn, Bailey",690544,called_strike,R,0,1,-0.92,-0.88,-0.44,3.24,-2.1051139611159546,-111.69519275953934,2.948865585993201,-7.281841243498615,21.185173160291427,-40.27579653834829,54.38,-0.024
ST,1.66,5.57,"Horn, Bailey",690544,called_strike,R,0,0,-1.52,-0.24,0.3,2.53,-0.1321767806823908,-116.70777637978448,0.4734998051511305,-13.826444754642054,23.63540185736009,-34.64507982010989,54.61,-0.015
FF,1.34,5.79,"Horn, Bailey",690544,hit_into_play,L,1,0,0.76,1.27,0.44,2.7,-4.058077491865079,-138.47560088268253,-5.333491157030838,10.708589747180062,28.90629822684848,-14.865974526517098,54.39,1.843
FF,1.29,5.74,"Horn, Bailey",690544,ball,L,0,0,0.67,1.27,-1.97,2.47,-10.049851267201406,-138.92873135473383,-5.869971364071636,10.82091320797543,28.744068257241537,-14.523021128574,54.44,0.027
FF,1.43,5.69,"Horn, Bailey",690544,hit_into_play,R,0,0,0.44,1.27,-0.84,2.68,-6.908816046212719,-138.0572097545989,-5.062376253573915,7.148380361076813,30.501689578360253,-14.98724881212998,54.37,0.129
ST,1.66,5.7,"Horn, Bailey",690544,hit_into_play,L,0,2,-1.46,-0.1,-0.55,2.57,-2.155280070189741,-118.87032721150165,-0.2485324599604612,-13.42088761975295,23.63522467043571,-33.32985718089135,54.49,-0.104
ST,1.59,5.72,"Horn, Bailey",690544,called_strike,L,0,1,-1.5,-0.51,0.03,2.49,-0.6018372531460112,-114.60983457164625,0.7534843554832151,-13.102950900115337,21.84864647571252,-36.9923989172454,54.41,-0.035
FC,1.55,5.75,"Horn, Bailey",690544,swinging_strike,L,0,0,-0.43,0.3,-0.39,2.76,-3.629225244385918,-123.06051278065245,-1.3161099751546366,-3.835781646706165,20.772553080333324,-29.049529706054816,54.5,-0.024
