pitch_type,release_pos_x,release_pos_z,player_name,pitcher,description,stand,balls,strikes,pfx_x,pfx_z,plate_x,plate_z,vx0,vy0,vz0,ax,ay,az,release_pos_y,delta_run_exp
ST,3.56,4.18,"Jacques, Joe",682175,swinging_strike,R,0,2,-1.23,-0.01,-0.46,1.32,-6.25449768485327,-111.46832078828828,1.0648614307428346,-8.911523952765533,22.18405154335309,-32.700948776766296,54.19,-0.142
SI,3.36,4.58,"Jacques, Joe",682175,foul,R,0,2,1.51,-0.09,-0.93,1.14,-13.682529289382428,-129.65268341402466,-2.252435317758649,19.826138843244745,26.32729877441527,-32.91251929271936,54.27,0.0
ST,3.43,4.36,"Jacques, Joe",682175,foul,R,0,1,-1.67,-0.28,-1.02,3.05,-6.319044790989365,-110.55310815321803,4.902444238398138,-12.370242328407542,21.90525131949141,-35.66834835304044,54.21,-0.045
SI,3.31,4.51,"Jacques, Joe",682175,foul,R,0,0,1.62,0.01,0.3,1.54,-10.829979771351685,-130.13442074922193,-1.3029757894100658,20.75505460401832,29.461375736087422,-31.947352609806863,54.2,-0.042
SI,3.38,4.49,"Jacques, Joe",682175,swinging_strike,R,1,2,1.5,-0.36,0.28,1.37,-10.857967470013133,-130.93997771555297,-0.9436187051892996,19.636902204089218,30.63351644746812,-36.29074464911942,54.21,-0.214
SI,3.34,4.57,"Jacques, Joe",682175,ball,R,0,2,1.44,-0.24,-1.5,1.64,-15.008103204083442,-130.35329775078745,-0.7068702391529647,19.65779515411055,28.876935525418816,-34.95611243169096,54.16,0.02
SI,3.4,4.51,"Jacques, Joe",682175,called_strike,R,0,1,1.31,-0.48,-0.56,2.24,-12.553396856941962,-130.53874722810107,1.4543603242892529,17.76187886245668,29.10047297226912,-38.279068215824566,54.21,-0.059
SI,3.33,4.53,"Jacques, Joe",682175,foul,R,0,0,1.42,-0.47,0.07,2.3,-11.017027701368017,-130.082283470257,1.5923518999630757,18.610467007943072,31.344399582372805,-38.09562449932364,54.26,-0.042
SL,3.3,4.41,"Jacques, Joe",682175,hit_into_play,R,1,1,0.12,0.28,0.06,2.93,-7.703851453985768,-121.47848962444765,2.509810312597988,2.7798430351627417,24.42246322040545,-30.13842738463829,54.14,0.594
SI,3.4,4.54,"Jacques, Joe",682175,ball,R,0,1,1.33,-0.48,-1.77,2.25,-15.55288021568485,-130.19935883116878,1.4066555757491024,18.46656796540343,28.345924364986896,-38.27915019999783,54.24,0.05
SL,3.37,4.5,"Jacques, Joe",682175,called_strike,R,0,0,-0.15,-0.04,0.16,3.33,-6.987780222956902,-120.05724625055696,3.866199808042072,-0.2241874885252644,21.621129633464868,-33.51879190101156,54.37,-0.071
SI,3.32,4.64,"Jacques, Joe",682175,hit_into_play,L,2,2,1.22,-0.55,-0.52,2.65,-12.115277692529714,-131.29214247528606,2.171087647807103,16.646815805329155,28.103152918735308,-39.25430520056112,54.34,-0.257
SL,3.49,4.37,"Jacques, Joe",682175,ball,L,1,2,-1.51,-0.55,-4.21,0.99,-13.544701479214464,-111.52651388452551,0.9727299820000868,-9.674364897223125,22.736149342902493,-37.20463255254364,54.15,0.082
SI,3.33,4.58,"Jacques, Joe",682175,foul,L,1,1,1.44,-0.26,-0.39,2.75,-12.095563464532836,-129.1462611855232,2.149210900430968,18.590799698079973,26.6804344092967,-35.84290937056991,54.24,-0.105
SI,3.49,4.49,"Jacques, Joe",682175,ball,L,0,1,1.44,-0.41,-1.11,2.75,-14.275176710440627,-129.281557742904,2.675795967172527,19.17624938566837,28.161537170064594,-37.70272657095759,54.19,0.053
SI,3.46,4.62,"Jacques, Joe",682175,foul,L,0,0,1.24,-0.23,0.58,2.97,-9.674819048549535,-129.98934647097792,2.458378740674564,16.168341673734,28.29372451095198,-35.63599625392831,54.46,-0.051
SL,3.43,4.51,"Jacques, Joe",682175,hit_into_play,R,0,1,-0.17,0.18,-0.11,2.44,-7.777113229104783,-121.32998791781723,1.3524076351800458,-0.0071091541020155,25.421714932084356,-30.93185863852888,54.42,0.66
SI,3.35,4.6,"Jacques, Joe",682175,called_strike,R,0,0,1.6,-0.12,-0.91,2.09,-13.87967645878532,-130.63506577282556,0.0409933149631183,21.287041321549832,28.269077038378857,-33.77169271646381,54.38,-0.032
SI,3.53,4.51,"Jacques, Joe",682175,hit_into_play,L,2,2,1.38,-0.21,1.93,3.23,-6.899544442657162,-131.0230289595856,3.252045851481248,17.42536308933517,29.13024455493501,-35.512238940151235,54.27,-0.443
SL,3.47,4.34,"Jacques, Joe",682175,ball,L,1,2,-1.53,0.31,-3.44,1.76,-11.86438462191458,-111.74130037837548,1.0722045808562195,-10.20000311892859,23.22726791231454,-30.11412125303589,54.2,0.056
SI,3.47,4.47,"Jacques, Joe",682175,swinging_strike,L,1,1,1.21,-0.38,1.11,1.95,-8.45808377872399,-132.05122097577123,0.4147885243267932,15.922778703857142,28.520209635064965,-36.884744785746655,54.42,-0.181
SL,3.39,4.35,"Jacques, Joe",682175,ball,L,0,1,-1.44,-0.26,-3.74,1.24,-12.57745038660651,-112.49096431090608,0.9464718587826176,-9.268392997490382,24.52698289247725,-34.8203091669632,54.18,0.056
SL,3.56,4.37,"Jacques, Joe",682175,foul,L,0,0,-1.61,-0.25,-0.56,2.73,-5.782782613285384,-111.40218074125558,4.182203588898289,-11.862194258962235,24.810448880193395,-35.46349059813966,54.34,-0.081
SL,3.55,4.43,"Jacques, Joe",682175,hit_into_play,R,2,1,0.07,0.21,-0.07,2.11,-8.459310732913346,-121.7369131022544,0.6289123880230847,2.2622013237307064,22.81829622776004,-30.422301905468068,54.29,-0.873
ST,3.7,4.28,"Jacques, Joe",682175,ball,R,1,1,-1.77,0.02,1.54,2.42,-1.3450479531710875,-111.45790524681637,3.088210842957994,-14.399984532904943,21.71804050347947,-32.83735888024904,54.45,0.192
SI,3.53,4.55,"Jacques, Joe",682175,ball,R,0,1,1.36,-0.33,1.74,3.14,-7.283403655114446,-130.57584129598428,3.214224503752336,17.128644329462475,28.63822010323792,-36.91575080465954,54.41,0.047
SI,3.52,4.64,"Jacques, Joe",682175,called_strike,R,0,0,1.43,-0.29,0.74,2.18,-9.921449764158089,-131.0953432624674,0.52998450078941,18.59414378917832,29.06668004875592,-35.91774266820019,54.28,-0.121
ST,3.46,4.33,"Jacques, Joe",682175,hit_by_pitch,R,0,1,-1.7,-0.15,-2.86,0.6,-10.406428973875864,-112.93925894060976,-0.6651319029667413,-12.04383408705872,24.49245856928724,-33.54454602917097,54.28,0.702
SL,3.55,4.35,"Jacques, Joe",682175,called_strike,R,0,0,-0.18,-0.08,0.04,1.94,-7.673174813955449,-121.09027956812692,1.0923813028635188,-0.2779097635600601,24.0187908473247,-33.46192699873171,54.39,-0.083
SI,3.36,4.57,"Jacques, Joe",682175,hit_into_play,L,1,2,1.67,-0.17,0.36,2.57,-11.003828147338297,-131.7132765648583,1.3310452423401498,21.805454727783985,28.21289846565632,-34.73613137975627,54.42,1.028
SL,3.51,4.3,"Jacques, Joe",682175,foul,L,1,1,-1.36,0.39,-1.36,1.97,-7.867084247057383,-112.28728521214217,1.3935131834144248,-9.778921987359508,23.353756528137637,-29.461733192650623,54.29,-0.137
SL,3.65,4.31,"Jacques, Joe",682175,called_strike,L,1,0,-1.35,0.25,0.46,2.72,-4.247389571556392,-110.8326209946304,3.382633440765143,-10.06992581591236,23.427108740225187,-31.13531402394491,54.34,-0.108
SI,3.42,4.62,"Jacques, Joe",682175,ball,L,0,0,1.47,-0.36,-0.56,3.79,-12.859452413512962,-130.06240815122362,4.681609230165992,19.309835392038647,25.388012800957096,-37.542479768485904,54.37,0.028
