pitch_type,release_pos_x,release_pos_z,player_name,pitcher,description,stand,balls,strikes,pfx_x,pfx_z,plate_x,plate_z,vx0,vy0,vz0,ax,ay,az,release_pos_y,delta_run_exp
SL,-1.19,6.41,"Keller, Brad",641745,hit_into_play,L,2,1,0.43,-0.16,-0.6,2.33,0.5261262020848854,-125.28717798872374,-3.140655244408454,4.453868103413539,23.81724318654143,-33.45968436192111,54.63,-0.507
FF,-1.24,6.36,"Keller, Brad",641745,ball,L,1,1,0.34,0.93,-0.65,3.57,0.7830655005366539,-135.94023344894825,-3.5709111399290325,4.082196521728306,25.014857761314463,-20.003213555511916,54.41,0.028
SL,-1.21,6.41,"Keller, Brad",641745,foul,L,1,0,0.5,-0.26,-0.18,1.98,1.4220941437516352,-124.11909818265818,-3.6927418567040142,5.010207840266488,20.257867128723944,-34.462100602925304,54.54,-0.081
SL,-1.22,6.44,"Keller, Brad",641745,ball,L,0,0,0.53,-0.55,0.43,1.34,2.789716304852253,-123.80563015453951,-4.558068123207312,4.917229186781414,22.9123544089838,-37.21683698273,54.64,0.056
SL,-1.07,6.51,"Keller, Brad",641745,hit_into_play,R,0,0,0.63,-0.17,0.33,2.03,1.98828828173046,-122.1385988613732,-3.6425947178255456,5.976070825288384,22.59997922669426,-33.445914738537745,54.54,1.03
FF,-1.13,6.46,"Keller, Brad",641745,hit_into_play,R,1,2,0.21,1.0,0.26,2.98,3.10192316744807,-134.78122474976578,-5.341955187909649,2.004940445983243,25.48221391209137,-18.99678422594186,54.13,1.181
FF,-1.04,6.42,"Keller, Brad",641745,foul,R,1,1,0.33,0.75,0.63,2.46,3.544323517014557,-135.8385215244756,-6.170567900348759,3.548500290981291,24.334272850632654,-21.772773445262096,54.46,-0.126
SL,-1.1,6.34,"Keller, Brad",641745,blocked_ball,R,0,1,0.44,-0.39,0.87,0.85,3.80096506170335,-126.49915784150708,-6.1807993153772,4.032571939689936,24.0671740754984,-35.40664804600824,54.38,0.056
FF,-1.07,6.43,"Keller, Brad",641745,called_strike,R,0,0,0.3,1.03,-0.67,2.42,0.3719968790162138,-136.20333180052228,-6.8448452935864585,3.624040725160788,29.927586755751083,-18.11427787569901,54.44,-0.081
FF,-1.29,6.39,"Keller, Brad",641745,swinging_strike,L,2,2,0.15,1.06,-0.75,3.74,1.085906201488254,-137.37965806595017,-3.588189692699012,1.7023473061055885,27.857445756899384,-18.184095099232223,54.46,-0.475
FF,-1.34,6.41,"Keller, Brad",641745,swinging_strike,L,2,1,0.18,1.2,-0.81,3.23,0.97511616263794,-137.04085343909415,-5.250398893534409,2.016994676847251,28.16912203933043,-16.036973608530534,54.44,-0.134
FF,-1.33,6.44,"Keller, Brad",641745,ball,L,1,1,0.17,1.22,-1.56,4.29,-0.9709089789343014,-137.894510205473,-2.695890082973271,2.3353316518039278,28.223716713197263,-16.206885218908155,54.51,0.028
SL,-1.24,6.46,"Keller, Brad",641745,foul,L,1,0,0.48,-0.37,-0.09,1.72,1.7360770984730247,-124.29449954522887,-4.161366446836294,4.682770558927439,22.79095621336572,-35.485726030546914,54.54,-0.108
FF,-1.3,6.41,"Keller, Brad",641745,ball,L,0,0,0.01,1.13,-1.66,3.57,-0.9599105537148942,-137.17867349283202,-4.22199472113778,0.2631645390483453,27.537313621294334,-17.180797645109045,54.42,0.028
FF,-1.11,6.43,"Keller, Brad",641745,hit_into_play,R,2,2,0.29,1.03,0.99,2.82,4.759142642559695,-136.30450915766156,-5.870053190550254,2.6875320962969766,27.491038650141142,-18.28133221116701,54.44,0.75
SL,-1.17,6.42,"Keller, Brad",641745,ball,R,1,2,0.22,0.01,0.82,1.83,4.310014712076004,-127.28548259267208,-4.986460449490551,1.582723802753366,23.76083272746052,-31.33556744718146,54.5,0.034
SL,-1.04,6.38,"Keller, Brad",641745,ball,R,0,2,0.51,-0.33,1.22,0.61,4.323012980886385,-126.1963728854461,-6.983757817995292,4.721071300543479,22.889704836486548,-34.61184422710766,54.5,0.021
FF,-0.94,6.47,"Keller, Brad",641745,foul,R,0,1,0.42,0.85,0.51,2.71,2.731662223222386,-133.9631453572416,-5.604924982213291,4.627679853187331,25.247233889343217,-20.90707533791481,54.5,-0.075
FF,-1.05,6.48,"Keller, Brad",641745,called_strike,R,0,0,0.31,0.85,0.44,2.79,3.109273998368729,-134.94422191021246,-5.550544494154042,3.2414915710436256,25.6625065139097,-20.780083454758053,54.47,-0.047
CU,-1.23,6.46,"Keller, Brad",641745,hit_into_play,R,0,2,0.68,-0.3,0.43,2.76,2.406392366155049,-118.80123158948788,-1.2170041650449923,6.070499580037529,21.48705860762265,-34.96396646682248,54.57,1.062
SL,-1.14,6.56,"Keller, Brad",641745,called_strike,R,0,1,0.49,-0.31,0.85,2.23,3.639817139441143,-123.04634029776014,-3.146287567040206,4.3125471093743,22.888004396097365,-34.9395968488326,54.6,-0.059
SL,-1.15,6.51,"Keller, Brad",641745,swinging_strike,R,0,0,0.48,-0.21,0.75,1.44,3.4410383929094284,-122.5237712081992,-5.007559019155601,4.282312327243625,21.17015261873552,-33.61278181219447,54.5,-0.042
FF,-1.0,6.49,"Keller, Brad",641745,hit_by_pitch,R,2,2,0.03,1.05,-1.58,3.71,-1.531201763018972,-136.25677988313393,-3.7953947074474383,0.6565805653878318,26.41907211925387,-18.385634260127716,54.5,0.288
SL,-1.07,6.47,"Keller, Brad",641745,foul,R,2,2,0.31,-0.62,-0.2,1.49,1.4131269957143993,-123.9788005582315,-4.118143384166475,2.96976987656626,24.111739014254287,-38.03457578161567,54.67,0.0
SL,-1.17,6.43,"Keller, Brad",641745,ball,R,1,2,0.31,-0.51,1.74,0.79,6.250204765387387,-125.67775128795026,-6.057162781606569,1.769988393170999,28.893808962860128,-36.37291660169698,54.55,0.026
FF,-1.17,6.39,"Keller, Brad",641745,foul,R,1,2,-0.14,0.89,-0.31,1.45,2.5380510601149973,-137.43520083378198,-9.160298973290285,-2.28936960407395,28.27112322152946,-19.13141824991401,54.46,0.0
ST,-1.22,6.36,"Keller, Brad",641745,foul,R,1,2,1.01,0.07,1.64,2.0,4.596997150870856,-122.41077454312584,-3.837885105907899,9.166931496389886,24.974422285832368,-30.85574499148208,54.62,0.0
CH,-1.4,6.37,"Keller, Brad",641745,ball,R,0,2,-0.28,0.37,-1.11,2.71,1.354421586207795,-135.49861966382068,-4.495280388483052,-3.766620117072999,24.69712693136073,-26.943431659279263,54.56,0.013
SL,-1.05,6.47,"Keller, Brad",641745,foul,R,0,1,0.54,-0.32,0.51,1.12,2.650949835236432,-128.19321011858142,-6.220778254844545,5.389423017519167,25.81306270000296,-34.629573824021804,54.52,-0.035
FF,-0.99,6.51,"Keller, Brad",641745,called_strike,R,0,0,0.22,1.15,0.16,3.5,2.453908042199745,-135.5818895704971,-4.494993228465296,2.1526505474271067,28.16320471591013,-17.18246389540246,54.42,-0.024
FF,-1.32,6.43,"Keller, Brad",641745,hit_into_play,L,0,0,0.08,1.03,-0.19,2.45,2.7651591621066403,-137.07955014652265,-6.927027660398536,0.4491363854924312,27.742726605713475,-17.92559307196078,54.42,-0.228
SL,-0.98,6.45,"Keller, Brad",641745,hit_into_play,R,0,1,0.54,-0.47,0.45,1.66,2.260656123940872,-124.59531973774982,-4.102350893633993,5.2249742172434095,23.606146723344185,-36.50799931470728,54.49,-0.188
FF,-1.11,6.48,"Keller, Brad",641745,foul,R,0,0,-0.06,1.13,0.34,2.74,3.8749437186574456,-136.4233241614585,-6.469753048148161,-1.5691388312397023,26.56941868356311,-16.860208870251117,54.39,-0.042
FF,-1.13,6.36,"Keller, Brad",641745,hit_into_play,L,2,2,0.01,1.18,-0.85,2.23,0.7175230188862394,-140.12879749435314,-8.093717833004591,-0.0130207901191609,28.837272971050503,-15.0479657018062,54.29,-0.194
FF,-1.17,6.36,"Keller, Brad",641745,ball,L,1,2,0.07,1.16,-1.21,3.49,-0.2598386783808913,-139.66334051288322,-4.669038434314212,0.9359875842902704,28.073324095693152,-16.0808332250045,54.36,0.037
SL,-1.13,6.42,"Keller, Brad",641745,ball,L,0,2,0.5,-0.19,0.53,0.83,2.9459414891592783,-126.04527267913608,-6.754675704845466,4.7524186264711625,23.83462291665241,-33.17807442000435,54.39,0.021
FF,-1.23,6.44,"Keller, Brad",641745,foul,L,0,1,0.11,1.02,-0.26,3.49,2.309927488347942,-138.8400682078912,-4.461795050842044,0.9839507222454612,28.09180147559855,-18.19083430556776,54.41,-0.075
SL,-1.12,6.5,"Keller, Brad",641745,called_strike,L,0,0,0.47,-0.24,-0.06,2.99,1.550248227707817,-124.97507269558238,-1.5969035040563102,4.637086067436642,23.12199871332252,-34.65326641663197,54.66,-0.047
SL,-1.05,6.51,"Keller, Brad",641745,hit_into_play,R,0,1,0.37,-0.41,-0.26,2.53,1.1193156317176065,-123.98495857602012,-2.2434994896188742,3.668976063908756,22.90867677007385,-36.231034233578185,54.45,0.755
FF,-1.17,6.54,"Keller, Brad",641745,foul,R,0,0,0.04,1.15,-0.07,2.86,2.6956367149508127,-134.09088708812942,-6.025808494410056,-0.0235332723562298,26.4479753968827,-17.249825603742405,54.5,-0.064
SL,-1.0,6.51,"Keller, Brad",641745,ball,R,3,2,0.44,-0.24,1.07,1.72,4.038250364582597,-126.53038697620651,-4.840152601729139,3.990279502546248,24.02699359772545,-34.03107596652088,54.6,0.343
SL,-1.07,6.51,"Keller, Brad",641745,ball,R,2,2,1.0,-0.25,1.13,3.4,3.0554757648059154,-120.94625859339251,-0.1710618357262738,9.18674623413812,24.22300696914122,-34.806076554864184,54.72,0.093
SL,-1.05,6.54,"Keller, Brad",641745,foul,R,2,1,0.55,-0.21,-0.02,1.87,1.3170065691491648,-127.32308957224124,-4.673296097856858,5.7855923793383255,25.39444511414481,-33.69196980529655,54.59,-0.063
SL,-1.11,6.53,"Keller, Brad",641745,called_strike,R,2,0,0.69,-0.31,0.14,3.24,1.5413509854958958,-124.84486549898696,-0.8880922491424812,6.8973832173979694,24.87581655968368,-35.50416401291479,54.72,-0.057
SL,-1.01,6.55,"Keller, Brad",641745,ball,R,1,0,0.52,-0.1,1.48,2.0,4.825266830704431,-125.21815468478452,-4.33818385722627,4.52684026530477,25.0463876015372,-32.56232060130041,54.58,0.064
FF,-0.92,6.52,"Keller, Brad",641745,ball,R,0,0,-0.13,1.44,-0.51,1.2,1.3280280126245156,-136.60662977525627,-11.168471710875105,-1.883109075378412,29.691089733904636,-11.891720080117084,54.63,0.032
FF,-1.2,6.35,"Keller, Brad",641745,hit_into_play,L,1,0,0.09,1.04,-0.13,2.18,2.5981247883943164,-138.28655367360824,-7.650382851767777,0.6851174733770823,26.63494879087917,-17.43121155930562,54.33,-0.851
FF,-1.2,6.41,"Keller, Brad",641745,ball,L,0,0,0.03,0.84,-1.18,4.43,-0.0073873110712723,-136.14309536071167,-1.286885239100338,0.3913726095844141,25.748944171421236,-21.549931441018327,54.46,0.086
SL,-1.03,6.48,"Keller, Brad",641745,hit_into_play,R,1,0,0.52,-0.27,0.34,1.25,2.147194881696919,-123.81324290004704,-5.463730363613752,5.013664019390005,22.606951040681352,-34.11460749656235,54.38,0.491
SL,-0.97,6.49,"Keller, Brad",641745,ball,R,0,0,0.56,-0.3,0.72,1.52,2.821725563871807,-123.78333176121154,-4.758982315557688,5.288779324710334,22.335514403591944,-34.64150168284082,54.43,0.042
FF,-1.31,6.29,"Keller, Brad",641745,ball,L,3,1,-0.22,1.25,-0.71,3.34,2.05767389630232,-137.52599989902072,-4.74944335522027,-3.283033931893891,31.219797758813016,-15.531965792958449,54.35,0.06
FF,-1.31,6.3,"Keller, Brad",641745,ball,L,2,1,-0.18,1.15,-1.48,2.94,-0.0443833343396272,-137.77653254418905,-5.638973051708795,-2.340075785357561,31.216737906882678,-16.53942226043392,54.4,0.046
FF,-1.34,6.24,"Keller, Brad",641745,foul,L,2,0,-0.12,1.31,0.06,1.56,3.8601004526667952,-137.30736173509845,-9.301732103775032,-2.365758440173091,32.53105686497925,-13.676706634611405,54.55,-0.028
FF,-1.37,6.31,"Keller, Brad",641745,ball,L,1,0,0.03,1.18,-0.6,3.76,1.9056735564226903,-136.75444400597107,-3.4577287173298585,-0.0148126468514859,31.77012203740254,-16.86547947303407,54.36,0.044
FF,-1.2,6.29,"Keller, Brad",641745,ball,L,0,0,0.2,1.28,0.58,1.19,4.16398248339732,-137.03804495900772,-10.343488784267056,1.503165977084179,32.36290974316339,-13.845359560150593,54.26,0.027
FF,-1.2,6.33,"Keller, Brad",641745,hit_into_play,R,2,0,0.23,1.12,0.03,2.15,2.623632568429132,-135.00549421021557,-7.28178858483443,2.194387505241166,31.081132984704418,-17.080145070329664,54.36,0.087
FF,-1.09,6.33,"Keller, Brad",641745,ball,R,1,0,-0.06,1.42,0.8,0.97,5.0042305656604285,-136.2197036804754,-11.177011939243284,-1.8617031655168517,31.213709624150564,-12.168107490460004,54.46,0.026
CH,-1.32,6.18,"Keller, Brad",641745,ball,R,0,0,-0.25,0.71,1.13,0.07,6.746939711199108,-133.36435881582477,-11.157787250529417,-4.470843712788897,28.69328688792318,-21.50358719071966,54.04,0.016
FF,-1.17,6.36,"Keller, Brad",641745,hit_into_play,R,2,0,0.11,0.99,-0.81,3.52,0.6762256506615597,-136.27986202983146,-3.7728699227691633,1.2599598533598413,30.034519559979167,-19.19503017958615,54.52,-0.232
FF,-1.1,6.36,"Keller, Brad",641745,ball,R,1,0,0.31,0.93,-0.55,3.42,0.7446896025530818,-135.0764209510778,-3.760624066220714,3.578785261195345,29.6297478771055,-20.14291361934824,54.41,0.045
SI,-1.36,6.2,"Keller, Brad",641745,ball,R,0,0,-0.94,0.52,0.61,0.72,7.094406896131535,-135.111014729883,-9.391096711669096,-12.979059355463514,27.968029203928516,-24.027577514119304,54.3,0.024
SL,-1.18,6.43,"Keller, Brad",641745,hit_into_play,R,0,1,0.53,-0.34,-0.41,3.17,0.7456390936742483,-124.5508620655419,-0.7772253489483945,5.436246149548996,23.008638804780254,-35.76346750536919,54.6,-0.196
FF,-1.09,6.39,"Keller, Brad",641745,foul,R,0,0,0.12,1.28,0.43,2.76,3.5823061941400343,-135.13447137008103,-6.25704814737002,0.7348963568724313,29.95805409726309,-15.389655536208618,54.52,-0.032
SL,-1.09,6.41,"Keller, Brad",641745,hit_into_play,R,3,2,0.47,-0.43,0.61,1.63,3.0384944580364914,-124.02843627589546,-4.050281678728727,4.231846814726904,24.88689613701267,-35.98573953922995,54.5,-0.131
FF,-1.09,6.27,"Keller, Brad",641745,foul,R,3,2,0.47,1.17,0.63,3.49,3.389473089577084,-136.5258674742231,-4.049066551122441,5.105722500809142,30.07206738197729,-16.88287027676064,54.38,0.0
ST,-1.3,6.25,"Keller, Brad",641745,ball,R,2,2,1.08,0.41,2.14,-0.29,5.8058962963906415,-123.07032319002322,-9.523210315213056,9.475822479404332,29.14684667259234,-26.046166059544134,54.67,0.043
ST,-1.29,6.27,"Keller, Brad",641745,ball,R,1,2,1.14,0.35,2.48,0.97,6.50927319444381,-124.21761858846102,-6.743996809328092,10.208723558220854,28.50563189541062,-27.3010949289274,54.65,0.018
FF,-1.04,6.33,"Keller, Brad",641745,swinging_strike,R,1,1,0.23,1.06,0.21,3.11,2.706084227869974,-137.46317851275413,-5.055951580249672,2.3243975894853675,31.348998469749837,-17.775203960764895,54.42,-0.026
FF,-1.17,6.39,"Keller, Brad",641745,ball,R,0,1,-0.29,1.29,-0.89,4.21,1.3922053440576834,-138.40444441977337,-2.924291854763782,-4.043507917973422,31.345751272779875,-15.146861001192049,54.54,0.011
FF,-1.16,6.29,"Keller, Brad",641745,called_strike,R,0,0,0.17,1.08,0.96,1.88,5.1235390778201655,-137.64754777143483,-8.221427124663554,1.032251777142859,31.67906255628319,-16.776388971528483,54.23,-0.015
FF,-1.36,6.33,"Keller, Brad",641745,hit_into_play,L,3,2,0.08,1.17,-0.05,3.27,3.2410551049111564,-138.75362994255377,-5.034117297038533,0.3727555741766373,30.793763405249123,-16.103365740390196,54.49,-0.211
SL,-1.19,6.29,"Keller, Brad",641745,ball,L,2,2,0.65,-0.55,1.13,0.93,4.2923067014473375,-128.7439968131815,-5.829713192021272,6.291698834623417,27.102632665972266,-37.29419208611721,54.45,0.069
FF,-1.21,6.21,"Keller, Brad",641745,ball,L,1,2,0.08,1.07,0.55,1.56,4.4456249221178,-139.0411750734337,-9.030314912505514,0.10711002665006,29.607943794545488,-16.51996179517579,54.39,0.026
SL,-1.25,6.35,"Keller, Brad",641745,foul,L,1,1,0.57,-0.49,0.28,1.51,2.5050053428974834,-128.1978108154644,-4.623483807181067,5.785400915837295,26.76442056749116,-36.8358158439816,54.51,-0.04
FF,-1.28,6.3,"Keller, Brad",641745,ball,L,0,1,0.16,1.11,-1.14,3.0,0.0097438020851425,-139.29246007076816,-5.589281880569164,2.0876608254956177,31.808189861649485,-16.685040965522585,54.35,0.017
FF,-1.38,6.31,"Keller, Brad",641745,called_strike,L,0,0,0.0,1.04,-0.44,2.87,2.455810991519773,-138.45179489444092,-5.691589159348831,-0.5682190648667153,30.393822681791782,-17.726893549961847,54.51,-0.024
FF,-1.12,6.31,"Keller, Brad",641745,hit_into_play,R,1,1,0.33,1.19,0.84,2.82,4.395423255982349,-138.883622916155,-6.201486575680243,3.286328164504582,32.35847766953143,-15.537272350290255,54.3,-0.216
ST,-1.24,6.38,"Keller, Brad",641745,ball,R,0,1,1.2,0.49,0.85,3.44,2.477429828162507,-123.7754532211144,-1.5128718173986448,11.696537741647225,26.61685314172367,-27.087245317807906,54.62,0.021
FF,-1.05,6.38,"Keller, Brad",641745,called_strike,R,0,0,-0.04,1.26,-0.42,2.36,1.720884720635165,-137.6976619101713,-7.586902597363839,-0.8997619476228126,30.774877765419863,-14.61266348129486,54.46,-0.032
FF,-0.97,6.24,"Keller, Brad",641745,swinging_strike,R,0,2,-0.04,1.34,0.14,3.69,2.983751598248399,-138.08663664937836,-4.084169208189333,-1.0968540343970994,27.46190719419562,-14.240384726382787,54.15,-0.142
FF,-1.12,6.19,"Keller, Brad",641745,foul,R,0,1,0.13,1.33,1.02,1.8,5.229038443143074,-136.1117236004787,-8.54174297466106,0.543760596310563,28.87367793839704,-14.00819479904422,54.11,-0.045
SI,-1.21,6.1,"Keller, Brad",641745,called_strike,R,0,0,-0.92,0.83,0.68,1.75,6.8178150664202,-134.36668511824035,-7.090321790035094,-12.549152109745703,27.522949207171315,-20.833672345456783,54.16,-0.042
FF,-1.26,6.18,"Keller, Brad",641745,ball,L,3,1,0.23,1.23,-1.01,2.44,0.1293450011762987,-136.66105492397375,-6.705773620000389,2.9023345349515863,28.393480008886225,-15.45214989899037,54.36,0.065
FF,-1.24,6.26,"Keller, Brad",641745,ball,L,2,1,0.2,1.22,-0.75,3.33,0.8251935609397214,-137.3925986333454,-4.641806491250163,2.34510239382862,30.83420550622118,-15.87206581253782,54.38,0.046
CH,-1.22,6.19,"Keller, Brad",641745,ball,L,1,1,-0.85,0.46,0.24,0.83,5.375594487429486,-130.01523467075307,-8.191018117704925,-10.774644615854804,26.311733761907448,-25.467773245346876,54.16,0.023
FF,-1.3,6.2,"Keller, Brad",641745,called_strike,L,1,0,-0.17,1.23,-0.89,2.32,1.4451102725555998,-137.0024119951464,-7.124305108826671,-2.391478879234765,28.24000692838761,-15.380253277500746,54.17,-0.019
CH,-1.21,6.28,"Keller, Brad",641745,ball,L,0,0,-0.92,0.55,0.08,1.0,5.066088498913968,-129.10754880764574,-8.089332755541598,-11.279076312935658,23.65945855994417,-24.632984393850727,54.24,0.016
FF,-1.19,6.27,"Keller, Brad",641745,hit_into_play,R,2,2,0.01,1.3,-0.6,2.83,1.502146516651257,-137.48805838882652,-6.1580608149691045,-0.1423015510427895,29.746130454982985,-14.590282229580884,54.35,-0.142
ST,-1.4,6.24,"Keller, Brad",641745,ball,R,1,2,1.18,0.27,0.88,0.44,2.927396088004165,-122.37396750953256,-7.541024839678495,11.169173525153129,26.073335354866764,-28.05825185930798,54.39,0.026
FF,-1.28,6.14,"Keller, Brad",641745,called_strike,R,1,1,-0.11,1.1,0.35,2.26,4.402580370155984,-135.29333988714097,-6.531993110471724,-2.37952000741564,31.333291469368056,-17.414175617069226,54.37,-0.04
SL,-1.11,6.33,"Keller, Brad",641745,foul,R,1,0,0.76,-0.51,-0.03,2.61,1.0123740557254872,-124.07577418340536,-1.4525777172482413,7.612620703242282,24.67390844093232,-37.32341254113351,54.44,-0.031
SL,-1.06,6.3,"Keller, Brad",641745,ball,R,0,0,0.6,-0.18,1.29,0.49,4.305492859192043,-124.69822644015171,-7.142960257727692,5.590964667863619,22.06459625015704,-32.93853554720916,54.49,0.024
FF,-1.17,6.21,"Keller, Brad",641745,foul_tip,L,3,2,0.09,1.13,0.12,1.79,3.15778242257808,-137.80169096023545,-8.440330533680195,0.6111600687452065,26.141108224286285,-16.24929767242251,54.39,-0.297
FF,-1.23,6.23,"Keller, Brad",641745,called_strike,L,3,1,-0.11,1.29,0.24,1.38,4.071358694116242,-137.394046460346,-9.825236433439848,-2.250757989421352,28.325133502786997,-13.938571455737009,54.3,-0.078
FF,-1.18,6.2,"Keller, Brad",641745,ball,L,2,1,-0.05,1.12,-0.24,1.41,2.5309331021503505,-136.23080171233406,-9.140776247488317,-1.0589626234561242,24.950663497277752,-16.593098309890674,54.31,0.108
SL,-1.26,6.33,"Keller, Brad",641745,ball,L,1,1,0.84,-0.43,-1.13,2.8,-1.39682888408857,-124.98681601471444,-1.3921845749478226,9.203260961420243,18.888243003898623,-36.700166250536725,54.53,0.05
FF,-1.37,6.21,"Keller, Brad",641745,foul,L,1,0,0.17,1.05,-0.56,2.67,1.7154016133376049,-137.8297527443943,-5.9765381116460805,1.939420414311368,25.13488875189961,-17.721971482205088,54.41,-0.044
SL,-1.21,6.32,"Keller, Brad",641745,ball,L,0,0,0.54,0.15,1.63,0.49,5.635136557015531,-125.53022382676788,-7.869162276164388,4.534596575935496,26.091793658761155,-29.177480088700158,54.53,0.032
FF,-1.15,6.23,"Keller, Brad",641745,hit_into_play,R,1,2,0.17,1.5,-0.75,2.59,0.6597777009871297,-137.6832805804547,-7.133922475006705,2.028478093116317,30.810370566203662,-11.661073289741209,54.43,-0.071
SL,-1.1,6.32,"Keller, Brad",641745,swinging_strike,R,1,1,0.98,-0.54,1.55,1.4,4.320200546646684,-125.76899191497752,-4.408297397107179,9.519544353504967,25.0421893380322,-37.280568715816834,54.46,-0.026
ST,-1.17,6.24,"Keller, Brad",641745,ball,R,0,1,1.11,0.15,1.1,0.91,3.089999877958343,-123.0807702760051,-6.332377784665651,10.62150321327317,25.23023107714998,-29.56174730496347,54.39,0.011
SL,-1.15,6.38,"Keller, Brad",641745,called_strike,R,0,0,0.96,-0.48,-0.56,2.86,-0.5177370546597762,-123.6312297634009,-0.9996747058948257,10.006933057823518,23.30109142659383,-37.08998440205183,54.64,-0.015
SL,-1.23,6.23,"Keller, Brad",641745,swinging_strike,L,1,2,0.72,-0.2,-0.03,0.7,1.4186328072128382,-127.03591782151408,-6.7571461637851975,7.583837630877566,24.567360268513134,-33.248981514208346,54.39,-0.116
ST,-1.39,6.34,"Keller, Brad",641745,ball,L,0,2,1.22,0.25,-1.67,3.36,-3.0484037568187405,-123.13160132500307,-1.1070550033337128,13.02115237692718,23.628619126874103,-29.647529764761835,54.62,0.013
FF,-1.25,6.2,"Keller, Brad",641745,foul,L,0,1,-0.17,1.45,-0.89,2.89,1.3276226923484795,-139.22034517772363,-6.408744868974172,-2.546012722927527,28.57143767227683,-12.077840679320335,54.42,-0.035
SL,-1.21,6.35,"Keller, Brad",641745,called_strike,L,0,0,0.85,-0.45,-0.7,2.72,-0.5103445722710149,-125.74895856780536,-1.6024946670877938,9.255788107952366,21.460958009792996,-36.96409473892668,54.72,-0.024
FF,-1.21,6.24,"Keller, Brad",641745,hit_into_play,R,2,1,-0.23,1.54,-0.64,2.38,1.97054264276079,-137.94109043641714,-7.869033432459651,-3.3213754794633985,28.354826022064078,-10.966371379209413,54.44,-0.267
SL,-1.24,6.3,"Keller, Brad",641745,called_strike,R,2,0,0.54,-0.03,1.09,1.94,4.4259888829660845,-125.68617176234451,-4.158022598227675,4.955931736798006,22.009514632675003,-31.985043934569656,54.52,-0.057
SL,-1.16,6.32,"Keller, Brad",641745,ball,R,1,0,0.71,0.01,1.33,1.77,4.508087539037855,-126.9922405721505,-4.874352865041556,6.974357913909377,22.079624694216424,-31.43910806065023,54.56,0.064
FF,-1.08,6.25,"Keller, Brad",641745,ball,R,0,0,-0.06,1.27,1.33,2.02,6.374247593482801,-136.31819426594092,-8.100465184611693,-1.900152656922967,24.05984016628172,-14.792457802061277,54.18,0.032
CH,-1.15,6.22,"Keller, Brad",641745,hit_into_play,L,1,2,-1.18,0.53,-0.35,0.94,4.553520235950655,-133.1507141744111,-8.608648797227017,-15.017408606717805,26.52989519233513,-24.313071643560452,54.27,-0.17
FF,-1.18,6.27,"Keller, Brad",641745,foul,L,1,2,-0.24,1.18,-0.12,2.41,3.322152770534553,-139.58610775591265,-7.311488758537851,-3.792935134011618,28.991008415683364,-15.271990631711493,54.28,0.0
SL,-1.21,6.15,"Keller, Brad",641745,blocked_ball,L,0,2,0.57,-0.09,1.07,0.34,4.346141331336456,-128.00642432236828,-7.852979313646543,5.538710447958451,23.150613622950807,-31.97617934311903,54.29,0.026
FF,-1.16,6.19,"Keller, Brad",641745,foul,L,0,2,0.08,1.37,0.53,1.59,4.223867107906872,-137.92738944626947,-9.4843319856617,0.2178094202805424,28.32229607344824,-12.766982658213063,54.09,0.0
FF,-1.25,6.24,"Keller, Brad",641745,called_strike,L,0,1,-0.02,1.23,-0.64,2.99,1.652721735854748,-138.54121862201507,-5.662087435378487,-0.6355009530247941,28.78702798658816,-15.32737726143284,54.24,-0.045
SL,-1.28,6.29,"Keller, Brad",641745,foul,L,0,0,0.49,-0.23,-0.36,2.32,1.211223665991198,-127.67678963968638,-3.033754082463892,5.1022051433903775,24.86505877005465,-34.35787034609194,54.41,-0.042
FF,-1.31,6.18,"Keller, Brad",641745,hit_into_play,L,1,0,-0.14,1.18,-0.29,1.4,3.016691343527597,-139.33169355085877,-9.719909331922675,-2.459615164094163,30.108391699156048,-14.83602807230287,54.05,0.113
FF,-1.28,6.31,"Keller, Brad",641745,ball,L,0,0,-0.14,1.16,-0.9,4.21,1.308326092514377,-137.83121312790945,-2.4400854845386197,-2.123786800633192,29.015158803562365,-16.967189590629623,54.34,0.016
FF,-1.05,6.28,"Keller, Brad",641745,hit_into_play,R,0,2,-0.23,1.19,-0.46,2.36,2.0637605992922534,-137.4868048338296,-7.223020118545101,-3.369265380953109,26.61581053250817,-15.7551671966592,54.31,-0.398
FF,-1.16,6.22,"Keller, Brad",641745,foul,R,0,1,0.03,1.11,0.1,2.34,3.202828761129008,-136.37456738891456,-6.81465782370669,-0.2468849639986419,26.644147157732043,-17.039086583685265,54.09,-0.075
SL,-1.19,6.37,"Keller, Brad",641745,swinging_strike,R,0,0,0.59,-0.35,0.77,1.57,3.473411605392179,-126.16362727490473,-4.563934683597729,5.63453850446691,24.249783899632543,-35.29032878127632,54.47,-0.064
FF,-1.25,6.23,"Keller, Brad",641745,hit_into_play,L,2,1,-0.11,1.38,-1.08,2.69,0.6812931204096042,-137.66116015905965,-6.6415492194053805,-1.5142935835203772,28.43393240571668,-13.352340156245674,54.36,0.371
SL,-1.27,6.26,"Keller, Brad",641745,ball,L,1,1,0.58,-0.23,0.98,1.27,4.2142291626633614,-127.83360616317344,-5.541632371492596,5.667758391342619,23.812666912120296,-33.84830144907087,54.49,0.05
FF,-1.4,6.25,"Keller, Brad",641745,ball,L,0,1,-0.15,1.24,-0.93,4.81,1.5656404575878762,-138.53850725929743,-0.9418602229140718,-2.305676307927853,29.340471877861123,-16.11585964442463,54.5,0.021
FF,-1.39,6.3,"Keller, Brad",641745,called_strike,L,0,0,-0.34,1.07,-0.5,2.76,3.060911824459455,-137.91946651492094,-6.002209832468814,-4.991345605979355,28.025123676519133,-17.35204832318643,54.41,-0.032
FF,-1.0,6.36,"Keller, Brad",641745,swinging_strike,R,2,2,-0.04,1.27,-0.89,3.94,0.3516772507235531,-138.59070760198964,-3.570640136804712,-0.5288701677689712,29.507679355443795,-15.132862347945458,54.32,-0.396
FF,-1.03,6.41,"Keller, Brad",641745,foul,R,2,1,-0.02,1.25,-1.0,3.79,0.1202213309859099,-137.80961258002384,-3.967637817916009,-0.2868420713080292,29.445734590377675,-15.505320189588568,54.38,-0.084
SL,-1.05,6.33,"Keller, Brad",641745,ball,R,1,1,0.54,-0.37,0.95,1.27,3.7228595470982446,-128.29536960051422,-5.434539291097588,5.213796395644977,27.12219583323207,-35.26792396461288,54.33,0.028
FF,-1.07,6.35,"Keller, Brad",641745,swinging_strike,R,1,0,0.05,1.33,-0.37,2.87,1.716996999228373,-137.79564617293596,-6.401475099621676,0.2037964796976687,30.066508142756977,-13.951829580250983,54.33,-0.081
SL,-1.2,6.54,"Keller, Brad",641745,ball,R,0,0,0.32,-0.14,-1.1,3.71,-0.4075727401578227,-125.78028741710466,-0.2481416114213241,3.4573782640166915,25.963594708461624,-33.78334452023748,54.47,0.056
SL,-1.15,6.42,"Keller, Brad",641745,hit_into_play,R,2,2,0.5,-0.16,0.39,1.15,2.697298109120779,-127.15701852342008,-6.310151603337208,4.98553938376654,22.06136237641872,-32.969545874542696,54.37,-0.419
FF,-1.11,6.43,"Keller, Brad",641745,foul,R,2,2,0.18,1.2,-0.14,2.77,2.134589217050173,-138.19578832881987,-6.638625913060862,1.9443405988985176,28.27157411555033,-15.548551438212614,54.34,0.0
SL,-1.15,6.51,"Keller, Brad",641745,foul,R,2,2,0.8,-0.17,0.63,3.18,2.5738168378657007,-123.93907765924062,-1.2421410196065534,7.811679058912921,22.49786308062707,-33.86319447016374,54.39,0.0
SL,-1.04,6.45,"Keller, Brad",641745,blocked_ball,R,1,2,0.53,-0.52,1.23,0.68,4.386399720338423,-127.18954507228594,-6.68963457866776,4.8904561949346,25.088760562412087,-36.741921036247184,54.36,0.06
SL,-1.13,6.54,"Keller, Brad",641745,called_strike,R,1,1,0.45,-0.5,-0.33,2.99,0.965889652974338,-123.34731069422236,-0.9980952773214288,4.45306048761698,22.968701154181307,-37.31392641811329,54.51,-0.065
SL,-1.06,6.4,"Keller, Brad",641745,blocked_ball,R,0,1,0.66,-0.62,1.06,0.53,3.6984566143373696,-125.39462974727452,-6.517682095586014,6.382392098626108,22.388167237330187,-37.74232854978784,54.35,0.028
FF,-1.05,6.39,"Keller, Brad",641745,foul,R,0,0,-0.2,1.21,-1.19,1.7,0.0882501410309621,-136.03775566712028,-9.027713372000596,-2.529183940539564,28.30195653830271,-15.403418531722114,54.35,-0.083
FF,-1.24,6.31,"Keller, Brad",641745,hit_into_play,L,1,1,0.34,1.08,0.62,2.87,4.129339660749867,-138.6057453814133,-5.834734738365171,3.509555491802081,28.934998153708875,-17.132196088754203,54.31,-0.31
SL,-1.12,6.36,"Keller, Brad",641745,blocked_ball,L,0,1,0.52,-0.41,1.65,0.52,5.586842666746595,-126.39883417120716,-6.978796283891585,4.467169849147642,25.423973085921432,-35.33086056315978,54.08,0.02
SL,-1.17,6.41,"Keller, Brad",641745,swinging_strike,L,0,0,0.51,-0.45,0.76,1.45,3.5638403778337957,-125.15185825613064,-4.637834789266443,4.692655298262577,23.868167536134184,-36.18303707516193,54.13,-0.048
SL,-1.21,6.46,"Keller, Brad",641745,hit_into_play,R,1,0,0.62,-0.49,-0.21,2.33,1.0930293445632355,-124.37273980489286,-2.443744012989164,6.25592071582633,24.857126985701413,-37.02664500838703,54.19,0.716
FF,-1.06,6.42,"Keller, Brad",641745,ball,R,0,0,0.16,1.16,0.99,2.17,4.974811614992977,-137.19210016643072,-7.931120779730242,0.9749332805623718,29.928514493843757,-16.004182460744023,54.14,0.027
FF,-1.14,6.4,"Keller, Brad",641745,hit_into_play,R,3,0,0.34,1.02,-0.32,3.08,1.3720690591511164,-136.95383187947996,-5.208432282136104,4.054597773500937,28.17504357181431,-18.358338470948848,54.21,-0.537
FF,-1.15,6.41,"Keller, Brad",641745,ball,R,2,0,-0.01,1.28,0.11,1.55,3.347680317434352,-137.75230749920857,-9.950939943161488,-0.8240643447336748,28.051012834295783,-13.951851218139591,53.95,0.128
SL,-1.14,6.35,"Keller, Brad",641745,blocked_ball,R,1,0,0.61,-0.6,0.69,0.76,3.060731043606439,-123.5530296083654,-5.588165634002185,5.68558503313074,24.23989757599171,-37.40047892805672,54.04,0.066
SL,-1.17,6.48,"Keller, Brad",641745,ball,R,0,0,0.71,-0.48,1.28,2.23,4.261936660515231,-122.6928662814538,-2.535207647830524,6.34813409270825,24.824263270110208,-36.7044386729778,54.25,0.044
FF,-1.26,6.29,"Keller, Brad",641745,ball,L,3,2,-0.02,1.15,-1.49,1.69,-0.5384368792041752,-138.19463625535658,-8.985477216072296,-0.1864197484356942,27.522796866729227,-15.764088268696575,54.31,0.219
SL,-1.19,6.38,"Keller, Brad",641745,ball,L,2,2,0.58,-0.08,-0.32,0.5,0.9289219844053448,-129.5852224536903,-8.291682363912967,6.418671688804348,25.130963882866176,-31.63031916726206,54.15,0.069
SL,-1.28,6.45,"Keller, Brad",641745,foul,L,2,1,0.62,-0.26,-0.26,2.83,1.1598067634651144,-126.38775089227832,-1.9808036858911668,6.489932789726739,24.2354919007385,-34.790604333574606,54.36,-0.051
FF,-1.28,6.34,"Keller, Brad",641745,called_strike,L,2,0,0.34,0.99,-0.11,1.94,2.29942484944612,-137.0418381963138,-7.939737922095582,3.797622930495516,27.61050539617053,-18.267406996089157,54.21,-0.039
FF,-1.34,6.38,"Keller, Brad",641745,ball,L,1,0,0.21,1.23,-1.67,2.67,-1.332472294339108,-138.64428213734124,-6.8817604923435,3.000912354753833,28.11773338259993,-15.042436479706517,54.28,0.045
SL,-1.34,6.48,"Keller, Brad",641745,ball,L,0,0,0.7,-0.3,-0.19,0.28,1.3295901398110346,-126.37136420292929,-8.027635745931462,7.211245203899905,24.735825551464888,-34.01943677886065,54.38,0.024
SL,-1.15,6.44,"Keller, Brad",641745,hit_into_play,R,1,2,0.6,-0.4,0.16,1.87,1.9099006185146945,-127.1441440798844,-4.0404640162808345,6.15377738682434,25.12681876685892,-35.90616489633879,54.32,-0.168
SL,-1.23,6.35,"Keller, Brad",641745,ball,R,0,2,0.6,-0.44,1.6,0.65,5.551298975001324,-126.67559711285796,-6.59969735816548,5.3351985658511625,26.439673564143717,-35.75148458654626,54.15,0.019
SL,-1.1,6.47,"Keller, Brad",641745,swinging_strike,R,0,1,0.47,-0.1,1.07,1.18,4.265622244527376,-127.96179535071086,-6.479104104782917,4.236525690259,27.13380648553064,-32.12432938065528,54.32,-0.047
FF,-1.14,6.45,"Keller, Brad",641745,called_strike,R,0,0,0.01,1.26,-0.72,2.92,1.056570700736762,-137.22328751574142,-6.2706582876075165,-0.1162095879711734,31.43955222060192,-15.043806469151797,54.23,-0.032
SL,-1.29,6.46,"Keller, Brad",641745,hit_into_play,L,0,0,0.64,-0.36,0.03,2.04,1.8301589734819543,-125.54089227319996,-3.5325724111002845,6.371539657386739,25.9926427415069,-35.43016455394331,54.35,-0.1
SL,-1.05,6.42,"Keller, Brad",641745,called_strike,R,2,2,0.55,-0.35,0.76,2.08,3.228347072296751,-126.53442682865636,-3.5154152619069614,5.305072423529868,25.26032134055636,-35.45019898880686,54.18,-0.142
FF,-1.24,6.4,"Keller, Brad",641745,foul,R,2,2,-0.18,1.29,-0.81,3.0,1.5623455917978404,-140.08636144703,-6.40257180294629,-2.770119212583291,32.354283807313855,-13.91388881008145,53.96,0.0
SL,-1.27,6.42,"Keller, Brad",641745,called_strike,R,2,1,0.66,-0.17,0.26,1.54,2.3191970289124506,-127.01415364725604,-5.23281583825587,6.643658257939567,25.527054737680714,-33.1940757324895,54.27,-0.051
ST,-1.32,6.34,"Keller, Brad",641745,ball,R,1,1,1.19,0.74,0.63,0.97,2.2148349153683786,-125.28344956345856,-8.004222843647552,12.068686401830112,25.690900236747915,-22.91548593451749,54.28,0.037
SL,-1.29,6.46,"Keller, Brad",641745,called_strike,R,1,0,0.69,-0.02,0.64,1.98,3.2383715881949224,-127.64247499215436,-4.658237541978827,6.888419804537599,26.951617251746644,-31.633620439251043,54.26,-0.031
SI,-1.4,6.29,"Keller, Brad",641745,ball,R,0,0,-1.01,0.94,-0.19,1.26,5.297966532413358,-134.9501286971908,-9.094013697316022,-13.503135989656844,30.95339383726353,-18.852740022702893,54.18,0.024
SL,-1.11,6.37,"Keller, Brad",641745,swinging_strike,R,3,2,0.64,-0.43,1.31,1.82,4.543288425905859,-128.38487735796093,-4.074048543373801,6.072415055030272,27.15517051689283,-36.262015761845134,54.29,-0.297
SI,-1.42,6.3,"Keller, Brad",641745,ball,R,2,2,-0.94,0.56,-1.24,1.01,2.5778128828140274,-137.88422013952317,-9.430356468185607,-12.53725317571048,28.923897593859103,-23.153836233293948,54.19,0.093
SL,-1.17,6.41,"Keller, Brad",641745,foul,R,2,2,0.6,-0.32,-0.01,1.48,1.5683544478774043,-127.76710909296992,-5.1565425489765415,6.299806545119982,26.150860777171157,-34.883972849970974,54.19,0.0
FF,-1.07,6.36,"Keller, Brad",641745,foul,R,2,2,0.33,1.08,0.21,2.62,2.666539339141147,-139.99453657423365,-6.77917855152398,3.759447104117978,31.831643548405665,-16.701100151089637,54.05,0.0
ST,-1.33,6.37,"Keller, Brad",641745,foul,R,2,2,1.06,0.41,0.35,1.73,1.8365054285425568,-124.19921575076756,-5.412135716368606,10.52715632441154,26.189227703221537,-26.99877438418569,54.21,0.0
SL,-1.12,6.4,"Keller, Brad",641745,ball,R,1,2,0.55,-0.11,1.13,2.22,4.300683885281025,-128.24887944426132,-3.839846365395239,5.217451383859525,26.2147758190358,-32.82522850261806,54.19,0.036
SL,-1.14,6.43,"Keller, Brad",641745,foul_tip,R,1,1,0.51,-0.2,0.83,1.23,3.732959490463153,-128.72728725598753,-6.21149703887586,5.016946266589088,25.18942901561689,-33.41892035668174,54.3,-0.049
FF,-1.12,6.33,"Keller, Brad",641745,swinging_strike,R,1,0,-0.18,1.36,-0.15,1.86,2.938390914139456,-138.01151461107276,-9.087128880398348,-2.8920710607673428,29.729284554433697,-13.04421515756094,54.07,-0.044
FF,-1.2,6.29,"Keller, Brad",641745,hit_into_play,R,3,1,-0.18,1.37,-0.25,1.79,2.869074397826388,-137.3176821081648,-9.142899364731454,-2.82841429334464,26.01366733704543,-13.105178866469863,54.21,-0.166
SL,-1.17,6.34,"Keller, Brad",641745,ball,R,2,1,0.99,-0.23,1.07,2.34,3.277166534242995,-124.02446359163136,-2.6844035133067594,9.69804013480084,22.58264197482403,-34.273282296815275,54.35,0.046
SL,-1.16,6.29,"Keller, Brad",641745,called_strike,R,2,0,0.88,-0.56,0.44,2.1,1.9676173264278167,-123.18036143532862,-2.3619345532567224,8.671353940488062,22.31200716464744,-37.70312953862682,54.33,-0.022
SL,-1.25,6.28,"Keller, Brad",641745,ball,R,1,0,0.68,-0.23,0.55,1.55,2.867070500393301,-124.32016626682136,-4.429096393767445,6.578229001615268,22.57186387148888,-33.95373095318945,54.37,0.026
SL,-1.26,6.34,"Keller, Brad",641745,ball,R,0,0,0.81,-0.51,-0.14,1.09,1.0068195106383455,-122.87146962656296,-4.924454308734713,8.134984733635763,20.840539928787948,-36.74573385519113,54.4,0.016
SL,-1.31,6.34,"Keller, Brad",641745,hit_into_play,R,0,1,0.61,-0.42,0.38,2.12,2.774975812334978,-126.16056088005988,-3.102248757308888,6.099763872333887,22.87098799160542,-36.3004047803568,54.37,-0.472
FF,-1.24,6.29,"Keller, Brad",641745,foul,R,0,0,0.18,1.04,0.0,3.21,2.7743317396868794,-134.59765258261254,-4.380419876098684,1.6462804277229257,26.37307821872311,-18.7183351055374,54.22,-0.064
FF,-1.46,6.24,"Keller, Brad",641745,hit_into_play,L,2,2,0.07,1.01,-0.52,1.95,2.312071425908444,-139.28756580557112,-8.098400041251416,0.4806603735645166,23.044988666314957,-17.63120210704812,54.39,0.466
SL,-1.32,6.31,"Keller, Brad",641745,foul,L,2,2,0.75,-0.07,0.12,1.64,1.950442149672554,-129.22891752515514,-5.222474659782943,8.091215013002605,25.91897631842333,-32.17216023824542,54.43,0.0
SL,-1.32,6.28,"Keller, Brad",641745,ball,L,1,2,0.72,-0.28,1.13,1.1,4.386908999948552,-126.88112475965714,-5.69086048659494,6.911889042097534,26.0693922015926,-34.249350587440986,54.42,0.036
FF,-1.49,6.25,"Keller, Brad",641745,ball,L,0,2,0.01,1.21,-0.89,2.0,1.5493477040792931,-138.15418353235685,-8.187585037399955,-0.2402575304031609,27.563820155667496,-15.12618608010142,54.34,0.019
CH,-1.39,6.34,"Keller, Brad",641745,called_strike,L,0,1,-0.88,0.61,0.2,2.26,5.756833656493947,-130.9039168572825,-5.494286410711345,-11.231234959124611,23.311618978050117,-24.2936319109049,54.47,-0.047
SL,-1.48,6.36,"Keller, Brad",641745,foul,L,0,0,0.76,-0.86,0.24,1.57,2.499261097375852,-123.30160897447595,-3.1340382209509468,7.218585352873435,24.500594384778022,-40.48869796126767,54.57,-0.032
SL,-1.17,6.33,"Keller, Brad",641745,swinging_strike,R,3,2,0.63,-0.54,0.33,1.41,2.274464140065338,-125.14744624959222,-4.340169966924384,6.192799373981786,24.00324395731527,-37.23102288705393,54.6,-0.131
SL,-1.17,6.31,"Keller, Brad",641745,foul,R,3,1,0.32,-0.08,0.22,2.44,2.6199825314124867,-124.668952634166,-2.7621265797419525,2.909996523387436,22.18391905179585,-32.688427952679405,54.6,-0.035
SL,-1.16,6.29,"Keller, Brad",641745,ball,R,2,1,0.68,-0.22,-1.12,4.25,-1.242924928002369,-123.5509277939706,1.8968678012283688,7.251722009419225,21.63237559886979,-35.00758673558022,54.58,0.046
SL,-1.19,6.26,"Keller, Brad",641745,ball,R,1,1,0.77,-0.27,0.09,1.31,1.495011571703914,-127.8299805480983,-5.320016924029737,8.208318019422425,24.968725860049386,-34.30711077062861,54.5,0.023
SL,-1.15,6.29,"Keller, Brad",641745,ball,R,0,1,0.64,-0.37,1.02,1.63,3.862877246043172,-126.49322402499608,-4.286263079565464,6.291544358222989,22.53532635056328,-35.62264050194687,54.48,0.011
SL,-1.24,6.29,"Keller, Brad",641745,called_strike,R,0,0,0.68,-0.36,0.41,1.63,2.534734140721736,-125.5081447315074,-4.203753701413942,6.820558340681595,21.58617091362597,-35.446993684206795,54.55,-0.015
SL,-1.23,6.37,"Keller, Brad",641745,hit_into_play,L,0,0,0.7,-0.11,-0.03,2.43,1.4382971547460963,-125.98491335846752,-3.065686341480476,7.314242371442276,20.728620089155942,-33.040771022504906,54.71,-0.163
FF,-1.19,6.24,"Keller, Brad",641745,hit_into_play,R,2,0,0.16,1.16,-0.81,2.03,0.6416170015493127,-136.78256589629802,-7.773401270623576,1.8820073985341448,29.5211718862178,-16.070526175920456,54.28,1.568
SI,-1.32,6.15,"Keller, Brad",641745,ball,R,1,0,-1.05,0.8,1.3,1.55,8.856481689943973,-133.32779643169346,-7.511073298259322,-14.319716138537688,27.034256239045064,-21.19037884664202,54.37,0.066
FF,-1.06,6.32,"Keller, Brad",641745,ball,R,0,0,-0.13,1.16,-0.93,3.87,0.6329669803547733,-134.19896937032186,-2.949248500566612,-1.713070424055268,27.61601060003679,-17.73641775191273,54.07,0.044
FF,-1.35,6.15,"Keller, Brad",641745,hit_into_play,L,0,0,0.03,1.06,0.28,1.75,4.0964945564098665,-135.64402253510085,-7.889662961722438,-0.38294133903144,26.227036578370573,-17.64580587277095,54.38,-0.376
SL,-1.23,6.33,"Keller, Brad",641745,hit_into_play,L,2,1,0.58,-0.31,0.37,2.08,2.6663684408454924,-128.4252201864738,-3.6096633964453337,5.8848651064173385,25.542449055326973,-35.14636282759477,54.55,0.371
CH,-1.35,6.35,"Keller, Brad",641745,ball,L,1,1,-0.9,0.59,-2.13,2.38,-0.0272541254260691,-131.44714633529566,-5.22578226585494,-10.462090100266169,25.65269690983173,-24.441926298332188,54.6,0.05
CH,-1.36,6.28,"Keller, Brad",641745,ball,L,0,1,-0.98,0.12,0.42,-0.23,6.329275373356283,-128.740466846642,-10.063555629731011,-12.157278863363128,24.72780189411309,-29.086281256393907,54.44,0.021
SL,-1.4,6.37,"Keller, Brad",641745,called_strike,L,0,0,0.54,-0.01,-0.04,2.85,2.111645477975585,-124.8783207467157,-2.067721750253776,5.264100743523168,23.8204092330218,-32.115919029445415,54.61,-0.032
FF,-1.19,6.17,"Keller, Brad",641745,hit_into_play,R,2,2,-0.07,1.11,-0.16,1.89,2.843378955893626,-137.50557024693103,-7.921445533670022,-1.5368463956886955,30.497851910683583,-16.578848949346064,54.3,-0.088
SL,-1.18,6.26,"Keller, Brad",641745,called_strike,R,2,1,0.84,-0.57,0.52,2.83,2.295670986624012,-124.87765253873935,-0.7035493660966065,8.40924538784695,24.451503256877984,-38.23356354321989,54.53,-0.031
SI,-1.44,6.06,"Keller, Brad",641745,ball,R,1,1,-1.13,0.65,0.53,0.79,7.598195932999455,-137.03421879925529,-9.431498436328752,-15.89037383273709,28.315445427711943,-22.07702385503141,54.38,0.023
FF,-1.17,6.22,"Keller, Brad",641745,called_strike,R,1,0,-0.09,1.21,0.3,1.94,4.047042865122178,-138.52145447405067,-8.30183430103281,-2.072849576484144,30.38844939883836,-14.956724259877497,54.28,-0.019
FF,-1.07,6.24,"Keller, Brad",641745,ball,R,0,0,-0.05,1.1,1.39,0.97,6.482471410594245,-137.19228818475958,-10.439696550886636,-1.9030601399173124,27.96579965529746,-16.254790588804376,54.45,0.016
SL,-1.22,6.32,"Keller, Brad",641745,hit_into_play,R,0,0,0.66,-0.45,-0.27,2.09,0.9062827832248282,-123.19230415567009,-2.65993813935072,6.606675150219494,22.79855975067633,-36.48756529152461,54.63,-0.163
FF,-1.13,6.3,"Keller, Brad",641745,called_strike,R,0,2,-0.05,1.27,0.85,2.11,5.217808721247077,-136.53238522360084,-7.951138844920109,-1.628817300369978,27.06803431826998,-14.787591624127698,54.3,-0.149
CU,-1.18,6.25,"Keller, Brad",641745,foul,R,0,2,1.06,-0.9,-0.02,2.36,0.5890095283231064,-120.72522356366072,-0.6383059648016478,10.151404293091172,24.893150751676213,-41.00214490628362,54.47,0.0
FF,-1.17,6.3,"Keller, Brad",641745,foul,R,0,2,-0.19,1.27,-0.46,3.93,2.2785139430606964,-138.60605628726472,-3.4902781006598977,-2.8870979774187915,27.521067772446848,-15.106613759957105,54.31,0.0
FF,-1.03,6.19,"Keller, Brad",641745,foul,R,0,1,0.22,1.36,0.75,2.96,4.156815732062322,-137.55746031071038,-5.801279156540471,1.926645567681039,28.81550188525642,-13.769834634508925,54.09,-0.047
SL,-1.3,6.36,"Keller, Brad",641745,called_strike,R,0,0,0.43,-0.29,0.35,2.31,3.014613759547065,-125.07750875883892,-2.764904144282638,3.9923834716745743,24.167813486521105,-34.90845552237611,54.49,-0.032
SI,-1.44,6.15,"Keller, Brad",641745,hit_into_play,R,0,0,-0.93,0.81,-0.34,2.58,4.80153251473014,-134.39536013278246,-5.028870578251808,-12.269121781910988,28.147711903301342,-21.50927806309756,54.45,-0.449
FF,-1.47,6.24,"Keller, Brad",641745,hit_into_play,L,2,2,0.22,1.13,0.65,2.72,5.031026530011838,-138.00658108536294,-6.0377813277101575,1.704287690377032,30.2272787155101,-16.607747329739926,54.4,0.333
SL,-1.34,6.35,"Keller, Brad",641745,ball,L,1,2,0.65,-0.51,1.29,1.15,4.952103744432417,-126.75587972401657,-5.284784487444249,6.0464332182163005,24.191471757456107,-36.893761446530426,54.49,0.03
FF,-1.54,6.28,"Keller, Brad",641745,foul,L,1,1,0.11,0.91,-0.95,3.55,1.2821055841313234,-136.14858499481878,-3.315889549676701,1.0976478601330446,27.577942496283125,-20.36992190187372,54.45,-0.048
SL,-1.49,6.43,"Keller, Brad",641745,called_strike,L,1,0,0.47,-0.4,-0.89,2.7,0.481104257969872,-123.43478977086252,-1.6045611894695837,4.719436342407039,23.53099539225306,-36.20946260273824,54.57,-0.039
SL,-1.4,6.35,"Keller, Brad",641745,blocked_ball,L,0,0,0.51,-0.29,0.79,0.8,4.213461205165154,-127.12529972781482,-6.618041918071293,4.7806004881194015,24.01260102552248,-34.29399857013841,54.48,0.027
FF,-1.52,6.23,"Keller, Brad",641745,hit_into_play,L,2,2,0.07,1.12,-0.76,2.48,1.8220885952886807,-138.34267531173873,-6.722945443940403,0.5768574202870324,27.66960390302119,-16.510651514360944,54.34,-0.342
SL,-1.34,6.3,"Keller, Brad",641745,foul,L,2,2,0.43,-0.1,0.48,1.19,3.49327446952957,-127.240492750459,-5.983032901125519,4.03360686861096,23.49856741595025,-32.39527667204516,54.52,0.0
FF,-1.39,6.3,"Keller, Brad",641745,called_strike,L,2,1,-0.01,1.19,-1.07,1.66,0.8580082111840429,-138.48019555955912,-9.230879568080804,-0.247022109525942,25.890821851676264,-15.12551824109248,54.45,-0.074
FF,-1.47,6.28,"Keller, Brad",641745,ball,L,1,1,-0.06,1.14,-1.3,2.03,0.5669688096205319,-138.5750245069,-8.130837970047889,-0.8636287335307209,25.962386434793064,-15.903005025818622,54.47,0.058
FF,-1.59,6.34,"Keller, Brad",641745,called_strike,L,1,0,0.02,1.13,-0.74,2.21,2.154848309259604,-136.87473116771565,-7.545276614129196,-0.1149911176987028,26.034099411776737,-16.5261184379963,54.57,-0.055
FF,-1.55,6.31,"Keller, Brad",641745,ball,L,0,0,-0.28,1.14,-1.46,2.01,0.8431378617921759,-135.6978635564424,-7.822331274225267,-3.61622911668128,26.23457266836165,-16.581299206709655,54.53,0.044
FF,-1.29,6.45,"Keller, Brad",641745,hit_into_play,R,2,2,0.19,0.95,-0.48,2.92,1.6954180029591654,-136.6182198747594,-5.529642993831912,2.014295093459771,27.65889472320225,-19.30939861875611,54.49,0.287
SL,-1.29,6.43,"Keller, Brad",641745,ball,R,1,2,0.73,-0.43,1.18,1.62,4.3977891286740185,-126.5728752817372,-4.550042628028438,7.202316979393285,21.50923548123813,-36.26132318835324,54.57,0.026
SL,-1.33,6.45,"Keller, Brad",641745,swinging_strike,R,1,1,0.7,-0.43,0.48,1.5,2.8474367293646257,-125.02583323386034,-4.695489179123585,6.99538630302424,20.6217699954555,-36.15258868182281,54.67,-0.04
SL,-1.38,6.52,"Keller, Brad",641745,ball,R,0,1,0.76,-0.41,0.62,0.49,3.135197473239258,-123.07025723614952,-6.852098945725675,7.069997960771299,24.40213379243494,-35.19664164597625,54.6,0.017
FF,-1.22,6.51,"Keller, Brad",641745,foul,R,0,0,0.09,0.83,-0.09,2.68,2.6847933127265384,-135.5721834039258,-5.862559837643167,0.5883013667316784,29.27195094124821,-20.8180278591444,54.53,-0.024
ST,-1.46,6.32,"Keller, Brad",641745,hit_into_play,R,0,2,0.96,0.01,0.36,2.59,2.27044651347331,-122.33680015410742,-2.2620466889864863,9.228745099311192,24.44673382102132,-31.80149311210768,54.76,-0.149
SL,-1.38,6.49,"Keller, Brad",641745,foul,R,0,1,0.54,-0.26,0.43,2.55,3.196126883849993,-126.7238601104202,-2.743610449625632,5.199626713592887,25.996849835673647,-34.58777552833217,54.63,-0.047
FF,-1.19,6.5,"Keller, Brad",641745,called_strike,R,0,0,0.02,1.25,0.85,2.4,5.150374030497137,-135.1159113969273,-7.425283591767029,-0.8318593588288933,28.529972962097,-15.461209160959807,54.5,-0.032
SL,-1.45,6.45,"Keller, Brad",641745,hit_into_play,L,0,0,0.52,-0.02,-0.31,2.02,1.6502020576252916,-127.317815984342,-4.47736409577704,5.339167596399432,25.41731900196975,-31.75946008910343,54.57,-0.23
FF,-1.46,6.33,"Keller, Brad",641745,hit_into_play,L,0,0,0.0,1.34,-0.47,2.61,2.598358975549196,-139.17730209016528,-7.215800829433978,-0.6044371710675391,30.134096420228467,-13.32125828327804,54.46,1.443
SL,-1.37,6.41,"Keller, Brad",641745,hit_into_play,R,1,0,0.56,-0.36,-0.35,1.99,1.2680551400233535,-125.07859310642836,-3.4827860290388464,5.628997521449984,25.122345246727424,-35.49305124010838,54.56,-0.445
FF,-1.28,6.47,"Keller, Brad",641745,ball,R,0,0,0.28,1.26,1.05,4.17,5.397086172304251,-137.17388028711673,-3.090630618273816,2.424370484658978,28.336640200357905,-15.756952902365024,54.58,0.03
FF,-1.44,6.37,"Keller, Brad",641745,hit_into_play,L,0,0,0.19,1.15,0.17,3.43,3.68427533342856,-135.30047579385572,-4.267937225350931,1.5508049428135045,28.47076439215541,-17.359223762653997,54.55,-0.516
SL,-1.24,6.48,"Keller, Brad",641745,hit_into_play,R,0,0,0.56,-0.2,0.55,2.42,3.1512770643128576,-127.64406795771971,-3.299625482173617,5.56449146331618,25.15467185711341,-33.88527011930189,54.55,0.774
FF,-1.48,6.34,"Keller, Brad",641745,hit_into_play,L,0,0,0.08,1.17,-0.56,2.55,2.176768407120773,-137.02825123269716,-6.739750267858843,0.6053607126118873,27.011604325992163,-16.191855807424083,54.44,0.703
SL,-1.34,6.42,"Keller, Brad",641745,hit_into_play,L,2,1,0.56,-0.07,0.29,2.33,2.7652900390131605,-127.5615133468477,-3.623428948976523,5.529730195727593,25.74793847591576,-32.3661107728545,54.59,1.04
FF,-1.42,6.32,"Keller, Brad",641745,ball,L,1,1,0.11,1.1,-0.76,1.77,1.4688272112036176,-137.12805626076286,-8.591510231526758,1.1730006701995943,26.82152481765487,-16.630659183067856,54.34,0.074
FF,-1.48,6.31,"Keller, Brad",641745,called_strike,L,1,0,0.22,1.11,-0.31,2.44,2.559658694820234,-137.09287183791184,-6.852543801234822,2.254933272241907,26.68657862655428,-16.856283363892423,54.46,-0.075
FF,-1.56,6.42,"Keller, Brad",641745,ball,L,0,0,-0.12,1.21,-1.12,3.45,1.4060232165150874,-136.409544291834,-4.606112897551284,-1.8206078703339923,27.258195105903688,-16.264772337120522,54.59,0.067
FF,-1.41,6.4,"Keller, Brad",641745,ball,L,3,0,0.04,1.24,-1.02,3.35,0.9256833831571256,-138.22213468910334,-5.121084289071685,0.2629948907973327,28.323249970263383,-15.304357283047745,54.53,0.182
SL,-1.45,6.5,"Keller, Brad",641745,ball,L,2,0,0.36,0.01,-1.56,3.35,-0.9829512804586188,-127.04792901659992,-1.4871773190526276,4.156779944175895,24.17633631543772,-31.97980678209697,54.79,0.133
CH,-1.37,6.39,"Keller, Brad",641745,ball,L,1,0,-0.99,0.43,1.0,-0.04,7.838496178425594,-129.6759569906872,-10.679860711917987,-12.70991659262684,25.52423859893204,-25.26888723643428,54.47,0.064
FF,-1.51,6.51,"Keller, Brad",641745,ball,L,0,0,-0.04,1.37,-0.93,3.63,1.564953206726831,-136.85063175514546,-4.757012576314083,-0.8308609092492119,29.84311298659066,-14.107165721149578,54.75,0.032
FF,-1.21,6.39,"Keller, Brad",641745,hit_into_play,R,1,2,0.1,1.16,0.24,3.09,3.557719713452528,-138.42276306520975,-5.656344973279597,0.6652814858837808,26.989792084733587,-16.132138661280205,54.39,-0.235
SL,-1.31,6.43,"Keller, Brad",641745,foul,R,1,2,0.61,-0.25,0.34,2.22,2.679868742123853,-126.19134750643784,-3.3811901983378525,6.040869010578756,24.389551654464267,-34.38071375378225,54.45,0.0
SL,-1.26,6.37,"Keller, Brad",641745,ball,R,0,2,0.51,-0.1,1.27,1.8,5.119722583930487,-129.8566181896141,-5.032265481389692,4.79805249516814,26.307167096103576,-32.517320578005304,54.41,0.022
FF,-1.23,6.41,"Keller, Brad",641745,foul,R,0,2,0.03,1.34,-0.11,1.95,2.894764773849707,-139.2547862302249,-9.16877288605952,-0.2685842202280714,30.581956081535523,-12.858530311797928,54.44,0.0
SL,-1.2,6.45,"Keller, Brad",641745,called_strike,R,0,1,0.59,-0.38,0.72,2.19,3.3555189315203533,-126.44594833345496,-3.2369349114746626,5.730666174319845,24.32442968140532,-35.88670284613719,54.59,-0.077
SL,-1.24,6.5,"Keller, Brad",641745,called_strike,R,0,0,0.63,-0.38,0.56,1.98,2.972043876381972,-124.63646459404072,-3.6664573004253818,6.062157398586511,23.546825309147817,-35.666493920459615,54.63,-0.048
FF,-1.44,6.34,"Keller, Brad",641745,hit_into_play,L,0,0,-0.06,1.29,-0.49,2.26,2.651345827115267,-140.13920554928808,-8.222849459156464,-1.3505331936346965,27.691928592801197,-13.54434578741792,54.38,-0.333
CU,-1.22,6.49,"Keller, Brad",641745,hit_into_play,L,0,0,0.65,-1.05,-0.23,2.1,0.9676421693276324,-120.41748302786614,-1.5155152399202014,6.232367954675492,21.525649345733356,-42.414330955147065,54.67,0.419
SL,-1.18,6.46,"Keller, Brad",641745,swinging_strike,R,1,2,0.59,-0.5,0.73,1.78,3.410164621409684,-129.0373860940005,-4.306297851194772,5.904606339496413,27.085510251788072,-37.04481716449006,54.63,-0.168
FF,-1.26,6.45,"Keller, Brad",641745,foul,R,1,2,0.07,1.16,-0.36,1.87,2.183494724806279,-138.02020920087526,-8.877620634149146,0.3922359660671703,29.04128286221484,-15.60344290553971,54.48,0.0
SL,-1.41,6.29,"Keller, Brad",641745,ball,R,0,2,1.01,-0.25,1.5,0.43,4.783119329746088,-124.30915973725526,-7.029600230416718,9.663211055121744,22.979336640269743,-33.63884068904608,54.59,0.019
ST,-1.4,6.28,"Keller, Brad",641745,foul,R,0,2,1.17,-0.06,0.78,1.69,2.687625537361924,-121.44091296888502,-3.922176615437319,10.916858844140142,25.577501007998624,-32.20402291012536,54.72,0.0
SI,-1.41,6.25,"Keller, Brad",641745,called_strike,R,0,1,-0.97,1.05,0.02,2.51,5.840412572913943,-136.9198709556475,-6.332332826975661,-13.528220425351446,28.4948062570226,-17.698890189118895,54.52,-0.047
SL,-1.31,6.53,"Keller, Brad",641745,foul,R,0,0,0.68,-0.55,-0.05,3.0,1.5865072124779478,-123.62725728063928,-0.856469122765648,6.649280833139414,23.67884238745845,-37.85967282826855,54.78,-0.032
FF,-1.46,6.37,"Keller, Brad",641745,hit_into_play,L,1,0,0.23,1.15,0.67,2.51,4.9886554754269286,-137.24915291228848,-6.88783818948484,1.8932296577103216,28.37444756123236,-16.336153203083363,54.57,-0.116
SL,-1.47,6.45,"Keller, Brad",641745,ball,L,0,0,0.66,-0.62,-1.32,1.8,-0.9804694147414056,-125.73329169201716,-3.5295512702742915,7.180824351564464,27.40042841581786,-38.21869712161332,54.7,0.016
FF,-1.15,6.49,"Keller, Brad",641745,swinging_strike,R,0,2,-0.04,1.36,-0.7,4.33,1.24533605586136,-138.76874616567733,-3.076780218240423,-0.7875415822030887,31.573386677662043,-14.197964729315023,54.59,-0.104
SL,-1.29,6.42,"Keller, Brad",641745,foul,R,0,1,0.62,-0.44,0.7,2.0,3.4322314905348628,-125.70393083348414,-3.4030258516751184,5.836926542416784,25.37564942917438,-36.33513827971006,54.75,-0.035
SL,-1.32,6.49,"Keller, Brad",641745,called_strike,R,0,0,0.58,-0.34,0.4,1.94,2.9352612545765573,-126.52175119296592,-4.026411211597206,5.6220081279535625,24.757296398532027,-35.24323255179048,54.66,-0.024
FF,-1.37,6.37,"Keller, Brad",641745,hit_into_play,L,2,1,0.24,1.3,0.44,3.11,4.202743144429327,-139.05825608015897,-5.854003796130475,2.1344628531618133,31.370471278249223,-14.2566565732211,54.55,-0.267
FF,-1.38,6.36,"Keller, Brad",641745,ball,L,1,1,0.27,1.36,0.9,2.38,5.3667973911618,-138.61078826597532,-7.851650629714715,2.269760052890665,31.030858262595903,-13.12779446384032,54.38,0.05
CH,-1.35,6.4,"Keller, Brad",641745,ball,L,0,1,-0.97,0.64,-1.58,1.72,1.4737183186825928,-131.4579193089912,-7.040392971620495,-11.595168156960144,27.19839393712684,-23.50596217493036,54.56,0.021
FF,-1.41,6.4,"Keller, Brad",641745,called_strike,L,0,0,0.0,1.25,-0.83,2.25,1.4996880780330597,-135.95837640668216,-7.643573253428393,-0.3568784101183775,29.30096784950964,-15.202956733232464,54.58,-0.032
