pitch_type,release_pos_x,release_pos_z,player_name,pitcher,description,stand,balls,strikes,pfx_x,pfx_z,plate_x,plate_z,vx0,vy0,vz0,ax,ay,az,release_pos_y,delta_run_exp
FC,-3.01,6.02,"Martin, Chris",455119,hit_into_play,R,0,2,0.24,0.81,0.69,2.41,8.983363361683788,-134.63328304766577,-5.196707103584442,0.9243305946064716,29.01511188018796,-21.408117538157377,53.92,-0.143
FC,-2.87,6.14,"Martin, Chris",455119,called_strike,R,0,1,0.2,0.83,-0.19,2.05,6.412606738931874,-134.85110524954155,-6.511994518601725,1.2183814409524083,27.160465546895328,-20.785360596344358,54.2,-0.045
FF,-2.57,6.16,"Martin, Chris",455119,foul,R,0,0,-0.48,1.3,0.98,2.83,10.32742151911998,-137.10316173750684,-5.881925884615422,-8.32500745289822,30.83205882332713,-14.555008906694242,53.9,-0.042
FC,-2.9,6.03,"Martin, Chris",455119,hit_into_play,L,1,2,0.29,0.34,0.69,3.82,8.475536991739403,-133.19865448323472,-0.4355745162496621,1.490513428343487,30.07072762169649,-28.219658030908,54.0,0.158
FC,-2.92,6.16,"Martin, Chris",455119,called_strike,L,1,1,0.25,0.35,0.84,3.28,8.920831391703558,-132.32753119621367,-2.031790947814098,0.904308619710194,29.5569155480816,-27.88361650793139,54.07,-0.026
FC,-3.06,6.15,"Martin, Chris",455119,ball,L,0,1,0.19,0.56,0.06,4.33,7.471938972633094,-132.38520921967032,0.1591248201051526,0.5971168435476157,28.51140832113876,-25.83551610601081,53.87,0.011
FF,-2.76,6.14,"Martin, Chris",455119,foul,L,0,0,-0.75,1.35,-0.31,2.26,8.130892094034895,-137.74524546178174,-7.515895841593679,-11.40027613893754,30.767464639331216,-13.44522514692192,53.9,-0.015
FF,-2.7,6.09,"Martin, Chris",455119,hit_into_play,L,3,2,-0.57,0.95,-0.12,1.71,8.030044157605005,-137.353339485745,-7.845002577315646,-9.006972328916964,31.46968159689096,-18.575001839238976,53.96,-0.211
FC,-3.11,6.08,"Martin, Chris",455119,foul,L,3,2,0.24,1.0,0.69,1.39,9.15459528840116,-133.77691634239838,-8.254744902052405,0.868548403629535,29.322130362467664,-18.48618106750432,53.97,0.0
FC,-2.97,6.07,"Martin, Chris",455119,ball,L,2,2,0.33,0.92,0.2,1.41,7.419694091048268,-134.7048460708826,-8.14562369533344,2.46437545628832,28.97196338285254,-19.41607424638362,53.95,0.069
FC,-3.14,5.94,"Martin, Chris",455119,ball,L,1,2,0.1,0.9,-0.49,1.48,6.5282658941133365,-133.23716082781908,-7.404802560829646,-0.228831886649299,27.94401013816417,-20.00080059232161,53.88,0.026
FC,-3.0,6.09,"Martin, Chris",455119,foul,L,1,1,0.06,1.04,0.79,3.2,9.628761699973332,-135.0049197203539,-3.899094616699688,-1.3491013616017344,29.26171570163801,-18.80041738058656,53.85,-0.04
FF,-2.87,6.13,"Martin, Chris",455119,ball,L,0,1,-0.9,1.35,-0.63,3.83,7.86439818333798,-137.368731262186,-3.311677021464036,-13.143885974376069,31.40653561898174,-14.569938318283358,53.85,0.017
FC,-2.93,6.2,"Martin, Chris",455119,called_strike,L,0,0,0.16,0.75,0.8,2.52,9.005250834083233,-132.30365893115436,-4.968719951636454,0.0187949094103796,27.818072691296667,-22.442418126058715,54.06,-0.024
FF,-2.71,6.17,"Martin, Chris",455119,foul_tip,R,3,2,-0.75,1.5,-0.25,1.9,8.153711749277393,-137.90234246746343,-8.89109285965072,-11.406208730669947,31.946129749103317,-11.179824108487292,53.86,-0.297
FF,-2.6,6.36,"Martin, Chris",455119,ball,R,2,2,-0.74,1.56,-1.16,3.84,5.345379172255665,-135.57342711411383,-4.111847782544492,-10.297742938970094,31.34908887985361,-12.266731059699667,54.04,0.093
FF,-2.74,6.22,"Martin, Chris",455119,foul,R,2,1,-0.67,1.28,0.04,1.55,8.786475376762656,-137.6583591119303,-9.398566699696383,-10.493946292265314,31.353611560656777,-13.905458632575924,54.08,-0.063
FC,-2.79,6.24,"Martin, Chris",455119,ball,R,1,1,0.24,0.99,0.67,1.19,8.316768321540504,-134.08596514991672,-9.226089599302972,1.1276310590935272,28.596838402503337,-18.34438012474096,53.89,0.05
FF,-2.79,6.27,"Martin, Chris",455119,foul,R,1,0,-0.62,1.41,-0.21,2.96,8.084024198508676,-135.8270955179712,-5.887514288436114,-9.536651719142458,31.92424261774608,-13.665674313266724,53.73,-0.044
FF,-2.73,6.29,"Martin, Chris",455119,ball,R,0,0,-0.72,1.37,-0.99,2.41,6.13019167333714,-136.5785278788232,-7.362306134074314,-10.446204073275874,31.306964704511586,-13.600799350962404,53.96,0.032
FC,-2.88,6.07,"Martin, Chris",455119,hit_into_play,R,0,0,-0.06,0.47,-0.01,3.05,7.407699546040255,-133.04438907673202,-2.8314381868944336,-2.039987273375029,23.707370290253685,-26.18939008722948,53.93,-0.229
FC,-3.07,6.03,"Martin, Chris",455119,swinging_strike,L,2,2,0.09,0.74,0.29,3.96,8.325298846118619,-133.6108078338071,-1.0818242020970443,-0.3555841837515527,23.77122746124952,-23.125976379882545,54.01,-0.268
FF,-2.66,6.12,"Martin, Chris",455119,foul,L,2,1,-0.66,1.36,-0.06,3.06,8.370256811093691,-138.8511724968042,-5.518408449466558,-10.388914764985808,31.1703296143477,-13.488239691004887,53.88,-0.074
FS,-3.03,5.81,"Martin, Chris",455119,ball,L,1,1,-0.89,0.33,0.81,0.93,11.19307457248436,-127.52424081407322,-6.472417787778967,-11.797564844709276,22.99583248402837,-27.48576751086937,53.76,0.058
FF,-2.83,5.97,"Martin, Chris",455119,called_strike,L,1,0,-0.69,1.36,-0.62,3.29,7.356163286488554,-137.61507905945055,-4.385790372293163,-10.408208643498972,30.54873875839581,-14.076064526653626,53.86,-0.055
FC,-2.95,6.11,"Martin, Chris",455119,ball,L,0,0,0.05,0.48,-0.12,4.06,6.980808179538084,-132.15325107514843,-0.2892038002791001,-0.7488788004823229,25.46671226268526,-26.66083978766185,54.09,0.044
FS,-3.03,6.0,"Martin, Chris",455119,hit_into_play,L,0,0,-0.73,-0.03,-0.18,2.62,8.427599561525605,-127.51114786884516,-2.0956233506501443,-9.41203964459347,20.84399326945896,-32.34043637957516,53.91,0.266
FF,-2.75,6.07,"Martin, Chris",455119,hit_into_play,L,0,2,-0.76,1.13,-0.35,2.27,7.969996967802831,-137.38037322169652,-6.776365698985609,-11.33705786003734,29.889250530035262,-16.47198435636214,53.98,-0.149
FS,-3.08,5.99,"Martin, Chris",455119,foul,L,0,1,-1.03,0.15,-0.59,2.08,8.216117719123684,-128.01389748060424,-3.802591320349468,-12.855735423585807,22.852914530098268,-29.936500177281577,53.94,-0.047
FF,-2.73,6.13,"Martin, Chris",455119,called_strike,L,0,0,-0.82,1.26,-0.04,3.02,8.86560072866891,-136.8353952434818,-5.215689424914423,-12.233873732408664,28.68731664530169,-15.298240770244345,53.89,-0.032
SI,-2.95,6.1,"Martin, Chris",455119,hit_into_play,R,2,2,-1.11,0.44,-0.27,2.98,9.457412330373158,-136.36514568102794,-3.3280878593907204,-15.933342010209833,29.18680508164256,-26.144721662270587,53.86,-0.088
FC,-2.81,6.33,"Martin, Chris",455119,foul,R,2,2,0.3,0.33,0.35,2.32,7.43031018384071,-133.74490503486982,-5.128457041924446,2.226976337428358,25.66508326837765,-27.3264643957707,53.62,0.0
FF,-2.83,6.3,"Martin, Chris",455119,foul,R,2,2,-0.58,1.05,0.13,2.09,9.020873278785938,-137.3061337503642,-7.701014497111147,-9.19118640200585,26.79503126840481,-17.40536625223078,53.93,0.0
FF,-2.83,6.27,"Martin, Chris",455119,ball,R,1,2,-0.63,1.12,-0.44,4.44,7.621983200990792,-136.9501134588397,-1.5638353672571017,-9.488784064777612,27.055084042326712,-17.886641285642927,54.03,0.018
FF,-2.77,6.43,"Martin, Chris",455119,foul,R,1,1,-0.69,1.26,0.29,2.37,9.34368334461479,-134.94433033517168,-7.368044462018224,-10.460501561174118,28.34234452052885,-15.33570712769343,54.08,-0.026
FC,-2.89,6.32,"Martin, Chris",455119,ball,R,0,1,0.4,0.51,1.28,2.15,9.73838640317541,-134.21620027741437,-5.963202004083684,2.943737505238891,27.0204920476502,-24.900559511290517,54.07,0.011
FF,-2.78,6.27,"Martin, Chris",455119,called_strike,R,0,0,-0.61,1.0,0.42,2.73,9.770333185460869,-137.07159630336466,-5.815740902734676,-9.672660426556224,27.04267276420923,-18.436870940960816,53.74,-0.015
FC,-3.11,6.2,"Martin, Chris",455119,hit_into_play,L,0,1,0.2,0.65,0.53,2.98,8.848936413546207,-134.20778009944385,-3.8893195887905865,0.775157997229539,24.65606193091161,-23.61914980299401,54.03,-0.139
FC,-3.0,6.31,"Martin, Chris",455119,called_strike,L,0,0,0.1,0.39,-0.28,3.02,6.6796662100164825,-133.19250786860354,-3.3263290727455703,-0.0863187728535624,25.545897607397453,-27.04554375666792,54.05,-0.024
FC,-2.94,6.31,"Martin, Chris",455119,hit_into_play,L,1,0,0.31,0.55,0.56,2.75,8.269915680692732,-134.64244687782605,-4.528730722257166,2.11330119097258,27.787493748773688,-24.7218762841994,54.06,-0.26
FC,-2.99,6.35,"Martin, Chris",455119,ball,L,0,0,0.33,0.58,0.39,4.06,7.790775138387489,-132.16467621308945,-1.1458763309477504,2.5345864761483896,23.400412704331032,-25.301444728015497,54.04,0.032
FC,-3.03,6.14,"Martin, Chris",455119,swinging_strike,L,2,2,0.27,0.49,0.41,3.6,8.204574755412908,-134.7438734332938,-1.7950798955845546,1.7243121333472455,25.86983289125214,-26.04846247375301,54.01,-0.284
FC,-2.87,6.27,"Martin, Chris",455119,swinging_strike,L,2,1,0.38,0.52,0.09,3.26,6.707716800466061,-133.98978010367225,-3.010057919204693,3.3260373410528783,26.48661714941063,-25.476104889186143,54.01,-0.071
FC,-2.97,6.2,"Martin, Chris",455119,ball,L,1,1,0.4,0.45,-0.48,4.01,5.458434684455006,-133.8006398740149,-0.7211812929621331,3.697803395512586,27.727973600326735,-26.785401665263212,54.07,0.044
FF,-2.9,6.25,"Martin, Chris",455119,ball,L,0,1,-0.32,0.85,-0.44,4.59,7.204406189216544,-138.38018144162984,-0.6670914162355279,-5.644025646585421,27.6559490348408,-21.19292487294922,54.01,0.02
FC,-2.86,6.2,"Martin, Chris",455119,called_strike,L,0,0,0.29,0.42,0.42,1.84,7.769620120051104,-134.4548606002316,-6.293136433887455,2.0394444326426777,25.72451358762608,-25.991598392450403,53.96,-0.048
FF,-2.74,6.27,"Martin, Chris",455119,hit_into_play,R,1,2,-0.53,1.06,0.3,2.04,9.244757841689689,-139.03125885430478,-8.01034294402427,-8.76844194566262,27.248163793448203,-16.89071966454884,53.94,-0.288
FF,-2.65,6.23,"Martin, Chris",455119,foul,R,1,2,-0.55,0.74,0.28,3.44,8.876406412454475,-137.10679075098517,-3.296897431968133,-8.66362175585506,26.129723213243352,-22.22089795209916,53.87,0.0
FC,-2.66,6.31,"Martin, Chris",455119,foul,R,1,1,0.33,0.37,-0.3,2.41,5.260509620563269,-132.97556890613382,-4.816629733105327,2.903046831771701,25.20486677891162,-26.994788494020888,54.05,-0.07
SI,-2.73,6.16,"Martin, Chris",455119,ball,R,0,1,-1.02,0.55,-0.85,3.07,7.098223141790464,-135.74822828174865,-3.454007255895152,-14.140251481477993,27.508430975283304,-24.83268664416481,53.93,0.031
FC,-2.7,6.34,"Martin, Chris",455119,foul,R,0,0,0.08,0.48,0.39,1.89,7.599466599069646,-132.41759873567491,-6.377446440343227,-0.4306632322965091,25.004701606786917,-25.4488975004054,54.0,-0.042
FC,-2.99,6.18,"Martin, Chris",455119,hit_into_play,L,3,2,0.35,0.41,0.18,2.55,7.27465792345274,-133.46536159497597,-4.296358663665463,2.9090623616203124,24.62299511320155,-26.640055893121207,53.93,0.218
FF,-2.68,6.19,"Martin, Chris",455119,foul,L,3,2,-0.38,1.05,0.25,3.33,8.65053129537613,-138.73679836051951,-4.298102841655365,-6.7670655358515,28.8545878869949,-17.81841205967538,53.79,0.0
FF,-2.7,6.24,"Martin, Chris",455119,foul,L,3,2,-0.39,1.14,0.74,2.44,9.865406523516585,-137.0502033942049,-6.830304867988852,-6.83352810595029,26.875596498805816,-16.394215840379456,53.77,0.0
FC,-3.04,6.14,"Martin, Chris",455119,ball,L,2,2,0.35,0.52,-0.89,3.09,4.674638530617533,-132.48596075194197,-2.9725132924198867,3.315825239784389,23.62682916049649,-25.582994329558016,54.02,0.069
FF,-2.53,6.36,"Martin, Chris",455119,foul,L,2,2,-0.41,1.4,-0.56,3.73,6.110810295194286,-138.65732295596777,-4.495521938332051,-6.523918584378779,26.51566445727813,-13.155954555690863,54.02,0.0
FS,-2.74,6.15,"Martin, Chris",455119,ball,L,1,2,-0.69,0.33,0.57,0.54,9.737411695502908,-130.71978677667497,-8.791103932867703,-9.725191599189912,23.07841651898178,-26.860839498404232,53.78,0.026
FF,-2.82,6.26,"Martin, Chris",455119,foul,L,1,1,-0.5,1.07,-0.15,3.31,8.120088967397804,-137.4342505408603,-4.438463264364675,-8.022815488782097,28.39547061720929,-17.75931396048608,53.91,-0.04
FF,-2.81,6.38,"Martin, Chris",455119,foul,L,1,0,-0.38,1.19,0.45,3.2,9.387096233578902,-137.58788737791855,-5.3432005112368826,-6.805974824169676,28.36697814433125,-16.03801084079809,53.89,-0.031
FC,-2.96,6.24,"Martin, Chris",455119,ball,L,0,0,0.42,0.5,1.4,1.24,10.186151097032226,-133.80458778838693,-8.042709652159845,3.1473528649996525,25.944607425856127,-24.673739013253947,53.89,0.024
FF,-2.88,6.26,"Martin, Chris",455119,swinging_strike,R,0,2,-0.76,0.99,-0.21,3.67,8.627598511743509,-136.21899260466728,-3.230170047471153,-11.249020043913848,26.2232516439892,-19.25473216284507,53.91,-0.149
FC,-2.99,6.32,"Martin, Chris",455119,swinging_strike,R,0,1,0.28,0.54,-0.1,3.2,6.672403413804306,-132.1368441642692,-3.123765287390396,2.0120453870137145,24.599270733410066,-25.35004607965505,54.01,-0.047
FF,-2.72,6.3,"Martin, Chris",455119,foul,R,0,0,-0.8,1.24,-0.03,2.24,8.892026638844518,-138.21676871378386,-7.86336991235452,-12.16631570844958,28.95675870647177,-14.677935814767512,53.78,-0.032
FC,-3.0,6.02,"Martin, Chris",455119,hit_into_play,L,1,0,0.23,0.51,-0.41,2.15,6.053400254792281,-132.62509289896337,-4.988142884855686,1.5344275320562295,27.104545291557034,-25.333926318401595,53.78,-0.359
FF,-2.64,6.21,"Martin, Chris",455119,ball,L,0,0,-0.55,0.98,-0.12,3.56,7.759111930809631,-136.4368369281083,-3.288549884419304,-8.645569185556944,30.60868672616529,-19.36526336009295,53.98,0.021
FS,-2.72,6.02,"Martin, Chris",455119,hit_into_play,R,1,2,-0.78,0.09,-0.1,1.72,8.128177808950822,-128.98104360869203,-4.6826377145161775,-10.315597220335512,25.25689908647585,-30.463770119340435,53.67,-0.288
FC,-2.77,6.14,"Martin, Chris",455119,foul,R,1,1,0.22,0.7,0.53,2.53,8.052072235947705,-135.93692735001082,-5.134088971807898,1.0063412420584272,28.984235019464396,-22.495198899127804,53.98,-0.07
FF,-2.54,6.22,"Martin, Chris",455119,called_strike,R,1,0,-0.63,1.14,-0.11,2.44,7.83033700328024,-138.7998495256376,-6.881128545340441,-9.89566408219635,31.6010754019125,-16.11637487880424,54.02,-0.055
FC,-2.85,6.17,"Martin, Chris",455119,ball,R,0,0,0.2,0.45,-1.01,2.43,4.294857372573801,-134.54830584947632,-4.731925028779159,1.5075076788937063,28.508835812455946,-25.84502869565032,53.86,0.044
FC,-3.03,6.05,"Martin, Chris",455119,foul_tip,R,0,2,0.17,0.65,-0.05,3.78,7.265669057595473,-135.34915746102126,-1.4927336298927356,0.5941525375156519,28.930133970448157,-24.02328527157609,54.0,-0.23
FF,-2.83,6.09,"Martin, Chris",455119,foul,R,0,2,-0.79,1.37,-0.76,3.63,7.297547208154333,-139.78096507712038,-4.0337070652939975,-12.005127818018869,33.65889741227233,-13.5320447439666,53.92,0.0
FF,-2.73,6.16,"Martin, Chris",455119,foul,R,0,1,-1.03,1.2,-0.57,2.19,8.146726230455426,-140.50047355421475,-7.753886170341494,-15.585302924360628,34.09508281484224,-14.587520965940698,53.9,-0.075
SI,-2.91,5.9,"Martin, Chris",455119,called_strike,R,0,0,-1.22,1.03,-0.6,3.16,8.839531002774915,-138.09063959312834,-3.797477792978607,-17.591810749547587,33.05281254601513,-18.40251013938163,53.79,-0.064
FS,-2.98,6.07,"Martin, Chris",455119,hit_into_play,L,0,2,-0.89,0.19,-0.27,1.41,8.558764454857142,-129.11730959584932,-5.769162222377291,-11.771142434402112,26.7744077570289,-29.05026085880949,53.81,0.489
FC,-3.2,6.08,"Martin, Chris",455119,foul,L,0,1,0.13,0.76,0.62,3.37,9.483214520799184,-134.22253692463514,-2.7216343017474363,-0.4763503675751639,28.36482270646383,-22.62159558478535,53.93,-0.047
FC,-3.19,6.22,"Martin, Chris",455119,swinging_strike,L,0,0,0.14,0.75,0.18,2.91,8.326316935173681,-134.42211276874454,-4.333704377662238,0.0252480300592924,26.39434238934812,-22.322033731740085,53.99,-0.032
FF,-2.69,6.2,"Martin, Chris",455119,swinging_strike,L,0,2,-0.63,1.3,-0.57,4.12,6.902420611172863,-137.55062428845224,-2.6577306949754105,-9.461208576308078,29.024105157720776,-15.21357024505114,54.23,-0.142
FS,-2.95,6.02,"Martin, Chris",455119,foul,L,0,1,-0.89,0.07,-0.79,2.0,7.085898211675652,-127.77671284892872,-3.7822814230595374,-11.147840413484374,25.52328924733357,-30.864772724357536,54.06,-0.045
FS,-2.9,6.05,"Martin, Chris",455119,swinging_strike,L,0,0,-0.91,0.27,0.56,1.38,10.34520990786357,-128.34197787224542,-5.8886233547971605,-12.175064965781516,26.419244778445886,-28.058691053321294,53.96,-0.042
FF,-2.68,6.14,"Martin, Chris",455119,hit_into_play,L,1,1,-0.61,1.4,0.19,2.2,8.92010828682574,-138.12184444351587,-7.823874801210343,-9.776750453082,30.09973941508472,-12.708955295186309,53.96,0.132
FC,-3.02,6.01,"Martin, Chris",455119,ball,L,0,1,0.08,0.83,1.4,3.19,11.095672558343493,-134.23742536975885,-3.18670675389303,-1.2779786668753004,27.498572864193235,-21.61856917346548,54.06,0.011
FF,-2.53,6.22,"Martin, Chris",455119,foul,L,0,0,-0.62,1.35,0.12,3.09,8.400260799140748,-138.9627930869154,-5.714299787277881,-9.753497801066631,28.136395009865744,-13.522372563079614,54.04,-0.015
FF,-2.57,6.16,"Martin, Chris",455119,hit_into_play,R,0,2,-1.06,1.46,-0.62,2.54,7.499363536512466,-138.3967947575121,-7.160838855933856,-15.291410950338191,28.937216006793246,-11.92312107692492,54.09,1.038
FC,-2.84,6.07,"Martin, Chris",455119,foul_tip,R,0,1,0.1,0.87,-0.2,2.85,6.574184422035181,-135.68332631450994,-4.493638592659575,0.0161723344361668,26.53454162362369,-20.64895802289607,54.02,-0.024
FS,-2.79,6.04,"Martin, Chris",455119,called_strike,R,0,0,-1.01,0.39,0.18,1.98,9.395608807420023,-129.18677706375496,-4.803458599497511,-13.06565572971968,22.666832318142763,-26.995571135887538,54.08,-0.015
FF,-2.58,6.09,"Martin, Chris",455119,swinging_strike,R,1,2,-0.87,1.3,0.57,1.71,10.283723668203136,-138.59931117366455,-8.859037162962633,-13.437490784585885,29.64565081288978,-13.53342102820116,53.88,-0.116
FC,-2.81,6.08,"Martin, Chris",455119,foul_tip,R,1,1,-0.04,1.18,-0.23,3.12,6.670656944411441,-134.3921921561604,-4.334705197839403,-1.8951250881999728,27.40194805772122,-17.09018497087299,54.1,-0.04
FS,-2.87,5.98,"Martin, Chris",455119,ball,R,0,1,-0.96,0.07,-0.86,1.38,6.955329842622739,-128.76823607799318,-5.384709980479668,-12.097194905436764,23.676658701658297,-30.53312182812482,53.9,0.017
FF,-2.58,6.1,"Martin, Chris",455119,called_strike,R,0,0,-0.81,1.34,0.01,3.38,8.670008238026227,-139.0254179219039,-4.578901301958342,-12.393579876504884,30.936588330732253,-13.892109008271362,54.0,-0.024
FC,-2.93,6.03,"Martin, Chris",455119,hit_into_play,L,0,0,0.1,0.79,0.08,3.0,7.525049292387924,-135.54246105891812,-3.788010839361809,-0.2881517647368166,27.64837890883457,-21.757305838642665,54.11,1.57
FF,-2.57,6.28,"Martin, Chris",455119,hit_into_play,R,1,2,-0.95,1.36,-0.55,3.42,7.35346450772147,-136.92661041438794,-4.725447484842372,-13.558206537101366,30.527876981972355,-14.191644299831598,54.18,0.466
FS,-2.85,5.95,"Martin, Chris",455119,ball,R,0,2,-0.79,0.37,-0.34,0.38,7.861728610775355,-129.4030422552867,-8.47574172545728,-10.458122405432032,25.13219745373218,-26.469493569382976,53.95,0.013
FC,-3.02,6.07,"Martin, Chris",455119,called_strike,R,0,1,-0.21,1.33,0.66,2.78,9.971692596665475,-135.9007492978672,-5.657067763624681,-4.781596135229367,29.52196849170071,-14.613223966744,54.1,-0.035
FF,-2.7,6.16,"Martin, Chris",455119,called_strike,R,0,0,-0.91,1.35,-0.03,2.11,9.01941142684503,-137.69842361175537,-7.919725311161605,-13.593350540774509,30.96149841098444,-13.393521114000563,54.05,-0.024
FC,-3.02,5.97,"Martin, Chris",455119,hit_into_play,R,0,0,-0.32,1.1,-0.69,2.32,6.613475393040183,-134.38297412709662,-5.92364253378385,-5.184650795030879,26.86860650665612,-17.745936168558792,54.12,-0.228
FC,-3.17,5.96,"Martin, Chris",455119,hit_into_play,L,1,1,0.03,0.71,0.58,2.34,9.568917550463206,-134.81011760736718,-5.058781484486891,-1.643066207832569,27.599055803194773,-22.61548542662334,54.0,-0.316
FS,-3.15,5.93,"Martin, Chris",455119,ball,L,0,1,-0.86,0.13,-0.37,0.97,8.647114128245352,-129.1422509579917,-6.410253844857141,-11.441804638906502,26.21995291476518,-29.51831361892196,53.91,0.022
FC,-3.16,5.98,"Martin, Chris",455119,called_strike,L,0,0,0.13,0.67,0.33,2.96,8.597039224757452,-134.25904435920913,-3.339188250772656,-0.2097012900482845,28.414220293566537,-23.50026931944172,54.06,-0.042
SI,-3.0,5.96,"Martin, Chris",455119,hit_into_play,R,0,0,-1.23,0.82,-0.13,2.38,10.27166710961773,-137.81993820672105,-5.508144313434034,-17.995269349594057,31.42479379324237,-20.68353277092372,53.94,-0.327
FC,-2.96,6.19,"Martin, Chris",455119,hit_into_play,L,0,0,0.2,0.67,1.03,2.86,9.52739073293809,-131.79975190581035,-3.788416418009844,0.1959031040253547,29.60226326532848,-23.71593964311636,54.34,-0.015
FF,-2.9,6.14,"Martin, Chris",455119,hit_into_play,L,0,0,-0.87,1.33,-0.31,2.62,8.706490248887553,-137.1458802346694,-6.423173794087339,-12.975316122039098,30.572118089952134,-14.055108449539254,54.07,0.122
FC,-3.21,6.01,"Martin, Chris",455119,foul_tip,L,1,2,0.21,0.79,-0.41,2.12,6.632025058524448,-133.34925189808325,-5.647811528686651,1.0655190069867944,29.805311164146044,-21.755029888155647,54.1,-0.071
FF,-2.79,6.26,"Martin, Chris",455119,ball,L,0,2,-0.75,1.39,-0.95,3.93,6.521285304687183,-138.2585451244752,-3.5597163807048067,-11.08326993302815,32.00588398669113,-13.805173860936788,54.07,0.009
FC,-3.14,6.04,"Martin, Chris",455119,foul,L,0,1,0.1,0.74,0.42,3.43,8.888869963604927,-134.47940727858435,-2.462966754292253,-0.7760417532755071,29.385588237004708,-22.83986447511197,54.13,-0.024
FF,-2.75,6.19,"Martin, Chris",455119,foul,L,0,0,-0.78,1.4,-0.65,2.16,7.319174506030942,-138.38484792315958,-8.055907701050238,-11.785879702456436,33.86067549133562,-12.52048376139203,53.89,-0.015
FC,-2.97,6.04,"Martin, Chris",455119,hit_into_play,R,1,2,0.2,0.77,0.86,2.21,9.463491037802648,-136.08559862242444,-5.812746737408545,0.2761320018494859,30.870652097235208,-21.420993106758026,54.14,-0.116
FF,-2.59,6.24,"Martin, Chris",455119,foul,R,1,2,-0.84,1.53,0.32,2.62,9.63069515821119,-139.6173349246748,-7.443073350286142,-13.24615256327763,32.37960300402635,-10.665565302299727,54.05,0.0
FS,-2.93,6.06,"Martin, Chris",455119,ball,R,0,2,-1.06,0.26,-0.25,0.78,8.892351298940168,-130.28111686507802,-7.653791798551188,-13.930138472509627,26.926959965085008,-27.7082526270862,53.96,0.013
FF,-2.7,6.21,"Martin, Chris",455119,foul,R,0,2,-0.9,1.35,0.02,3.15,9.227830468826763,-139.15213985438555,-5.439374716035561,-13.906051092504349,36.455288733085965,-13.61172408020314,54.0,0.0
FF,-2.81,6.2,"Martin, Chris",455119,called_strike,R,0,1,-1.04,1.5,-0.46,2.05,8.553561466402371,-138.6523798600879,-8.590172221087586,-15.508300647662551,36.33090904229222,-10.974310899291364,54.02,-0.035
FC,-2.96,6.08,"Martin, Chris",455119,called_strike,R,0,0,0.06,0.6,-0.38,3.15,6.427507828353714,-133.9947312029368,-2.8502670054737087,-0.8809288399224801,32.27654355307217,-24.51212843555388,54.16,-0.024
FF,-2.58,6.29,"Martin, Chris",455119,swinging_strike,L,2,2,-0.81,1.58,0.3,3.69,9.386636390435209,-138.46289258830743,-4.668304423809477,-12.7449861988475,35.48904504223326,-11.059199629388557,54.11,-0.204
FC,-3.17,6.16,"Martin, Chris",455119,foul,L,2,1,-0.21,1.18,-0.13,2.72,8.283757914815206,-135.5738691137329,-5.6284317696677935,-4.5665542414862,31.64814724743336,-16.50173312871721,54.25,-0.063
FS,-3.04,6.14,"Martin, Chris",455119,ball,L,1,1,-1.4,0.33,1.39,0.89,13.6897816281598,-127.84292147135469,-7.303231393985919,-18.24817808240106,27.6615141241822,-27.039353434380207,53.97,0.05
FF,-2.86,6.23,"Martin, Chris",455119,swinging_strike,L,1,0,-0.97,1.42,-0.98,2.79,7.077251033347374,-136.93344787314317,-6.323578462780865,-13.836110649917815,34.15345374652693,-13.137156904735418,53.97,-0.044
FS,-3.0,6.13,"Martin, Chris",455119,ball,L,0,0,-1.24,0.22,1.17,1.35,12.574865705710014,-126.5153236583332,-5.73102220385395,-15.95739788526256,27.302713333932708,-28.739381974171103,53.99,0.032
FF,-2.9,5.94,"Martin, Chris",455119,swinging_strike,L,2,2,-0.5,1.19,-0.21,3.09,8.2973629075181,-139.69821806412153,-4.679083771559213,-8.359539405546391,30.664501484444063,-15.733469141567284,53.78,-0.088
FF,-2.91,6.07,"Martin, Chris",455119,ball,L,1,2,-0.71,1.19,-0.84,2.99,7.149286373798461,-140.0346481127322,-5.298522661089095,-10.99261999440812,33.37114738743902,-15.495505026976833,53.81,0.018
FF,-3.02,6.02,"Martin, Chris",455119,foul,L,1,1,-0.41,0.97,0.6,2.88,10.636568441749738,-139.88715648329023,-5.053659157842988,-7.522994984910803,26.75645154817467,-18.39289052840114,53.72,-0.026
FC,-3.38,5.88,"Martin, Chris",455119,called_strike,L,1,0,0.21,0.49,-0.65,3.18,6.577188825842405,-135.37519720160546,-2.3516994282903267,1.4404098819674074,24.281421481992364,-25.763357293253957,53.95,-0.019
FC,-3.17,5.97,"Martin, Chris",455119,ball,L,0,0,0.3,0.67,0.41,3.96,8.58544295807509,-135.51723491748697,-0.950195812450299,2.202133555157655,24.58106754634682,-23.76329839834208,53.89,0.016
FS,-3.13,5.89,"Martin, Chris",455119,swinging_strike,L,1,2,-0.69,0.38,-0.89,2.67,7.023514843465332,-129.77134690903222,-2.805368291192794,-9.161828228609863,23.436582510086584,-27.45053924907897,53.72,-0.116
FF,-2.73,6.26,"Martin, Chris",455119,foul,L,1,2,-0.32,1.08,0.26,3.13,8.650361193899966,-139.2280469608486,-5.16604233576081,-5.945767237755372,28.309068798455463,-17.09335853402631,54.0,0.0
FC,-3.25,5.93,"Martin, Chris",455119,called_strike,L,1,1,0.19,0.7,-0.35,3.36,7.161004169337529,-136.69302579310192,-2.5632821862720383,1.0910486853281205,25.23835530823313,-23.0445257170379,53.74,-0.04
FF,-3.21,5.88,"Martin, Chris",455119,ball,L,0,1,-0.68,1.05,-0.43,5.05,8.968294058649901,-139.77151301808993,1.0014311732805443,-10.74495753219545,28.583359933220784,-18.76501881061734,53.73,0.017
FF,-3.07,5.93,"Martin, Chris",455119,foul,L,0,0,-0.73,1.19,-0.43,2.25,8.751499077355815,-140.1403986318219,-6.997095180434645,-11.502145401812063,28.73488601709392,-15.007320750391798,53.79,-0.024
FS,-3.1,5.97,"Martin, Chris",455119,swinging_strike,L,1,2,-0.79,0.0,0.46,1.27,10.56315011602991,-130.13254085046475,-5.704374442651331,-11.07182615670674,24.870223909145068,-31.15839131806939,53.66,-0.168
FF,-3.05,6.12,"Martin, Chris",455119,called_strike,L,1,1,-0.73,1.09,-0.75,2.78,7.797212370981141,-139.56102115245855,-5.763308748794057,-11.23841869638412,29.199040281631444,-16.845502987509633,53.84,-0.049
FC,-3.26,6.04,"Martin, Chris",455119,ball,L,0,1,0.12,0.66,-0.49,3.9,6.980674075055841,-137.80252523763687,-1.451585349737652,0.1593410592407153,26.57220510621633,-23.590014821718675,54.11,0.021
FC,-3.3,6.01,"Martin, Chris",455119,swinging_strike,L,0,0,0.32,0.61,0.17,3.67,8.159828374498598,-134.5390053592313,-1.5650083621330448,2.3889835145073905,25.49010827676701,-24.626628782435635,54.03,-0.032
FF,-2.54,6.11,"Martin, Chris",455119,hit_into_play,R,2,2,-0.68,1.02,-0.37,2.69,7.201332555932811,-137.3410843190295,-5.498533271796584,-10.26100790126428,30.38438688072237,-18.250256879300068,53.96,-0.283
FF,-2.73,6.1,"Martin, Chris",455119,foul,R,2,1,-1.0,1.43,-0.9,2.86,7.10399970162787,-139.36866743546457,-6.191481023329216,-14.59284373573752,32.34392181402007,-12.328967159367265,53.95,-0.071
FC,-2.96,6.09,"Martin, Chris",455119,called_strike,R,2,0,0.25,0.74,-0.49,1.66,5.744260285744211,-133.79208072844392,-6.996257940391494,1.810824746060364,28.989733231289325,-21.99500081744328,53.98,-0.028
FS,-2.83,5.91,"Martin, Chris",455119,blocked_ball,R,1,0,-0.87,0.16,0.0,0.34,8.885465502753211,-129.91957696381394,-8.092106566853838,-11.78230618941588,27.655413382604973,-28.80834460718369,53.8,0.024
FF,-2.71,6.06,"Martin, Chris",455119,ball,R,0,0,-0.67,1.04,-0.9,2.13,6.297383496075593,-138.56466032010184,-7.0455573923370896,-10.032415964741917,31.18353931315851,-17.360863101773223,53.9,0.021
FS,-2.94,6.03,"Martin, Chris",455119,hit_into_play,R,0,1,-0.63,0.61,-0.29,2.09,7.8436844336481695,-129.0940155976481,-4.879642694728595,-8.738999352506601,27.624914338590884,-24.482006205568855,53.96,-0.286
FF,-2.86,6.12,"Martin, Chris",455119,called_strike,R,0,0,-0.54,1.34,-0.36,2.65,7.80273593441138,-138.18962531275128,-6.426603564842653,-8.789654288441264,33.03303356787424,-13.742211900192336,53.96,-0.047
FS,-3.07,6.02,"Martin, Chris",455119,hit_into_play,L,0,1,-0.98,0.4,-0.4,1.54,8.414134265602904,-126.51788795701827,-5.341171921220351,-12.32016704654444,27.406090572035826,-26.95255417724797,54.15,-0.472
FF,-2.83,6.09,"Martin, Chris",455119,called_strike,L,0,0,-0.96,1.18,-0.06,1.76,9.254894652352322,-135.43984997776533,-7.95642557151883,-13.90111777680366,31.185258987166826,-16.003951226727605,54.01,-0.064
FC,-3.06,6.06,"Martin, Chris",455119,hit_into_play,R,0,0,0.34,0.83,0.25,2.02,7.622541276921066,-133.07777677368549,-6.123003626922193,2.3390741355860336,29.51429703875606,-21.13642696965201,54.01,0.41
FC,-3.13,5.89,"Martin, Chris",455119,hit_into_play,L,0,1,0.21,0.69,0.74,3.36,9.37022238284998,-133.372216015603,-2.0142403281769887,0.4786606453065091,28.81428258360303,-23.68198204719833,54.01,-0.085
FS,-2.88,5.96,"Martin, Chris",455119,foul,L,0,0,-0.84,0.16,-0.03,2.09,8.787330278879029,-129.32829660456724,-3.830829966610505,-11.22863002615988,25.091873860852164,-29.79108526111321,53.93,-0.015
FF,-2.9,5.99,"Martin, Chris",455119,swinging_strike,R,0,2,-0.75,1.15,-0.3,3.35,8.547055686129177,-138.88986775525052,-3.9443635522632,-11.523965117070544,29.88870535096026,-16.54318189463315,53.93,-0.104
ST,-3.05,5.89,"Martin, Chris",455119,foul,R,0,2,1.1,-0.06,0.65,1.01,6.458737071915072,-123.20169223007224,-4.830291025825583,9.545931215554903,28.845289594777505,-31.872158956800863,54.01,0.0
SI,-3.02,5.8,"Martin, Chris",455119,called_strike,R,0,1,-1.21,0.9,-0.62,1.7,9.069587815080304,-138.28634137839876,-7.166561750490459,-17.57674859247897,30.337377981565066,-19.14500968224874,53.97,-0.035
FF,-2.69,6.07,"Martin, Chris",455119,called_strike,R,0,0,-0.97,1.41,-0.31,1.7,8.5637676704366,-139.74617003213478,-9.206897573726668,-14.748603422546877,33.050691875164965,-11.729483064645256,53.94,-0.024
FF,-2.81,6.06,"Martin, Chris",455119,called_strike,R,2,2,-0.65,1.48,-0.71,1.6,7.066594677843433,-139.86972315208362,-9.603016653711606,-10.144397003598648,32.318794849455244,-10.779631689565282,53.96,-0.204
SI,-3.02,5.89,"Martin, Chris",455119,foul,R,2,1,-1.35,0.64,-0.94,2.03,8.49184400228368,-137.8297563873113,-5.84098012086854,-19.163080767950294,31.520106315319453,-22.9146857668466,53.89,-0.063
FS,-2.88,6.03,"Martin, Chris",455119,ball,R,1,1,-0.75,0.34,0.31,0.55,9.426969789590116,-129.04337103639392,-8.101820520972405,-10.339857937321472,26.559010849211937,-26.8590485321389,53.93,0.05
FC,-3.05,5.98,"Martin, Chris",455119,ball,R,0,1,0.12,0.98,1.16,2.33,10.530241245875745,-134.57410607337133,-5.740154495165135,-0.6560278544305636,26.41885763890716,-19.117021158501043,53.92,0.021
FF,-2.78,6.05,"Martin, Chris",455119,called_strike,R,0,0,-0.9,1.33,0.17,1.89,9.79440778980884,-138.31080954774075,-8.311457709633682,-13.684305468873225,29.828372370393527,-13.319158769485488,53.92,-0.032
FC,-3.03,5.96,"Martin, Chris",455119,hit_into_play,R,1,0,0.08,0.95,0.02,2.32,7.608837070089208,-134.20049541953114,-5.551797713000678,-0.6063632822035631,27.90252728426144,-19.627685384522152,54.03,-0.116
FC,-3.15,5.98,"Martin, Chris",455119,ball,R,0,0,0.33,0.64,-0.56,4.05,5.817997634936298,-132.66274207477235,-0.3525579569059371,2.6117617680144365,28.312413488761752,-24.718255208664587,53.97,0.016
FF,-2.81,6.17,"Martin, Chris",455119,called_strike,L,0,2,-1.17,1.49,-0.34,2.56,9.00584934403727,-136.5406779557523,-6.899629178303231,-16.681281800100372,32.81863481493198,-12.127223017590588,54.03,-0.104
FS,-3.19,5.93,"Martin, Chris",455119,foul,L,0,1,-0.91,0.08,-0.07,1.99,9.511880175600504,-127.9064482101428,-3.645650947995876,-11.923087945696384,26.372777257314137,-30.709175151741118,53.83,-0.035
FC,-3.28,5.96,"Martin, Chris",455119,foul_tip,L,0,0,0.24,0.94,0.39,3.45,8.771230150413123,-132.86058918922194,-2.396850479132084,0.6880552795910496,31.84361973385228,-20.806166547701277,53.87,-0.024
FS,-3.07,5.93,"Martin, Chris",455119,hit_into_play,L,1,1,-0.85,0.12,0.22,1.69,9.96555349944865,-129.8189402934287,-4.724140874722563,-11.667339990825583,25.421855383335817,-29.98462406628714,53.85,-0.216
FC,-3.16,5.99,"Martin, Chris",455119,ball,L,0,1,0.14,1.0,1.22,3.92,10.861218289912411,-133.66298991326556,-1.6044953252371863,-0.5739057592015173,27.315773666119927,-19.954508280753583,53.98,0.021
FC,-3.21,6.06,"Martin, Chris",455119,foul,L,0,0,0.0,1.17,0.48,3.08,9.399788667955644,-133.91749139761774,-4.269101200557554,-2.099757291776125,29.52897081215512,-17.40719434453479,53.94,-0.032
FF,-2.92,6.05,"Martin, Chris",455119,hit_into_play,L,1,2,-1.0,1.26,-0.61,3.51,8.266322496928588,-137.22278269827433,-3.662489213773181,-14.5120433316839,32.825160976743575,-15.72026498454232,54.02,-0.071
FF,-2.75,6.15,"Martin, Chris",455119,swinging_strike,L,1,1,-0.78,1.17,-1.16,3.03,5.921597140386998,-137.88921216443825,-5.029451490202225,-11.381564673103748,34.80604788998979,-16.40534861501355,53.94,-0.026
FC,-3.08,6.01,"Martin, Chris",455119,ball,L,0,1,-0.08,0.94,0.06,3.97,8.287580792516948,-135.78539627632014,-1.5779876584642063,-2.788510305395456,28.76852054733636,-20.399640471834932,54.0,0.011
FC,-3.14,5.88,"Martin, Chris",455119,called_strike,L,0,0,0.15,0.67,0.84,2.4,9.844688003928589,-134.28166908470905,-4.5343215996306885,-0.2294834685985512,28.146585806736383,-23.25468720934728,53.96,-0.015
FF,-2.61,6.31,"Martin, Chris",455119,hit_into_play,R,0,2,-0.73,1.33,0.96,2.6,10.985944670998736,-137.2308759100719,-6.975587695797182,-11.632140166089512,29.21311816110508,-13.928486409213209,53.91,-0.104
FS,-3.04,5.99,"Martin, Chris",455119,foul,R,0,1,-0.81,0.26,0.17,1.43,9.56519516808199,-128.76163933486987,-5.6708569685867145,-10.965327853498426,25.255725201055675,-28.318206069053016,53.97,-0.035
FC,-2.95,6.12,"Martin, Chris",455119,foul,R,0,0,0.19,0.85,-0.52,3.28,5.718763418555683,-132.5598681825043,-3.0514996086763824,0.9395431658136664,29.459309487984054,-21.68518253140825,54.08,-0.064
FF,-2.94,6.26,"Martin, Chris",455119,hit_by_pitch,R,2,2,-0.96,1.31,-1.46,3.62,6.009588418858742,-137.37342268714315,-4.035972152620721,-13.522526458110914,32.76693158435224,-14.971341694955106,54.1,0.436
FS,-3.02,5.96,"Martin, Chris",455119,ball,R,1,2,-0.84,0.08,-0.23,1.03,8.635265248892487,-128.8509565488967,-6.299426650908167,-10.976236025982269,21.3075403817008,-30.338252627575603,53.76,0.036
ST,-3.13,6.06,"Martin, Chris",455119,foul,R,1,2,0.25,0.67,-0.83,2.59,5.021857545825969,-126.43782320289117,-3.552265007524279,1.8220098428282547,23.10824689136009,-24.486818703541875,53.93,0.0
FS,-3.1,5.98,"Martin, Chris",455119,ball,R,0,2,-1.39,0.24,-0.21,-0.16,10.077168992354247,-129.12724864325813,-9.55386455947616,-17.685102574237938,27.09137870243438,-27.58657542148116,53.69,0.019
FC,-3.1,6.12,"Martin, Chris",455119,foul,R,0,1,0.34,0.99,0.16,2.39,7.578704208298462,-133.87838713666113,-5.840762395785082,2.5717306313636734,26.83754492929769,-19.24838647144601,53.94,-0.047
FF,-3.02,6.14,"Martin, Chris",455119,foul,R,0,0,-0.93,1.43,-1.1,2.3,7.113774819743121,-137.45775191998428,-7.549286459826986,-13.395129317381608,31.22676829757649,-12.570118641777968,53.82,-0.032
FC,-3.08,6.23,"Martin, Chris",455119,hit_into_play,L,0,1,-0.09,0.85,0.58,3.78,9.574580968984824,-135.0089196269841,-2.331460915086665,-3.233292146365901,29.570901246448862,-21.46654490174501,54.14,-0.085
FC,-2.96,6.14,"Martin, Chris",455119,called_strike,L,0,0,0.05,0.64,0.01,3.06,7.506999923032198,-135.10214923739454,-3.492724580712955,-1.07444761543013,30.34029702300245,-23.737104559119715,54.17,-0.015
FC,-2.89,6.26,"Martin, Chris",455119,hit_into_play,R,0,0,0.21,0.65,0.58,2.7,8.452481361956673,-135.11226499879166,-4.76845614993927,0.7751752383665216,28.35704548118603,-23.34605346419112,54.16,-0.163
FF,-2.7,6.38,"Martin, Chris",455119,swinging_strike,L,1,2,-0.64,1.25,-0.37,3.35,7.578375392538461,-138.60809632244667,-5.110640405731428,-9.98871919058934,31.31948237476913,-15.11496939394038,54.21,-0.168
FS,-2.78,6.23,"Martin, Chris",455119,foul,L,1,2,-0.7,0.16,0.17,2.68,8.711126983651665,-129.344141263151,-3.037313913997612,-9.516473738069362,24.30121854735007,-29.997467884874435,54.07,0.0
FS,-2.82,6.21,"Martin, Chris",455119,ball,L,0,2,-0.94,0.46,0.25,0.2,9.54183167677189,-129.38397450909804,-9.761717716920566,-12.42543513162062,24.99635239377493,-25.208090535975057,53.96,0.019
FC,-2.96,6.19,"Martin, Chris",455119,foul,L,0,1,0.12,0.74,0.32,2.75,8.102520639729427,-134.45619235117712,-4.592826513696211,-0.3125061791399437,28.663433639004463,-22.35946207608177,54.12,-0.047
FF,-2.71,6.41,"Martin, Chris",455119,foul,L,0,0,-0.91,1.28,-0.56,1.86,7.756606682778926,-139.1231548417747,-9.324371656090872,-13.54311845579872,30.027206364035443,-13.577870662706117,54.01,-0.032
FC,-3.16,6.02,"Martin, Chris",455119,swinging_strike,L,2,2,0.34,0.8,-0.6,3.62,5.835597143180836,-135.057867036182,-2.1138736051687066,2.8050170503112173,30.20184232232484,-22.110141658477065,53.99,-0.088
FF,-2.86,6.09,"Martin, Chris",455119,ball,L,1,2,-1.04,1.23,-1.05,3.73,7.075349410684851,-137.8779935067774,-3.1873630243700672,-14.919263729384866,33.31231711168789,-16.0644777050683,54.01,0.018
FS,-2.96,6.03,"Martin, Chris",455119,foul,L,1,2,-0.88,0.0,-0.94,2.18,6.754429370720621,-128.01480538491376,-3.3164055483255543,-10.995387157028292,24.33695053064785,-31.690901997448883,53.86,0.0
FF,-2.83,6.08,"Martin, Chris",455119,foul,L,1,1,-1.14,1.17,-0.45,2.09,8.885347072569127,-139.2141011154702,-7.549188794239095,-16.878471182003683,35.165672411353064,-15.380116737351486,53.88,-0.026
FF,-2.77,6.11,"Martin, Chris",455119,swinging_strike,L,1,0,-1.03,1.4,-1.12,2.53,6.599846122292542,-137.27309638417637,-6.712107921429285,-14.513809262693362,33.38076385308973,-13.154200437987283,54.01,-0.019
SI,-2.81,6.13,"Martin, Chris",455119,ball,L,0,0,-1.17,1.1,-0.96,3.2,7.511118372482745,-138.55393238862015,-4.49909562978731,-16.825700315796237,33.10539280850084,-17.222049896187894,54.0,0.016
FF,-2.71,6.14,"Martin, Chris",455119,hit_into_play,R,0,0,-0.94,1.47,-0.32,2.7,8.501792810545053,-139.54544824842932,-6.867901580371711,-14.239480379328322,31.27505122052502,-11.602548207829884,53.94,-0.163
FC,-3.08,6.03,"Martin, Chris",455119,hit_into_play,L,1,1,0.12,1.12,0.13,2.72,7.994025447425661,-135.2444452786209,-5.181925199616411,-0.2608203250832866,29.402287196737795,-17.513698620581863,53.99,-0.216
FF,-2.83,6.16,"Martin, Chris",455119,called_strike,L,1,0,-0.95,1.41,-1.08,2.02,6.717646392636581,-137.5621623354135,-8.230930849534705,-13.59900124314346,32.78116991914137,-12.629906308264216,54.07,-0.044
FF,-2.93,6.17,"Martin, Chris",455119,ball,L,0,0,-1.06,1.39,-1.43,2.93,6.318211914222399,-137.587327579457,-5.830464828534738,-14.889547980927835,32.86635567428435,-13.46299350811934,53.89,0.032
FF,-2.74,5.99,"Martin, Chris",455119,hit_into_play,L,2,1,-0.75,1.07,-0.01,2.55,8.879513146071922,-138.49998661429723,-5.813058637675654,-11.662752914873328,30.49716263121271,-17.321598647780622,53.95,-0.12
FC,-3.16,5.92,"Martin, Chris",455119,ball,L,1,1,-0.06,0.93,-0.76,3.55,6.250009275008708,-133.86107799717615,-2.223554362449177,-2.008326554342064,27.860565672651912,-20.6926533420844,54.03,0.023
FC,-3.17,5.97,"Martin, Chris",455119,ball,L,0,1,0.04,0.82,-0.25,4.86,7.362835189685913,-133.93695715539337,1.2517049119913188,-1.030511175229048,27.75732270382983,-22.77914581469822,54.03,0.011
FF,-2.62,6.14,"Martin, Chris",455119,foul,L,0,0,-0.8,1.27,0.25,3.32,9.36367505913794,-138.72586420695583,-4.644023497499489,-12.479012304106208,31.706107834506312,-14.894493695460964,54.09,-0.015
FF,-2.6,6.15,"Martin, Chris",455119,foul_tip,R,1,2,-0.86,1.51,-0.43,3.08,7.624086130472373,-138.5062829981241,-5.800005211546024,-12.751154287704455,32.38052067815748,-11.585149243912587,54.13,-0.116
FS,-2.93,5.91,"Martin, Chris",455119,ball,R,0,2,-0.8,0.0,-0.12,1.07,8.391010899466316,-126.07166908952742,-5.460386069497471,-10.117886163287052,22.478806970065428,-31.368642046601305,53.87,0.013
FF,-2.79,6.21,"Martin, Chris",455119,foul,R,0,2,-0.86,1.44,-0.02,2.94,9.090956961650791,-136.58675599157124,-5.962853887639144,-12.729640457154952,29.348262931786504,-12.993842483687056,54.11,0.0
FF,-2.63,6.1,"Martin, Chris",455119,called_strike,R,0,1,-0.83,1.34,0.55,2.23,10.291882833427504,-139.21027570971225,-7.700817585370355,-12.932884820183917,28.81424604386446,-13.09500964689414,54.04,-0.035
FF,-2.57,6.12,"Martin, Chris",455119,called_strike,R,0,0,-0.72,1.33,0.38,2.69,9.411363147633288,-138.51843524981473,-6.439632190716178,-11.22149700976902,27.98529479275421,-13.742287914826822,53.94,-0.024
FS,-3.01,5.96,"Martin, Chris",455119,swinging_strike,L,1,2,-0.86,0.02,-0.31,1.46,8.37107612088656,-127.99319841523688,-4.931359651205469,-11.051722204858487,23.857368736275028,-31.217057504553047,53.84,-0.168
FF,-2.69,6.09,"Martin, Chris",455119,called_strike,L,1,1,-0.75,1.27,0.14,1.93,9.17063024496201,-138.65384086389167,-8.218578217292068,-11.653216565866495,28.91200693941712,-14.119305502145526,53.88,-0.049
FF,-2.82,6.0,"Martin, Chris",455119,called_strike,L,1,0,-0.9,1.27,-0.75,2.11,7.470435574118023,-138.0877273010203,-7.40913985514591,-13.209854958635864,30.39808328416994,-14.44900207456618,53.89,-0.044
FF,-2.8,5.93,"Martin, Chris",455119,ball,L,0,0,-0.97,1.24,-1.15,2.31,6.586797014174612,-138.84072262778892,-6.74302232555201,-14.021593640201631,29.240087617790564,-14.811887685783326,53.79,0.032
FC,-3.09,5.87,"Martin, Chris",455119,hit_into_play,L,2,1,-0.18,0.88,0.1,1.78,8.655231487625677,-136.22408802678606,-6.805297716286256,-4.09201980603013,29.8130462761866,-19.83617424044959,53.92,1.848
FF,-2.72,6.04,"Martin, Chris",455119,ball,L,1,1,-0.88,1.09,0.6,1.6,10.781220192740427,-138.79202180227418,-8.592310403856374,-13.636752689157078,28.830896805160275,-16.301022630009154,53.89,0.129
FF,-2.73,6.02,"Martin, Chris",455119,ball,L,0,1,-0.95,1.28,-0.67,0.74,7.628778227331024,-139.25858169126616,-11.321966635198644,-14.06883121501841,28.98532440262052,-13.13514293545632,53.93,0.056
FF,-2.79,6.07,"Martin, Chris",455119,called_strike,L,0,0,-0.84,1.42,-0.86,2.36,6.943057260571739,-138.03918959147936,-7.2296230413076925,-12.26602522151146,31.687831318772968,-12.636794954868732,53.96,-0.093
FF,-2.83,6.04,"Martin, Chris",455119,hit_into_play,R,1,0,-1.22,1.24,-0.98,2.13,7.502745178676658,-136.57098377111325,-7.209300372595334,-16.884635614295654,28.948270312666708,-15.198639746599277,54.05,0.624
SI,-2.85,5.88,"Martin, Chris",455119,ball,R,0,0,-1.2,0.86,0.49,1.33,11.085629827319302,-133.7385267910746,-7.683433109638126,-16.57103326090647,24.13818275880094,-20.417864722480616,54.02,0.067
FC,-3.1,5.97,"Martin, Chris",455119,hit_into_play,L,0,1,-0.23,0.88,0.12,2.88,8.678941838543942,-133.58642392809375,-3.9559415637037576,-4.4036694146608655,25.57865331724989,-20.95325905760957,54.05,0.442
FC,-3.2,5.98,"Martin, Chris",455119,foul_bunt,L,0,0,-0.24,1.14,-0.82,3.61,6.484034999011925,-132.1684323241984,-2.5063299355713387,-4.108898147510224,27.15646553668534,-18.438854273694943,54.08,-0.032
FF,-2.76,6.22,"Martin, Chris",455119,hit_into_play,R,0,1,-0.97,1.36,-1.54,2.97,5.334112624131972,-136.93676936178886,-5.770488549913471,-13.43739921566904,29.187662674729594,-13.953931586179609,54.15,-0.402
FF,-2.82,6.09,"Martin, Chris",455119,swinging_strike,R,0,0,-0.75,1.39,-0.5,2.58,7.727084968127325,-137.06587718998193,-6.573200856794959,-11.123151819752032,27.49774558422004,-13.333595733728336,54.05,-0.081
FC,-2.93,6.04,"Martin, Chris",455119,hit_into_play,R,3,2,0.21,1.07,-0.35,2.15,6.2314138536625405,-136.23150025673868,-6.69397197100888,1.2842105739858392,28.180105787277995,-17.571887608404698,54.1,-0.114
FC,-3.15,6.02,"Martin, Chris",455119,swinging_strike,R,3,1,0.11,1.01,-0.52,2.18,6.487764944215155,-135.10754200320375,-6.320707630222977,0.1413256038141712,26.1181002314925,-18.654758920541447,54.05,-0.16
FF,-2.78,6.12,"Martin, Chris",455119,ball,R,2,1,-0.76,1.35,1.07,1.57,12.033516643930366,-140.14129820222064,-9.707290521949863,-12.566224980713962,28.849887635344743,-12.224221372477734,53.9,0.104
FC,-2.97,6.08,"Martin, Chris",455119,ball,R,1,1,0.27,0.61,0.76,1.83,8.9501097007669,-135.05524921462688,-6.525278118777054,1.736960903191237,24.38617517940458,-23.51654335117987,54.08,0.028
SI,-3.15,5.87,"Martin, Chris",455119,ball,R,0,1,-1.4,0.93,-1.02,1.36,8.822260691680235,-139.6115534707479,-8.465986901138127,-20.305954087583046,31.431964562133068,-18.194188481848148,54.06,0.001
FC,-3.09,6.07,"Martin, Chris",455119,called_strike,R,0,0,0.27,0.85,-0.11,1.67,7.040582021491238,-135.53389278308245,-7.459099060340049,1.9289402885085456,27.10210048538544,-20.308506068647223,54.26,-0.081
FC,-3.05,6.05,"Martin, Chris",455119,ball,L,2,1,0.21,0.74,1.2,1.31,10.458392643328954,-135.87830908518927,-8.071810945922111,0.2582305818482812,29.894489004377547,-21.398077539360155,54.31,0.104
FF,-2.86,6.06,"Martin, Chris",455119,called_strike,L,2,0,-1.0,1.57,0.1,1.92,10.060864636785402,-139.00257801004668,-8.806194644625501,-15.288437614162929,34.01815372937911,-9.8758819265236,54.04,-0.064
FF,-2.94,6.13,"Martin, Chris",455119,ball,L,1,0,-0.96,1.51,-1.01,2.03,7.272704102853172,-139.1235874417072,-8.601529416975234,-14.196557356585672,33.493447347748685,-10.829540168544506,54.02,0.066
FF,-2.95,6.07,"Martin, Chris",455119,ball,L,0,0,-0.8,1.6,-0.88,3.2,7.339784583027338,-139.8898594726328,-5.679444391867161,-12.11686533978653,32.039606410572915,-10.061785188775746,53.86,0.044
FS,-3.14,5.89,"Martin, Chris",455119,hit_into_play,L,2,2,-0.95,0.6,-0.81,2.3,7.59160804713138,-126.9669278673312,-3.7693194844118274,-11.761248474087928,25.10719252174368,-25.04991816724268,53.99,0.287
FF,-2.9,6.07,"Martin, Chris",455119,called_strike,L,2,1,-0.91,1.46,-0.47,2.0,8.47228226832624,-139.28294451346645,-8.437315407631932,-13.749492159444303,33.0526613483918,-11.456007886497977,53.99,-0.051
FF,-3.21,5.97,"Martin, Chris",455119,ball,L,1,1,-1.15,1.38,-0.97,1.6,8.47075710517977,-138.40932708885765,-8.965408708169457,-16.65441778271708,30.46654661833285,-12.553763538989532,54.08,0.074
FC,-3.07,6.08,"Martin, Chris",455119,called_strike,L,1,0,0.14,0.67,0.05,3.09,7.558698577447005,-133.00885975674427,-3.198166061912288,0.3600263495211602,23.8769280499153,-23.708287824022072,54.16,-0.075
FC,-3.09,6.02,"Martin, Chris",455119,ball,L,0,0,0.19,0.78,0.79,2.69,9.49505704730806,-133.8448805728942,-4.382135570908269,0.4104304424760621,26.16054080814207,-22.06779131501551,53.85,0.067
ST,-3.2,5.94,"Martin, Chris",455119,hit_into_play,R,0,2,1.29,-0.15,0.78,2.22,6.62852353458914,-121.51943959978306,-1.8106068783035023,11.441341260399629,24.544304988878903,-33.53283217662613,54.22,0.489
SI,-3.26,5.96,"Martin, Chris",455119,foul,R,0,1,-1.33,0.7,-1.26,1.27,8.08006418540992,-135.7537877938313,-7.794923433834061,-18.21728220576429,33.14665427520467,-21.886039895391924,54.11,-0.047
FC,-3.29,6.05,"Martin, Chris",455119,called_strike,R,0,0,0.13,0.93,-0.95,3.13,5.601547497422492,-132.63365066852396,-3.4010865010839484,0.239528382275746,30.60329126599451,-20.65941880557733,54.25,-0.032
FS,-2.86,6.05,"Martin, Chris",455119,hit_into_play,R,1,2,-1.03,0.34,-0.38,1.7,8.344997654137119,-129.14165635326066,-5.371830195825276,-13.328614883445985,27.173155289365532,-27.376541966508256,53.5,-0.288
SI,-3.07,5.89,"Martin, Chris",455119,ball,R,0,2,-1.17,0.97,-1.0,1.57,8.076464751800874,-137.2175410121954,-7.800964066789511,-16.53241935561507,29.150584783376196,-18.31119563079996,53.65,0.02
SI,-2.96,5.83,"Martin, Chris",455119,called_strike,R,0,1,-1.1,0.94,-0.06,1.69,10.10520622475936,-137.4307558705599,-7.328739711942765,-16.094490776063385,27.855116230576403,-18.7505064339053,53.63,-0.059
FC,-2.87,5.99,"Martin, Chris",455119,called_strike,R,0,0,-0.08,1.01,0.52,1.83,8.90979921914838,-134.75806569869602,-7.128612821738113,-2.80323211973926,26.71285969999192,-18.542688004483324,53.78,-0.042
FF,-2.85,6.03,"Martin, Chris",455119,hit_into_play,L,3,2,-0.86,1.22,-0.12,1.96,9.218940724066616,-139.08469525891843,-7.992085807125351,-13.126746134806488,28.55537034784213,-14.6756914666584,53.71,0.218
FF,-2.8,6.1,"Martin, Chris",455119,swinging_strike,L,3,1,-0.83,1.49,-0.33,2.77,8.373926860407177,-137.9930527775282,-6.474306390875061,-12.372819885734415,29.079261547974827,-11.847618009036232,53.78,-0.059
FC,-2.99,6.01,"Martin, Chris",455119,ball,L,2,1,0.17,0.67,1.04,1.88,10.124914735309932,-136.04082596021323,-6.4358461820360695,-0.1533060828107859,29.632216423932483,-22.546828455141128,53.71,0.077
FC,-3.1,6.03,"Martin, Chris",455119,swinging_strike,L,2,0,-0.01,0.67,0.69,1.71,9.709493476278436,-133.62306576219444,-6.635190049670883,-2.171764071276793,27.88670368842459,-22.82050272235704,53.71,-0.039
FC,-3.15,6.09,"Martin, Chris",455119,ball,L,1,0,0.01,0.82,0.88,3.2,10.33728622663102,-134.1894637275021,-3.351097322216582,-2.0215161242742283,27.97661993306652,-21.72593679073982,53.59,0.045
FC,-3.12,6.01,"Martin, Chris",455119,ball,L,0,0,0.03,0.76,-1.05,3.05,5.2075306463641375,-133.75691814237496,-3.333973094623986,-0.6890981206575832,26.82880126250268,-22.553571663156337,53.84,0.024
FF,-2.75,6.12,"Martin, Chris",455119,hit_into_play,R,3,2,-0.71,1.03,-0.55,2.45,7.529359368392821,-139.8956233669037,-6.570547886607181,-10.979832671710264,28.6798019378646,-17.40901027223406,53.74,-0.297
FC,-2.91,6.04,"Martin, Chris",455119,foul,R,3,2,0.04,0.99,0.51,1.73,8.760056413998248,-135.1402284690412,-7.527012505610012,-1.2356741763432493,26.85312173464191,-18.595332735187476,53.72,0.0
FF,-2.78,6.23,"Martin, Chris",455119,ball,R,2,2,-1.04,1.34,-1.35,2.62,6.084634418587414,-137.74296677991856,-6.829754127833976,-14.567951891921297,26.94480645816817,-13.81272102502753,53.87,0.093
FC,-3.1,6.08,"Martin, Chris",455119,foul,R,2,2,-0.11,0.93,0.13,2.8,8.609695480119044,-135.41489528015862,-4.756719873807569,-3.1418954318703345,27.18183588306721,-19.86174196554997,53.81,0.0
FS,-2.91,6.0,"Martin, Chris",455119,ball,R,1,2,-1.01,0.17,0.49,0.91,10.43416525988358,-127.55921730262467,-6.68386913957613,-12.990654490291483,22.1816431187404,-29.241694734812334,53.56,0.036
FC,-2.95,6.1,"Martin, Chris",455119,swinging_strike,R,1,1,0.15,0.84,0.61,2.82,8.744120812598995,-133.63668968497345,-4.357748614507816,0.040312307226073,26.583490237552223,-21.28455481412607,53.92,-0.049
FC,-3.07,6.15,"Martin, Chris",455119,called_strike,R,1,0,0.01,0.9,-0.35,3.27,6.906355950386088,-133.70288751720068,-3.445613486375985,-1.3307349973516822,26.94625189292467,-20.78912025910798,53.87,-0.044
SI,-3.09,5.95,"Martin, Chris",455119,ball,R,0,0,-1.46,0.88,-1.63,2.59,7.041228616135664,-136.0776348977455,-4.91956831901062,-19.645895398690563,29.47230193214393,-20.303947515369103,53.74,0.032
FC,-3.0,6.04,"Martin, Chris",455119,hit_into_play,L,1,0,-0.04,0.92,-0.17,3.01,7.216820307627658,-132.4121028733969,-3.667334162367314,-2.083869290000084,28.66413516107208,-20.770634987822408,54.01,-0.414
FC,-3.01,6.12,"Martin, Chris",455119,ball,L,0,0,-0.31,1.07,-0.43,3.68,7.053838818903401,-131.16757200362937,-2.3476557118089376,-5.04991286157088,28.22614264032776,-19.580306012212063,54.2,0.044
FS,-3.12,5.99,"Martin, Chris",455119,hit_into_play,L,1,2,-0.95,-0.09,0.05,1.9,9.627444485529546,-126.76541106734048,-3.505295940125265,-12.174671716067394,25.24272492698108,-32.63167607305963,53.83,0.313
FS,-3.05,5.93,"Martin, Chris",455119,ball,L,0,2,-1.02,0.0,-0.88,0.62,7.340344998182321,-126.9952270461485,-6.7033404901936535,-12.453339669977725,23.835163116483,-31.038708229874203,53.98,0.013
SI,-3.05,5.93,"Martin, Chris",455119,called_strike,L,0,1,-1.26,0.9,-0.78,2.16,8.72483213618861,-137.06733915478907,-6.09078335602039,-17.82375301248952,31.27433773807648,-19.646825700855302,53.95,-0.035
FC,-3.06,6.05,"Martin, Chris",455119,foul,L,0,0,-0.05,1.01,0.37,2.52,8.850455258994455,-133.8001078482094,-5.360420619121516,-2.450689427458883,27.3730875960163,-19.04127716583286,53.99,-0.024
FS,-2.91,5.99,"Martin, Chris",455119,swinging_strike,R,1,2,-0.96,-0.1,-0.92,1.81,6.772792351808665,-126.38085067489588,-3.688663568463217,-11.54077608026462,22.45826362549833,-32.7969168398897,53.93,-0.168
FF,-2.67,6.21,"Martin, Chris",455119,foul,R,1,2,-0.93,1.49,-0.73,3.0,6.987168919929132,-134.98080254105437,-5.639108243474806,-12.905776094886235,30.745767372673008,-12.938076435821309,54.24,0.0
FC,-3.01,6.24,"Martin, Chris",455119,foul,R,1,2,0.22,0.84,-0.09,3.48,6.906177025322423,-133.20229773099095,-2.91671976293801,1.1542424081292804,27.81652013651881,-21.764051136508883,54.19,0.0
FC,-3.14,6.13,"Martin, Chris",455119,ball,R,0,2,0.05,0.99,1.23,2.25,10.913905134613085,-132.9295711031069,-6.035195324150219,-1.7530806850987697,28.960098817300164,-19.297169433576727,54.08,0.019
FC,-3.09,6.11,"Martin, Chris",455119,called_strike,R,0,1,0.03,0.8,0.61,2.15,9.166872324337202,-131.28529286675,-5.61629927695701,-1.6225208717790622,27.90886065644468,-21.835792774399074,54.1,-0.047
FC,-3.14,6.09,"Martin, Chris",455119,swinging_strike,R,0,0,0.21,1.04,0.4,3.15,8.391315570237854,-131.84648871609832,-3.668213272667304,0.7828344493092415,27.026059631754773,-19.482394916586795,54.1,-0.032
FS,-2.91,5.92,"Martin, Chris",455119,hit_into_play,L,0,1,-0.89,0.13,-0.14,1.87,8.57115724868277,-127.31305989492444,-3.981186455950069,-11.300089950874876,23.26056879405692,-30.230436720716927,53.85,-0.085
FF,-2.62,6.03,"Martin, Chris",455119,foul,L,0,0,-0.92,1.42,-0.04,2.42,8.753409188396647,-136.39987179773755,-6.814545056456197,-13.30451533123651,28.084703420394938,-13.12554184439035,53.95,-0.015
FC,-2.94,5.91,"Martin, Chris",455119,hit_into_play,L,0,1,0.01,1.05,0.85,2.45,9.78309589077264,-135.4097608393824,-5.416080613870513,-2.109376952705754,30.26724724125105,-18.225291174645488,53.8,-0.139
FF,-2.7,6.02,"Martin, Chris",455119,called_strike,L,0,0,-0.74,1.34,0.49,2.5,10.197024894536074,-139.8723904820681,-6.806362808224551,-12.153930909264911,33.3782278355043,-13.110876237963057,53.86,-0.024
FF,-2.72,5.97,"Martin, Chris",455119,hit_into_play,L,3,2,-0.76,1.39,-0.93,2.92,6.46660146601475,-138.65381544920194,-5.546972533140457,-11.212907129340936,30.62097171002016,-13.202496658688537,53.73,-0.297
FC,-2.96,5.91,"Martin, Chris",455119,foul,L,3,2,0.18,0.8,0.89,2.97,9.427372482384342,-133.73281714434785,-3.4222255357271645,0.291007857262524,26.845868124559686,-21.971168091816523,53.84,0.0
FF,-2.75,5.99,"Martin, Chris",455119,foul,L,3,2,-1.04,1.25,-0.76,1.81,7.548262870232436,-137.68884487378153,-8.113779259496877,-14.899413918991415,28.36981612758213,-14.64041162188979,53.83,0.0
FC,-2.99,5.97,"Martin, Chris",455119,foul,L,3,2,-0.01,0.87,0.12,2.46,7.954000341826482,-133.98157734083915,-5.014007053367598,-1.6837670261969566,27.26471771720668,-20.784140146363224,53.89,0.0
FC,-2.9,5.98,"Martin, Chris",455119,swinging_strike,L,3,1,-0.02,0.95,0.03,1.92,7.53206868342559,-133.8698395871143,-6.6101561826721404,-1.7112718491093044,26.97728795128907,-19.47861322220877,53.87,-0.078
FF,-2.69,5.97,"Martin, Chris",455119,called_strike,L,3,0,-0.96,1.34,-0.46,1.73,8.03612595956082,-137.85936416446594,-8.479897814205366,-14.052521780725847,30.26811651975835,-13.371512276854824,53.73,-0.083
FF,-2.64,6.06,"Martin, Chris",455119,ball,L,2,0,-1.06,1.35,-1.43,2.78,5.54007604940995,-137.54733745898636,-5.90272943561419,-14.65229152447344,30.67868070846776,-13.914708468545228,53.87,0.133
FF,-2.72,6.08,"Martin, Chris",455119,ball,L,1,0,-1.01,1.33,-1.27,3.25,6.0515922948568415,-137.55967482479144,-4.6971880354658095,-14.106543039875524,29.407304573444904,-14.420554652797168,53.9,0.064
FF,-2.92,6.06,"Martin, Chris",455119,ball,L,0,0,-1.17,1.36,-1.32,3.07,6.779367816930248,-136.87723100267033,-5.1202656859559,-16.165220287338308,28.68651698083323,-14.07199892512992,53.92,0.032
FC,-3.04,6.01,"Martin, Chris",455119,swinging_strike,L,3,2,0.09,0.71,0.11,3.76,7.761630635104307,-133.27305022837305,-1.4207374053746205,-0.4054378808619318,26.24529357541171,-23.511602294557623,54.01,-0.131
FF,-2.78,6.16,"Martin, Chris",455119,foul,L,3,2,-0.52,1.47,-0.32,3.01,7.588889636143413,-137.1599468738315,-5.7764692829872,-8.252581737701457,31.56210029793936,-12.46845413005925,53.87,0.0
FC,-3.01,6.06,"Martin, Chris",455119,ball,L,2,2,0.08,0.42,0.13,4.61,7.740156815663349,-132.2825622611388,1.4141220958677034,-0.7402456547550024,29.132010694302384,-27.833394603027536,53.77,0.043
FS,-2.97,5.98,"Martin, Chris",455119,ball,L,1,2,-1.13,0.15,0.91,-0.2,11.849698210754754,-127.99793677389628,-9.312493858503958,-14.795281363462012,25.649195050265394,-28.69975071548604,53.72,0.018
FC,-3.11,5.97,"Martin, Chris",455119,ball,L,0,2,0.25,0.7,0.64,3.48,8.96161868508101,-133.0715124462042,-1.9342656796503903,1.1110505375988924,27.12252158115569,-23.64615943685821,53.98,0.009
FC,-3.1,5.98,"Martin, Chris",455119,swinging_strike,L,0,1,0.3,0.76,0.85,3.61,9.399587445323675,-134.03186941415876,-1.8809519498126028,1.6842322773339578,27.80892857068581,-22.737240059004755,53.95,-0.024
FC,-3.16,6.04,"Martin, Chris",455119,swinging_strike,L,0,0,0.14,0.95,0.06,3.21,7.962262936624615,-134.98277413683326,-3.565898041650108,0.0896817374699738,27.99585985658307,-19.966874072459543,54.0,-0.015
SI,-2.95,5.88,"Martin, Chris",455119,hit_into_play,R,2,2,-1.22,0.75,0.19,2.94,10.835655391968883,-135.92797805578948,-3.517944505286382,-17.45590811307009,29.27366396634386,-22.220472150782214,53.88,2.636
FC,-3.01,6.04,"Martin, Chris",455119,ball,R,1,2,0.1,0.78,0.37,4.11,8.445736409048068,-134.47924239495313,-0.8653234732565314,-0.487126258209886,26.395838539754266,-22.605735017772822,53.9,0.056
FF,-2.61,6.29,"Martin, Chris",455119,ball,R,0,2,-0.64,1.31,0.79,3.57,10.220478503903031,-136.27436839291838,-4.215797056871507,-10.13101225596508,28.62803829468412,-15.078683099594198,53.93,0.057
SI,-3.05,5.98,"Martin, Chris",455119,foul,R,0,1,-1.07,1.03,-0.41,2.93,9.247675182422348,-136.34864755871791,-4.44757977738684,-15.446134620433826,31.19364998108926,-18.46205403987277,53.86,-0.137
SI,-2.91,5.93,"Martin, Chris",455119,foul,R,0,0,-1.41,0.84,-0.64,2.52,9.040683702064513,-136.33766500978197,-4.93804209989104,-19.545225890625268,31.249621531066936,-20.79929679154329,53.84,-0.102
FS,-2.9,5.93,"Martin, Chris",455119,swinging_strike_blocked,L,2,2,-0.89,0.27,0.74,1.0,10.79061219827407,-128.46548701881625,-6.551374009600645,-12.052527440006566,25.73724875618336,-28.005685784698017,53.73,-0.526
FS,-2.9,5.96,"Martin, Chris",455119,ball,L,1,2,-0.98,0.29,1.02,0.19,11.69730963715942,-128.6593996007326,-8.709779718492866,-13.240337531299454,24.87494977991693,-27.314147307279043,53.79,0.116
FF,-2.79,6.1,"Martin, Chris",455119,foul,L,1,1,-0.81,1.26,-0.55,1.83,7.676035617492548,-137.39590921366215,-8.294070286924164,-12.010474695774136,30.12085651960325,-14.474602493741378,53.93,-0.209
FC,-3.09,6.05,"Martin, Chris",455119,ball,L,0,1,0.13,0.71,0.64,3.56,9.207162761209164,-133.45052793205946,-1.9950585914725825,-0.4601114955370018,28.35380625204864,-23.409917589472503,53.97,0.047
FC,-3.05,6.04,"Martin, Chris",455119,called_strike,L,0,0,0.04,1.19,-0.16,2.1,7.410677238407182,-136.42066452547652,-7.160479057990787,-1.0519596721858149,28.96673362985095,-15.876958365483892,53.88,-0.121
FC,-3.0,6.13,"Martin, Chris",455119,foul,L,0,0,0.27,0.82,-0.09,3.56,6.828246057567823,-134.04434504437535,-2.491018606743275,1.8410118848826809,27.80056889193744,-21.981785744259597,53.93,0.777
FF,-2.81,6.19,"Martin, Chris",455119,ball,R,3,1,-1.12,1.2,-2.21,4.13,4.096452005461487,-137.5842558475569,-2.348267217880485,-15.14254184374486,32.1127347572117,-16.661601888385892,54.0,0.134
SI,-2.97,5.95,"Martin, Chris",455119,ball,R,2,1,-1.5,0.86,-2.2,2.26,5.367814375856104,-136.4010722108385,-5.715720398237292,-19.86479958714005,32.11473816348551,-20.40668406943264,53.69,0.107
FC,-2.8,6.24,"Martin, Chris",455119,ball,R,1,1,-0.22,1.41,-0.89,3.41,5.403012481755053,-135.40392826267038,-4.622104045428186,-3.913384752769528,28.637766713729704,-13.93900879300118,54.1,0.058
SI,-2.97,5.96,"Martin, Chris",455119,swinging_strike,R,1,0,-1.58,0.93,-0.92,2.22,8.898984492458009,-136.5226378819639,-6.07167673988705,-21.783057744192924,30.91589877533808,-19.30752673165994,53.69,-0.055
SI,-3.14,5.88,"Martin, Chris",455119,ball,R,0,0,-1.81,0.78,-1.93,2.17,7.253970480962256,-136.70762742440547,-5.68412190517768,-24.27720725758186,31.417799135175034,-21.26804701778316,53.58,0.044
FC,-3.11,5.99,"Martin, Chris",455119,hit_into_play,L,0,1,0.07,1.19,0.81,3.21,9.838772032424153,-133.6096205856349,-3.8196517874364586,-1.2062655160550149,28.526108307660635,-17.23037457635986,53.84,0.29
FF,-2.83,6.05,"Martin, Chris",455119,called_strike,L,0,0,-1.16,1.44,-0.58,1.88,8.500225806680847,-137.5774896905707,-8.447988018950866,-16.610434283460847,31.626113551873573,-12.136697797256003,53.9,-0.024
FC,-3.14,5.98,"Martin, Chris",455119,hit_into_play,L,1,0,0.11,1.07,0.93,2.35,10.079296990966355,-133.19448296874037,-5.6617708483892,-0.8315161771804758,28.592095491936558,-18.35002634248309,53.84,-0.26
FF,-2.93,6.14,"Martin, Chris",455119,ball,L,0,0,-0.99,1.7,-0.97,2.91,7.263968207144237,-135.78877431266403,-6.303634611255588,-13.899860970611924,30.947682729723383,-10.00330145820137,54.0,0.032
ST,-3.24,6.0,"Martin, Chris",455119,hit_into_play,R,0,2,0.69,0.36,0.25,2.52,6.870609280022054,-124.3015174398281,-2.623230951284429,5.765337868014875,24.43042354767641,-28.16934723248026,54.09,-0.292
FC,-3.14,6.03,"Martin, Chris",455119,foul,R,0,1,0.27,0.64,-0.05,3.07,7.238629884934075,-133.39993523669258,-2.996751298976502,1.6443852691574212,28.65023280556284,-24.09942569218704,54.16,-0.131
FC,-3.15,6.08,"Martin, Chris",455119,swinging_strike,R,0,0,0.28,0.46,-0.59,3.17,5.788131315053724,-131.83782920643756,-2.307243830395277,2.046778027112508,27.911488607518475,-26.52724678201347,54.31,-0.081
FS,-3.01,6.15,"Martin, Chris",455119,swinging_strike,L,1,2,-0.59,0.2,-0.84,2.42,6.467381561647821,-127.29535087979473,-3.264326623979239,-7.778871111986493,26.49897868726005,-29.47202993858467,54.12,-0.443
SI,-3.02,6.09,"Martin, Chris",455119,swinging_strike,L,1,1,-1.18,0.88,-0.68,2.66,8.758012521523693,-137.80608643708774,-5.234425257366089,-17.0193452575554,31.52514238814756,-19.96880660920373,54.07,-0.137
FF,-3.0,6.25,"Martin, Chris",455119,ball,L,0,1,-0.9,1.07,-1.38,3.32,6.110764916332219,-135.26483816656005,-4.038703598902785,-12.35951469527489,30.81303963644771,-18.382226292506257,54.15,0.001
FC,-3.16,6.25,"Martin, Chris",455119,foul_bunt,L,0,0,0.18,0.64,-0.38,4.46,6.506545449759151,-131.0661683968516,0.1436978940714521,0.7253226405309189,27.511704614422875,-24.995796588894805,54.23,-0.081
FC,-2.88,6.23,"Martin, Chris",455119,hit_into_play,R,2,1,0.1,0.61,0.14,2.3,7.502572394282144,-134.69517133110173,-5.583267288330174,-0.2848085316523698,27.85184531748614,-23.776169322152377,54.03,0.876
FC,-2.96,6.15,"Martin, Chris",455119,ball,R,1,1,0.28,0.7,-0.98,2.75,4.459214069258671,-135.07430851407622,-4.490951847423801,2.577179840173244,26.97749048811375,-22.840200484576638,54.23,0.081
FC,-2.92,6.13,"Martin, Chris",455119,ball,R,0,1,0.06,0.53,-0.85,2.5,5.135548228663103,-134.2652547940536,-4.600408755178236,-0.2947336977492275,27.32244469225729,-24.92695265587481,54.22,0.028
FC,-2.96,6.08,"Martin, Chris",455119,foul_tip,R,0,0,0.14,0.64,-0.38,2.84,6.377808595531578,-135.75716586275442,-4.032966204239742,0.3899125239999096,27.78284835398052,-23.51711210650803,54.05,-0.083
SI,-2.88,6.07,"Martin, Chris",455119,hit_by_pitch,R,2,2,-1.4,0.54,-2.15,3.08,5.005573015862427,-136.9780863253532,-3.2574111557532848,-18.676436991209595,29.745973406001585,-24.864601244209723,54.04,0.422
FC,-2.81,6.33,"Martin, Chris",455119,ball,R,1,2,0.22,0.71,-0.01,3.92,6.57225236700206,-133.01400460591503,-1.750629341224416,1.345009478196881,26.395006743694275,-23.587752953816203,54.23,0.054
ST,-3.01,6.04,"Martin, Chris",455119,blocked_ball,R,0,2,0.99,0.1,0.88,0.43,7.2596913333961535,-125.77446950771244,-7.260429557786923,8.639162980744448,30.237276811335168,-29.544966839445628,54.09,0.02
SI,-2.93,5.95,"Martin, Chris",455119,called_strike,R,0,1,-1.21,0.84,-0.22,2.21,9.75657944147622,-136.5860258554217,-5.820505825206473,-17.308555112350902,31.6869377733189,-20.530539661967644,53.89,-0.059
FC,-2.99,6.15,"Martin, Chris",455119,called_strike,R,0,0,0.29,0.71,-0.59,2.19,5.4076190275346265,-133.04508891770703,-5.632337091432461,2.3188692887966877,28.23746145463834,-22.78949252823173,54.35,-0.042
FC,-2.8,6.31,"Martin, Chris",455119,hit_into_play,R,1,1,0.24,0.9,0.46,2.22,7.750575245767559,-133.8849493425298,-6.493739684578937,1.2753991049393345,28.50777872675269,-20.16904828333995,54.14,0.273
FC,-3.04,6.11,"Martin, Chris",455119,called_strike,R,1,0,0.24,0.71,-0.68,3.35,5.47796889686496,-134.55291809026596,-2.785775678332117,1.7077867480108058,29.45751071235144,-23.10960627932785,54.3,-0.031
FC,-3.01,6.13,"Martin, Chris",455119,ball,R,0,0,0.41,0.67,-0.02,4.37,6.710850764688673,-134.30339361171298,-0.1208677095867478,3.509755974141854,29.394338742007616,-24.280896350692004,54.2,0.024
FF,-2.77,6.36,"Martin, Chris",455119,swinging_strike,R,2,2,-0.77,1.1,-0.98,3.06,6.370858726679539,-137.20648653564265,-5.349035823752509,-11.053655933930546,28.87768426762853,-17.285955239000796,54.21,-0.204
SI,-3.09,5.98,"Martin, Chris",455119,ball,R,1,2,-1.32,0.82,-1.71,2.13,6.547236543552476,-137.20016892061008,-6.136975919245129,-18.145375990770415,30.38826198024296,-20.62006710015309,54.05,0.036
FC,-3.05,6.17,"Martin, Chris",455119,foul,R,1,2,-0.01,0.73,0.78,2.18,9.789503485631196,-134.64986671837053,-6.001481376018699,-2.056305313722622,27.397990335860484,-22.18605766123409,54.07,0.0
FC,-2.92,6.21,"Martin, Chris",455119,called_strike,R,1,1,0.31,0.77,-0.28,2.99,6.069585576549437,-134.82128389096832,-4.140544692362592,2.6015113981434683,27.20604638988628,-22.13151748395323,54.17,-0.049
SI,-3.05,6.15,"Martin, Chris",455119,ball,R,0,1,-1.41,0.79,-1.56,3.85,7.015584359875652,-137.2152475718235,-2.049539569790939,-19.3810142368672,30.048170501075663,-21.97340757468757,54.16,0.021
FC,-3.06,6.18,"Martin, Chris",455119,called_strike,R,0,0,0.05,0.92,0.11,3.11,8.014798430178873,-134.8527600372709,-4.089197841902586,-1.0580481923612226,27.281845942787434,-20.21675809411455,54.18,-0.032
FS,-3.03,6.07,"Martin, Chris",455119,swinging_strike,L,0,2,-0.8,0.23,0.06,1.21,9.263199670268834,-128.61602297804745,-6.330627860312078,-10.709761151035666,25.036977869984558,-28.50923625571316,53.72,-0.265
FF,-2.67,6.27,"Martin, Chris",455119,foul,L,0,2,-0.68,1.31,-0.09,2.98,8.349437537022212,-138.58795365621395,-5.991094016942162,-10.634185511053223,30.12393854476021,-14.158652907716233,53.79,0.0
FF,-2.98,6.13,"Martin, Chris",455119,called_strike,L,0,1,-0.95,1.17,0.35,2.46,10.865859260556826,-137.6276375262944,-6.587705754327699,-14.369158288459994,29.3987003504733,-15.948325663551136,53.87,-0.131
FC,-3.03,6.19,"Martin, Chris",455119,foul,L,0,0,0.17,0.66,0.55,2.38,8.714637232750484,-133.3817788692703,-5.270919107646537,0.2778922845369501,26.22105865613636,-23.39396643964196,54.02,-0.081
FS,-2.97,6.06,"Martin, Chris",455119,hit_into_play,R,1,1,-0.71,-0.04,-1.11,2.19,5.991186160892972,-126.88399539179116,-3.102295365594537,-8.923532121268039,25.18263219065892,-32.17085158803456,53.81,0.788
FC,-3.05,6.15,"Martin, Chris",455119,foul,R,1,0,0.49,0.7,0.48,2.11,7.89499892880972,-132.99233151734907,-5.858224483094864,4.152044119512098,28.2241236820537,-22.758150120156188,53.9,-0.049
FC,-3.05,6.09,"Martin, Chris",455119,ball,R,0,0,0.14,0.53,0.06,3.77,7.566995032060871,-133.28996777040066,-1.1658694765728062,0.2271591749986544,26.329111966325595,-25.761727634875992,54.04,0.021
FC,-3.05,6.18,"Martin, Chris",455119,hit_into_play,L,0,0,-0.11,0.83,0.28,2.81,8.644460017489141,-132.98928652479793,-4.427930226283512,-3.125233146507141,27.527998975863117,-21.57422505050722,54.0,-0.37
ST,-3.1,6.02,"Martin, Chris",455119,hit_into_play,R,0,2,1.33,0.0,0.49,1.73,5.619637527732542,-120.50551860692237,-3.280523605996825,11.79697742403652,24.500328567245155,-31.71777409340576,53.84,0.325
FF,-2.67,6.29,"Martin, Chris",455119,foul,R,0,2,-0.97,1.13,-1.27,3.2,5.911035591219967,-139.27945442273628,-5.125461937439266,-13.92095325145156,29.210804734011088,-16.506998410431898,53.95,0.0
FC,-3.04,6.19,"Martin, Chris",455119,swinging_strike,R,0,1,0.16,0.7,-0.03,3.74,7.257484377397922,-132.69163635305864,-1.8258034676072776,0.48778810096265,25.667385903058463,-23.66200107030384,53.97,-0.035
SI,-3.13,6.02,"Martin, Chris",455119,called_strike,R,0,0,-1.27,0.94,-0.76,2.59,9.005103194637117,-136.96852696960366,-5.343965181591295,-17.860691023341527,27.224331716202677,-19.36690116104672,53.87,-0.024
FC,-3.12,6.02,"Martin, Chris",455119,hit_into_play,L,3,2,0.16,0.69,0.34,2.02,8.483120707168013,-134.1141706447656,-5.938050798602666,0.3420065023952044,25.993446575272348,-22.753527485133024,53.89,-0.297
FF,-2.85,6.25,"Martin, Chris",455119,ball,L,2,2,-0.82,1.26,-1.47,2.45,5.518565368358824,-139.34103867681645,-7.358251698821264,-11.835510189440004,27.61327477630455,-14.294726817771627,53.87,0.093
FC,-3.16,6.18,"Martin, Chris",455119,foul,L,2,2,0.1,0.87,0.29,3.39,8.420602360501752,-131.9219339692453,-2.879068747476053,-0.7071194396959872,30.00014985808333,-21.59945909039429,54.11,0.0
FS,-3.24,6.08,"Martin, Chris",455119,ball,L,1,2,-1.07,0.3,-0.2,0.9,9.663777232468563,-128.19141683078317,-7.200217609805881,-13.7359428274237,25.176761381704377,-27.544834957484387,53.8,0.036
FC,-3.21,6.13,"Martin, Chris",455119,foul,L,1,2,0.17,0.86,0.68,2.71,9.44200907847234,-132.71894557539346,-4.583181621303982,0.0390740792007868,28.217795648757868,-21.215065736033285,54.0,0.0
FC,-3.0,6.22,"Martin, Chris",455119,foul,L,1,1,-0.09,0.97,0.28,2.79,8.45882730567759,-132.6405216260937,-4.863535917945344,-2.7145134291363,26.26534243389452,-19.887722522991396,54.05,-0.049
FC,-3.14,6.19,"Martin, Chris",455119,ball,L,0,1,-0.07,1.22,0.49,3.68,9.296533984054248,-132.3103796912104,-3.0729890309007875,-2.6334286534198994,24.83361742722026,-17.33559761421704,54.02,0.021
FC,-3.26,6.2,"Martin, Chris",455119,swinging_strike,L,0,0,-0.04,1.21,-0.04,3.63,8.063306985337128,-130.53191639746848,-2.972953820324346,-2.070906182074225,26.03238368672084,-17.890349668909383,53.97,-0.032
FS,-3.1,6.07,"Martin, Chris",455119,swinging_strike,L,1,2,-0.92,0.01,-1.14,1.55,6.689719914062479,-128.10466345064913,-4.957957103078808,-11.411574172477804,23.63694442288825,-31.338107904919116,53.99,-0.071
FC,-2.97,6.17,"Martin, Chris",455119,ball,L,0,2,-0.24,1.02,-0.96,4.0,5.770867758413631,-137.37691533699527,-2.270083475218204,-4.228091447303702,27.776117205831625,-18.931635480719716,54.18,0.009
FC,-3.07,6.18,"Martin, Chris",455119,called_strike,L,0,1,0.35,0.65,0.26,2.03,7.600476799863324,-132.24140732572846,-5.9190374163487975,2.619609474035148,26.91834799964431,-23.44715710686106,54.04,-0.024
FC,-3.26,6.14,"Martin, Chris",455119,swinging_strike,L,0,0,0.11,0.63,-0.32,3.26,7.215704922412579,-133.27738616353554,-2.799753441228072,-0.2666466738176749,28.22844163067726,-24.20304711232894,53.98,-0.015
SI,-3.28,6.05,"Martin, Chris",455119,hit_into_play,R,0,0,-1.09,0.92,-0.95,2.42,8.469144493122146,-136.4613909026927,-5.754570927080745,-15.448201332421272,28.937976926502085,-19.556499451656588,54.01,-0.163
FS,-3.09,6.12,"Martin, Chris",455119,hit_into_play,L,1,2,-0.71,0.22,-0.59,2.28,7.438246961877283,-126.60993304988696,-3.5564462381731143,-9.032651784033206,22.940363078740468,-29.295366546070756,54.14,-0.168
FC,-3.31,6.11,"Martin, Chris",455119,foul,L,1,1,0.4,0.77,0.31,3.69,8.228482308870763,-132.07189875811403,-1.7959481133629227,2.9375969364475214,27.329616068570587,-22.97399740830134,54.01,-0.049
FC,-3.23,6.12,"Martin, Chris",455119,ball,L,0,1,0.38,0.82,0.57,3.41,8.689356005166365,-131.93922735415643,-2.6285264625199094,2.719042774979916,26.80202386558426,-22.26908310147033,54.02,0.021
FF,-3.02,6.23,"Martin, Chris",455119,foul,L,0,0,-0.97,1.26,-0.5,2.41,8.657928945183965,-136.30592322710632,-6.956744188442839,-13.91083392106172,27.1248481224554,-15.099258676294143,54.13,-0.032
FF,-2.71,6.06,"Martin, Chris",455119,called_strike,R,0,2,-0.64,1.13,0.59,2.75,10.177642269815728,-139.02457659207485,-5.7129634517555,-10.517788032828774,29.174733106145364,-16.425494828372386,53.94,-0.142
SI,-2.87,5.94,"Martin, Chris",455119,foul,R,0,1,-1.09,0.95,-0.85,3.3,7.667401666832836,-136.06983936170124,-3.199488311320293,-15.138807026653147,27.835696545287053,-19.869263496036424,53.85,-0.045
SI,-2.96,5.99,"Martin, Chris",455119,swinging_strike,R,0,0,-1.12,0.88,-0.85,3.36,7.979051998555386,-136.52474404549884,-3.078773439087013,-15.745624866649624,28.0040721141865,-20.62937422926349,54.04,-0.042
FC,-3.06,6.05,"Martin, Chris",455119,hit_into_play,L,2,2,0.28,0.63,0.78,3.01,9.19676746031418,-134.23742098281446,-3.340200182064863,1.5606769334156885,26.79286624302656,-24.0683915884037,54.06,-0.271
FC,-3.01,6.1,"Martin, Chris",455119,foul,L,2,1,0.13,0.52,0.43,2.97,8.507390446776764,-134.45732286044208,-3.3421497435096983,-0.1525398254411812,27.164379068959605,-25.32095180164906,54.0,-0.074
FF,-2.77,6.08,"Martin, Chris",455119,ball,L,1,1,-1.02,1.22,-0.84,1.58,7.339471700465287,-137.6631963304931,-8.811313477923784,-14.536771340874347,30.440240992391605,-14.90341290390527,54.01,0.058
FC,-2.96,6.08,"Martin, Chris",455119,foul_tip,L,1,0,0.12,0.63,-0.02,2.84,7.197921210658528,-134.1383042299408,-3.7965803428379497,-0.0205860331216027,27.978097794271697,-23.90285451221361,54.19,-0.055
FC,-3.08,6.05,"Martin, Chris",455119,ball,L,0,0,0.1,0.71,0.44,3.69,8.682770643532146,-133.6143591287642,-1.64078639767666,-0.5990301258217803,28.583020226722446,-23.563655014767043,54.22,0.044
FS,-3.02,5.98,"Martin, Chris",455119,hit_into_play,L,2,2,-1.04,0.27,-0.04,1.25,9.442257844932682,-127.75861900958635,-5.96809409278422,-13.24939687704282,24.70670002427452,-28.229024233973885,53.76,0.287
FF,-2.95,6.1,"Martin, Chris",455119,ball,L,1,2,-0.82,1.49,-2.75,3.2,2.3935000791563508,-138.76904670147454,-5.33695751458201,-11.1376937835255,33.6212535442731,-11.968587002808103,53.99,0.026
FS,-3.01,6.04,"Martin, Chris",455119,called_strike,L,1,1,-0.82,-0.09,-0.79,2.32,7.093996915543833,-127.80508675557073,-2.757034340956519,-10.352544546516986,24.45079218099672,-32.85914169841432,53.97,-0.04
FS,-3.07,6.03,"Martin, Chris",455119,ball,L,0,1,-0.83,0.05,-0.84,3.03,7.06052558000109,-125.51869219477446,-1.0030189067609012,-10.2066794880251,24.452330232533612,-31.68210506270402,53.85,0.017
FC,-3.09,6.08,"Martin, Chris",455119,called_strike,L,0,0,-0.07,0.84,0.5,2.19,9.32601294544079,-134.45731943573222,-5.969130136128815,-2.8326736488798376,28.96734056252336,-20.87286769767755,53.94,-0.024
FC,-3.13,6.09,"Martin, Chris",455119,hit_into_play,L,0,0,0.14,0.83,0.34,3.04,8.536577605917076,-134.06277175890236,-3.7547027226506176,-0.105847246569893,28.74396537204397,-21.497576433118333,54.02,-0.228
FC,-3.07,6.02,"Martin, Chris",455119,hit_into_play,L,1,0,0.19,0.69,0.21,3.08,7.977701921321479,-134.4070447422671,-3.166483645664818,0.5338538442807113,29.96242809958364,-23.31439178163115,53.9,-0.359
FC,-3.13,6.02,"Martin, Chris",455119,ball,L,0,0,0.19,0.67,0.15,3.95,7.879792505019968,-132.95626669435134,-0.7385763362247596,0.4502198203524183,30.746652317175336,-24.31814314026644,54.0,0.021
FC,-2.93,6.05,"Martin, Chris",455119,hit_into_play,R,2,2,0.39,0.48,-0.11,3.14,6.313647042418912,-133.2986335556357,-2.5355995668800357,3.254293461240389,28.569679604582767,-26.07488407227009,54.0,0.251
FS,-3.2,5.98,"Martin, Chris",455119,ball,R,1,2,-0.79,-0.07,-0.15,1.03,9.038071481247728,-127.26659027790237,-5.730024702208213,-10.329053326577306,24.549638064071043,-32.02090438600936,53.81,0.018
FC,-3.11,5.95,"Martin, Chris",455119,foul,R,1,1,0.29,0.79,-0.11,2.51,7.015603181986496,-133.7342853273399,-4.605867148916425,1.907091216269835,29.066202267769217,-21.843964614438136,53.97,-0.026
SI,-3.19,5.8,"Martin, Chris",455119,ball,R,0,1,-1.32,0.91,-1.2,1.62,8.187086817715238,-137.93436151635476,-7.3144401863640605,-18.677261998956983,32.02881983388897,-19.08988761585281,53.84,0.011
FC,-3.15,5.98,"Martin, Chris",455119,called_strike,R,0,0,0.15,0.64,0.76,2.13,9.634001653285656,-134.02243829062385,-5.321340211901746,-0.4426924814812808,31.05736921856392,-23.472513301130988,53.94,-0.015
FC,-3.3,5.94,"Martin, Chris",455119,swinging_strike,L,1,2,0.09,0.76,-0.38,3.26,7.289579754770982,-135.02680773196852,-2.733003960777995,-0.5628554516188483,30.01568468913943,-22.433135370646443,54.09,-0.116
FS,-3.1,5.94,"Martin, Chris",455119,ball,L,0,2,-0.79,0.17,0.64,1.04,10.744196572347304,-127.76968453978614,-6.125505709146142,-10.914652559011609,26.66306354039831,-29.18126158273607,53.95,0.013
FC,-3.32,6.03,"Martin, Chris",455119,swinging_strike,L,0,1,0.16,1.07,0.3,3.91,8.889754373254698,-134.5647811123373,-1.912927815519188,0.0108961014460735,29.890163550477453,-18.9983936983673,53.99,-0.035
FC,-3.17,6.0,"Martin, Chris",455119,called_strike,L,0,0,0.07,0.76,0.6,1.79,9.410257273878022,-133.73484496335112,-6.493055063282933,-1.21539420993545,29.5223868390616,-21.802791720408926,54.09,-0.024
FF,-2.72,6.2,"Martin, Chris",455119,called_strike,R,1,2,-0.97,1.47,0.12,2.8,9.563854254464983,-136.65004967334966,-6.325591572456099,-14.371794836656944,32.235462684840954,-12.552326211529769,53.98,-0.168
FC,-3.1,5.97,"Martin, Chris",455119,swinging_strike,R,1,1,0.07,0.93,0.41,2.12,8.814819928147202,-134.36274501761835,-6.0427763794483615,-1.1094413833289327,29.83195032693553,-19.74471166672181,53.94,-0.049
FS,-3.13,6.02,"Martin, Chris",455119,ball,R,0,1,-0.97,0.0,0.99,1.16,11.88261483831449,-125.9424725064505,-5.4483760520831614,-12.672189490009726,24.622732958987484,-31.239931592846364,53.85,0.021
FC,-3.15,6.21,"Martin, Chris",455119,called_strike,R,0,0,0.18,0.92,0.7,2.38,9.313791769471376,-132.67457926713269,-5.708816935951959,0.054648024865549,29.03989014243625,-20.29315270963808,54.14,-0.032
