pitch_type,release_pos_x,release_pos_z,player_name,pitcher,description,stand,balls,strikes,pfx_x,pfx_z,plate_x,plate_z,vx0,vy0,vz0,ax,ay,az,release_pos_y,delta_run_exp
KC,2.34,5.82,"Paxton, James",572020,hit_into_play,R,3,2,-0.27,-0.7,0.01,1.75,-4.720977394743126,-117.64939814017605,-1.1486048864829006,-1.7626049596668254,20.012176745752733,-38.68914089894206,53.82,-0.131
FF,2.65,5.48,"Paxton, James",572020,ball,R,2,2,0.74,0.71,-0.44,3.94,-9.686714922925804,-136.47758740704597,0.1010046697804109,11.220208121206616,26.76594798515956,-23.412112743446933,53.84,0.043
KC,2.28,5.82,"Paxton, James",572020,foul,R,2,2,-0.19,-0.57,-1.37,1.32,-7.920661949302188,-118.6517405099192,-2.451517149338452,-0.2965984374448103,21.86181857501647,-37.35667524306858,53.74,0.0
FF,2.59,5.51,"Paxton, James",572020,called_strike,R,2,1,1.12,1.08,0.04,1.87,-9.18551720827216,-136.69746969796614,-6.193197982497493,15.996246039653007,28.286374739882177,-17.39203388861738,53.53,-0.031
FF,2.51,5.68,"Paxton, James",572020,ball,R,1,1,1.03,1.22,-1.97,2.5,-13.955008705270831,-136.4236811087994,-5.272886772170473,15.780499796719784,28.14180831912842,-15.827767657936878,53.83,0.023
KC,2.33,5.84,"Paxton, James",572020,ball,R,0,1,0.11,-0.67,-1.64,-0.33,-9.08189720116229,-117.43941956853502,-5.862927717866731,2.646199755370883,21.54220144526259,-37.42518855042437,53.9,0.011
KC,2.34,5.87,"Paxton, James",572020,called_strike,R,0,0,-0.06,-0.43,0.29,1.54,-4.416864789732718,-116.42743023933726,-2.0332496768215265,0.2276982174050935,21.586776137047373,-35.92215115121564,54.04,-0.015
SI,2.65,5.51,"Paxton, James",572020,hit_into_play,R,0,0,1.08,0.67,-0.75,2.72,-11.180629472553338,-135.72660828947588,-2.962086899234114,15.724454002274086,27.225174983384544,-23.349051387572555,53.86,-0.163
KC,2.32,5.78,"Paxton, James",572020,swinging_strike,L,1,2,-0.15,-0.72,-0.61,1.03,-6.391058741662468,-119.85918071315346,-2.8961640366555037,-0.3076099252981114,22.252078080542265,-38.785987131249314,53.81,-0.168
SI,2.62,5.45,"Paxton, James",572020,swinging_strike,L,1,1,1.43,0.57,0.76,1.84,-7.861035622810844,-133.5910907375213,-4.586051706186834,18.763869703138447,26.905178924880808,-24.54847566385627,53.76,-0.049
KC,2.34,5.82,"Paxton, James",572020,ball,L,0,1,-0.08,-0.45,-1.06,0.42,-7.416497911029373,-116.46725036142443,-4.386301931928021,0.6793155745445866,21.592618126,-35.63993661550493,53.8,0.021
SI,2.73,5.49,"Paxton, James",572020,called_strike,L,0,0,1.2,0.98,-0.52,2.78,-10.802415505359368,-132.93336151679225,-3.110002329191531,16.438377400162526,25.93553016618053,-20.0348905341486,54.06,-0.032
FF,2.72,5.42,"Paxton, James",572020,hit_into_play,R,2,1,1.03,1.06,-0.55,3.06,-10.605735540570048,-134.6599045728246,-2.584291132655228,14.737999136691691,26.621885708784767,-18.88530040385465,54.11,-0.12
CH,2.59,5.6,"Paxton, James",572020,swinging_strike,R,2,0,1.42,0.56,1.21,3.01,-5.973432193289203,-121.14212206641226,-0.6121409403107829,15.126616819936707,23.0236959832523,-26.699843429046524,53.85,-0.022
CH,2.63,5.56,"Paxton, James",572020,ball,R,1,0,1.22,0.77,2.53,2.47,-2.6824635506035026,-123.1992092625055,-2.425241062569418,12.976477208755782,23.86151606869182,-24.024294943441344,53.95,0.026
KC,2.36,5.8,"Paxton, James",572020,ball,R,0,0,-0.04,-0.76,1.38,3.14,-2.128913906793637,-118.35309393200562,2.0934077049625968,0.0716126917631378,22.79394487917052,-39.90420710848732,54.18,0.016
KC,2.37,5.86,"Paxton, James",572020,hit_into_play,R,1,1,-0.18,-0.66,-0.19,2.5,-5.382616461998227,-117.87011728959436,0.3405142647393115,-0.669792844506265,21.402160032561763,-38.58194007954177,54.1,-0.156
FF,2.76,5.49,"Paxton, James",572020,foul,R,1,0,1.05,1.09,0.05,2.87,-9.306876220186304,-135.49592418046157,-3.3707619291865205,14.899618159974402,29.225949498956947,-18.20793149414197,53.86,-0.031
CH,2.74,5.47,"Paxton, James",572020,ball,R,0,0,1.11,0.95,1.31,2.25,-5.546984366617738,-122.35585835000732,-2.9731285138210337,12.282385972291909,23.5080932181829,-22.268536808245816,53.95,0.024
KC,2.32,5.88,"Paxton, James",572020,hit_into_play,L,0,2,-0.26,-0.79,-0.09,2.37,-4.8167086092354,-115.67644571249588,0.5271280592121761,-1.4766527010730583,20.78814642832813,-39.56587583345541,54.02,-0.149
SI,2.73,5.41,"Paxton, James",572020,called_strike,L,0,1,1.18,0.82,-0.01,1.93,-9.58011733979998,-134.73458152972137,-4.918934180729577,16.410670059319376,27.444949891595183,-21.28634164151564,54.14,-0.047
SI,2.72,5.49,"Paxton, James",572020,foul,L,0,0,1.09,1.03,0.21,2.64,-8.831767613140658,-135.16327759590988,-3.837881900975643,15.241171852235777,26.045694874664704,-18.90912011524844,54.1,-0.032
SI,2.62,5.52,"Paxton, James",572020,hit_into_play,R,2,2,1.03,0.88,-0.33,3.08,-10.014349382314162,-137.67796203148183,-2.6841622580626723,15.167355937348685,28.13016379376968,-20.581309347108764,53.93,-0.283
SI,2.59,5.45,"Paxton, James",572020,foul,R,2,2,0.99,0.81,0.44,2.6,-7.785489807849548,-136.6010960071448,-3.534219360183928,13.962089894965745,25.3952601143,-21.442810415864905,53.79,0.0
SI,2.55,5.59,"Paxton, James",572020,foul,R,2,2,1.18,0.99,0.55,3.37,-7.818940941615914,-137.02566699333755,-2.298103020205775,16.509076224419204,28.829745391779937,-19.374700050462515,53.93,0.0
KC,2.29,5.86,"Paxton, James",572020,foul,R,2,2,-0.16,-0.55,-0.52,1.61,-6.0689731260743125,-118.91272160560143,-1.9968246217468903,-0.4268997493853149,20.753396962308518,-37.316975305635104,53.88,0.0
KC,2.15,5.92,"Paxton, James",572020,ball,R,1,2,-0.04,-0.7,-1.36,0.55,-7.90401656552995,-119.3755288919413,-4.32387874201986,1.0411603232289672,21.211554823708276,-38.29936942635435,53.9,0.03
SI,2.77,5.42,"Paxton, James",572020,foul,R,1,2,1.21,0.84,0.89,2.88,-7.606971083877882,-137.5618324083875,-2.8478008662904264,17.00001756620304,28.770249712538053,-21.054848239271344,54.07,0.0
FF,2.47,5.67,"Paxton, James",572020,foul,R,1,1,1.02,0.97,-0.06,3.06,-8.86223174695278,-136.38590162625863,-3.2137942258289733,14.683639814745536,28.347293408369836,-19.567736993618244,53.97,-0.048
KC,2.33,5.95,"Paxton, James",572020,called_strike,R,1,0,-0.27,-0.57,0.81,2.45,-2.917216610775772,-119.24253982135286,-0.2575533596857899,-2.002509501842377,22.25686969788297,-37.82292595380708,53.98,-0.039
KC,2.31,5.92,"Paxton, James",572020,ball,R,0,0,-0.26,-0.75,1.24,2.31,-1.8652778487063904,-115.22834472486126,0.2607973939331807,-2.013550651319409,19.605920442003335,-39.16642121517675,54.18,0.027
KC,2.38,5.88,"Paxton, James",572020,hit_into_play,R,2,2,-0.15,-0.73,-0.46,1.39,-6.270642045028999,-121.57318868541316,-2.5067480390987016,-0.3311917972010331,23.04041502760828,-39.12070304283319,53.84,0.964
KC,2.3,5.87,"Paxton, James",572020,blocked_ball,R,1,2,-0.11,-0.34,-1.44,0.92,-8.413406130691973,-121.21356792610894,-4.324093776394461,0.4555672286660799,22.458180091239505,-34.88162388921487,53.91,0.032
SI,2.62,5.51,"Paxton, James",572020,foul,R,1,2,1.13,0.9,-0.49,2.61,-10.519326807599697,-135.87407889394115,-3.75807319900339,16.211395790444417,27.48170497352309,-20.364741566252903,54.0,0.0
SI,2.67,5.47,"Paxton, James",572020,ball,R,0,2,1.16,1.04,-1.38,1.72,-13.143497312207868,-136.52907282964037,-6.391391113861821,17.24089492758377,27.87853522712105,-17.82531208294,53.8,0.001
KC,2.38,5.86,"Paxton, James",572020,called_strike,R,0,1,-0.24,-0.51,-0.17,1.99,-5.265315110459279,-117.98265745390836,-1.133650095271571,-1.343987304189138,20.25725352426661,-36.93673117963839,53.98,-0.065
SI,2.63,5.53,"Paxton, James",572020,called_strike,R,0,0,1.25,0.94,-0.49,1.71,-10.789776597030562,-135.54298601833116,-6.201637391371166,17.62141682709847,26.60888338283424,-19.411948824084423,53.95,-0.042
FF,2.75,5.44,"Paxton, James",572020,hit_into_play,L,3,1,0.83,0.99,0.12,3.3,-8.574499725823351,-135.2501903276986,-1.962266974729845,11.940887403105998,26.10565794352405,-19.65364844575483,54.1,0.183
FF,2.61,5.46,"Paxton, James",572020,ball,L,2,1,0.89,1.05,-1.08,2.29,-11.494109484603944,-135.1458227511206,-4.752794356960704,13.205516489455029,25.82465367383188,-18.424777215335823,53.7,0.046
KC,2.45,5.79,"Paxton, James",572020,ball,L,1,1,0.04,-0.51,-0.21,0.84,-6.071607011085072,-118.29559489898212,-3.559870356974808,1.526121154125462,22.12817727023546,-36.48494551836876,53.87,0.023
KC,2.57,5.72,"Paxton, James",572020,ball,L,0,1,-0.07,-0.52,-0.3,1.43,-6.25117324943838,-117.34162375944764,-1.903374968753376,0.4512173208512189,21.306917288695523,-36.87818757349163,54.08,0.011
SI,2.67,5.44,"Paxton, James",572020,called_strike,L,0,0,1.38,0.51,-0.4,1.67,-10.910367521702565,-134.85316356033877,-5.006443350608063,19.175299036541283,26.815336225015656,-25.071547987392297,53.92,-0.015
SI,2.59,5.54,"Paxton, James",572020,hit_into_play,R,2,2,1.13,1.05,-0.48,2.53,-10.529622925574774,-135.92671909399198,-4.389324854597518,16.288438304982197,27.61167063650821,-18.321664867208337,53.6,-0.142
KC,2.4,5.81,"Paxton, James",572020,foul,R,2,1,0.06,-0.41,-0.87,0.14,-7.434369089894148,-117.85778321105704,-5.302998918333275,1.876807608321842,20.729483023018258,-35.2272424671517,54.06,-0.051
SI,2.73,5.52,"Paxton, James",572020,ball,R,1,1,0.87,0.68,-1.54,2.1,-12.870535974089686,-134.75810732810584,-4.5228168064223855,13.142727113636363,25.83690536313201,-23.020568530037544,53.94,0.037
KC,2.44,5.81,"Paxton, James",572020,called_strike,R,1,0,0.0,-0.42,-0.13,2.25,-5.724343620850354,-117.5370696453948,-0.5213036984915618,1.0446294539838856,20.729594511934284,-36.203630300879865,54.2,-0.031
FF,2.86,5.45,"Paxton, James",572020,ball,R,0,0,0.97,1.15,0.32,3.43,-8.545055471282245,-133.6660893086495,-1.816410353125004,13.389627209159158,27.04670661549458,-18.117092507196997,54.16,0.024
SI,2.75,5.5,"Paxton, James",572020,hit_into_play,R,0,0,0.84,0.81,-0.3,2.72,-9.527978471519768,-133.3541615031032,-2.95793713139318,11.983418873585896,25.632262611070757,-22.05829942945224,54.17,-0.228
SI,2.6,5.55,"Paxton, James",572020,hit_into_play,L,0,0,1.29,0.79,-0.08,1.93,-9.627592707872113,-133.8225399956071,-5.125588636435192,17.48138872745292,26.25642324824794,-21.787177428257724,54.0,-0.23
SI,2.61,5.62,"Paxton, James",572020,hit_into_play,R,0,1,1.05,0.78,0.21,3.25,-8.52039098800978,-135.3359310065235,-2.0785340051482906,14.651982666294009,27.27041318975376,-22.257980010722747,53.79,0.808
KC,2.32,5.92,"Paxton, James",572020,called_strike,R,0,0,-0.09,-0.54,0.19,1.76,-4.572282659555026,-117.2904973509864,-1.563249669918424,0.0029252380791033,21.32854431822545,-37.1146641733499,53.99,-0.048
SI,2.53,5.55,"Paxton, James",572020,hit_into_play,R,1,1,1.06,0.91,-1.16,2.28,-11.67860855114527,-133.19379611983766,-4.436769609271804,14.977368421129666,25.02741245418958,-20.566279953066868,53.85,-0.359
SI,2.56,5.6,"Paxton, James",572020,called_strike,R,1,0,1.11,0.89,-0.86,1.89,-11.262743024223983,-134.79768888995775,-5.747963363633843,15.809351475569722,26.32681633453003,-20.181069669292576,53.67,-0.055
KC,2.38,5.9,"Paxton, James",572020,blocked_ball,R,0,0,-0.23,-0.41,-1.08,0.24,-7.3627414485542015,-118.59749878836206,-5.360963230380628,-0.7427896109092796,22.61403373571737,-35.24890852116994,54.03,0.044
SI,2.67,5.52,"Paxton, James",572020,ball,L,3,2,0.97,0.75,-0.87,2.09,-11.174129140549953,-134.51301520331555,-4.628533627846775,14.10888977652042,27.497392838429697,-22.20354659099794,53.93,0.219
KC,2.45,5.86,"Paxton, James",572020,foul,L,3,2,0.12,-0.09,0.89,2.37,-3.736085133813572,-118.9352815619803,-1.115924645898256,1.828578146537904,22.83859897151448,-33.02750870472394,54.1,0.0
KC,2.49,5.85,"Paxton, James",572020,ball,L,2,2,-0.33,-0.31,-0.7,0.18,-6.514524431172855,-117.878482771414,-5.478132074829532,-1.9204875424371284,21.344709713722175,-34.24791058627786,54.02,0.069
FF,2.64,5.52,"Paxton, James",572020,called_strike,L,2,1,1.18,1.36,-0.03,2.09,-9.399059871963765,-134.74896373170802,-5.936231785791073,16.436558414797044,28.76960337232852,-14.499989717292708,54.15,-0.051
SI,2.68,5.63,"Paxton, James",572020,foul,L,2,0,0.85,0.7,0.28,2.61,-8.04798372062288,-135.61960153839365,-3.587995275279229,12.097583957239326,26.24821607439965,-22.98971269550478,54.1,-0.039
KC,2.42,5.96,"Paxton, James",572020,ball,L,1,0,-0.01,-0.55,-1.38,-0.4,-8.2973402714217,-115.20564742715229,-6.10156920659997,1.4596351642403322,21.35356842706749,-36.09902772479482,54.07,0.045
KC,2.31,5.87,"Paxton, James",572020,ball,L,0,0,-0.1,-0.52,-1.1,1.62,-7.382475699939759,-116.65615142237532,-1.694443191706936,0.5343850338626432,22.61601897588385,-36.76679444070088,53.99,0.024
KC,2.4,5.92,"Paxton, James",572020,swinging_strike,R,1,2,-0.24,-0.65,-0.69,0.88,-6.454716084147783,-117.73423217659668,-3.423753291642537,-1.1346025272579516,20.87110226665733,-37.82888322692613,53.96,-0.168
KC,2.43,5.87,"Paxton, James",572020,called_strike,R,1,1,-0.39,-0.45,-0.32,2.06,-5.334521019874638,-116.0289635169402,-0.8183475875244764,-2.590612732637651,20.576612804268912,-36.32805641490592,54.15,-0.049
FF,2.74,5.62,"Paxton, James",572020,foul,R,1,0,0.97,1.06,-0.53,3.18,-10.428538650105017,-134.0375438527374,-2.659086360071157,13.897645990058312,28.831615690832145,-19.033165875521465,54.08,-0.044
FF,2.67,5.64,"Paxton, James",572020,ball,R,0,0,0.82,1.02,-0.9,3.33,-10.835040166369618,-133.21289155051647,-2.1876401022574576,12.04656313373755,27.55337383638569,-19.70714936531076,54.04,0.032
SI,2.46,5.66,"Paxton, James",572020,hit_into_play,R,0,0,1.26,1.15,-0.49,2.37,-10.314487512766036,-134.0988434433909,-5.106765908088564,17.35164505473144,27.447472685459296,-17.314340195074006,53.72,-0.229
KC,2.26,6.0,"Paxton, James",572020,swinging_strike,L,1,2,-0.13,-0.48,-0.91,0.98,-6.8543242133146185,-117.95547198012156,-3.727856169601132,0.0202986161077861,21.5388801382131,-36.14486701511523,53.94,-0.214
SI,2.7,5.54,"Paxton, James",572020,foul,L,1,2,1.39,0.75,0.64,2.14,-8.2534962454169,-133.94577332154594,-4.508684557820956,18.438801901902377,25.32401919702812,-22.29593080655853,54.14,0.0
KC,2.14,5.93,"Paxton, James",572020,ball,L,0,2,-0.18,-0.32,-1.42,0.91,-7.729063866597779,-119.18561578463628,-4.200703003115079,-0.3074335621661673,21.34743983014677,-34.70773305300104,54.04,0.02
KC,2.33,5.97,"Paxton, James",572020,swinging_strike,L,0,1,-0.25,-0.31,-0.92,0.86,-6.753512492500979,-117.22166521462808,-4.149280665136424,-1.1156459335480466,20.551182345380077,-34.49507396117567,54.15,-0.059
SI,2.63,5.64,"Paxton, James",572020,called_strike,L,0,0,1.16,0.67,-0.13,2.41,-9.566140627268329,-133.87855451196998,-3.888711183159755,15.933658171452745,25.523703991694923,-23.457548051153648,53.98,-0.042
KC,2.3,5.99,"Paxton, James",572020,hit_into_play,R,1,2,0.06,-0.4,0.2,2.24,-4.728617410545359,-115.36776510977684,-0.7041761222402394,1.4220588974196493,20.579700913181117,-35.813830745105825,54.12,-0.29
KC,2.2,6.03,"Paxton, James",572020,foul,R,1,2,-0.13,-0.43,-0.48,1.73,-5.697731147292414,-116.4897082029844,-1.9888788300076603,-0.1445509824899727,20.473781629188345,-35.99174051885811,54.0,0.0
KC,2.35,6.06,"Paxton, James",572020,swinging_strike,R,1,1,-0.07,-0.63,0.38,1.9,-4.236669313463184,-116.8644482040446,-1.3273888138191914,0.1699569696671696,21.4726128511058,-37.9605188050242,54.24,-0.078
KC,2.44,6.04,"Paxton, James",572020,swinging_strike,R,1,0,-0.21,-0.6,0.29,1.27,-4.288921289833434,-114.41105955417632,-2.418134578681572,-1.0983959186844623,20.07070908428497,-37.23804265481584,53.87,-0.075
SI,2.58,5.78,"Paxton, James",572020,ball,R,0,0,1.08,0.88,-1.34,1.81,-12.231985289972933,-133.24353074502707,-6.111230976157214,15.391462855036076,27.130955872263907,-20.510639697259872,54.13,0.067
FF,2.66,5.73,"Paxton, James",572020,hit_into_play,R,1,1,0.95,1.08,-0.73,2.79,-10.722247513306204,-133.57024928678024,-3.952697132411739,13.679344608771656,28.266626074736475,-18.60453324561524,53.85,0.421
FF,2.76,5.62,"Paxton, James",572020,foul,R,1,0,1.0,1.04,0.11,3.45,-8.833564824178433,-133.14435878574056,-1.9212699667578144,13.6509806382276,25.787345684108747,-19.499878460398843,54.14,-0.044
KC,2.36,6.0,"Paxton, James",572020,ball,R,0,0,-0.07,-0.39,-1.63,1.35,-8.493936132905125,-114.06303692883492,-2.481359034726052,0.920550298901732,20.716908953385456,-35.35932359543307,54.15,0.032
SI,2.78,5.65,"Paxton, James",572020,called_strike,L,3,2,1.04,0.92,0.36,2.14,-8.437342126794878,-133.4971710930484,-5.070965262689459,14.268698984267456,27.544041836434783,-20.27098430086864,53.9,-0.131
FF,2.65,5.72,"Paxton, James",572020,ball,L,2,2,0.81,0.92,-1.54,3.26,-12.453919388131578,-134.09511812253308,-2.438675651560668,12.409626274685053,27.4673626792835,-20.687093730109734,54.02,0.043
KC,2.46,5.99,"Paxton, James",572020,foul,L,2,1,-0.24,-0.32,-0.47,1.75,-5.949075581000621,-115.29884421548364,-1.9091367883433517,-1.060464768933686,20.96239159000717,-34.87433237007629,54.13,-0.031
KC,2.47,5.94,"Paxton, James",572020,ball,L,1,1,-0.18,-0.34,-0.84,1.45,-6.996656778222983,-117.2531183451795,-2.7151158278174363,-0.4578651192686641,20.88726054414764,-35.00443717901996,54.18,0.023
SI,2.77,5.59,"Paxton, James",572020,ball,L,0,1,1.46,0.71,1.56,1.13,-6.213500677930336,-133.47306924388047,-6.990618714030436,18.781548821218493,27.11003722900259,-22.38785399600536,54.14,0.011
KC,2.47,5.98,"Paxton, James",572020,called_strike,L,0,0,-0.22,-0.27,-0.69,2.82,-6.570662715661497,-116.49381751645598,0.2088140577148254,-0.8461725629925914,20.215617510036825,-34.910856429638535,54.22,-0.015
KC,2.47,6.01,"Paxton, James",572020,hit_into_play,R,0,1,0.04,-0.35,1.05,1.43,-3.16994920212801,-114.44425709985254,-2.441768720552285,0.9615320284186414,21.671595004708152,-34.975052883316415,54.03,-0.472
FF,2.6,5.81,"Paxton, James",572020,called_strike,R,0,0,0.96,1.03,-0.22,2.47,-8.983018306341778,-130.39851260284308,-4.519861219232267,12.655316002126922,23.94969297030011,-19.65440411353112,54.16,-0.064
FF,2.77,5.68,"Paxton, James",572020,hit_into_play,R,0,2,1.06,1.07,0.29,3.62,-8.605799381088211,-134.17336496703462,-1.7564805835310553,14.651009011867645,26.93361872019244,-19.044408854402167,54.31,0.489
KC,2.41,6.01,"Paxton, James",572020,called_strike,R,0,1,-0.15,-0.25,0.65,1.88,-3.541243866252308,-114.69501136194722,-1.710376088466049,-0.6328614921095256,21.042583940136133,-34.25081163211556,54.38,-0.047
FF,2.69,5.8,"Paxton, James",572020,called_strike,R,0,0,0.88,0.88,0.32,3.23,-7.8704269561299425,-132.46762064418903,-2.493899882388956,12.027830386090937,26.06596677289705,-21.4391399174356,54.13,-0.032
FF,2.59,5.42,"Paxton, James",572020,swinging_strike,R,2,2,0.93,1.29,0.49,4.03,-7.553829910053035,-137.3321772038893,-0.876206147115633,13.350666177304603,25.028361291625664,-15.694760373248595,54.08,-0.634
KC,2.17,5.79,"Paxton, James",572020,blocked_ball,R,1,2,0.05,-0.17,-1.71,-0.34,-9.089400498765013,-121.45268718034994,-7.403231362664635,2.247885173565773,22.73868198175325,-32.5695357629591,53.93,0.082
KC,2.2,5.8,"Paxton, James",572020,swinging_strike,R,1,1,-0.15,-0.27,-0.64,1.01,-6.069736169381595,-117.57865031968946,-3.5787099934017887,-0.3473774197263502,20.07108027982409,-34.29122522768839,54.01,-0.129
FF,2.49,5.64,"Paxton, James",572020,ball,R,0,1,0.94,1.17,-0.85,2.58,-10.808821928315032,-136.85829633984275,-4.97061585986855,13.91226849901934,24.69292515892727,-16.4217711762419,53.95,-0.001
KC,2.16,5.9,"Paxton, James",572020,swinging_strike_blocked,R,0,0,-0.13,-0.48,-0.8,0.77,-6.451908294972808,-119.00994528100512,-4.143357515840302,-0.0654186521556756,21.773213496570943,-36.149877812506055,53.92,-0.098
KC,2.35,5.88,"Paxton, James",572020,hit_into_play,R,0,0,-0.14,-0.51,0.4,1.47,-4.17357089804878,-119.25170230789458,-2.411476224904196,-0.5129044075686838,22.74764229878041,-36.824514270305016,53.94,1.197
FF,2.5,5.44,"Paxton, James",572020,hit_into_play,R,2,0,1.05,0.98,-0.45,1.5,-9.90611568891841,-135.37138070160887,-6.591696297103205,14.90829492598379,25.81548738385512,-18.80571468149929,54.0,0.563
SI,2.53,5.51,"Paxton, James",572020,ball,R,1,0,1.08,0.91,-1.72,2.05,-13.235643356736512,-134.30444150355896,-5.076565759447183,15.703011444375123,25.71810650050705,-20.232126289048644,53.91,0.092
KC,2.23,5.88,"Paxton, James",572020,ball,R,0,0,0.07,-0.35,0.49,1.32,-4.081347964774954,-119.2886948672168,-3.077481912690692,1.4706918602821153,23.05776616179353,-35.14594926128431,54.09,0.055
KC,2.1,5.86,"Paxton, James",572020,hit_into_play,R,1,1,0.02,-0.57,0.06,2.14,-4.5461552315749465,-116.79140037460184,-0.5000281310280786,0.9753040398932084,20.47785491690967,-37.51771256659031,54.11,-0.008
KC,2.1,5.89,"Paxton, James",572020,called_strike,R,1,0,0.02,-0.3,-0.19,2.51,-5.035523951943524,-114.82321654564942,-0.0589042399800652,1.03820851233767,19.2415809376494,-35.00296481789194,54.12,-0.075
FF,2.48,5.55,"Paxton, James",572020,ball,R,0,0,0.85,1.1,-1.15,3.64,-11.09179812591736,-133.93797166659328,-1.5083023419415325,12.247308019288464,22.46319706623454,-18.668854446235784,54.01,0.067
FF,2.54,5.39,"Paxton, James",572020,hit_into_play,R,1,0,0.99,1.16,-0.58,1.73,-10.16647557743689,-134.6346182039809,-6.121878466821406,14.143372818749354,26.64765313276193,-16.8782445888401,53.97,0.378
FF,2.49,5.61,"Paxton, James",572020,ball,R,0,0,0.8,1.07,1.48,4.99,-4.334491417974695,-134.82369889367206,1.8457512487206775,10.728757124102902,26.69703694139507,-19.66097944440319,54.24,0.032
FF,2.62,5.48,"Paxton, James",572020,hit_into_play,R,0,0,0.97,0.95,-0.5,2.96,-10.19743467670758,-135.73132187823194,-2.857083712217896,14.105099816464008,27.58308082988993,-19.995106248049208,54.01,-0.229
SI,2.53,5.47,"Paxton, James",572020,ball,R,3,2,1.18,0.65,-0.63,1.62,-10.867948644498531,-136.85245785822926,-5.8276419392923575,17.125302564537897,27.460818004606317,-22.857092188588584,53.9,0.1
FF,2.58,5.49,"Paxton, James",572020,foul,R,3,1,1.03,0.92,0.38,1.98,-7.942828247991303,-135.55323326907592,-5.328655900441652,14.32032140430316,26.15004631393935,-19.853835789471223,54.04,-0.035
FF,2.55,5.48,"Paxton, James",572020,ball,R,2,1,0.8,0.76,0.92,3.32,-5.978864992959376,-135.71683099491594,-1.49990274878136,11.142085545168152,27.020884532884512,-22.631133119753198,54.0,0.046
KC,2.42,5.77,"Paxton, James",572020,ball,R,1,1,-0.06,-0.57,1.41,1.27,-2.19390153976608,-120.22123832929525,-2.7094949446650327,-0.1860403474155732,20.96724332947544,-37.42603856868316,54.07,0.023
KC,2.29,5.75,"Paxton, James",572020,ball,R,0,1,0.03,-0.38,0.19,1.26,-4.854711712216203,-120.07881977095164,-2.9963186130257293,1.1486850526723014,22.03835931864027,-35.54750802231373,54.05,0.011
KC,2.26,5.74,"Paxton, James",572020,called_strike,R,0,0,-0.05,-0.28,0.08,2.19,-4.79494664817587,-118.7209512552848,-0.931237987087612,0.3129887077072955,20.599595640684107,-34.85191862691731,54.05,-0.015
FF,2.53,5.51,"Paxton, James",572020,hit_into_play,R,1,1,1.07,1.16,0.25,2.6,-8.311548276092138,-136.45160943918415,-4.4133258080195015,15.20057631378344,28.841125926587104,-16.817954821097455,54.01,1.003
CH,2.34,5.79,"Paxton, James",572020,ball,R,0,1,1.34,0.65,2.05,1.55,-3.247579665031585,-119.15652351740262,-4.310393526860699,13.406230334663592,21.753624076134084,-25.333024496511097,53.9,0.011
SI,2.58,5.41,"Paxton, James",572020,foul,R,0,0,1.17,1.05,0.61,2.38,-7.581475914918821,-134.31846059252717,-4.210056539198884,15.795816481182175,26.898710819826345,-18.73944645029769,54.05,-0.015
KC,2.3,5.71,"Paxton, James",572020,swinging_strike_blocked,R,1,2,-0.22,-0.31,-0.67,0.83,-6.312878842194339,-119.35241921242196,-3.9738830090815496,-1.0856893859893948,20.455369090996744,-34.62262736125987,53.96,-0.116
KC,2.39,5.75,"Paxton, James",572020,foul,R,1,2,-0.29,-0.47,1.07,2.41,-2.432228386326111,-119.0331248059762,-0.0719248397611764,-2.322879244085044,22.37754578363294,-36.836010820984775,54.12,0.0
FF,2.58,5.46,"Paxton, James",572020,ball,R,0,2,0.9,0.66,-0.78,3.2,-10.710239367968558,-136.26918626052176,-1.641837167113176,13.374198517776836,25.858724984312616,-23.781282115353527,54.01,0.013
KC,2.49,5.78,"Paxton, James",572020,foul,R,0,1,-0.26,-0.36,-0.26,0.97,-5.670454394623352,-118.20015051227512,-3.4655052921693468,-1.3166435922506874,23.190933092021936,-35.04899759903028,54.07,-0.035
FF,2.51,5.68,"Paxton, James",572020,called_strike,R,0,0,0.92,1.09,0.89,3.08,-6.101974131273445,-134.2026327258574,-3.150435435337966,12.396093322949165,28.710899621807684,-18.54047824956016,54.16,-0.024
KC,2.37,5.84,"Paxton, James",572020,hit_into_play,R,0,1,-0.06,-0.46,1.06,2.29,-2.791287367136253,-117.0736366927071,-0.3768304538451617,-0.0533573989596303,19.866403030134144,-36.60842339198542,54.13,-0.196
KC,2.19,5.9,"Paxton, James",572020,called_strike,R,0,0,-0.14,-0.34,0.62,3.02,-3.164684193187755,-115.4912508135115,1.090369909133383,-0.720960444553352,20.96204909155664,-35.63340714586473,54.25,-0.032
SI,2.53,5.52,"Paxton, James",572020,hit_into_play,R,0,2,1.32,0.82,0.89,3.54,-7.198617965793858,-137.1687835129744,-1.366509005359215,18.177630855154256,25.040035267279684,-21.571227119576275,54.12,-0.061
KC,2.26,5.77,"Paxton, James",572020,foul,R,0,1,-0.22,-0.48,-0.6,1.27,-6.084318259276235,-120.09939908665656,-2.8788416814445714,-1.1360038940089745,20.491745845011263,-36.57220407962487,54.07,-0.024
KC,2.43,5.81,"Paxton, James",572020,called_strike,R,0,0,-0.22,-0.6,0.33,2.23,-4.363724204961756,-119.97021328966748,-0.4607693750477221,-1.2507802074579943,22.80954256664341,-38.10682564490483,54.22,-0.015
SI,2.42,5.6,"Paxton, James",572020,hit_into_play,R,2,1,1.14,1.13,-0.92,2.75,-11.212563475669574,-136.70037918702616,-4.208231734525584,16.71633268213445,27.990626784077534,-17.227332425732808,54.0,-0.193
KC,2.36,5.74,"Paxton, James",572020,ball,R,1,1,-0.1,-0.4,-1.28,0.22,-8.19039961383713,-121.28561116709594,-5.48035176288267,0.5525087935677121,22.83563129972262,-35.30880280720559,54.08,0.037
FF,2.47,5.55,"Paxton, James",572020,ball,R,0,1,0.82,0.85,-1.41,2.76,-11.93712567947367,-137.03855335222596,-3.505489764134444,12.70755630618006,26.51595756690637,-20.818358482370535,53.97,0.017
KC,2.29,5.82,"Paxton, James",572020,called_strike,R,0,0,-0.05,-0.58,0.4,3.31,-4.162924565290796,-118.70705740872656,2.019099726508617,0.2571534024754619,21.17564332358777,-38.24593562535749,54.16,-0.024
FF,2.53,5.53,"Paxton, James",572020,called_strike,R,3,2,1.02,0.88,-0.62,3.23,-10.434553341109323,-136.34832423045526,-2.181132377979637,14.964415085768094,28.321734686170917,-20.878860220938662,54.02,-0.297
FF,2.64,5.55,"Paxton, James",572020,foul,R,3,2,1.09,1.07,0.86,2.19,-6.985107698378863,-135.41559212059673,-5.256278952420554,14.892488894194583,26.994570026329352,-18.044047909128345,54.02,0.0
FF,2.52,5.51,"Paxton, James",572020,foul,R,3,2,0.98,1.05,0.42,2.56,-7.619942718212061,-136.30816006319432,-4.258702596184419,13.844257738419191,27.449637196090617,-18.28454939441032,53.98,0.0
FF,2.66,5.58,"Paxton, James",572020,swinging_strike,R,3,1,1.0,1.21,-0.43,2.8,-10.17970859880776,-135.67162715377955,-4.068476159096055,14.604682401656108,29.04157247981733,-16.46450096379904,54.06,-0.078
FF,2.48,5.56,"Paxton, James",572020,ball,R,2,1,0.91,1.27,-0.87,1.95,-10.595057436455516,-135.04481666579986,-6.231970296221828,13.56327110873288,30.97465538427074,-15.341054937535787,54.05,0.108
FF,2.63,5.46,"Paxton, James",572020,swinging_strike,R,2,0,1.05,1.19,0.22,2.52,-8.49763599783557,-134.94920860199258,-4.376128537079043,14.56954364834784,27.621021388499955,-16.875917221401295,53.88,-0.057
FF,2.48,5.69,"Paxton, James",572020,ball,R,1,0,0.92,1.06,0.31,3.47,-7.60494162181234,-135.2512704189025,-2.287187684979705,12.876556423180046,25.287927045121894,-18.79080188980832,54.07,0.064
FF,2.49,5.62,"Paxton, James",572020,ball,R,0,0,1.03,0.82,-0.38,3.98,-9.62315848558927,-135.06578596946844,-0.2649599427256081,14.5616402907806,26.79330873663237,-22.156044839513747,54.01,0.032
KC,2.19,5.81,"Paxton, James",572020,hit_into_play,R,1,2,-0.28,-0.4,-0.01,1.68,-4.397368726991667,-118.459285830697,-1.9545971027015856,-1.902361927485407,21.16994670326613,-35.766870651918474,53.99,-0.235
FF,2.54,5.53,"Paxton, James",572020,foul,R,1,2,0.95,0.97,0.66,2.93,-7.026027619364432,-137.49054922421357,-3.306007652612514,13.531092784004423,26.91377434638644,-19.298048413841528,54.16,0.0
KC,2.14,5.86,"Paxton, James",572020,swinging_strike,R,1,1,0.11,-0.51,0.01,1.48,-4.9994389420189975,-118.14455277031044,-2.1999895228613755,2.040404597221183,23.094354124704605,-36.73804387253226,54.09,-0.075
KC,2.15,5.81,"Paxton, James",572020,blocked_ball,R,0,1,-0.09,-0.26,-1.59,0.03,-8.365024740860115,-119.79311022529602,-6.176619400759922,0.6408440146338737,21.406213733185595,-33.68661234535366,53.9,0.02
SI,2.46,5.61,"Paxton, James",572020,foul_tip,R,0,0,1.17,1.1,-0.1,3.08,-9.111266655406313,-134.98666705590398,-3.161385978525621,16.136401256401577,26.13068694643821,-18.108991197702125,54.09,-0.048
SI,2.37,5.7,"Paxton, James",572020,hit_into_play,R,3,1,1.22,1.04,-0.29,2.58,-9.426356062394127,-134.29772335899628,-4.469977591748126,16.633539077535023,24.975264064832544,-18.75223190683141,54.15,-0.478
FF,2.42,5.52,"Paxton, James",572020,ball,R,2,1,0.94,1.14,-1.32,1.52,-11.43418405609398,-131.94852706646847,-6.649417810697385,13.1325890617886,23.77914720835421,-17.52095429726969,53.85,0.107
FF,2.41,5.63,"Paxton, James",572020,ball,R,1,1,0.94,1.01,0.32,3.98,-7.3275706718096,-133.4972904582428,-0.5700052903763837,12.758696767761393,24.92268792545003,-20.02557144790584,54.17,0.064
KC,2.1,5.91,"Paxton, James",572020,called_strike,R,1,0,-0.06,-0.33,0.75,2.76,-2.8550035983187056,-115.4581373586204,0.4441954654587314,-0.0614976711001455,20.084744735852613,-35.40235835972572,54.13,-0.062
KC,2.22,5.87,"Paxton, James",572020,ball,R,0,0,-0.08,-0.4,-0.9,1.16,-6.716999918863403,-115.91032202511532,-2.9108834078435586,0.4047625942485415,19.73043433096521,-35.45592538259565,54.07,0.036
FF,2.71,5.58,"Paxton, James",572020,hit_into_play,R,1,0,0.8,0.98,-0.39,1.82,-9.571463629713865,-133.2489716666449,-5.791610156766225,11.480194413815616,27.229467656432902,-19.356782383127893,54.13,0.395
KC,2.39,5.86,"Paxton, James",572020,ball,R,0,0,-0.17,-0.54,0.51,3.87,-3.796487733209375,-116.035827973089,3.344752930684658,-0.8511797830228862,21.064951899035208,-37.85011678036388,54.25,0.024
KC,2.22,5.83,"Paxton, James",572020,swinging_strike,R,0,2,-0.08,-0.46,-0.46,1.27,-5.85117862535075,-118.4404977998839,-2.7953089472871726,0.2830599094455076,21.526696437999018,-36.21314940891622,54.08,-0.149
KC,2.31,5.87,"Paxton, James",572020,called_strike,R,0,1,-0.23,-0.52,0.29,2.54,-4.074171602598099,-117.7229074458156,0.1747982191624488,-1.4027013616581363,21.033401729867297,-37.26970154120124,54.14,-0.047
SI,2.51,5.55,"Paxton, James",572020,foul,R,0,0,1.2,0.85,-0.45,3.09,-10.197436625737067,-134.66100149288707,-2.389806848924468,16.717028140043894,25.48373606696195,-21.38880363640041,54.1,-0.032
CH,2.35,5.77,"Paxton, James",572020,hit_into_play,R,2,2,1.28,0.48,1.06,1.51,-5.576218147907049,-122.88371429789083,-4.526669810391219,14.071767518669883,24.22007622130904,-26.606619908761328,53.98,0.815
FF,2.5,5.64,"Paxton, James",572020,foul,R,2,2,0.96,1.13,0.34,2.73,-7.639357264340166,-135.14584527684028,-4.149342643731271,13.35921566988861,27.73413626560789,-17.628042213081635,54.21,0.0
FF,2.41,5.67,"Paxton, James",572020,foul,R,2,1,0.87,1.06,0.24,3.3,-7.459535715844411,-135.08823608699296,-2.6756252307126767,12.146400988664206,26.11031639527436,-18.79519411880141,54.15,-0.071
FF,2.44,5.67,"Paxton, James",572020,foul,R,2,0,1.03,1.08,0.3,1.96,-7.738083647237399,-134.93927172516103,-6.087406958962476,14.26578129689325,27.37669703410312,-17.88570471563536,54.13,-0.028
FF,2.48,5.6,"Paxton, James",572020,ball,R,1,0,1.08,1.2,0.14,3.39,-8.320684375432787,-134.5954218308215,-2.4962805358855515,14.85894994861908,27.113668841866858,-17.135992895347886,54.23,0.044
FF,2.48,5.6,"Paxton, James",572020,ball,R,0,0,1.01,1.22,1.51,2.66,-4.705208460141789,-135.308141837571,-4.42634883165443,13.439405024593627,28.84606916163751,-16.44824025720093,54.17,0.027
FF,2.42,5.65,"Paxton, James",572020,hit_into_play,R,0,0,0.84,1.13,-0.82,3.1,-10.143835243739934,-134.96547453199724,-3.3370412445343427,12.198263717400527,23.637955107884043,-17.6969104194823,54.07,-0.298
KC,2.16,5.94,"Paxton, James",572020,swinging_strike_blocked,R,0,2,0.08,-0.53,-0.08,0.63,-5.202974995544245,-118.59796134939324,-4.346071057357656,1.7662005113445294,22.38114971949773,-36.54312024675168,54.16,-0.23
FF,2.52,5.6,"Paxton, James",572020,called_strike,R,0,1,1.11,1.08,-0.12,2.15,-9.121616315691552,-134.08641525262587,-5.3288200712088445,15.343743301203087,26.889571594586457,-18.123400815008083,54.17,-0.075
FF,2.59,5.57,"Paxton, James",572020,called_strike,R,0,0,0.97,0.91,-0.57,2.16,-10.074961670555991,-133.53882802815565,-4.8293961024885,13.63901941740814,25.370548769217702,-20.372357793530487,54.22,-0.064
FF,2.66,5.5,"Paxton, James",572020,hit_into_play,R,0,0,1.04,1.01,0.09,2.2,-8.719410600339216,-133.15551544875862,-4.645723215983897,14.171528517341976,27.691319337422065,-19.36417211195269,54.11,0.41
