pitch_type,release_pos_x,release_pos_z,player_name,pitcher,description,stand,balls,strikes,pfx_x,pfx_z,plate_x,plate_z,vx0,vy0,vz0,ax,ay,az,release_pos_y,delta_run_exp
ST,-1.48,5.18,"Ramírez, Yohan",670990,swinging_strike_blocked,R,2,2,1.39,0.04,1.98,0.77,5.23713107644149,-119.82299302050843,-3.5873916075269454,12.245697417629891,24.334391134792277,-31.25469136001706,53.27,-0.242
ST,-1.58,5.26,"Ramírez, Yohan",670990,swinging_strike,R,2,1,1.03,0.27,1.96,1.9,6.015026468736611,-117.98104906386024,-1.4058915054136052,8.47414841656559,22.11314843438268,-29.63664138571625,53.48,-0.129
FF,-1.46,5.01,"Ramírez, Yohan",670990,ball,R,1,1,-1.24,0.81,1.01,2.02,9.435715080210386,-138.2607030642679,-4.046884155802835,-18.09044006313992,31.517815431479256,-21.082851491084195,53.19,0.074
SI,-1.61,5.02,"Ramírez, Yohan",670990,called_strike,R,1,0,-1.31,0.45,0.62,2.73,8.75999317025896,-134.80906343639106,-1.0804562171121956,-17.797407332528437,27.538812947686008,-26.64358274776216,53.02,-0.081
ST,-1.63,5.3,"Ramírez, Yohan",670990,ball,R,0,0,1.52,0.17,0.4,3.56,1.608168419746503,-114.3864212952694,2.74550500319927,13.098864844904544,19.996246398713986,-31.3431764895004,53.6,0.056
SI,-1.59,4.84,"Ramírez, Yohan",670990,hit_by_pitch,R,1,1,-1.39,0.35,-2.01,4.32,2.015480443838488,-137.69697663955773,3.593304853162229,-18.082337712430206,30.7098052849243,-28.68780112130661,53.48,0.195
SI,-1.76,4.8,"Ramírez, Yohan",670990,called_strike,R,1,0,-1.46,0.33,-0.52,2.76,6.588586453452071,-137.9836884872608,-0.420473384374935,-20.18263549479623,30.13498409942889,-28.079330621348124,53.6,-0.054
ST,-1.71,5.08,"Ramírez, Yohan",670990,ball,R,0,0,1.79,0.08,2.94,0.81,7.277426291293778,-121.8059263283572,-3.543625674304007,16.05450780610964,27.23404882328927,-30.837011414288064,53.43,0.047
SI,-1.85,4.8,"Ramírez, Yohan",670990,hit_into_play,L,1,0,-1.28,0.28,-0.07,2.94,7.702164888068499,-138.8288975894416,0.1216587666915838,-18.314062747590228,30.75106503102764,-28.798105070868328,53.28,1.503
CU,-1.62,5.38,"Ramírez, Yohan",670990,ball,L,0,0,1.13,-0.65,1.78,1.57,5.771065372943567,-123.98998522324236,-1.3364616432487413,10.469287423756327,25.37410451932628,-38.762611083961936,53.5,0.056
SI,-1.6,4.83,"Ramírez, Yohan",670990,hit_into_play,R,1,1,-1.27,0.26,-0.89,3.05,4.859565836827349,-139.4649391104548,0.3290746171744579,-17.70922549661453,31.44831719826164,-29.04584372905096,53.17,-0.174
ST,-1.72,5.09,"Ramírez, Yohan",670990,called_strike,R,1,0,1.8,0.07,0.39,2.81,1.3095431485561009,-119.79098524878113,1.2962465804041376,16.918325034362027,25.01502011761555,-31.96015132387643,53.41,-0.108
ST,-1.78,4.91,"Ramírez, Yohan",670990,ball,R,0,0,1.75,0.48,2.28,2.08,5.923423694814006,-120.5767331821884,-0.9052995545609256,15.8572351193742,23.940085925382583,-27.53177534374125,53.58,0.028
CU,-1.53,5.57,"Ramírez, Yohan",670990,hit_into_play,L,2,2,1.42,-0.74,0.36,2.65,1.5483657918025804,-120.6467825827639,1.314446826191728,13.48391592910543,24.85897625821772,-39.836757233515584,53.64,-0.528
CU,-1.56,5.37,"Ramírez, Yohan",670990,blocked_ball,L,1,2,1.34,-0.8,1.05,0.23,3.4474421235511583,-122.49496641168196,-4.016741313905463,12.82729589751767,24.168698977996662,-39.61087533288719,53.48,0.066
SI,-1.71,5.06,"Ramírez, Yohan",670990,foul,L,1,1,-1.42,0.47,-0.26,2.62,7.163372720599373,-139.40211082526346,-1.904744265043853,-20.178791967022796,32.21136926054494,-25.833235135049087,53.39,-0.155
CU,-1.43,5.33,"Ramírez, Yohan",670990,ball,L,0,1,1.32,-0.73,1.48,1.56,4.1706539663598505,-121.80010339404268,-0.7581513968423105,12.121672122799987,26.170600892330853,-39.484471102574624,53.54,0.056
CU,-1.42,5.51,"Ramírez, Yohan",670990,swinging_strike,L,0,0,1.15,-0.41,1.28,1.89,3.964613125302272,-121.38471175667456,-1.0449777504042008,10.594975100082651,24.24766931784863,-36.25985040694504,53.67,-0.093
SI,-1.62,4.93,"Ramírez, Yohan",670990,hit_into_play,R,1,0,-1.24,0.51,0.19,2.41,7.641138361509227,-138.37931534335223,-2.1404741503934583,-17.563312265737988,30.02768253818657,-25.311549234544195,53.28,0.624
SI,-1.56,4.98,"Ramírez, Yohan",670990,ball,R,0,0,-1.31,0.54,1.1,1.61,9.99097812374528,-137.15937904823934,-4.3291782297672174,-18.710628397370986,31.08474477421794,-24.54591485801517,53.3,0.067
ST,-1.54,5.22,"Ramírez, Yohan",670990,hit_into_play,R,1,1,1.92,-0.02,0.86,2.33,1.6831263266465817,-115.63472012351492,0.5680378264530861,16.637600521825572,24.695663799041323,-32.68667702931197,53.21,0.421
SI,-1.57,4.91,"Ramírez, Yohan",670990,foul,R,1,0,-1.5,0.43,-0.97,2.55,4.973017463333798,-136.26888878318897,-1.3247038080879292,-19.748846157821408,28.80545931652723,-26.70074743161678,53.09,-0.044
SI,-1.64,4.86,"Ramírez, Yohan",670990,ball,R,0,0,-1.37,0.61,-3.36,5.19,-1.413841809029278,-135.82150563367276,5.376708629659744,-16.600465020673568,31.804758255640152,-26.17669436106516,53.48,0.032
CU,-1.66,5.57,"Ramírez, Yohan",670990,hit_into_play,L,2,2,1.25,-0.65,-0.33,2.73,0.5906151853481473,-118.89927973801876,1.4360674660713533,11.78184578825133,22.33728370418884,-38.8581678598255,53.64,-0.728
CU,-1.54,5.44,"Ramírez, Yohan",670990,blocked_ball,L,1,2,1.14,-1.16,1.91,0.52,5.726848775512483,-120.91839206135576,-2.440525654364881,9.770017814390926,26.701838982929864,-43.18891231801918,53.58,0.142
CU,-1.43,5.53,"Ramírez, Yohan",670990,called_strike,L,1,1,1.04,-0.93,0.51,2.74,2.3661236380101403,-118.48034032466416,2.162526436693483,9.386165829624945,22.736502840234014,-41.524870007724,53.44,-0.145
FF,-1.73,4.91,"Ramírez, Yohan",670990,foul_tip,L,1,0,-0.77,1.33,0.07,2.53,6.528425652562824,-137.99397721549383,-3.5527094060014277,-11.355005461706169,32.240566047010816,-14.64721491090029,53.49,-0.132
FF,-1.97,4.98,"Ramírez, Yohan",670990,ball,L,0,0,-0.83,1.27,-1.23,3.31,3.7747161013435258,-136.3759167041252,-1.3746496585456336,-11.171294796658648,30.484596596387203,-16.300817105515666,53.64,0.086
SI,-1.91,4.86,"Ramírez, Yohan",670990,hit_by_pitch,R,0,0,-1.3,0.45,-2.05,3.15,2.5591132453956904,-136.29714804892282,0.3486182171749864,-16.7671732896697,29.997606254628185,-26.864057178555026,53.46,0.339
