pitch_type,release_pos_x,release_pos_z,player_name,pitcher,description,stand,balls,strikes,pfx_x,pfx_z,plate_x,plate_z,vx0,vy0,vz0,ax,ay,az,release_pos_y,delta_run_exp
CU,-1.17,5.4,"Reyes, Pablo",622569,hit_into_play,R,2,2,0.45,0.74,0.42,2.82,2.285028234661027,-101.85203776012447,1.4422284550038322,2.723687086566071,17.507351373537826,-27.485883532610146,55.46,-0.326
FA,-1.51,4.98,"Reyes, Pablo",622569,swinging_strike,R,2,1,-1.15,1.08,-1.11,2.35,2.83670473364326,-111.04817426208544,-0.4495098933426927,-10.05231659327331,20.518171152033823,-23.373689054395985,55.4,-0.162
FA,-1.31,5.32,"Reyes, Pablo",622569,called_strike,R,2,0,-0.83,1.25,0.22,3.58,4.341323226880889,-105.10901298309076,1.7420771861593598,-6.8994958422405634,17.35217233802414,-23.3587335250128,55.67,-0.076
FA,-1.26,5.46,"Reyes, Pablo",622569,ball,R,1,0,-0.79,1.41,-0.47,4.5,3.10328047138414,-114.3228558578258,2.0874503180782704,-7.524056317123697,21.612602373994697,-20.49046470933601,55.44,0.075
EP,-0.87,6.02,"Reyes, Pablo",622569,ball,R,0,0,-0.35,1.31,0.86,1.39,2.2641249802579964,-60.87037509501297,5.818464715237596,-1.0600691748294233,5.157229822780773,-29.578540776741058,55.73,0.042
CU,-1.38,5.49,"Reyes, Pablo",622569,hit_into_play,L,1,2,0.59,0.37,-1.28,2.08,-0.6981309315152486,-93.23703302009775,1.583391113209102,3.602476450229557,11.445917874738573,-30.345925667911494,55.49,-0.358
FA,-1.52,4.85,"Reyes, Pablo",622569,called_strike,L,1,1,-1.27,1.02,-0.19,1.69,4.898023216619815,-110.04308792351362,-1.316587880715978,-11.168322504750146,19.144943185201434,-23.879354767625436,55.51,-0.065
CU,-1.43,5.67,"Reyes, Pablo",622569,ball,L,0,1,0.72,0.53,0.36,1.69,1.7735154490279434,-81.99707000240024,2.5187696784711973,3.0001500545909514,10.852535039182486,-30.332171854264026,55.87,0.028
FA,-1.39,5.38,"Reyes, Pablo",622569,foul,L,0,0,-1.08,1.34,-0.57,2.58,3.4728710537969727,-107.8066122456943,-0.7852154887619145,-9.060770484879749,19.048870365222008,-21.82953987091768,55.47,-0.083
FA,-1.28,5.29,"Reyes, Pablo",622569,ball,R,3,1,-0.81,1.15,1.56,1.57,5.277462276585093,-81.5142969653453,2.037737797169385,-4.200008484250874,8.56890320610374,-27.399612411050736,55.85,0.209
FA,-1.4,5.44,"Reyes, Pablo",622569,ball,R,2,1,-1.06,1.18,-0.21,4.36,4.333963652573391,-112.59637669520058,2.33592311534582,-9.752655020843555,18.18116863080186,-22.59955993413645,55.57,0.127
FA,-1.3,5.44,"Reyes, Pablo",622569,foul,R,2,0,-1.22,1.32,0.39,2.39,5.285390937098496,-105.00972239438676,-0.9237380495438948,-9.929175574693003,16.43633261110934,-22.42615458195704,55.65,-0.064
EP,-1.07,5.88,"Reyes, Pablo",622569,ball,R,1,0,-0.45,1.28,-1.82,3.31,-0.4079295077825824,-60.74497448066091,8.523055592015176,-1.0620834351518074,6.893221133613362,-30.259187538123918,55.8,0.066
FA,-1.3,5.62,"Reyes, Pablo",622569,ball,R,0,0,-1.0,1.39,-0.98,3.5,2.172332794860704,-100.36556782117547,1.431054439137923,-7.121633692547148,16.561172927513976,-23.27994485478351,55.95,0.044
FA,-1.57,5.46,"Reyes, Pablo",622569,hit_into_play,L,2,0,-0.83,1.38,-0.45,3.3,3.4392614291301493,-102.63718310615576,0.9477358679136088,-6.408650083560311,14.379775279511342,-22.60987735589009,55.77,0.197
FA,-1.39,5.47,"Reyes, Pablo",622569,ball,L,1,0,-1.1,1.21,-1.58,3.88,1.3996348278895343,-102.4560874252242,2.3682779921271635,-8.038858336364026,15.509074345434149,-24.14757673438912,55.93,0.045
EP,-1.01,6.37,"Reyes, Pablo",622569,ball,L,0,0,-0.26,1.24,-2.99,4.93,-1.7332397682775404,-54.7467733997109,10.905985611827662,-0.3937288348639612,4.442977563291842,-30.75688630450035,56.79,0.024
FA,-1.33,5.48,"Reyes, Pablo",622569,hit_into_play,R,0,0,-1.11,1.26,-0.34,3.62,3.372652774642942,-95.39734017325412,2.665583053063472,-7.309116622129157,13.34411584734685,-24.993985393478987,56.04,-0.228
