pitch_type,release_pos_x,release_pos_z,player_name,pitcher,description,stand,balls,strikes,pfx_x,pfx_z,plate_x,plate_z,vx0,vy0,vz0,ax,ay,az,release_pos_y,delta_run_exp
SI,3.63,5.39,"Rodríguez, Joely",570257,hit_into_play,R,3,1,1.63,0.55,0.77,1.9,-10.471627124766108,-129.95453835132784,-3.768075200009651,20.653969278270896,25.93882681618565,-25.31850687955373,54.13,-0.4
SI,3.47,5.56,"Rodríguez, Joely",570257,ball,R,2,1,1.59,0.61,0.88,3.09,-9.847271611297046,-131.31732510082517,-1.4967490782715065,20.514522094334183,27.496380252251477,-24.94492139997087,54.16,0.046
CH,3.7,5.44,"Rodríguez, Joely",570257,foul,R,2,0,1.22,0.22,1.15,2.05,-8.399028097665314,-123.44263916250308,-1.9978306290590064,14.157204613720609,25.80209905292193,-29.69595040882692,54.18,-0.028
CH,3.49,5.37,"Rodríguez, Joely",570257,ball,R,1,0,1.23,0.05,-0.46,0.9,-11.767802974340366,-123.69689767646192,-4.303945407269483,14.96000092034087,24.041872917564135,-30.91636875333488,53.97,0.024
SI,3.57,5.43,"Rodríguez, Joely",570257,ball,R,0,0,1.73,0.62,1.2,3.4,-9.61107445615298,-132.27580267606504,-0.4590830834917886,22.367936953795454,31.06675039978453,-25.03410045713178,54.45,0.021
CH,3.55,5.35,"Rodríguez, Joely",570257,hit_into_play,R,0,2,0.95,0.22,0.54,2.04,-9.037070421310974,-124.50189232354194,-1.984118574562707,11.67681812790959,24.77106811692506,-29.653146646336435,54.0,1.668
CH,3.5,5.42,"Rodríguez, Joely",570257,swinging_strike,R,0,1,0.81,0.14,-0.34,1.45,-10.77198820953452,-124.99414637458736,-3.480381049542552,10.586946844904354,23.83064340206017,-30.17137951930947,54.04,-0.068
CH,3.4,5.48,"Rodríguez, Joely",570257,called_strike,R,0,0,0.99,0.46,0.23,3.12,-9.52759905108405,-125.14612051518988,-0.3135353026242276,12.250003596349243,24.305844938200483,-27.436832470434297,54.15,-0.073
CH,3.42,5.55,"Rodríguez, Joely",570257,swinging_strike,R,2,2,1.04,0.17,-0.04,1.24,-10.245934391769744,-124.14553681374936,-4.198925769146577,12.764859122817064,24.85785349204111,-29.69586610662945,54.11,-0.422
SI,3.43,5.47,"Rodríguez, Joely",570257,swinging_strike,R,2,1,1.32,0.66,1.06,3.06,-8.761911621010306,-131.63600099389163,-1.5406721974084931,17.174296007264854,25.37252062038308,-24.33550173690632,54.05,-0.086
CH,3.63,5.13,"Rodríguez, Joely",570257,blocked_ball,R,1,1,1.3,0.25,-1.32,0.45,-14.379925666328726,-124.57645550530592,-5.380112013657652,16.258718951566337,22.629212880787108,-28.601471839504807,53.9,0.081
SI,3.44,5.49,"Rodríguez, Joely",570257,ball,R,0,1,1.47,0.79,-1.13,1.95,-14.568769678563282,-131.65387025609934,-4.631783008651639,20.11849984010375,27.04584797180727,-22.082539236579,54.0,0.028
SI,3.55,5.59,"Rodríguez, Joely",570257,foul,R,0,0,1.67,0.56,-0.06,2.45,-12.415143195994032,-129.70456704368718,-2.865522488811065,21.484200534161705,27.698217781453003,-25.39247730650464,54.09,-0.083
SI,3.47,5.37,"Rodríguez, Joely",570257,hit_into_play,L,1,0,1.87,0.2,0.4,2.66,-11.554911875060832,-130.50057143676094,-1.0789912755736162,23.873878761916966,29.47517321030905,-29.918251395895155,54.09,0.45
SI,3.61,5.49,"Rodríguez, Joely",570257,ball,L,0,0,1.98,0.5,-0.11,0.94,-13.461446874994309,-131.07466014100908,-6.39009819272145,25.74497761166461,30.75669478891421,-25.00430469004849,54.13,0.044
SI,3.51,5.53,"Rodríguez, Joely",570257,hit_into_play,R,1,2,1.68,0.62,0.31,2.49,-11.626505416754387,-132.09320836866542,-3.0155626187509945,22.202417523867076,28.80699761452346,-24.40528682094881,54.1,0.744
SI,3.52,5.42,"Rodríguez, Joely",570257,foul,R,1,1,1.51,0.93,0.41,2.86,-11.131270517456018,-133.52262466114448,-2.6293305051244014,20.50568011148278,29.36428992193561,-20.699033973950392,54.19,-0.15
CH,3.54,5.34,"Rodríguez, Joely",570257,called_strike,R,1,0,0.99,0.15,-0.6,2.28,-11.796257840801855,-124.21142404322048,-1.2182889830417023,12.5639728046155,23.70195285194024,-30.619838469744572,53.99,-0.062
CH,3.47,5.51,"Rodríguez, Joely",570257,ball,R,0,0,0.88,0.34,-0.7,1.15,-11.637472405581155,-125.12329519347708,-4.783508326980403,11.515654326347814,24.632763267644314,-27.83575819696007,54.3,0.036
CH,3.59,5.23,"Rodríguez, Joely",570257,hit_into_play,R,1,1,1.15,0.21,-0.24,1.71,-11.36824704877352,-125.07467250620938,-2.516226212501348,14.364610518353064,25.202531035072244,-29.67126420520162,54.29,-0.275
CH,3.59,5.45,"Rodríguez, Joely",570257,ball,R,0,1,1.04,0.51,-1.04,-0.11,-13.002699477897442,-123.72960438883936,-7.8724826816543105,13.09087229370934,21.637144150478782,-25.524538845233288,54.0,0.057
SI,3.44,5.5,"Rodríguez, Joely",570257,called_strike,R,0,0,1.39,0.74,-0.39,3.27,-12.222223080693674,-128.14953127517887,-0.8621974937324051,17.730958003097925,25.129393198151096,-24.04212305058144,54.06,-0.064
CH,3.53,5.37,"Rodríguez, Joely",570257,blocked_ball,L,3,2,1.14,-0.01,-0.56,0.8,-12.0535914578882,-125.34014281392776,-4.637795986178004,14.39077740355854,25.007739152976043,-31.459444598815484,53.98,0.343
CH,3.71,5.25,"Rodríguez, Joely",570257,foul,L,3,2,1.18,-0.03,0.9,1.86,-8.977938045814208,-124.0628384444149,-1.58014543258189,14.042857226361091,25.622805457242794,-32.40174180363025,54.25,0.0
CH,3.52,5.46,"Rodríguez, Joely",570257,ball,L,2,2,1.3,-0.02,-0.66,0.6,-12.37345622106615,-123.50644528757496,-5.025726752726156,15.763284923296892,24.3253289588096,-31.552622920968137,54.17,0.093
SI,3.7,5.29,"Rodríguez, Joely",570257,ball,L,1,2,1.71,0.33,0.51,3.56,-11.48206584656628,-130.61147017704144,0.987799473692736,21.94960031372059,27.583315696562128,-28.805386675869816,54.36,0.036
SI,3.74,5.37,"Rodríguez, Joely",570257,foul,L,1,2,1.79,0.58,0.25,2.9,-12.5206308427177,-132.2424385409969,-1.5259855314375224,23.622640905654748,27.668624533242127,-25.21299894856673,54.41,0.0
CH,3.62,5.12,"Rodríguez, Joely",570257,ball,L,0,2,1.32,-0.02,-0.64,1.21,-12.945724178203516,-125.68355824409048,-3.1020271626565448,16.589423361399504,24.506707513750143,-31.94282248610504,53.81,0.019
CH,3.69,5.3,"Rodríguez, Joely",570257,foul_tip,L,0,1,1.05,0.07,-0.14,1.37,-11.113322888006472,-124.59886853608528,-3.1649304819418287,13.111865152004675,24.03290210962473,-30.98379270510129,54.48,-0.047
SI,3.61,5.42,"Rodríguez, Joely",570257,called_strike,L,0,0,1.74,0.39,0.11,3.38,-12.395112283653445,-131.02361218557604,0.0678690174056908,22.65484319438081,27.19980282541539,-27.91106526096515,54.17,-0.032
CH,3.82,5.17,"Rodríguez, Joely",570257,hit_into_play,L,0,2,0.93,-0.36,0.35,2.05,-10.02153656880779,-123.2765857717356,-0.2208968855313716,11.482424231705066,24.608158269830923,-35.997288473870505,53.87,-0.061
SI,3.75,5.42,"Rodríguez, Joely",570257,called_strike,L,0,1,1.3,0.35,-0.38,2.39,-12.742683662216688,-127.67380295178654,-1.957419497171392,16.797337789581274,25.432928566598683,-28.173891781470264,53.94,-0.024
SI,3.78,5.44,"Rodríguez, Joely",570257,foul,L,0,0,1.42,0.61,0.8,2.91,-10.125058869754287,-127.18865892040294,-1.1729827555270709,17.52034199313127,27.289903279215316,-25.53914239755759,54.15,-0.015
CH,3.82,5.14,"Rodríguez, Joely",570257,hit_into_play,R,1,2,1.29,0.0,-0.32,1.9,-12.346246425084503,-123.24842874795507,-1.1907310193612308,15.70459158952572,26.26166835830725,-32.15424881025771,53.78,-0.116
CH,3.71,5.22,"Rodríguez, Joely",570257,foul,R,1,1,0.97,0.45,-0.15,1.88,-10.816424712685471,-121.43656654807964,-2.1489516406483724,11.69383609126178,23.527801311440303,-27.448813775262888,54.08,-0.04
SI,3.7,5.49,"Rodríguez, Joely",570257,called_strike,R,1,0,1.57,0.53,-0.86,1.56,-14.219015671703742,-126.90095704861464,-4.408236087612361,19.88048144833903,25.786577510604847,-25.69710882457005,54.11,-0.031
CH,3.83,5.27,"Rodríguez, Joely",570257,ball,R,0,0,1.33,-0.02,1.15,1.06,-8.597379255972099,-119.87705749532708,-2.953568427557492,14.486714929922991,24.54920042584951,-31.947313761781466,54.55,0.024
SI,3.71,5.48,"Rodríguez, Joely",570257,hit_into_play,L,0,2,1.51,0.47,-0.08,2.56,-12.385265012208762,-127.36020420131892,-1.8802346063750397,18.977568854789723,26.432498585899708,-26.895261300512168,53.63,-0.149
CH,3.8,5.31,"Rodríguez, Joely",570257,foul,L,0,2,1.27,0.27,0.85,1.99,-9.28769207191994,-121.12275596215824,-1.6442872767942762,14.437299367313535,25.73100524008466,-29.430249583576057,54.16,0.0
SI,3.69,5.57,"Rodríguez, Joely",570257,called_strike,L,0,1,1.57,0.85,-0.14,2.64,-12.424838402311376,-127.6218115294796,-2.6891232928527926,19.733963497746608,26.98478395927688,-22.50139632970022,54.52,-0.047
SI,3.75,5.64,"Rodríguez, Joely",570257,swinging_strike,L,0,0,1.44,0.8,1.09,3.14,-9.34968327630582,-127.12365844997414,-1.4562779335910518,17.61776432892878,28.00759191856224,-23.47737632244024,54.38,-0.032
SI,3.41,5.64,"Rodríguez, Joely",570257,hit_into_play,L,3,2,1.62,0.68,0.24,3.29,-11.44697923105747,-132.00941370217362,-1.3919359910590363,21.40512880599534,29.47453936691909,-24.175836889007854,53.93,-0.323
CH,3.76,5.21,"Rodríguez, Joely",570257,ball,L,2,2,1.01,0.35,-1.25,1.54,-13.926298398891522,-124.06908453784156,-3.018493009241205,13.346034451946712,26.01218088252664,-28.077234522694376,53.79,0.064
CH,3.46,5.67,"Rodríguez, Joely",570257,blocked_ball,L,1,2,1.02,0.31,-1.52,0.31,-13.898078195709324,-124.72957511691553,-7.071571291502413,13.463185036953202,25.854654922200616,-27.52659479795828,53.89,0.048
CH,3.53,5.62,"Rodríguez, Joely",570257,swinging_strike,L,1,1,0.61,0.47,-1.04,2.33,-12.084988183871946,-125.09516414054607,-2.516973072565977,8.796063703545864,24.71298993811015,-26.879170890112967,54.05,-0.075
SI,3.49,5.61,"Rodríguez, Joely",570257,called_strike,L,1,0,1.44,0.86,-0.57,2.25,-13.279075559972108,-131.42691212413325,-4.285017435646743,19.46658473681777,28.13387669704513,-21.375524120157905,53.82,-0.049
SI,3.45,5.56,"Rodríguez, Joely",570257,ball,L,0,0,1.61,0.52,-0.95,2.0,-14.49970646824197,-131.04591510403216,-4.010390690328009,21.689419807745256,28.57429089198565,-25.401326373965286,53.7,0.021
CH,3.8,5.09,"Rodríguez, Joely",570257,hit_into_play,R,1,1,1.12,0.03,-0.06,2.01,-11.392774528963164,-123.53707638705802,-0.907377806087446,13.873776535006618,26.220642041785485,-31.873565374202308,53.75,0.242
CH,3.53,5.6,"Rodríguez, Joely",570257,ball,R,0,1,0.82,0.49,-1.0,0.26,-12.313140995360264,-123.7779034625851,-7.22780722773024,10.917852006139023,24.52387913322137,-25.740146948503668,54.07,0.011
SI,3.58,5.58,"Rodríguez, Joely",570257,foul_tip,R,0,0,1.38,0.81,0.08,2.54,-11.58805236626237,-130.71482459538905,-3.2471306007702787,18.27043290902911,28.683298630478344,-22.405245329802884,54.17,-0.015
SI,3.55,5.55,"Rodríguez, Joely",570257,swinging_strike,L,1,2,1.58,0.59,-0.68,2.29,-13.80300778928745,-130.54708474259624,-3.3287823818641837,21.045965727945298,28.42974796450857,-24.81507765246269,54.21,-0.116
CH,3.76,5.21,"Rodríguez, Joely",570257,ball,L,0,2,1.05,0.04,-1.78,1.43,-15.257983699131296,-124.07283816149142,-2.699259326651437,13.798575418493884,23.832566688938112,-31.403916525910965,53.8,0.013
SI,3.61,5.53,"Rodríguez, Joely",570257,called_strike,L,0,1,1.56,0.58,-0.9,2.52,-14.39149074816966,-130.10758592799593,-2.6505824127101127,20.68843920046277,27.047852633412973,-25.158853423735938,54.16,-0.035
SI,3.48,5.66,"Rodríguez, Joely",570257,called_strike,L,0,0,1.58,0.43,0.23,1.87,-11.426851680225113,-130.74100351504197,-4.3065007662976,20.531697895082104,27.93503808456888,-26.53114070188997,54.04,-0.024
SI,3.48,5.59,"Rodríguez, Joely",570257,hit_into_play,L,3,2,1.38,0.68,-0.81,2.52,-13.441035729229322,-129.36448708845148,-2.916442402040472,18.292226511986136,26.71831872589394,-24.05835893288707,54.1,-0.297
CH,3.7,5.29,"Rodríguez, Joely",570257,ball,L,2,2,1.03,0.05,-1.6,0.89,-14.38027722437528,-122.31055972270076,-3.967243118291008,13.054941676148715,23.07038532301115,-31.031788990564284,53.94,0.093
SI,3.62,5.63,"Rodríguez, Joely",570257,foul,L,2,1,1.4,0.45,-0.33,2.84,-12.701877324484531,-129.89026803154283,-1.820701361430737,18.498486239879437,25.926117017756876,-26.82874997990684,54.16,-0.063
SI,3.65,5.62,"Rodríguez, Joely",570257,ball,L,1,1,1.31,0.46,-0.13,3.25,-12.023025496179084,-129.18840304312852,-0.7345817987420741,17.12237033347683,26.078716434838583,-27.05814748938728,54.11,0.05
ST,3.73,5.62,"Rodríguez, Joely",570257,ball,L,0,1,-0.83,0.0,-1.63,1.19,-10.318766709926273,-117.90051403678832,-3.254328338844353,-5.788776452479409,22.54938062748628,-31.73952066061276,54.55,0.021
SI,3.58,5.7,"Rodríguez, Joely",570257,called_strike,L,0,0,1.45,0.64,0.38,3.19,-10.808090998601436,-128.17910685544,-1.3047336897949429,18.25146779871569,27.17746413935322,-25.03237286776492,54.12,-0.032
SI,3.41,5.68,"Rodríguez, Joely",570257,hit_into_play,R,3,2,1.31,0.88,0.06,3.44,-10.98139434753084,-129.11632742215733,-1.2139713880137413,17.074200381338912,29.72313614023553,-22.378599249133675,53.96,-0.211
SI,3.34,5.59,"Rodríguez, Joely",570257,foul,R,3,2,1.29,0.82,-0.46,1.94,-12.25471570521209,-130.38928971346127,-4.80804791810988,17.296248713216478,26.80896530495852,-21.94629917578103,53.63,0.0
SI,3.52,5.54,"Rodríguez, Joely",570257,foul,R,3,2,1.55,0.68,-0.08,2.59,-12.23390695515336,-130.37147385931607,-2.707073259711734,20.362158515516096,28.864896329336062,-24.06514952201204,53.96,0.0
CH,3.65,5.22,"Rodríguez, Joely",570257,ball,R,2,2,1.31,-0.03,0.39,1.06,-10.25881731851267,-123.17395510714292,-3.332962989728566,15.348086598951,24.052520054044017,-32.04216555316109,53.96,0.069
SI,3.35,5.52,"Rodríguez, Joely",570257,ball,R,1,2,1.47,0.67,-1.23,2.22,-14.532606459348068,-130.49331167857707,-3.604234984033226,19.925631795833905,27.96286924489381,-23.900939805833897,53.94,0.026
SI,3.41,5.63,"Rodríguez, Joely",570257,ball,R,0,2,1.55,0.59,0.83,4.24,-9.731091397986235,-131.31283200764867,1.2669288462924448,19.993735843657632,28.858884197457737,-25.896829565893007,54.14,0.013
SI,3.37,5.61,"Rodríguez, Joely",570257,called_strike,R,0,1,1.48,0.76,-0.02,3.29,-11.642009110437474,-131.9451736712943,-1.5169804897626318,19.767663753273336,27.686211285634855,-23.20543842009449,54.17,-0.035
CH,3.57,5.41,"Rodríguez, Joely",570257,called_strike,R,0,0,1.01,0.33,0.73,2.45,-8.710879553247125,-123.5296555544736,-1.2419631360683838,12.122774896189338,26.0119638854358,-28.77281160553052,53.95,-0.024
CH,3.59,5.25,"Rodríguez, Joely",570257,swinging_strike,R,2,2,1.41,0.0,0.48,0.74,-10.219115973324383,-124.4522550724942,-4.403975921863852,16.659529498822334,24.384528914122587,-31.47867055263029,53.9,-0.204
ST,3.6,5.49,"Rodríguez, Joely",570257,ball,R,1,2,-1.26,0.49,-1.88,1.04,-9.675831337668257,-115.9849194343012,-3.9503622915007774,-9.564588879662372,21.769122624542156,-27.186898654852357,54.14,0.036
SI,3.44,5.6,"Rodríguez, Joely",570257,ball,R,0,2,1.4,0.73,-1.01,1.74,-14.014227728397714,-130.93935921711204,-5.241431768518583,18.84279359542448,24.456742707673563,-22.801685148275485,54.1,0.019
ST,3.61,5.55,"Rodríguez, Joely",570257,called_strike,R,0,1,-1.02,0.2,0.16,2.14,-5.812494957027886,-119.0386348688336,-1.4381248142901422,-8.357760286615624,25.504284661968857,-30.1767886738454,54.2,-0.047
SI,3.46,5.61,"Rodríguez, Joely",570257,called_strike,R,0,0,1.66,0.59,-0.07,2.34,-12.24364480378618,-130.52787567861222,-3.338186851693968,21.54396407812825,27.28172812863489,-24.93522789914804,54.18,-0.032
CH,3.4,5.61,"Rodríguez, Joely",570257,hit_into_play,R,1,1,1.16,0.49,-0.55,2.22,-11.609669661740666,-124.12586604822928,-2.685243956994511,14.23983658968085,23.05452328463437,-26.790307466955927,54.28,1.012
CH,3.71,5.45,"Rodríguez, Joely",570257,ball,R,0,1,1.47,0.29,1.72,1.14,-7.493208740654568,-122.13749920909147,-4.164391166685391,16.219765942995828,22.888884395730237,-28.660405517876484,54.36,0.021
SI,3.35,5.71,"Rodríguez, Joely",570257,called_strike,R,0,0,1.44,0.46,0.31,2.8,-10.449428613378473,-129.0421047639061,-2.0756148173225792,18.221742320693824,25.217807609835425,-26.739536263702064,54.19,-0.032
SI,2.83,5.62,"Rodríguez, Joely",570257,called_strike,R,0,2,1.41,0.57,-0.61,2.39,-11.364067175797748,-129.5736991438119,-3.123532096680054,18.227501480438296,26.037297623636874,-25.29544026178973,54.39,-0.061
SI,2.87,5.7,"Rodríguez, Joely",570257,foul,R,0,1,1.58,0.7,0.38,2.15,-9.266167146152045,-127.8248477117978,-3.955890575184557,19.18487669648457,25.259190700929423,-23.81444414677941,54.41,-0.024
SI,2.91,5.59,"Rodríguez, Joely",570257,foul,R,0,0,1.39,0.58,0.13,3.0,-9.494393093010505,-126.78251642727152,-1.2669829411379507,16.927759061328786,25.329514935543084,-25.90955392240721,54.36,-0.015
SI,3.01,5.59,"Rodríguez, Joely",570257,hit_into_play,L,1,0,1.28,0.66,0.04,2.31,-9.77324261595637,-127.59379807308817,-3.225013987178894,15.907447015297956,23.90145067101489,-24.496554543424644,54.35,-0.187
SI,2.81,5.61,"Rodríguez, Joely",570257,ball,L,0,0,1.33,0.6,-0.83,2.26,-11.557679716188796,-128.45149423904746,-3.350084908889207,17.019813426471288,24.61071010050754,-24.985710676642626,54.44,0.024
CH,2.97,5.67,"Rodríguez, Joely",570257,hit_into_play,R,1,1,0.78,0.43,0.47,2.41,-7.322492118913044,-122.27116755941582,-2.0745422303168866,9.203737285335151,21.768171057887443,-27.652242911212177,54.37,-0.216
SI,2.99,5.68,"Rodríguez, Joely",570257,foul,R,1,0,1.53,0.78,0.54,2.46,-9.038354332894937,-127.22645240191676,-3.2344172385057126,18.471295768761564,25.18595741717708,-23.20952389463976,54.39,-0.044
SI,2.74,5.71,"Rodríguez, Joely",570257,ball,R,0,0,1.28,0.71,-0.98,2.61,-11.62429811273358,-127.69894865544512,-2.895944464163371,16.292600262736258,24.30133415011178,-23.991849028186422,54.32,0.032
SI,2.91,5.53,"Rodríguez, Joely",570257,called_strike,L,2,2,1.34,0.74,-0.5,3.12,-11.184378018674686,-129.69462240593495,-1.5007431024613092,17.356199564807916,24.620280545974563,-23.700341546197137,54.23,-0.284
CH,3.03,5.69,"Rodríguez, Joely",570257,foul,L,2,1,1.11,0.64,0.87,2.79,-7.209514195367131,-122.6161274628255,-1.6916467425537842,12.61122197896015,22.21357994133502,-25.51110105745179,54.24,-0.071
SI,2.92,5.54,"Rodríguez, Joely",570257,called_strike,L,2,0,1.49,0.56,-0.25,1.59,-10.806494074912951,-128.47584390391617,-4.711729492416877,18.79075478231949,26.57474326429643,-25.09288912832808,54.24,-0.028
SI,2.96,5.58,"Rodríguez, Joely",570257,ball,L,1,0,1.44,0.54,-0.41,1.44,-11.196453929009628,-128.10596676210267,-5.080802795362232,18.25064531431784,27.113989249713946,-25.29650164215507,54.11,0.024
ST,3.04,5.53,"Rodríguez, Joely",570257,ball,L,0,0,-0.7,0.04,-0.82,0.88,-7.00908951909715,-114.18465147833872,-3.2372504500542787,-4.775184118030872,21.972030033112247,-31.450629825615152,54.52,0.021
SI,2.99,5.63,"Rodríguez, Joely",570257,hit_into_play,L,0,0,1.48,0.75,1.03,3.1,-7.949073638434444,-129.42858461672608,-1.7567006578822182,18.26066169347706,26.107738519873944,-23.578087835574312,53.83,0.304
CH,2.98,5.36,"Rodríguez, Joely",570257,hit_into_play,R,1,2,1.06,0.33,1.1,2.7,-6.457104809554285,-122.09519123861452,-0.4109060119644666,11.864072418242872,23.26209401475126,-29.02446758473094,54.11,-0.038
SI,2.79,5.67,"Rodríguez, Joely",570257,foul,R,1,1,1.32,0.84,-0.69,1.88,-11.254054345067775,-127.781490404967,-4.863603752789004,16.730159557033847,25.0294551451064,-22.14667459473994,53.84,-0.137
CH,2.92,5.68,"Rodríguez, Joely",570257,swinging_strike,R,1,0,0.91,0.5,0.47,1.28,-7.536691808471525,-123.1746757430868,-4.987186392614825,10.668693914824216,22.946064294687297,-26.273337972453813,54.02,-0.108
SI,2.82,5.72,"Rodríguez, Joely",570257,ball,R,0,0,1.35,1.01,-1.57,1.17,-13.70747863656224,-130.1509418571527,-7.452970778618587,18.03514361127596,24.78651788795585,-19.24349844463616,54.03,0.028
CH,3.04,5.43,"Rodríguez, Joely",570257,hit_into_play,L,0,2,0.86,-0.17,-0.23,1.61,-9.37052904607984,-123.08983961899222,-2.239971640910012,10.584994880997009,23.711091977913,-33.71316923515464,54.1,0.596
CH,2.93,5.72,"Rodríguez, Joely",570257,foul,L,0,1,1.18,0.3,1.12,2.32,-6.569305001404925,-123.48388264685384,-2.234922606714055,13.330057389642358,23.517176805719973,-28.845714608496653,54.4,-0.059
SI,2.87,5.77,"Rodríguez, Joely",570257,called_strike,L,0,0,1.49,0.86,0.44,2.61,-9.005449102960686,-128.85126566303958,-3.4607684898895315,18.452928669049207,25.3578193822284,-22.07879196793212,54.33,-0.042
SI,3.01,5.61,"Rodríguez, Joely",570257,hit_into_play,L,1,2,1.35,0.7,0.23,2.93,-9.546613395045322,-128.13395787997138,-1.8961942030652972,16.752049740138844,24.78160875805243,-24.231216362949645,54.06,0.313
CH,3.01,5.64,"Rodríguez, Joely",570257,foul,L,1,1,0.97,-0.11,-0.12,1.46,-9.21210687474846,-123.3439265273591,-3.201448909683319,11.696384962363116,24.472568229407138,-32.80146597731146,54.38,-0.04
ST,3.01,5.57,"Rodríguez, Joely",570257,ball,L,0,1,-0.97,0.53,-2.09,1.4,-9.445668104174048,-117.17625801534568,-3.517814308543273,-6.85969720441413,24.592486545418566,-26.810077148211416,54.38,0.017
SI,2.9,5.7,"Rodríguez, Joely",570257,called_strike,L,0,0,1.48,0.79,-0.37,2.68,-11.01628967764372,-128.53732818462947,-2.911189433140053,18.71394104312682,27.00464738033737,-23.032206298474584,54.26,-0.024
CH,2.92,5.69,"Rodríguez, Joely",570257,hit_into_play,R,1,1,0.98,0.32,-0.18,1.77,-9.141238691455415,-122.7077574432353,-3.356750767664003,11.74092928908766,24.5722046893289,-28.491807889325813,54.22,1.007
CH,3.02,5.66,"Rodríguez, Joely",570257,ball,R,0,1,1.11,0.3,0.85,1.18,-7.201508388466044,-122.56541337596664,-4.6103775216296725,12.650035992164051,23.77406516658065,-28.411133229582507,54.44,0.017
SI,2.94,5.71,"Rodríguez, Joely",570257,called_strike,R,0,0,1.62,0.74,-0.05,1.58,-10.626657355333297,-128.71667262440272,-5.530564146980904,20.180287641557666,26.148035390106315,-22.98293782737173,54.38,-0.024
CH,2.98,5.44,"Rodríguez, Joely",570257,swinging_strike,R,0,2,1.0,0.24,0.42,1.48,-7.949008315383981,-123.1219985330169,-3.388273644556506,11.703153951410483,23.79496092676758,-29.25526571637127,54.32,-0.149
CH,2.9,5.76,"Rodríguez, Joely",570257,foul,R,0,1,0.88,0.29,-0.25,2.19,-9.02622032819331,-122.465049042876,-2.473489801992478,10.678024241817198,23.940682665258624,-28.945164019538616,54.43,-0.047
CH,2.94,5.76,"Rodríguez, Joely",570257,foul_bunt,R,0,0,0.89,0.35,0.08,2.28,-8.350676364423991,-121.82266344637826,-2.3328837691458597,10.488411036166848,22.46620148420889,-28.416886485723083,54.36,-0.032
SI,3.13,5.48,"Rodríguez, Joely",570257,hit_into_play,R,2,2,1.48,0.57,-0.43,2.08,-11.969200994880833,-129.69426291853665,-3.610484460555145,19.112145283532755,25.797805977513583,-25.125182585555017,53.67,-0.55
CH,3.01,5.63,"Rodríguez, Joely",570257,blocked_ball,R,1,2,1.06,0.52,-0.92,0.32,-11.613297453494951,-126.31511272786062,-7.704975173480995,13.559035836236706,22.38638261403952,-25.25040834990636,54.06,0.06
CH,3.18,5.51,"Rodríguez, Joely",570257,foul,R,1,1,1.03,0.56,0.27,1.76,-8.997706904657433,-123.88109399014394,-3.601291785723476,12.449380387461748,26.71664090712544,-25.84395289843897,53.59,-0.065
SI,3.04,5.52,"Rodríguez, Joely",570257,ball,R,0,1,1.31,0.22,-1.08,2.42,-13.097846519573505,-130.80201975226035,-2.150293129645568,17.80326023238597,28.35193470077812,-29.420001287804123,53.73,0.028
CH,3.31,5.53,"Rodríguez, Joely",570257,swinging_strike,R,0,0,0.87,0.14,0.47,2.28,-8.429082500531376,-122.58091331726372,-1.4602469077398648,10.387893351954924,23.28169548029804,-30.685211580507776,53.59,-0.083
ST,3.42,5.43,"Rodríguez, Joely",570257,hit_into_play,R,1,1,-1.21,-0.28,-0.24,1.33,-5.832369333008878,-116.79144509976727,-1.8332424713070423,-9.98250337172652,21.83091724660333,-34.618508671936446,53.98,0.506
SI,3.11,5.41,"Rodríguez, Joely",570257,called_strike,R,1,0,1.24,0.55,0.42,2.8,-9.325298893102804,-129.8583204434578,-1.583942617693994,15.96364040205668,25.518974316811125,-25.824772930889736,53.66,-0.055
SI,3.15,5.3,"Rodríguez, Joely",570257,ball,R,0,0,1.46,0.7,-1.12,0.76,-13.821097123574352,-131.14934265814614,-6.920910506269254,19.679953372943725,27.10752781839248,-22.636371988036203,53.72,0.044
ST,3.33,5.37,"Rodríguez, Joely",570257,swinging_strike,R,2,2,-1.41,-0.16,-0.24,1.1,-5.190199697567524,-114.75519557551485,-2.1702326993078467,-11.362527861088996,22.36110268196657,-33.34127059135251,53.71,-0.36
ST,3.18,5.42,"Rodríguez, Joely",570257,ball,R,1,2,-1.48,-0.25,-1.5,1.21,-7.473309133052459,-114.69350491804482,-1.9329040662605648,-11.828049934892732,19.54598286414091,-34.23136523674496,53.86,0.077
ST,3.33,5.35,"Rodríguez, Joely",570257,foul,R,1,1,-1.11,0.07,-0.03,2.35,-5.458176948207694,-118.34755194425672,-0.2399793658800273,-9.418996859183588,22.07060419039243,-31.729608694993072,53.65,-0.078
SI,2.97,5.49,"Rodríguez, Joely",570257,ball,R,0,1,1.5,0.85,-1.22,2.42,-13.793733758446471,-131.6785092954834,-3.631291014790871,20.23545704999917,25.18979153212984,-21.67320263082262,53.65,0.057
ST,3.28,5.3,"Rodríguez, Joely",570257,swinging_strike,R,0,0,-1.14,-0.29,-1.44,0.7,-8.302693996693147,-116.07626073383064,-2.849917643602452,-8.748234705991063,22.105695489666363,-34.46028328429693,53.59,-0.064
CH,3.24,5.63,"Rodríguez, Joely",570257,hit_into_play,R,0,1,1.41,0.18,0.92,2.34,-8.235918721329035,-124.00374144272445,-1.7746988469008584,16.208467595520702,25.553432403221237,-30.11883208630268,54.4,0.442
SI,3.17,5.53,"Rodríguez, Joely",570257,called_strike,R,0,0,1.31,0.55,-0.27,3.09,-11.205175574867692,-128.79293832132893,-1.0783414516951637,16.851114863101852,24.95845772079788,-26.00488071035596,53.84,-0.032
CH,3.02,5.31,"Rodríguez, Joely",570257,hit_into_play,R,0,2,1.07,0.01,0.82,2.16,-7.500176217679924,-124.96815078756936,-1.2769982996205054,12.7041157876292,22.95280584052787,-32.039749428199855,53.43,-0.268
SI,2.95,5.7,"Rodríguez, Joely",570257,foul,R,0,2,1.54,0.88,-0.25,2.76,-11.201278114558356,-131.2578022899394,-3.2393454308532634,20.11211690262024,27.02987982590876,-21.466821178008114,54.31,0.0
CH,2.75,5.75,"Rodríguez, Joely",570257,foul,R,0,1,1.25,0.34,-0.32,1.45,-9.773246653007009,-124.94097181309296,-4.623210233804121,15.055918243406696,25.250462669832984,-27.85263693603835,54.3,-0.059
CH,3.06,5.74,"Rodríguez, Joely",570257,called_strike,R,0,0,1.27,0.2,0.65,2.14,-8.17781908818859,-123.44274561175968,-2.4711983028216427,14.583256906334569,25.022515035681785,-29.871432323403795,54.11,-0.042
SI,2.95,5.68,"Rodríguez, Joely",570257,called_strike,L,2,2,1.52,0.79,-0.25,1.83,-11.161552187462934,-131.44030398736828,-5.322205218533954,20.021667031151605,28.198449970739315,-21.98308303446196,54.46,-0.36
CH,2.84,5.77,"Rodríguez, Joely",570257,ball,L,1,2,0.93,0.58,-0.89,1.77,-10.619356669906738,-123.14982943834744,-4.154483871290487,11.663411387430417,25.23557747159984,-25.58475172618631,53.97,0.077
CH,3.17,5.39,"Rodríguez, Joely",570257,foul,L,1,2,0.99,0.77,0.61,2.56,-8.136122008137413,-124.74738519948102,-1.937488071886376,12.051419143504358,27.39826108112055,-24.01470371026515,53.65,0.0
SI,3.04,5.86,"Rodríguez, Joely",570257,foul,L,1,2,1.47,0.94,0.25,3.39,-10.040398428713312,-131.31454415842703,-2.170316906356768,19.209748517704146,29.404977462087764,-21.00495539447648,54.35,0.0
ST,3.07,5.65,"Rodríguez, Joely",570257,blocked_ball,L,0,2,-1.14,0.25,-1.78,0.39,-8.639904260454166,-117.85009457241246,-5.463545998266573,-8.56377354170884,26.37510838395772,-28.87464204113675,54.25,0.053
CH,3.07,5.75,"Rodríguez, Joely",570257,called_strike,L,0,1,1.31,0.54,-0.09,2.01,-10.1479505793988,-125.70473137579428,-3.754938577958978,16.02201243742256,26.60696579079077,-25.901306768380564,54.39,-0.075
SI,2.76,5.8,"Rodríguez, Joely",570257,called_strike,L,0,0,1.53,0.98,0.35,1.86,-8.989243939438685,-128.0471589299282,-5.457598647393474,18.714250411835124,28.22375156074451,-20.36794542622061,54.4,-0.064
SI,2.9,5.76,"Rodríguez, Joely",570257,hit_into_play,L,3,2,1.61,0.96,0.26,2.56,-9.919015555958511,-130.61043244458529,-3.943448292192519,20.552729950677,28.96885380639033,-20.48041294320912,54.3,0.373
ST,2.88,5.58,"Rodríguez, Joely",570257,ball,L,2,2,-0.6,0.02,-2.75,-0.17,-11.57619423966692,-118.7155294422425,-6.435162268794684,-3.470661574181015,22.360128575046456,-30.914105513609275,53.92,0.093
CH,3.01,5.76,"Rodríguez, Joely",570257,ball,L,1,2,1.23,0.15,0.12,1.13,-9.312558061075274,-125.08896516793776,-5.038068792007588,14.757899423596037,24.526318614058347,-29.7343537118907,54.39,0.036
CH,2.94,5.66,"Rodríguez, Joely",570257,ball,L,0,2,0.7,0.49,0.3,3.81,-7.590778108440572,-124.0174725808124,0.9195150631230268,8.684272577577197,22.18824293842441,-27.49275764443688,54.35,0.019
SI,2.88,5.78,"Rodríguez, Joely",570257,called_strike,L,0,1,1.5,0.85,-0.17,3.48,-10.67603938937893,-130.47763708937103,-1.5371416317480584,19.29396738382556,26.01874228354337,-22.259894933703,54.4,-0.047
ST,3.0,5.58,"Rodríguez, Joely",570257,swinging_strike,L,0,0,-0.83,0.49,-0.81,1.78,-6.850644436547889,-116.95181058896848,-2.609719910755878,-6.207207705011292,23.34329585825773,-27.4242601583743,54.45,-0.032
SI,3.39,5.49,"Rodríguez, Joely",570257,hit_into_play,R,3,1,1.4,0.24,0.93,2.21,-8.87021018916542,-128.0220905696376,-2.363648984400092,17.21978175091816,25.77189005141801,-29.20866159476912,54.18,-0.375
ST,3.53,5.41,"Rodríguez, Joely",570257,ball,R,2,1,-1.06,0.24,-1.03,1.05,-8.026340756021822,-116.18987227878463,-3.394261344039017,-8.322931738894587,19.460738140906106,-29.615630779239837,54.26,0.108
CH,3.26,5.51,"Rodríguez, Joely",570257,ball,R,1,1,0.93,0.41,-0.54,0.9,-10.85436374203227,-123.9199781799838,-5.459551980365353,11.528090575319736,20.983067037199785,-27.099816977261387,53.9,0.05
CH,3.42,5.61,"Rodríguez, Joely",570257,ball,R,0,1,1.0,0.33,-0.4,1.31,-10.875041692202576,-123.12899080317692,-4.3792951012903645,12.31782211866874,23.502034021594973,-28.120163999236365,54.28,0.021
ST,3.45,5.52,"Rodríguez, Joely",570257,called_strike,R,0,0,-1.16,0.48,0.29,3.05,-4.572919050997263,-112.10309908752366,0.8621807304067333,-8.866457193524905,21.59256851956549,-28.51303984976833,54.59,-0.032
CH,3.38,5.61,"Rodríguez, Joely",570257,swinging_strike,L,3,2,1.1,0.39,0.3,1.96,-9.571883425107805,-125.44139679326504,-3.280322435763265,13.46168451831225,24.08968616756311,-27.5354437467715,54.06,-0.348
ST,3.67,5.42,"Rodríguez, Joely",570257,foul,L,3,2,-1.5,0.2,-0.05,2.15,-5.291342346245818,-113.90933561207248,-0.5552312573319429,-12.074851538591716,21.303964805808697,-30.52526170425764,53.81,0.0
ST,3.47,5.46,"Rodríguez, Joely",570257,called_strike,L,3,1,-1.31,-0.1,-0.18,2.94,-5.400302536436544,-112.90582566020028,1.6541735859044504,-10.362439630645367,18.59997765417589,-33.509624718991496,54.38,-0.053
ST,3.46,5.53,"Rodríguez, Joely",570257,ball,L,2,1,-1.51,0.03,-0.97,1.21,-6.737139440323287,-113.42995978585482,-2.3711690390365625,-11.587995305148034,22.456945345791645,-31.706859766266312,54.2,0.046
CH,3.39,5.53,"Rodríguez, Joely",570257,called_strike,L,2,0,0.87,0.16,-0.34,2.26,-10.400543558867854,-122.57654468355884,-1.6270677500715447,10.671248166518966,21.278267405388547,-30.412764767923854,54.05,-0.028
ST,3.66,5.4,"Rodríguez, Joely",570257,ball,L,1,0,-1.24,0.54,0.94,1.78,-3.584480628865296,-113.39878503947,-1.843153060619967,-9.964592605806216,22.41508091789794,-27.395194182195628,53.47,0.024
ST,3.63,5.35,"Rodríguez, Joely",570257,ball,L,0,0,-1.33,0.23,1.25,3.16,-2.6736983490457,-113.03245317761768,1.769239552292773,-10.988450522475336,19.40936573159066,-30.66033209258065,54.03,0.021
ST,3.45,5.39,"Rodríguez, Joely",570257,hit_into_play,L,1,0,-1.05,0.23,-0.52,1.76,-6.765402465964954,-114.56021302829504,-1.5330409444200468,-8.139198532667645,19.67721077638273,-30.09889241314387,53.43,-0.414
ST,3.52,5.42,"Rodríguez, Joely",570257,ball,L,0,0,-1.01,0.48,-1.0,2.05,-8.08824191812955,-115.40893144044006,-1.4815213983995978,-7.502456339164051,21.767485975755744,-27.84997064021992,53.68,0.044
SI,2.88,5.61,"Rodríguez, Joely",570257,hit_into_play,L,0,1,1.4,0.53,0.28,2.85,-9.341852995394088,-129.76473778138686,-1.8462253116633771,17.74021667735897,27.573236310738405,-26.039519006206223,54.2,0.144
ST,3.18,5.58,"Rodríguez, Joely",570257,swinging_strike,L,0,0,-1.32,-0.02,0.82,2.44,-2.601979213010247,-111.88302061408793,0.4415625435865509,-10.446653129887856,22.82675395682012,-32.64543301824561,54.37,-0.015
CH,2.74,5.75,"Rodríguez, Joely",570257,hit_into_play,R,2,2,0.69,0.43,-0.77,2.59,-9.521253349343093,-122.58420687512536,-1.9701860081552292,8.478491483427327,17.84935971598851,-27.620760489022672,54.2,-0.142
SI,2.78,5.69,"Rodríguez, Joely",570257,ball,R,1,2,1.28,0.38,-1.71,2.96,-13.787391556825566,-130.56729186222043,-1.5870202270802705,17.460631927910846,26.934141393378475,-27.67356932151872,54.25,0.026
ST,3.02,5.47,"Rodríguez, Joely",570257,swinging_strike,R,1,1,-1.25,-0.41,-1.04,0.96,-6.4527597179181,-114.45605903076792,-2.153776218747202,-9.741697173682722,21.95032172728985,-35.60613952378262,54.35,-0.04
SI,2.77,5.74,"Rodríguez, Joely",570257,ball,R,0,1,1.42,0.53,-1.35,3.06,-13.145720302246978,-129.9756665840633,-1.6532542775581491,18.9386593624104,29.217058312851137,-26.089764381371285,54.16,0.017
CH,2.94,5.75,"Rodríguez, Joely",570257,swinging_strike,R,0,0,0.95,0.53,0.78,2.47,-6.946567125504962,-123.95043419773025,-2.453519221495432,11.16271393324667,25.16930824219612,-26.464722827013524,54.3,-0.024
SI,2.83,5.59,"Rodríguez, Joely",570257,hit_into_play,L,2,2,1.35,0.42,-0.63,2.01,-11.424366127001743,-130.27235477835285,-3.800359621270864,17.72775168762294,25.374292309992263,-26.754047319788423,54.11,-0.204
ST,2.87,5.62,"Rodríguez, Joely",570257,ball,L,1,2,-1.18,-0.45,-1.25,0.76,-6.7746686145018105,-115.10979023683556,-2.8373844823673844,-8.870457816876305,25.03084515928717,-35.75820303807193,54.32,0.036
ST,3.12,5.52,"Rodríguez, Joely",570257,foul,L,1,1,-1.58,-0.04,-0.24,1.57,-4.212817074297305,-111.51835059668625,-1.1456422825758166,-12.166243911560937,23.481574182470435,-32.50822285753597,54.43,-0.049
SI,2.78,5.69,"Rodríguez, Joely",570257,ball,L,0,1,1.28,0.7,-0.52,4.31,-10.831843733433306,-129.9118631970833,1.1194892949451916,16.712355517837135,25.378837483661663,-24.640058733268624,54.18,0.021
SI,3.11,5.74,"Rodríguez, Joely",570257,foul,L,0,0,1.52,0.42,1.29,3.16,-7.6112228045074435,-129.16698605620996,-1.1010092380488072,18.633844248809687,28.592235183325965,-27.45763464123787,54.43,-0.032
SI,2.67,5.45,"Rodríguez, Joely",570257,ball,R,3,2,1.28,0.35,-0.72,1.23,-11.09413086139586,-130.00660376468613,-5.189742442100696,16.784181988536574,25.235977290722523,-27.30605713520639,54.05,0.184
SI,2.68,5.46,"Rodríguez, Joely",570257,ball,R,2,2,1.42,0.39,-0.92,1.74,-11.90252434799918,-130.150270317971,-4.063850963570051,18.530323261741653,24.51310117451902,-27.08707422554797,54.06,0.071
SI,2.78,5.42,"Rodríguez, Joely",570257,ball,R,1,2,1.44,0.38,-0.48,3.27,-11.131609417430958,-130.97629845895588,-0.1726613308095267,18.89553452028896,26.984368313619797,-27.99312566031171,54.15,0.03
CH,2.85,5.24,"Rodríguez, Joely",570257,foul,R,1,2,1.1,-0.02,0.17,1.72,-8.597542836630815,-125.08069618011211,-2.1020127189347138,13.209778956391588,23.095568925040208,-32.19895200902238,54.07,0.0
SI,2.71,5.59,"Rodríguez, Joely",570257,called_strike,R,1,1,1.38,0.58,-0.1,1.66,-9.785567629306524,-129.34630563972598,-4.883629316188222,17.409842892145097,23.75507461346468,-24.84138615527459,54.14,-0.048
SI,2.74,5.49,"Rodríguez, Joely",570257,called_strike,R,1,0,1.1,0.41,0.06,2.04,-8.859667959998843,-128.9823338126054,-3.3301568265347194,13.97734327328891,22.40235590740628,-27.070368318358703,54.15,-0.039
SI,2.71,5.61,"Rodríguez, Joely",570257,ball,R,0,0,1.19,0.48,0.37,3.7,-8.178242439151314,-128.68882738211374,0.3784301563359652,14.839246472096557,24.020709322709543,-27.123969649450164,54.27,0.027
SI,2.82,5.51,"Rodríguez, Joely",570257,hit_into_play,L,0,0,1.16,0.42,0.26,3.06,-8.701505649843421,-129.61586733923392,-0.9258595542283128,14.775531420192534,24.42334899036019,-27.36597505096915,54.25,-0.298
SI,2.63,5.62,"Rodríguez, Joely",570257,hit_into_play,R,1,2,1.05,0.52,-0.74,2.99,-10.471888727801064,-129.104328107701,-1.5485371033408046,13.794704852432176,23.22601175733364,-26.222560463214016,54.09,-0.29
CH,2.75,5.21,"Rodríguez, Joely",570257,foul,R,1,2,0.86,-0.11,-0.44,1.39,-9.25288975283133,-123.86318167734926,-2.5067869861301983,10.596811308472228,22.446455606044136,-33.03560071891327,53.93,0.0
CH,2.58,5.68,"Rodríguez, Joely",570257,foul,R,1,1,0.89,0.3,0.07,2.87,-7.59596092495054,-122.2800229006318,-0.7876055200107613,10.293589097514,21.358015236667367,-29.161167692606448,54.03,-0.078
SI,2.44,5.63,"Rodríguez, Joely",570257,called_strike,R,1,0,1.34,0.3,-0.78,2.02,-10.643985777192334,-128.3906508520897,-3.391114021499728,16.859030440495474,23.33249401917163,-28.372540799437736,54.03,-0.075
SI,2.61,5.77,"Rodríguez, Joely",570257,ball,R,0,0,1.34,0.4,1.39,4.07,-5.755687524591194,-128.48688085557075,1.0691606400795943,16.076929028513277,24.7124785462465,-28.13705120020798,54.27,0.067
SI,2.8,5.57,"Rodríguez, Joely",570257,hit_into_play,L,0,2,1.63,0.59,0.21,3.23,-10.019963288350755,-133.3413190371584,-1.340709008615076,21.543572808282267,28.09797817179427,-25.004787776748923,54.32,1.082
SI,2.86,5.51,"Rodríguez, Joely",570257,swinging_strike,L,0,1,1.67,0.51,0.65,2.98,-9.248844690552517,-133.85232519274354,-1.7134578590188867,22.09207095405656,27.610856667895,-25.88072915860903,54.15,-0.181
SI,2.74,5.59,"Rodríguez, Joely",570257,called_strike,L,0,0,1.5,0.69,-0.33,2.99,-10.952273004856144,-132.8644190790723,-2.189725844458281,20.09767492671097,26.32972109070121,-23.65898771595056,54.27,-0.101
CH,2.8,5.67,"Rodríguez, Joely",570257,hit_into_play,L,2,2,0.96,0.33,-0.59,2.25,-10.148414366067785,-126.88934019868496,-2.7763059103613594,12.43532248127177,24.671153740012453,-28.26330330735033,54.12,0.522
SI,2.87,5.52,"Rodríguez, Joely",570257,foul,L,2,1,1.61,0.39,-0.08,2.29,-10.851995048606412,-132.30392540317416,-3.025559946573763,21.190271210465628,27.821569523688076,-27.15202966738675,54.07,-0.074
CH,2.97,5.59,"Rodríguez, Joely",570257,swinging_strike,L,2,0,0.96,0.15,1.28,2.3,-6.01922629662727,-126.27430425373456,-2.02652252255242,11.42935207811669,24.041150378930475,-30.38099528635672,54.18,-0.064
SI,2.72,5.65,"Rodríguez, Joely",570257,ball,L,1,0,1.49,0.48,-1.08,2.27,-12.567554583121613,-130.69833326173986,-3.423015929337458,19.651117634840634,26.84195968439771,-26.065118305926912,54.18,0.066
ST,3.03,5.58,"Rodríguez, Joely",570257,ball,L,0,0,-1.02,-0.17,-1.26,1.74,-7.542119709668122,-116.90263549531686,-1.456041954745585,-7.788588100186502,23.29188012532469,-33.662060141426736,54.33,0.044
CH,2.79,5.66,"Rodríguez, Joely",570257,hit_into_play,R,1,1,1.15,0.33,0.83,2.57,-7.005426329301016,-125.47978097175532,-1.7385927644338857,13.631546853043108,26.48530844615272,-28.59515016500838,54.25,-0.368
CH,2.92,5.62,"Rodríguez, Joely",570257,foul,R,1,0,0.94,0.08,0.42,1.87,-7.6641567554084595,-122.50664721936565,-2.5020418294232503,10.984081252431393,23.15565120182531,-31.08599760739623,54.22,-0.075
SI,2.86,5.65,"Rodríguez, Joely",570257,ball,R,0,0,1.51,0.42,0.7,3.69,-8.562977757953862,-131.0002049056332,0.1924278034974043,19.195645834134915,26.90525983578333,-27.58553319498538,54.3,0.067
SI,2.91,5.64,"Rodríguez, Joely",570257,hit_into_play,L,2,2,1.52,0.5,0.05,3.22,-10.274579852122455,-130.7742912627262,-1.1063102946763623,19.57393362211217,26.215288464325376,-26.3399343744074,54.35,0.725
SI,2.85,5.52,"Rodríguez, Joely",570257,called_strike,L,2,1,1.49,0.54,-0.64,2.04,-11.767013282152885,-130.51658722631993,-3.802382179178172,19.485591916775217,25.82650848695408,-25.36610485852253,54.3,-0.074
SI,2.8,5.61,"Rodríguez, Joely",570257,called_strike,L,2,0,1.44,0.75,-0.25,3.24,-10.59845768975044,-130.74919883610113,-1.5001565059222122,18.67626942070559,25.84540173029075,-23.43953667735549,54.3,-0.068
ST,3.08,5.44,"Rodríguez, Joely",570257,ball,L,1,0,-1.33,0.35,-0.97,1.91,-6.238192542099519,-113.63943407598669,-1.2808621999758647,-10.148680267756085,23.06579541029292,-29.17002685952358,54.5,0.06
ST,3.05,5.56,"Rodríguez, Joely",570257,ball,L,0,0,-1.33,0.03,0.56,3.84,-2.8691239473189003,-113.14344334415924,3.1893818729065235,-10.817464540562137,21.92116674160812,-32.77662406235873,54.58,0.06
SI,2.97,5.45,"Rodríguez, Joely",570257,called_strike,L,2,2,1.38,0.39,-0.21,2.01,-10.79823850867483,-130.69723458370513,-3.4175975672065104,18.01511537230128,25.406973713495155,-27.134094772672984,54.18,-0.088
CH,3.04,5.62,"Rodríguez, Joely",570257,called_strike,L,2,1,0.9,0.15,-0.21,2.12,-9.410605050660218,-123.7438871319072,-2.212521513248745,11.110223891399436,23.510790129786614,-30.416986842673627,54.26,-0.031
CH,2.97,5.52,"Rodríguez, Joely",570257,called_strike,L,2,0,0.51,0.44,-0.67,1.61,-9.503930155970547,-123.09832439346776,-3.686270324449831,7.027372434882096,22.966825202088977,-27.18008750573277,54.16,-0.022
ST,3.08,5.45,"Rodríguez, Joely",570257,ball,L,1,0,-0.82,-0.39,1.28,2.67,-2.3365423757731523,-112.493142298495,1.7067669830246612,-6.538094873796789,20.286108105545388,-35.998595265772366,54.47,0.026
ST,3.11,5.5,"Rodríguez, Joely",570257,ball,L,0,0,-0.69,-0.39,1.29,2.99,-2.62681816424536,-114.4877338415234,2.087909693942584,-5.6241610961442845,21.16439480908632,-36.20913466753438,54.61,0.016
ST,3.11,5.39,"Rodríguez, Joely",570257,swinging_strike,R,2,2,-0.88,0.05,-0.56,1.54,-6.51876722389574,-117.98952602873402,-2.0631929655927945,-6.893590992746616,23.463912691049487,-31.504207659777865,54.4,-0.142
CH,3.01,5.53,"Rodríguez, Joely",570257,foul,R,2,2,0.9,0.11,1.04,1.65,-6.409559294838172,-123.67346003363028,-2.9673579701893056,10.51087053360094,24.91926901091652,-30.65597147606104,54.36,0.0
ST,3.06,5.38,"Rodríguez, Joely",570257,ball,R,1,2,-0.55,-0.62,1.93,1.51,-1.4356970057996792,-114.7492270233927,-0.4211800128486611,-4.5142419778148,22.587586624268905,-37.740100888128005,54.49,0.026
CH,2.83,5.59,"Rodríguez, Joely",570257,foul,R,1,1,0.86,0.23,-0.34,1.54,-9.235275361673748,-125.22035688304982,-3.862920436979944,10.833326939466014,24.11924301093029,-29.189662570467945,54.37,-0.04
SI,2.97,5.47,"Rodríguez, Joely",570257,foul,R,1,0,1.64,0.5,0.44,2.39,-9.663699605678232,-130.22918880246309,-2.661761929338444,20.63959606799147,27.01887560106741,-26.097360863668897,54.35,-0.031
CH,3.03,5.52,"Rodríguez, Joely",570257,ball,R,0,0,0.89,0.56,0.23,0.94,-8.337203131982445,-123.80544005434656,-5.564340097304124,10.845612300590004,24.686602074227377,-25.44723274423961,54.31,0.024
CH,3.1,5.28,"Rodríguez, Joely",570257,hit_into_play,R,0,2,0.82,0.32,0.36,2.26,-8.172328836709735,-125.26194798776824,-1.5557265232167414,10.284027805309806,25.967524343126698,-28.688881954124646,54.22,-0.149
ST,3.0,5.45,"Rodríguez, Joely",570257,foul,R,0,1,-1.09,-0.15,-1.04,1.24,-6.807187267820841,-116.01795144678064,-2.2086129197451028,-8.528516799219295,22.291097649517965,-33.302941827124165,54.31,-0.047
ST,3.03,5.53,"Rodríguez, Joely",570257,swinging_strike,R,0,0,-0.66,-0.28,-0.92,0.64,-7.488478176049915,-117.51675265687857,-3.6429984314850232,-4.5618637863054055,24.093820848573618,-34.24171684331415,54.51,-0.032
SI,2.81,5.49,"Rodríguez, Joely",570257,hit_into_play,R,1,2,1.53,0.39,0.03,2.04,-10.13775001437881,-130.78573450051238,-3.384246234132383,19.71089432378294,27.658460041386537,-27.180067579358063,54.28,1.656
CH,2.87,5.62,"Rodríguez, Joely",570257,blocked_ball,R,0,2,0.97,0.34,-0.1,0.48,-8.941911836128023,-124.47704884001286,-6.5891456111663045,11.778700305706668,22.766780306238807,-27.55580593188598,54.2,0.053
CH,2.87,5.62,"Rodríguez, Joely",570257,called_strike,R,0,1,0.72,0.49,-0.07,2.24,-8.338334137961184,-123.9526451191202,-2.6709726172162718,9.010622993499354,22.10289705252993,-26.74366263995436,54.29,-0.075
SI,3.09,5.49,"Rodríguez, Joely",570257,called_strike,R,0,0,1.54,0.54,0.82,2.73,-8.895644516847298,-131.0317473881225,-2.043016041793357,19.61934594448286,26.26719020771651,-25.755122234395422,54.35,-0.064
