pitch_type,release_pos_x,release_pos_z,player_name,pitcher,description,stand,balls,strikes,pfx_x,pfx_z,plate_x,plate_z,vx0,vy0,vz0,ax,ay,az,release_pos_y,delta_run_exp
ST,-1.71,5.5,"Sims, Lucas",608371,hit_into_play,R,2,1,1.72,0.5,-0.5,2.54,-0.5707236137051064,-119.89891967550376,-1.1758810941754807,16.724718753483206,23.202597322871647,-27.34023784252018,54.8,-0.354
ST,-1.5,5.54,"Sims, Lucas",608371,called_strike,R,2,0,1.68,0.55,0.81,2.6,2.00142162726109,-122.04029945485678,-1.4890954975362345,16.48964661532205,23.333992385541123,-26.5602035384155,54.68,-0.028
ST,-1.55,5.48,"Sims, Lucas",608371,ball,R,1,0,1.5,0.28,2.17,0.65,5.709269045323567,-124.63065109925203,-5.683640992839895,14.54880088237018,24.354932863061943,-28.280563730569995,54.68,0.024
FC,-1.35,5.57,"Sims, Lucas",608371,ball,R,0,0,0.15,0.95,1.6,0.59,7.125382624812128,-133.88471022512255,-8.8356775707383,0.3543117959159709,26.76532613562597,-19.059030046363056,54.58,0.021
ST,-1.29,5.46,"Sims, Lucas",608371,swinging_strike_blocked,R,0,2,1.55,-0.15,1.74,0.63,3.918209856015277,-122.75637688917946,-4.482885049936415,14.733738918437776,26.606310238573204,-32.96029958086619,54.77,-0.061
ST,-1.22,5.59,"Sims, Lucas",608371,foul,R,0,1,1.65,0.18,0.92,2.44,1.6826651535918815,-122.4827460305921,-1.2261340452717298,16.069462729909855,26.683995659748906,-30.318623883150813,54.98,-0.024
ST,-1.28,5.61,"Sims, Lucas",608371,called_strike,R,0,0,1.46,-0.04,0.1,2.6,0.3130387145258227,-122.50154072437832,-0.5018217845133399,14.528914438587211,25.710253109943253,-32.66626894395027,54.9,-0.015
ST,-1.3,5.63,"Sims, Lucas",608371,hit_into_play,L,0,2,1.34,-0.07,0.42,2.95,1.306007617231509,-122.62871148196956,0.3072204632397235,13.224737248966903,25.606670509181345,-33.2048823830126,55.0,-0.104
FF,-1.18,5.68,"Sims, Lucas",608371,foul,L,0,1,-0.47,1.59,-0.28,2.65,3.3391909193785243,-137.35781122543196,-5.69351691584734,-6.657368068208821,29.44939841085814,-10.951295226807176,54.82,-0.035
CU,-1.03,5.83,"Sims, Lucas",608371,called_strike,L,0,0,1.12,-1.35,-0.34,2.75,-0.5758523728807035,-113.17462653325596,2.8311790685729807,9.698047170554384,23.12683283600514,-44.5214391015078,54.7,-0.024
ST,-1.35,5.57,"Sims, Lucas",608371,hit_into_play,R,1,1,1.71,0.52,1.37,2.14,2.898847646916586,-122.7944602404504,-2.5930617627869594,16.571648035028588,26.18573565484568,-26.580377218351508,54.87,-0.216
ST,-1.44,5.64,"Sims, Lucas",608371,ball,R,0,1,1.75,0.57,0.66,1.53,1.4193633749733756,-122.64840344854214,-4.239384135899491,17.26086489554819,25.5016367632746,-25.827113923588005,54.78,0.021
FC,-1.27,5.68,"Sims, Lucas",608371,swinging_strike,R,0,0,0.42,1.22,0.68,1.75,4.004211838422653,-133.0222555793136,-6.63788111732374,4.162902614919856,27.321671188413383,-16.41551951593346,54.52,-0.032
ST,-1.23,5.63,"Sims, Lucas",608371,hit_into_play,R,1,2,1.91,0.26,1.37,2.51,2.1934986498705564,-121.6847746022644,-1.2273932994257222,18.33847890107153,26.592036709954183,-29.562239998010757,54.94,-0.169
ST,-1.13,5.68,"Sims, Lucas",608371,swinging_strike,R,1,1,1.79,0.51,0.93,2.18,1.1944022871813411,-120.93708431292956,-2.4842920579598786,17.244765899506223,25.300734759592338,-26.916509873229167,54.8,-0.048
ST,-1.43,5.55,"Sims, Lucas",608371,called_strike,R,1,0,1.49,0.37,0.98,1.92,2.6038185703811205,-122.76758417241928,-2.770815577368552,14.507994474941803,24.965262906528363,-28.14426678502137,55.13,-0.039
ST,-1.43,5.72,"Sims, Lucas",608371,ball,R,0,0,1.69,0.63,1.16,2.88,2.618468863396613,-121.3273271130587,-1.30579058392925,16.06240094320991,25.152900747574268,-25.918619626073465,54.9,0.027
FC,-0.94,5.57,"Sims, Lucas",608371,hit_into_play,R,1,0,0.32,1.0,0.11,3.16,1.9361119290847304,-132.3127772619851,-2.3580074314454893,3.436298021277812,23.85537713456866,-20.021406466281174,54.67,-0.863
ST,-1.01,5.55,"Sims, Lucas",608371,ball,R,0,0,1.46,0.15,-0.12,4.11,-0.828861714539467,-123.17949070022284,2.6267115901804514,15.051488983254146,24.004357324244936,-31.336911590785263,54.83,0.086
ST,-1.18,5.53,"Sims, Lucas",608371,ball,L,3,1,1.35,-0.09,-1.07,3.09,-2.3629994871437634,-122.16178395450125,0.8609224421709367,13.978853083910709,23.142108227288432,-33.430428504604464,54.92,0.158
ST,-1.16,5.46,"Sims, Lucas",608371,ball,L,2,1,1.51,-0.01,0.47,1.61,0.7842883135630041,-122.94737749025894,-2.5476141902495275,15.086879374881876,25.302712404394143,-31.98352831044328,55.0,0.157
CU,-0.76,5.69,"Sims, Lucas",608371,ball,L,1,1,1.02,-1.19,1.4,2.09,2.865510416453602,-118.04962556243572,0.8647199244801858,8.91191598672312,24.06098378665173,-43.66633445870153,54.68,0.028
FC,-1.15,5.52,"Sims, Lucas",608371,foul,L,1,0,0.5,0.66,-0.03,2.4,1.72184493239277,-132.4947203237698,-3.40911015584621,5.652406561553676,23.686853203313884,-23.9004197152639,54.85,-0.081
CU,-0.98,5.69,"Sims, Lucas",608371,ball,L,0,0,1.14,-1.06,0.88,1.93,1.9866497048589071,-119.05749310431952,0.1046838384087016,10.4919343305772,23.046984619940154,-42.44074835647629,54.85,0.056
FC,-1.28,5.54,"Sims, Lucas",608371,hit_into_play,R,0,0,0.17,1.01,0.29,2.28,3.4941061219207383,-129.96809077302817,-4.215978710552016,1.3501544910522514,21.134401754467348,-20.028452869205168,54.79,-0.255
