pitch_type,release_pos_x,release_pos_z,player_name,pitcher,description,stand,balls,strikes,pfx_x,pfx_z,plate_x,plate_z,vx0,vy0,vz0,ax,ay,az,release_pos_y,delta_run_exp
EP,2.01,6.25,"Smith, Dominic",642086,hit_into_play,R,2,0,-0.39,0.3,0.31,1.7,-1.7464171700659152,-69.6283284410757,4.754822146165122,-1.0576711060668762,8.408354581607297,-32.00688656038151,55.84,-0.142
EP,2.13,6.47,"Smith, Dominic",642086,ball,R,1,0,-0.21,0.11,1.67,4.77,-0.3634737253675266,-69.27293317160051,8.629257367926995,-0.6138935970200521,8.358530575320419,-33.09595555390646,56.11,0.026
EP,3.13,3.93,"Smith, Dominic",642086,ball,R,0,0,0.5,0.55,2.19,3.73,-2.013963206469488,-80.74155266293383,8.11288773892997,2.417483193261244,8.01757095928476,-30.711822370717307,56.01,0.016
EP,2.09,6.82,"Smith, Dominic",642086,hit_into_play,R,2,0,-0.03,0.83,-0.43,3.84,-3.1989970855356664,-70.16311074481797,5.809872040828314,0.2101462166937147,6.700485622929628,-30.167083521011964,56.01,-0.232
EP,2.15,6.32,"Smith, Dominic",642086,ball,R,1,0,0.69,0.22,-1.21,1.63,-5.077231099248807,-69.74413634189064,4.632028970580637,2.84731326429564,8.110412208125672,-32.27418144933487,55.66,0.045
EP,2.04,6.77,"Smith, Dominic",642086,ball,R,0,0,-0.33,0.41,-1.51,0.48,-3.656709180932409,-61.55113371663909,4.828037892044499,-0.4078934606150176,7.039157152499979,-31.965643422654967,56.55,0.024
EP,2.35,6.68,"Smith, Dominic",642086,hit_into_play,R,0,1,-0.16,0.56,-0.54,1.44,-3.247443393835927,-64.91303891640193,4.798648919076099,-0.061348761171382,7.539728095048894,-31.413153082618663,56.64,-0.196
EP,2.32,7.11,"Smith, Dominic",642086,called_strike,R,0,0,0.17,1.05,1.29,4.0,-1.080561470840694,-50.96021126206473,10.647749539565885,0.3836273353711687,3.7338274540865353,-31.31041594134856,56.74,-0.032
EP,2.3,6.34,"Smith, Dominic",642086,hit_into_play,L,0,0,-0.15,0.48,-0.55,2.57,-3.2966279861930667,-66.15678381670126,6.617631938372,0.0263592777710515,9.131716696498488,-32.0225478434058,56.07,-0.229
EP,2.24,7.52,"Smith, Dominic",642086,hit_into_play,L,0,0,-0.43,1.59,-0.74,3.44,-2.0611848919559264,-43.668850272336215,12.899023408543629,-0.3776891038122825,3.554715641563833,-31.48888522775056,56.7,0.129
EP,2.32,6.3,"Smith, Dominic",642086,hit_into_play,R,0,0,-0.38,-0.07,0.26,3.56,-2.2468136211508067,-70.53578183972074,7.494438928185735,-0.9143857626264784,10.22244899063872,-33.75978051371652,55.9,-0.163
EP,3.1,3.66,"Smith, Dominic",642086,hit_into_play,L,1,2,1.02,-0.43,0.58,2.87,-5.453398138537464,-87.84992739769234,7.890736679065887,6.0622472215224485,12.793908374824024,-35.826055280918204,56.06,-0.168
EP,2.47,6.25,"Smith, Dominic",642086,foul,L,1,1,1.04,0.28,0.97,2.74,-3.0845615801330712,-70.19025244353607,6.152008266246256,3.811675541591819,9.723041811459618,-32.3927309984886,55.82,-0.049
EP,2.25,6.7,"Smith, Dominic",642086,foul,L,1,0,0.63,1.51,0.11,3.01,-2.7875927957137265,-57.35169621311783,8.126347202357538,1.6983984784961537,6.770179909839274,-30.172695408541,56.5,-0.044
EP,2.55,7.02,"Smith, Dominic",642086,ball,L,0,0,-0.09,1.58,-0.11,4.96,-2.684036526762664,-57.30761806844894,9.670985851972418,0.0942926449381056,6.315609775581624,-30.0781601768852,56.44,0.032
