pitch_type,release_pos_x,release_pos_z,player_name,pitcher,description,stand,balls,strikes,pfx_x,pfx_z,plate_x,plate_z,vx0,vy0,vz0,ax,ay,az,release_pos_y,delta_run_exp
FS,-2.09,6.24,"Uwasawa, Naoyuki",683822,hit_into_play,R,2,2,-0.32,1.04,-1.41,3.26,2.221570756083967,-122.53250451605896,-2.614399361533966,-3.661095369743733,23.70193705578442,-21.35134137275902,54.23,-0.2
FF,-1.83,6.26,"Uwasawa, Naoyuki",683822,ball,R,1,2,-0.84,1.52,1.66,1.51,10.348507388035562,-129.18151261298553,-8.81840473228139,-11.501203248262364,26.67421100916778,-13.377934062902186,53.98,0.03
SL,-2.21,6.11,"Uwasawa, Naoyuki",683822,ball,R,0,2,0.72,-0.14,1.75,1.4,7.583916117054291,-119.64129764784172,-3.833426862771677,5.310768207190792,24.611493199822103,-32.883114497789805,54.2,0.026
FC,-2.04,6.17,"Uwasawa, Naoyuki",683822,foul,R,0,1,-0.04,0.95,-0.01,3.18,5.034000502270349,-128.52798630567946,-3.1798212925008995,-1.4908532267386354,26.531012359494014,-21.193057993725105,54.18,-0.045
FF,-1.89,6.35,"Uwasawa, Naoyuki",683822,foul,R,0,0,-0.9,1.59,-0.08,3.04,6.373025323103881,-130.5740203079056,-5.531526571759614,-11.623437669166655,28.075325174269384,-13.0375461017426,54.27,-0.042
FS,-2.2,6.29,"Uwasawa, Naoyuki",683822,hit_into_play,L,1,1,-1.1,0.4,-0.55,1.42,6.185862423801029,-126.13639795305886,-6.245229654622679,-12.953567623559222,25.102266228403867,-26.862754436489524,54.22,0.132
CU,-2.37,6.14,"Uwasawa, Naoyuki",683822,foul,L,1,0,1.08,-0.62,0.21,2.26,3.6181679122654775,-116.1159774555933,-0.5211943475782307,8.886057800844974,25.3664930545055,-37.87354014621426,54.42,-0.019
FC,-2.22,6.29,"Uwasawa, Naoyuki",683822,ball,L,0,0,-0.18,1.28,-1.26,3.43,2.707477993960981,-127.6963079108702,-3.4594090885172606,-2.5657798406850243,25.30527133359704,-17.610070607934542,54.24,0.016
FS,-2.16,6.34,"Uwasawa, Naoyuki",683822,hit_into_play,L,2,2,-0.98,0.86,-0.93,3.24,4.870552820099591,-124.52037106208893,-2.7821794421280064,-11.135975247238951,23.96533785172947,-22.891534856979888,54.23,-0.142
FF,-2.07,6.29,"Uwasawa, Naoyuki",683822,ball,L,1,2,-0.31,1.48,1.88,3.2,10.407406546561084,-130.30958438256107,-4.733082504283195,-5.821288975643237,28.56331179022189,-14.481093296748035,54.16,0.026
FS,-2.04,6.31,"Uwasawa, Naoyuki",683822,called_strike,L,1,1,-1.34,0.6,0.25,2.09,8.318619898083194,-127.78616770906832,-5.37161298256277,-16.391614540502385,25.718299804286683,-24.649252443550235,54.18,-0.04
FC,-2.2,6.18,"Uwasawa, Naoyuki",683822,ball,L,0,1,0.18,0.92,1.43,2.03,8.363689805184647,-126.71553197972476,-5.758014868646737,0.3440021564808442,23.656944734033917,-21.231078894953825,54.21,0.017
FF,-2.03,6.33,"Uwasawa, Naoyuki",683822,called_strike,L,0,0,-0.8,1.58,-0.81,2.0,4.7476555633605,-131.6525910546571,-8.183761252422611,-10.28432721067835,29.95755225755054,-12.179255024730274,54.3,-0.024
CU,-2.32,6.25,"Uwasawa, Naoyuki",683822,called_strike,R,2,2,0.92,-0.65,-0.39,2.89,2.551103844200626,-118.00148032315454,0.4249398229654375,7.916140120578252,25.56524032140336,-38.48626116821372,54.46,-0.204
FS,-1.92,6.43,"Uwasawa, Naoyuki",683822,called_strike,R,2,1,-1.07,1.07,-0.11,1.99,6.315734391599017,-122.8378557812723,-6.086767497201135,-12.099810685243794,23.7887773631409,-20.360493717442445,54.35,-0.063
FS,-1.88,6.32,"Uwasawa, Naoyuki",683822,ball,R,1,1,-1.27,0.48,0.09,0.1,7.071897066070727,-121.98909397647544,-8.968547660032241,-14.050244348133363,22.10540895795113,-25.81993108400895,54.21,0.05
FF,-1.79,6.45,"Uwasawa, Naoyuki",683822,ball,R,0,1,-0.65,1.46,1.03,4.08,8.286290641174798,-129.677656722544,-2.8661330960813043,-9.08372740727575,27.092918174142145,-15.255775310893744,54.28,0.021
FF,-1.89,6.46,"Uwasawa, Naoyuki",683822,foul,R,0,0,-0.84,1.73,-0.43,3.51,5.349551600339105,-129.80273953626127,-4.846678558049189,-10.666226611540694,27.655587922742285,-11.777940528808092,54.35,-0.032
FF,-1.8,6.33,"Uwasawa, Naoyuki",683822,called_strike,R,0,2,-0.86,1.39,0.45,2.12,7.324295612820402,-129.09520936247674,-7.25140298313422,-11.05798167935364,23.264113250877926,-15.248036231199796,54.17,-0.322
FS,-1.96,6.33,"Uwasawa, Naoyuki",683822,foul,R,0,2,-0.77,0.76,-0.9,1.38,4.053929147257288,-124.91881231468923,-7.035065121613414,-8.860525489669941,23.22269029009995,-23.00322156637049,54.26,0.0
FC,-1.93,6.24,"Uwasawa, Naoyuki",683822,foul,R,0,1,0.06,1.13,0.41,2.47,5.594843435031758,-129.52001166272132,-5.646439571863587,-0.2946293351828712,23.499253434939213,-18.45822431159173,54.31,-0.137
FS,-1.94,6.32,"Uwasawa, Naoyuki",683822,called_strike,R,0,0,-0.93,1.14,-0.82,2.11,4.569341811200627,-125.9395210287496,-6.186421138069039,-10.841747828973858,24.44583253814775,-18.98470758944072,54.22,-0.102
FC,-2.24,6.3,"Uwasawa, Naoyuki",683822,hit_into_play,L,1,0,-0.13,1.2,0.87,2.8,7.7799201428280975,-127.87021469899452,-4.851075362264012,-3.0329851644422363,26.014688183030007,-18.18809633280296,54.32,-0.445
FS,-2.0,6.27,"Uwasawa, Naoyuki",683822,blocked_ball,L,0,0,-0.96,0.99,0.52,0.1,7.688817281295176,-121.56616785004336,-9.816399216450538,-10.878984465479745,20.5182129971594,-20.6956651220828,54.2,0.03
FC,-2.1,6.24,"Uwasawa, Naoyuki",683822,hit_into_play,R,3,2,-0.32,1.41,0.37,2.81,6.679439085340976,-128.61821501918052,-5.190208388931591,-5.017326343274723,27.936604549079323,-15.636662423029062,54.36,1.77
FF,-2.12,6.27,"Uwasawa, Naoyuki",683822,ball,R,2,2,-0.3,1.66,0.08,1.1,5.97391554376954,-128.37884863124006,-9.94399369496712,-4.535524737973217,26.963144845861063,-11.952099381119565,54.19,0.344
FC,-2.11,6.29,"Uwasawa, Naoyuki",683822,foul,R,2,1,-0.23,1.5,-0.42,3.1,4.522202119842797,-127.02744966872406,-4.572858951666898,-3.4686009294806683,26.92494619524057,-15.23252059081126,54.43,-0.285
FS,-2.02,6.39,"Uwasawa, Naoyuki",683822,ball,R,1,1,-1.02,0.3,-1.13,4.37,4.006859066901778,-121.07668159219206,1.243499055791287,-10.777014046939462,23.87142276650359,-29.669945359814676,54.44,0.192
FS,-1.96,6.34,"Uwasawa, Naoyuki",683822,blocked_ball,R,0,1,-1.3,0.14,-0.66,0.66,5.658810286838219,-123.93849323727024,-7.303989583182135,-14.483672749501777,24.746019845752222,-29.402755702018,54.26,0.047
FS,-1.9,6.33,"Uwasawa, Naoyuki",683822,called_strike,R,0,0,-0.93,0.81,0.52,1.69,7.586619700407888,-125.02821186050129,-6.400505601082167,-11.193814711244224,23.54644074834726,-22.617930885430923,54.34,-0.121
FS,-2.07,6.3,"Uwasawa, Naoyuki",683822,ball,L,2,1,-0.94,0.93,0.01,0.93,6.811760015239623,-124.74605050855688,-8.298769353095109,-11.187542125845516,25.31951470503892,-20.917048645227787,54.23,0.325
FS,-2.06,6.32,"Uwasawa, Naoyuki",683822,ball,L,1,1,-0.89,0.99,0.04,0.92,6.837483844012263,-126.41329008955351,-8.78238769387339,-10.947311746844806,25.503270990651973,-19.9059822812355,54.3,0.192
FF,-2.19,6.24,"Uwasawa, Naoyuki",683822,ball,L,0,1,-0.81,1.5,-1.42,1.98,3.676641573756923,-132.38275656446484,-7.995086441119156,-10.357132589483443,27.77052796777756,-12.992755154836868,54.28,0.047
FS,-2.07,6.26,"Uwasawa, Naoyuki",683822,foul,L,0,0,-1.27,0.35,-0.28,2.35,6.904162757510253,-127.11554717234743,-3.9826012167144422,-15.17102941068642,26.137080391418248,-27.70711135886133,54.27,-0.121
FS,-1.99,6.34,"Uwasawa, Naoyuki",683822,hit_into_play,L,1,2,-0.91,0.17,-0.56,3.12,5.2503113851164604,-125.95638227334426,-1.8308463692356276,-10.704367013455387,25.144685806504963,-30.20926718065364,54.32,-0.404
FS,-2.08,6.24,"Uwasawa, Naoyuki",683822,ball,L,0,2,-1.15,-0.13,-1.49,1.1,3.772432497556285,-126.98259483794178,-5.917199310995401,-13.220459256970411,26.10717899193819,-32.5979019354878,54.29,-0.008
FS,-2.04,6.34,"Uwasawa, Naoyuki",683822,swinging_strike,L,0,1,-1.47,-0.02,-0.6,1.01,6.421650829018178,-126.1142433877294,-6.503070021343013,-16.973208622847267,25.25065009279638,-31.22634764011414,54.32,-0.121
FS,-2.04,6.36,"Uwasawa, Naoyuki",683822,swinging_strike,L,0,0,-0.64,0.15,-0.39,0.92,5.041812320306434,-121.91606232753234,-6.445157855339575,-7.384340656612604,23.34220777365972,-29.666092447761937,54.42,-0.098
FS,-1.96,6.39,"Uwasawa, Naoyuki",683822,ball,R,3,1,-1.09,-0.1,-1.74,2.2,2.6413124245166526,-122.06195792639912,-3.077107008637965,-11.382141663845914,23.43576414655739,-32.79383011295355,54.35,0.49
FF,-1.77,6.46,"Uwasawa, Naoyuki",683822,ball,R,2,1,-0.83,1.52,1.19,2.91,8.929136649037948,-128.59532837949172,-5.733860003997651,-11.108541598697949,27.095357326488447,-14.263797608800498,54.33,0.238
FS,-1.87,6.46,"Uwasawa, Naoyuki",683822,ball,R,1,1,-0.82,-0.17,0.23,0.93,6.436552388100014,-121.66064395027176,-5.966434129344974,-9.426795878912335,23.67361010584276,-32.89161922854002,54.35,0.129
FS,-1.82,6.44,"Uwasawa, Naoyuki",683822,ball,R,0,1,-0.8,0.24,-0.03,0.75,5.734143585327745,-122.3452420115972,-7.307436206260855,-9.12137986161083,22.58560932679324,-28.538141294506925,54.29,0.056
FS,-1.85,6.53,"Uwasawa, Naoyuki",683822,called_strike,R,0,0,-1.13,-0.03,-0.83,2.3,4.526506305899261,-121.52300273545454,-3.268935093819427,-12.03313935084567,22.03498606763912,-32.07722151917309,54.56,-0.093
FS,-1.95,6.08,"Uwasawa, Naoyuki",683822,hit_into_play,R,0,1,-0.64,0.19,0.51,2.52,7.047818721330992,-123.1216037703082,-2.3891089418357625,-7.862182941538567,22.11589679359568,-29.97790868758691,54.0,-0.085
FS,-2.0,6.19,"Uwasawa, Naoyuki",683822,foul,R,0,0,-1.26,0.12,-0.95,2.48,4.981325446669188,-122.91718421186924,-2.5674641743667044,-13.77518640150143,21.904929329931228,-30.685044240980663,54.07,-0.015
FS,-2.02,6.13,"Uwasawa, Naoyuki",683822,hit_into_play,R,1,2,-1.02,0.29,-0.17,1.54,6.515956156192276,-126.12031605485288,-5.444985564596035,-12.127904562039816,23.307274369348413,-28.246177589487395,53.92,-0.116
FS,-2.02,6.11,"Uwasawa, Naoyuki",683822,swinging_strike,R,1,1,-1.09,0.22,-0.17,1.11,6.6250870093811765,-125.4070359789934,-6.1199781958280175,-12.809120095442816,25.390203680849837,-28.78393769280896,54.02,-0.04
FF,-2.06,6.09,"Uwasawa, Naoyuki",683822,ball,R,0,1,-0.75,1.45,1.31,2.7,9.998017541740603,-130.5519136681071,-5.525658564079627,-10.665629047632857,26.75838185043471,-14.567011006849931,53.8,0.017
CU,-2.28,6.13,"Uwasawa, Naoyuki",683822,called_strike,R,0,0,0.77,-1.1,-0.79,3.16,1.7395662731256296,-111.12161991369834,2.7460066086025714,6.092978320074006,19.730945159653388,-41.98727444049626,54.42,-0.024
FS,-2.05,6.07,"Uwasawa, Naoyuki",683822,hit_into_play,L,0,1,-1.27,0.38,0.36,2.07,8.409702779164471,-126.31056371773164,-4.240032640775354,-15.224983961471288,22.93097146025059,-27.488419774789367,53.89,-0.196
FF,-2.3,6.06,"Uwasawa, Naoyuki",683822,called_strike,L,0,0,-0.69,1.39,-0.55,3.15,5.785244117191476,-130.7462882895628,-4.229615435711239,-9.058944552249288,25.06243472617804,-15.441928873317169,54.3,-0.032
FS,-2.01,6.07,"Uwasawa, Naoyuki",683822,swinging_strike,L,2,2,-1.05,0.42,-0.91,1.32,4.814428151610873,-127.00412382488008,-6.1904275900111045,-12.34789646742179,24.34563996136336,-26.61304118824404,54.07,-0.088
FS,-2.15,6.04,"Uwasawa, Naoyuki",683822,foul,L,2,2,-0.59,0.5,0.18,1.78,6.3172941476624045,-117.18242421235163,-3.773773060009499,-6.583920163137098,21.603158251429186,-27.01423737228481,53.95,0.0
CU,-2.27,6.04,"Uwasawa, Naoyuki",683822,ball,L,1,2,0.78,-1.35,-1.19,1.65,0.9056146223862248,-115.54476334395775,-0.2177013072242479,6.7042542234437015,24.4032639648751,-44.33961592819892,54.23,0.018
FF,-2.15,6.07,"Uwasawa, Naoyuki",683822,swinging_strike,L,1,1,-0.65,1.44,-0.72,2.74,5.063679504346798,-133.46814626491482,-5.660486523706773,-8.911248649829886,29.977363329668623,-14.007384233141796,54.02,-0.026
FS,-2.01,6.15,"Uwasawa, Naoyuki",683822,foul,L,1,0,-0.46,0.86,-0.59,2.66,4.170664233532134,-121.75197850794302,-3.3172257350588072,-5.3593901390901095,24.22466575695272,-23.22467491491023,54.12,-0.019
CU,-2.24,6.07,"Uwasawa, Naoyuki",683822,ball,L,0,0,1.0,-1.15,-0.26,3.78,2.365931352879878,-111.00793459972716,4.284383244183654,7.871871484279478,19.85158670745393,-42.68886604396835,54.38,0.016
FS,-1.91,6.18,"Uwasawa, Naoyuki",683822,hit_into_play,R,1,1,-0.93,0.17,-0.52,2.44,5.125670930750502,-123.9726188081437,-2.9407854469356978,-10.587836305615214,19.5958615961824,-30.06794654598261,54.09,-0.156
FS,-1.83,6.21,"Uwasawa, Naoyuki",683822,ball,R,0,1,-0.09,1.47,0.75,3.94,5.970740169486608,-118.61398957860236,-1.3133636393601251,-2.0128280667574567,23.63147109079741,-18.312515682190558,54.13,0.017
FF,-1.94,6.24,"Uwasawa, Naoyuki",683822,called_strike,R,0,0,-0.77,1.47,0.78,1.96,8.456175440146067,-131.37670275401086,-7.911260901756855,-10.671126729197852,26.505068773860785,-13.674232441042456,53.95,-0.024
FS,-1.99,6.25,"Uwasawa, Naoyuki",683822,hit_into_play,R,1,0,-0.68,0.5,-0.51,2.94,4.688880053635538,-119.77711468320636,-1.9513532527196435,-7.446714328634126,23.182247723240803,-27.218544443036336,54.12,-0.26
FS,-2.0,6.25,"Uwasawa, Naoyuki",683822,ball,R,0,0,-0.95,0.31,-0.69,3.83,4.8606387904274495,-120.56746661986708,0.3872490264562882,-10.242018372036526,24.473434346758555,-29.4935951146703,54.09,0.032
