pitch_type,release_pos_x,release_pos_z,player_name,pitcher,description,stand,balls,strikes,pfx_x,pfx_z,plate_x,plate_z,vx0,vy0,vz0,ax,ay,az,release_pos_y,delta_run_exp
CH,-1.26,5.26,"Whitlock, Garrett",676477,hit_into_play,L,1,1,-1.52,0.22,-0.33,2.45,5.195861008926216,-119.93910173582664,-0.304157997790594,-15.651242954269566,22.540850980619798,-30.18694861529232,53.02,-0.097
CH,-1.68,5.23,"Whitlock, Garrett",676477,ball,L,0,1,-1.52,0.27,1.13,0.68,9.57494921857278,-120.52092086436542,-4.528050763513903,-16.627807769295607,22.57758085826253,-28.845913277631084,53.12,0.011
SL,-1.55,5.7,"Whitlock, Garrett",676477,called_strike,L,0,0,0.08,-0.29,-0.06,3.26,3.332051143667754,-121.00103940158176,1.5081544591175104,0.0928025756725967,23.51881340954862,-35.57855007733918,53.09,-0.015
SI,-1.3,5.36,"Whitlock, Garrett",676477,hit_into_play,R,2,0,-1.42,0.53,0.21,1.99,7.082087410441986,-134.03041295187032,-3.9742349725260215,-18.61323714335792,28.53119736291058,-25.0668822524064,53.01,-0.232
SI,-1.41,5.39,"Whitlock, Garrett",676477,ball,R,1,0,-1.45,0.6,-0.11,1.22,6.616490726617318,-134.13604879387407,-6.211629208418512,-18.90241927048536,28.875198877359647,-23.74057791851368,52.96,0.045
ST,-1.37,5.53,"Whitlock, Garrett",676477,ball,R,0,0,1.09,-0.02,1.04,1.31,3.3396688556815937,-115.79293429291155,-2.5116258584704743,9.156880046004163,21.41019435401533,-32.072679150694725,52.84,0.024
FC,-1.36,5.43,"Whitlock, Garrett",676477,hit_into_play,L,1,2,0.1,0.57,0.28,2.67,3.720712393651132,-123.64877910147764,-1.2954250078704592,0.2965927458730934,23.976129913978312,-26.26854453467119,53.05,-0.168
SL,-1.21,5.69,"Whitlock, Garrett",676477,called_strike,L,1,1,0.12,-0.48,-0.12,2.13,2.2496292692758098,-118.42668836971524,-0.4095184445465818,0.6857070123025606,23.911919003547787,-36.85451244771386,53.51,-0.049
SL,-1.26,5.69,"Whitlock, Garrett",676477,ball,L,0,1,0.0,-0.3,0.3,1.24,3.648906256908548,-120.76524542035224,-3.178275313664098,-0.6699591769822711,23.630786329676813,-34.6619872892179,53.11,0.021
FC,-1.36,5.52,"Whitlock, Garrett",676477,called_strike,L,0,0,0.17,0.62,-0.4,3.02,1.9151366843834263,-122.55221423420342,-0.7092020943411268,1.3769607069349077,22.100412746357783,-25.95574184979925,53.72,-0.032
FC,-1.5,5.36,"Whitlock, Garrett",676477,hit_into_play,L,2,2,0.11,0.36,-0.52,3.35,2.122574930129135,-125.30676824762908,0.7911067745017406,0.702490879628401,26.819965994073225,-28.80049642957738,53.6,-0.283
SL,-1.17,5.58,"Whitlock, Garrett",676477,ball,L,1,2,0.2,-0.15,1.35,1.05,5.644916610326536,-123.56434286873332,-4.025306214311113,0.895221346236818,24.791891046843773,-33.137028198762,52.99,0.048
CH,-1.23,5.2,"Whitlock, Garrett",676477,foul,L,1,2,-1.5,0.05,-1.15,2.59,3.264858559481697,-122.8187164957916,0.2615124045170136,-15.789387109717206,25.309204347220223,-31.97553383262036,53.04,0.0
SL,-1.3,5.54,"Whitlock, Garrett",676477,ball,L,0,2,0.26,-0.1,0.58,1.58,3.964057153935136,-122.5656206311681,-2.6842328649021403,1.893314241547078,23.13750818321708,-32.899650626200895,52.89,0.022
SL,-1.2,5.52,"Whitlock, Garrett",676477,foul,L,0,1,0.07,-0.18,0.65,2.0,4.297589152334884,-123.63730700808723,-1.5904633610850714,-0.1576877818702821,24.372395633796412,-33.90425862510883,53.18,-0.077
FC,-1.43,5.42,"Whitlock, Garrett",676477,foul,L,0,0,-0.04,0.52,0.1,3.61,3.8178732200301417,-126.21646056710198,0.7955791517393621,-1.1403249992827866,24.398399946707663,-26.939920590978765,53.13,-0.048
CH,-1.28,5.14,"Whitlock, Garrett",676477,hit_into_play,L,1,1,-1.61,-0.05,0.58,1.87,7.6645625337196925,-122.14503786681888,-1.0054858881302586,-17.696083920463764,26.2454235949666,-32.70970751700814,53.04,-0.307
FC,-1.23,5.5,"Whitlock, Garrett",676477,foul,L,1,0,0.0,-0.08,0.85,1.51,5.006229464656816,-124.365736463438,-2.976659555216961,-0.9878088978449084,25.79296773551082,-32.58273913076454,52.94,-0.062
FC,-1.45,5.36,"Whitlock, Garrett",676477,ball,L,0,0,0.01,0.41,0.17,3.52,3.911561503118288,-125.76232795962542,1.0126910409858447,-0.5925036384722386,24.050289929819805,-28.22337248578034,53.04,0.036
CH,-1.39,5.31,"Whitlock, Garrett",676477,hit_into_play,L,0,0,-1.64,0.28,-0.47,3.0,5.396539930474049,-120.17024298315248,0.796319426745318,-16.94733360883153,25.60940584839414,-29.87366688362114,53.22,-0.015
CH,-1.34,5.22,"Whitlock, Garrett",676477,hit_into_play,L,1,1,-1.58,-0.12,-0.22,1.98,5.657124216495706,-118.34992803526976,-0.3905817955708665,-15.927801898063745,23.11649564780065,-33.490078542509,53.23,0.421
CH,-1.47,5.3,"Whitlock, Garrett",676477,swinging_strike,L,1,0,-1.6,-0.09,-0.32,1.75,5.876792736274533,-120.06536279458936,-1.3717053228561122,-16.60905487695196,24.03416154476469,-33.02396465944633,53.1,-0.044
SL,-1.32,5.59,"Whitlock, Garrett",676477,ball,L,0,0,0.05,-0.69,0.04,0.72,3.0305148624663243,-119.28400832534116,-3.114103557834212,-0.1873456422445531,24.423532317460925,-38.34987948188356,53.23,0.032
ST,-1.57,5.37,"Whitlock, Garrett",676477,called_strike,R,2,2,1.25,0.03,-0.69,3.16,-0.4382033080271772,-114.89692472039415,2.00036478811285,11.160522923644455,21.646016051708983,-32.45988347554889,52.88,-0.284
SI,-1.23,5.26,"Whitlock, Garrett",676477,ball,R,1,2,-1.55,0.81,1.11,2.86,9.809536523275252,-138.2358358244293,-2.4937947678285086,-22.05563391455608,31.721345244929964,-21.374938350930595,53.08,0.048
ST,-1.37,5.27,"Whitlock, Garrett",676477,ball,R,0,2,1.45,-0.24,1.76,1.46,4.22614325613277,-115.38691365823895,-1.0393763674919787,11.97510277868383,23.74070437619984,-34.30398537952077,52.87,0.022
ST,-1.56,5.28,"Whitlock, Garrett",676477,foul,R,0,1,1.07,-0.12,-0.05,1.8,1.3268658296540965,-116.61908871510524,-0.690250103324632,9.48521329629963,23.298280074806243,-33.39723869975898,52.86,-0.077
SI,-1.24,5.32,"Whitlock, Garrett",676477,called_strike,R,0,0,-1.65,0.54,0.21,3.09,7.537913336673983,-135.6156281294727,-1.1384896807632428,-22.03198261870824,31.508444361332344,-25.4496554034072,52.91,-0.048
CH,-1.15,5.31,"Whitlock, Garrett",676477,hit_into_play,R,1,2,-1.45,0.05,-0.06,2.29,5.606821232759402,-124.18790096272352,-0.8799758998000545,-16.0839933966815,25.96311152945395,-31.72043821539712,53.14,1.1
SI,-1.42,5.3,"Whitlock, Garrett",676477,foul,R,1,1,-1.37,0.64,0.46,2.91,8.187291469565295,-137.95249495576374,-2.0208208444662947,-19.351966996735637,31.930773129846628,-23.734893315421424,52.97,-0.075
ST,-1.49,5.25,"Whitlock, Garrett",676477,ball,R,0,1,1.24,-0.56,1.28,1.3,3.900712957120016,-117.8574663676702,-1.0415544611244556,10.639004582329092,24.408632894383523,-37.40767562057796,52.82,0.02
SI,-1.21,5.33,"Whitlock, Garrett",676477,swinging_strike,R,0,0,-1.42,0.73,0.03,3.57,6.478639448617827,-135.92145148866035,-0.384851645615103,-19.02045995014809,30.98625153311333,-23.246248166166318,53.16,-0.048
FC,-1.56,5.24,"Whitlock, Garrett",676477,hit_into_play,L,0,1,0.04,0.24,0.32,2.38,4.486341891481623,-125.7663267019518,-1.0146305700405605,-0.5593896403014559,28.75272095812462,-29.648489034096954,53.08,0.785
FC,-1.48,5.27,"Whitlock, Garrett",676477,called_strike,L,0,0,0.04,0.27,-0.3,3.11,2.7441787862371765,-123.22789272746418,0.8336733675421784,-0.1861446145013668,25.281579529579883,-29.800962286546195,52.91,-0.042
SI,-1.22,5.35,"Whitlock, Garrett",676477,ball,R,3,1,-1.48,0.59,1.06,2.38,9.37390867147282,-136.18330122495118,-3.278211181748734,-20.537513300452336,29.746899528267157,-24.271321164823707,53.01,0.065
CH,-1.46,5.2,"Whitlock, Garrett",676477,ball,R,2,1,-1.71,0.36,1.35,0.53,10.285703396280129,-123.91940423983212,-5.523809983813069,-19.69903224148344,24.89985277924631,-27.48161350609747,52.9,0.046
SI,-1.25,5.29,"Whitlock, Garrett",676477,called_strike,R,2,0,-1.53,0.58,0.29,2.03,7.502300651931772,-135.56628953903603,-3.93361877037325,-20.51464949418973,31.02510717050121,-24.341105519782374,52.87,-0.022
SI,-1.44,5.22,"Whitlock, Garrett",676477,ball,R,1,0,-1.52,0.47,0.07,1.2,7.461097571290387,-135.97761277700386,-5.73267730772139,-20.54430828452953,31.96207429402766,-25.25408472170199,52.74,0.026
ST,-1.51,5.32,"Whitlock, Garrett",676477,ball,R,0,0,1.26,-0.25,2.25,0.97,6.037291358170079,-115.81073528316006,-2.319045617802092,10.027049046151603,23.722727551746058,-34.126193398046894,52.77,0.016
CH,-1.27,5.37,"Whitlock, Garrett",676477,hit_into_play,L,2,1,-1.43,0.22,-0.13,2.3,5.719383410899535,-124.35413096109556,-1.3860952883242246,-15.961729610741646,25.662335695188904,-29.85330654856704,52.93,-0.193
SL,-1.33,5.5,"Whitlock, Garrett",676477,ball,L,1,1,0.19,-0.35,1.03,0.78,5.199127622513403,-121.19945403261212,-3.7935506348563552,0.8899817326674734,23.150149291263293,-35.14327432294675,52.69,0.037
SL,-1.25,5.47,"Whitlock, Garrett",676477,ball,L,0,1,0.19,-0.51,0.48,1.39,3.6738748442005713,-120.38410573521088,-1.7973481414935732,1.1127376407400629,24.818286006261943,-36.92504131149512,52.8,0.017
FC,-1.38,5.34,"Whitlock, Garrett",676477,called_strike,L,0,0,0.13,0.6,0.11,2.37,3.27185013748789,-122.26989696772829,-1.739799502182504,0.6872453195592089,22.1110380696776,-25.964520264755546,53.09,-0.024
SL,-1.25,5.58,"Whitlock, Garrett",676477,hit_into_play,L,0,2,0.28,-0.59,-0.52,1.62,1.1415648417032556,-119.86786002496018,-1.380712786415554,2.538103561058673,21.556331439584792,-37.81300028896389,52.86,-0.149
FC,-1.36,5.34,"Whitlock, Garrett",676477,foul,L,0,1,0.24,0.38,0.32,2.0,3.548139769327352,-124.28749640408626,-2.414021199170264,1.8474583925674133,23.52638316716081,-28.002802700844025,53.04,-0.047
CH,-1.41,5.34,"Whitlock, Garrett",676477,foul,L,0,0,-1.46,0.12,0.14,1.92,6.59157457544092,-120.74026040589295,-1.6063183776138112,-15.602491683812367,23.122096402616677,-30.918507298773907,52.82,-0.032
SL,-1.28,5.47,"Whitlock, Garrett",676477,hit_into_play,L,0,1,0.17,-0.29,0.21,2.21,3.1641857832655003,-122.16944632387522,-0.6026599035966691,1.1243615501755102,23.27490907013591,-35.148164130811,53.19,-0.085
CH,-1.26,5.24,"Whitlock, Garrett",676477,called_strike,L,0,0,-1.47,0.11,0.19,1.62,6.423257458306848,-122.5725955353367,-2.288095826635949,-16.093733949788387,24.1694828020268,-30.77855810641069,53.1,-0.015
SL,-1.43,5.52,"Whitlock, Garrett",676477,hit_into_play,L,1,2,0.25,-0.34,0.07,1.97,3.102433466739449,-124.254369381211,-1.4043577354610832,1.9918982582321825,23.999178491776934,-35.62332709495083,53.01,-0.116
FC,-1.32,5.25,"Whitlock, Garrett",676477,swinging_strike,L,1,1,0.13,0.17,1.47,2.16,6.536568593499212,-125.90116526639494,-1.531166784868775,0.1277899020338473,25.057861504159284,-30.22773601211047,52.95,-0.04
CH,-1.44,5.32,"Whitlock, Garrett",676477,called_strike,L,1,0,-1.57,0.44,0.4,2.31,7.572430657983164,-122.81401899933545,-1.5127903296300371,-17.35589333621239,24.45843795203711,-27.661467406866944,53.02,-0.031
FC,-1.42,5.33,"Whitlock, Garrett",676477,ball,L,0,0,0.13,0.39,0.82,1.54,5.218971108450922,-126.08916239517885,-3.7854593525653417,0.3931895206642362,23.093453527748125,-27.46847523141497,53.05,0.024
FC,-1.36,5.32,"Whitlock, Garrett",676477,hit_into_play,L,0,1,0.11,0.46,0.62,2.02,4.580105548864568,-125.26920799792704,-2.59591597806299,0.3119425587414618,23.752964749082537,-26.98565864338011,52.99,-0.196
SI,-1.44,5.38,"Whitlock, Garrett",676477,called_strike,L,0,0,-1.48,0.67,-0.07,2.33,6.796335458551946,-135.50133840113085,-3.549433748593061,-19.772044226731943,29.264966176446823,-23.34820278715606,54.14,-0.032
CH,-1.16,5.33,"Whitlock, Garrett",676477,hit_into_play,L,3,2,-1.49,0.0,0.13,1.2,6.207540091111223,-123.85299015803196,-3.4521169906979683,-16.60514924268425,24.805188270120468,-31.63812763515285,52.64,-0.347
SL,-1.44,5.53,"Whitlock, Garrett",676477,foul,L,3,2,0.27,-0.28,0.85,2.11,4.970362486719829,-123.68868428664206,-1.1655150483876806,1.8469120357950088,24.28450865767213,-34.998568683122386,52.62,0.0
FC,-1.41,5.37,"Whitlock, Garrett",676477,foul,L,3,2,0.29,0.21,-0.17,2.78,2.42981760299998,-124.89714399179444,-0.3035047279702988,2.5036193468408445,25.346508041366075,-30.103819447438685,52.81,0.0
SI,-1.27,5.28,"Whitlock, Garrett",676477,foul,L,3,2,-1.54,0.55,0.3,1.92,7.648454914991333,-135.19169097485872,-4.084467403678229,-20.54410864863373,32.16962649809944,-24.719558099260155,52.61,0.0
SL,-1.41,5.52,"Whitlock, Garrett",676477,foul,L,3,2,0.11,-0.09,-0.36,3.46,2.283434269958336,-122.27585907850752,1.865295927345335,0.6753063632404565,23.52152987690135,-33.64137778872803,52.64,0.0
SL,-1.33,5.42,"Whitlock, Garrett",676477,foul,L,3,2,0.24,-0.32,0.71,1.85,4.362317998001021,-122.40210790302372,-1.2153896480377069,1.521143817205363,25.529898403119493,-35.38871845613847,52.61,0.0
SI,-1.26,5.4,"Whitlock, Garrett",676477,ball,L,2,2,-1.4,0.16,0.97,2.66,9.150740463397032,-136.8488961728865,-1.736311965598346,-19.658772099431577,31.652981381385903,-29.97335750023024,52.68,0.064
SL,-1.52,5.44,"Whitlock, Garrett",676477,foul,L,2,1,0.27,-0.19,0.09,1.31,3.277574086978209,-121.9790129986416,-2.824028331537618,2.077366795447194,23.06023682333833,-33.7811748080408,52.71,-0.071
FC,-1.36,5.34,"Whitlock, Garrett",676477,foul,L,2,0,0.13,0.5,1.14,2.73,5.780936153104329,-124.12269389825744,-0.866053823000628,0.2333312740763065,24.46346456287284,-27.007462292516767,52.68,-0.028
CH,-1.3,5.29,"Whitlock, Garrett",676477,ball,L,1,0,-1.4,0.18,0.0,1.58,5.937150655582691,-121.24440967217794,-2.4650285769816325,-14.954863519885356,23.83866720418972,-30.15524879747612,52.59,0.024
FC,-1.44,5.42,"Whitlock, Garrett",676477,ball,L,0,0,0.19,0.36,1.02,2.42,5.603785515620703,-124.6419882747332,-1.4989320423333143,0.7905746725284051,27.13700851624356,-28.34452111287275,52.48,0.021
CH,-1.3,5.34,"Whitlock, Garrett",676477,foul_tip,L,1,2,-1.72,0.15,0.19,1.11,7.094905639130651,-122.73810644993192,-3.758924520836573,-18.791443322634137,27.569848214937643,-30.08014615968841,52.69,-0.244
FC,-1.34,5.44,"Whitlock, Garrett",676477,foul,L,1,1,0.05,0.69,0.51,2.6,4.492554740369608,-127.4053630609524,-2.1387489487078515,-0.4339473970333585,28.545771717862262,-24.48556612699517,52.72,-0.075
FC,-1.39,5.43,"Whitlock, Garrett",676477,foul,L,1,0,0.01,0.85,0.17,3.65,3.759098917012417,-125.3824214534535,0.2706455575767525,-0.643358159905072,24.723803887558613,-23.44992512343668,53.27,-0.062
FC,-1.36,5.32,"Whitlock, Garrett",676477,ball,L,0,0,-0.18,0.48,1.37,1.4,7.209711134709169,-127.6229414451588,-4.439650528892489,-3.575068888795257,27.73007491154582,-26.197070458220587,52.56,0.036
FC,-1.27,5.47,"Whitlock, Garrett",676477,swinging_strike,L,0,2,0.1,0.75,0.83,3.78,4.9817510447604345,-126.80880449397031,0.6052195347487277,0.0625092634427048,25.936669833043,-24.416748032357926,52.66,-0.23
FC,-1.42,5.46,"Whitlock, Garrett",676477,foul,L,0,1,0.02,0.44,0.73,2.28,5.289722632574551,-127.42599426534017,-2.4880868074807463,-0.9321319515911276,27.64959695734916,-27.03608337566454,52.73,-0.075
CH,-1.11,5.34,"Whitlock, Garrett",676477,called_strike,L,0,0,-1.63,0.06,0.63,1.44,7.466484495740969,-121.8302596238198,-2.70882569637911,-17.72101897432657,25.308656022707773,-31.26808954864303,52.73,-0.064
CH,-1.23,5.32,"Whitlock, Garrett",676477,ball,R,3,1,-1.61,0.22,0.51,0.39,7.370591882829291,-120.72241503112436,-5.372077289435291,-17.188032006199748,23.76117299722359,-29.157730709615983,52.67,0.265
SI,-1.27,5.49,"Whitlock, Garrett",676477,called_strike,R,3,0,-1.46,0.78,0.58,2.17,8.156339944585733,-134.77657317371668,-4.477304975577408,-19.5283716703973,30.14720428578862,-21.928121794543717,52.65,-0.083
SI,-1.18,5.43,"Whitlock, Garrett",676477,ball,R,2,0,-1.53,0.7,-0.02,1.45,6.449212300957951,-133.76880687896713,-5.878999078356646,-19.73154834743074,30.22124048201903,-22.70620689191417,52.72,0.133
SI,-1.53,5.5,"Whitlock, Garrett",676477,ball,R,1,0,-1.47,0.7,-1.05,3.24,4.498443318812596,-132.22404706385348,-1.2358066786368458,-18.1376237902341,29.182638685236544,-23.961987316384988,52.62,0.064
CH,-1.72,5.39,"Whitlock, Garrett",676477,ball,R,0,0,-1.6,0.11,-1.3,1.98,4.168663453012509,-118.74059998462282,-1.2750543623620416,-15.968742994196903,23.618511076921152,-31.11803514563812,52.65,0.032
FC,-1.54,5.51,"Whitlock, Garrett",676477,hit_into_play,L,2,0,-0.08,0.79,-0.14,2.97,3.515547897710584,-124.72362420710378,-1.3640290018631038,-1.5153062031062492,24.102008323444,-23.810744317264557,53.37,0.904
SI,-1.25,5.5,"Whitlock, Garrett",676477,ball,L,1,0,-1.59,0.81,-1.23,2.58,3.6167781538120938,-132.99546007714568,-3.234856181425521,-19.599235419347394,31.95865742402857,-22.108656523396768,52.65,0.064
SI,-1.36,5.6,"Whitlock, Garrett",676477,ball,L,0,0,-1.63,1.15,-1.07,2.32,4.393450601517806,-133.91556430762188,-4.997263360981718,-20.45407362225597,32.603099218597826,-17.532691196353568,52.91,0.032
FC,-1.39,5.54,"Whitlock, Garrett",676477,hit_into_play,L,1,1,0.11,0.15,-0.01,1.54,3.086622912640825,-123.15215524594824,-3.3581884194428087,0.4401861852666138,25.187859050780983,-30.15265959182199,52.78,-0.097
FC,-1.34,5.36,"Whitlock, Garrett",676477,ball,L,0,1,0.4,0.41,2.14,1.45,7.588737186899769,-124.00238311520988,-3.808189472420016,2.6506613230480074,24.512331185959678,-27.33935649142926,52.78,0.011
CH,-1.24,5.29,"Whitlock, Garrett",676477,foul,L,0,0,-1.51,0.16,-0.04,1.91,5.858163801414465,-119.932449331301,-1.4436212685163987,-15.690546627348708,25.137716369907405,-30.53404270002371,52.56,-0.015
CH,-1.32,5.3,"Whitlock, Garrett",676477,hit_into_play,R,0,2,-1.52,-0.1,-0.38,0.97,5.35728257093546,-122.13249123623604,-3.4721575178805155,-16.257394472556545,25.537616790405067,-32.6361441974189,52.61,-0.398
CH,-1.27,5.23,"Whitlock, Garrett",676477,swinging_strike,R,0,1,-1.56,-0.05,0.21,0.86,6.645869138458379,-121.24215468140798,-3.547753811506517,-16.674334978193816,24.977442648914653,-32.135310112489194,52.73,-0.075
ST,-1.61,5.37,"Whitlock, Garrett",676477,called_strike,R,0,0,1.1,-0.11,0.09,3.28,1.7310134890122586,-117.64668708493586,2.276014779695302,9.844162928523168,22.860856987824835,-33.82833535017759,52.9,-0.064
FC,-1.63,5.46,"Whitlock, Garrett",676477,ball,L,3,2,0.3,0.28,-1.49,3.19,-0.2789305420418949,-123.51954248418453,0.5162270190999521,3.1175474454657195,25.06699527175253,-29.681035218385595,52.55,0.343
FC,-1.68,5.51,"Whitlock, Garrett",676477,swinging_strike,L,3,1,0.01,0.46,-0.36,2.63,3.1678446028836524,-123.4834002058414,-1.3496126007865017,-0.5322659654727502,24.07627117320564,-27.39089014784077,52.68,-0.078
SI,-1.46,5.45,"Whitlock, Garrett",676477,called_strike,L,3,0,-1.49,0.68,-0.61,2.26,5.485340103809307,-132.1503262023789,-3.6198551018198417,-18.63877904389305,29.443418820704878,-23.605344144277797,52.61,-0.083
CH,-1.15,5.23,"Whitlock, Garrett",676477,ball,L,2,0,-1.63,0.21,1.17,0.68,8.808025538001072,-121.44878789244969,-4.532525660943623,-17.895198323408547,24.710210299900897,-29.388203862065605,52.65,0.133
FC,-1.22,5.33,"Whitlock, Garrett",676477,ball,L,1,0,-0.05,0.49,1.09,1.07,5.7666337312028455,-124.77715584803596,-4.974829130427406,-1.6483326217239151,23.64132508477105,-26.303562764401867,52.55,0.064
SL,-1.24,5.48,"Whitlock, Garrett",676477,ball,L,0,0,0.08,-0.05,1.31,1.17,5.830033552365949,-120.31905862198708,-3.3736210430364597,-0.2606071677891776,21.221871952192256,-32.210900089001505,52.69,0.032
FC,-1.48,5.32,"Whitlock, Garrett",676477,hit_into_play,L,3,1,0.11,0.54,0.07,2.78,3.571114203930588,-125.45566666548224,-0.9147749420648064,0.3715036656637022,26.0462621595133,-26.49106621844665,52.57,-0.325
FC,-1.44,5.33,"Whitlock, Garrett",676477,called_strike,L,3,0,0.16,0.45,0.38,3.07,4.139751603321698,-126.22286221778032,-0.106147668862256,0.9070530074394408,25.27546622423781,-27.552377053887984,52.68,-0.047
SI,-1.31,5.46,"Whitlock, Garrett",676477,ball,L,2,0,-1.45,0.43,-0.74,3.42,4.776637469964899,-135.5901120254346,-0.3589626474960398,-18.8509502748943,32.034088453577816,-27.006381960816157,52.67,0.071
SI,-1.37,5.41,"Whitlock, Garrett",676477,ball,L,1,0,-1.44,0.27,-0.9,3.5,4.51531438240729,-135.3599223645656,0.3360590608549928,-18.626538268261967,31.46864712250247,-29.12050014442131,52.65,0.044
FC,-1.32,5.38,"Whitlock, Garrett",676477,ball,L,0,0,0.28,0.36,1.22,2.58,5.720789667160239,-127.79450870976564,-1.391438339317591,1.8508942844882228,27.8891625524688,-28.14625226945597,52.73,0.027
SI,-1.44,5.33,"Whitlock, Garrett",676477,hit_into_play,L,1,0,-1.65,0.39,-0.52,1.66,6.150253537881271,-134.83413365108882,-4.468136482959457,-21.498304722039933,32.30804629285855,-26.581933612219885,52.77,0.113
CH,-1.22,5.49,"Whitlock, Garrett",676477,ball,L,0,0,-1.57,0.08,-1.11,2.37,3.4137625880542157,-120.64305131630402,-0.7514141060521852,-15.91870951255984,25.05861085996114,-31.429020686079703,52.67,0.016
SL,-1.42,5.43,"Whitlock, Garrett",676477,swinging_strike_blocked,L,2,2,-0.02,-0.01,1.19,0.74,6.43462398569112,-125.03269513953148,-4.986888806932246,-1.5020098581858778,24.42142352832132,-31.505549319183743,52.62,-0.142
SI,-1.17,5.35,"Whitlock, Garrett",676477,ball,L,1,2,-1.5,0.24,0.97,1.43,9.133547351973796,-136.0684234834432,-4.9746924721525545,-20.745483702314857,32.66221822015261,-28.210343185004376,52.61,0.026
CH,-1.46,5.26,"Whitlock, Garrett",676477,swinging_strike,L,1,1,-1.48,0.17,0.1,1.85,6.679289786202499,-121.17221677608045,-1.718433241006994,-15.880523132405331,24.766773115089904,-30.32770408274856,52.67,-0.04
SL,-1.56,5.51,"Whitlock, Garrett",676477,ball,L,0,1,0.1,-0.31,-0.5,1.45,2.339290903866708,-123.19771727525304,-2.546368073209102,0.49754489798838,25.2578656196388,-34.97845059234993,52.75,0.017
FC,-1.42,5.42,"Whitlock, Garrett",676477,called_strike,L,0,0,0.27,0.23,-0.11,3.58,2.646812884278171,-124.56978484201323,1.5490909271991975,2.266913347912184,25.043079484354344,-30.313978606441083,52.52,-0.024
CH,-1.36,5.3,"Whitlock, Garrett",676477,hit_into_play,L,2,2,-1.55,-0.18,-0.45,1.74,5.22886829373253,-120.05751403569732,-1.1988698378424465,-15.9596354706242,24.41540034798779,-33.87554276869996,52.7,-0.204
CH,-1.26,5.23,"Whitlock, Garrett",676477,ball,L,1,2,-1.55,-0.02,0.84,0.04,8.136747037920113,-121.48726190111267,-5.645633067451812,-16.977338493120847,23.701071569192194,-31.400541906215853,52.63,0.036
CH,-1.32,5.35,"Whitlock, Garrett",676477,swinging_strike,L,1,1,-1.64,-0.11,-0.04,1.41,6.303627074805544,-120.2659771637888,-2.247792112916724,-17.174689934767716,25.377920424163637,-33.01385339840877,52.77,-0.049
FC,-1.26,5.39,"Whitlock, Garrett",676477,ball,L,0,1,-0.21,0.6,1.26,1.64,6.737633593379571,-127.6761022770007,-4.318329031152088,-3.714481340187834,25.978160391078827,-24.88965639877059,52.62,0.021
CH,-1.26,5.28,"Whitlock, Garrett",676477,called_strike,L,0,0,-1.61,0.05,0.22,1.87,6.61038032473058,-118.10531541885172,-1.056638186977838,-16.360587178177763,23.853814048160867,-31.764007364899072,52.62,-0.032
CH,-1.2,5.22,"Whitlock, Garrett",676477,swinging_strike,R,2,2,-1.48,0.02,0.44,1.56,7.048432415591196,-124.05158479532584,-2.342691224035155,-16.674894072653732,27.046550970657147,-31.63582401782252,52.56,-0.434
ST,-1.84,5.17,"Whitlock, Garrett",676477,foul,R,2,1,1.33,-0.04,-0.54,2.65,0.370638921978974,-117.71952468270244,1.1712881307501517,12.267404193709416,22.879425939215217,-32.97502442855594,52.62,-0.14
SI,-1.14,5.36,"Whitlock, Garrett",676477,ball,R,1,1,-1.61,0.54,0.35,1.16,7.784752235707904,-138.88121893528373,-6.763873559158558,-22.59313516703161,33.697006859927725,-23.788063529770888,52.72,0.015
SI,-1.17,5.39,"Whitlock, Garrett",676477,called_strike,R,1,0,-1.4,0.79,-0.01,2.92,6.372341665936736,-137.92416945015248,-2.559010405364165,-19.31976714939569,32.87372317385759,-21.747973524812608,52.69,-0.049
ST,-1.76,5.24,"Whitlock, Garrett",676477,ball,R,0,0,1.4,0.22,-0.14,4.04,0.9363630515396176,-116.40285660754952,3.8258797979892334,12.483342276043253,22.98116598511612,-31.13269131041957,52.61,0.047
FC,-1.53,5.32,"Whitlock, Garrett",676477,hit_into_play,L,0,1,0.09,0.37,0.21,3.23,4.100186893651182,-126.17617281495497,0.3936858854843122,0.2616947734016607,22.8665533169694,-28.408119674945752,52.54,0.785
CH,-1.21,5.28,"Whitlock, Garrett",676477,called_strike,L,0,0,-1.51,0.11,-0.02,2.04,5.907104205765554,-122.06429086793574,-1.2919064182288675,-16.233759041513917,25.33754324464842,-31.022909939316616,52.78,-0.042
CH,-1.25,5.25,"Whitlock, Garrett",676477,hit_into_play,L,2,2,-1.45,0.04,-0.23,1.66,5.459891817287945,-123.65068979574148,-2.122525464173944,-15.977570875023329,27.077420527415885,-31.56875793571717,52.78,-0.271
FC,-1.47,5.35,"Whitlock, Garrett",676477,swinging_strike,L,2,1,0.07,0.35,0.0,2.82,3.5327028130770484,-128.15664159175282,-0.7955933129414492,0.0493176392497152,25.236328658643384,-28.369818550855264,52.64,-0.074
CH,-1.33,5.25,"Whitlock, Garrett",676477,called_strike,L,2,0,-1.46,0.04,-0.79,1.81,4.291792889045358,-122.73350910533004,-1.6805340101581865,-15.575395938941352,26.35220185752566,-31.61052376601862,52.74,-0.064
CH,-1.32,5.27,"Whitlock, Garrett",676477,ball,L,1,0,-1.39,0.13,-0.8,2.98,4.0555531167876415,-121.5126332322928,1.006561864054745,-14.59175144099838,25.84540619456352,-31.34892760571581,52.72,0.066
FC,-1.34,5.49,"Whitlock, Garrett",676477,ball,L,0,0,0.34,0.56,0.03,3.55,2.643739965307993,-125.4468913728558,0.5265790081374755,3.037345430746487,26.41330155058264,-26.630561780198715,52.72,0.044
SI,-1.37,5.52,"Whitlock, Garrett",676477,hit_into_play,R,0,0,-1.5,0.45,-0.58,2.99,5.405842393923408,-133.0796374974113,-1.4753391143453247,-19.03060322191918,29.618489854955083,-26.688423452585425,52.66,0.266
CH,-1.38,5.4,"Whitlock, Garrett",676477,hit_into_play,L,0,2,-1.57,-0.03,-1.3,2.72,3.370270518109313,-120.37264194390944,0.5762689359131223,-15.8524457719822,26.782756726207086,-32.791728503471184,52.69,-0.149
FC,-1.19,5.41,"Whitlock, Garrett",676477,swinging_strike,L,0,1,0.37,0.12,1.57,2.33,5.948120342244864,-124.53099924665491,-1.2132295565273934,2.653943586465227,25.637044207891737,-30.9452814623428,52.6,-0.047
SI,-1.22,5.5,"Whitlock, Garrett",676477,called_strike,L,0,0,-1.5,0.75,-0.38,2.51,5.515756660405432,-132.40140406051455,-3.2582438747562525,-18.8701197005552,30.32568943776144,-22.82248592618301,52.68,-0.032
SL,-1.65,5.39,"Whitlock, Garrett",676477,hit_into_play,L,2,2,0.51,-0.25,-0.23,1.89,2.3523619049966915,-121.9665061580153,-1.202846221671615,4.6238133374345125,23.365806108816003,-34.65387313544348,52.53,-0.088
SL,-1.48,5.34,"Whitlock, Garrett",676477,foul,L,2,2,0.23,-0.34,1.21,1.09,6.092766799101246,-125.2370671314438,-3.2106955967581,1.1801316018926558,26.13956722664322,-35.29336344232396,52.57,0.0
CH,-1.23,5.37,"Whitlock, Garrett",676477,foul,L,2,2,-1.55,0.17,-1.16,3.24,3.2945388561891606,-120.41007344755252,1.4854153705283504,-15.59670157869287,27.31461973076196,-31.156690074172808,52.55,0.0
CH,-1.31,5.31,"Whitlock, Garrett",676477,foul,L,2,1,-1.86,0.02,-0.03,1.36,6.895930995545807,-122.93376179428036,-2.815411813248184,-20.268777706693182,28.21176337601657,-31.601789354976752,52.79,-0.031
FC,-1.57,5.28,"Whitlock, Garrett",676477,ball,L,1,1,-0.04,0.45,1.74,1.34,8.318983624669928,-127.10473955806336,-4.352710192818805,-2.1416451738149287,26.639467086327038,-26.61061505137382,52.55,0.023
SI,-1.16,5.33,"Whitlock, Garrett",676477,called_strike,L,1,0,-1.42,0.86,0.42,2.38,7.557799329295662,-138.1404296148562,-4.047056519592095,-19.94198025282699,32.65395712421196,-20.443632534712147,52.67,-0.019
SI,-0.98,5.32,"Whitlock, Garrett",676477,ball,L,0,0,-1.69,0.32,0.7,1.38,8.425331228445064,-137.40917452666463,-5.4017655362891,-23.31658704368492,32.127826315110184,-27.07325726632288,52.56,0.016
CH,-1.16,5.21,"Whitlock, Garrett",676477,hit_into_play,L,0,1,-1.59,-0.24,0.36,1.31,6.966004447775972,-123.32458339747964,-2.272991238798598,-17.61722485288793,27.043998259313817,-34.3364322078935,52.52,-0.139
SI,-1.1,5.36,"Whitlock, Garrett",676477,called_strike,L,0,0,-1.57,0.48,0.18,2.89,7.072566908484294,-137.78020480271957,-1.8577875895697464,-21.51500458195595,32.83285449493285,-25.81716089049908,52.53,-0.024
FC,-1.35,5.36,"Whitlock, Garrett",676477,hit_into_play,L,2,2,0.05,0.38,0.52,2.98,4.5604150578195775,-127.89619386447404,-0.4151318469054201,-0.4138957332366255,26.81543450868046,-28.15429415895514,52.59,-0.204
CH,-1.41,5.27,"Whitlock, Garrett",676477,ball,L,1,2,-1.45,0.24,-0.25,0.51,5.77922008299127,-122.5066481357772,-5.209107078253982,-15.782605689049024,26.53977266718176,-28.855504207664875,52.66,0.036
CH,-1.52,5.32,"Whitlock, Garrett",676477,foul,L,1,1,-1.38,0.04,-0.9,2.55,4.289568410922605,-121.38474393331356,0.0699085760962812,-14.454659023161692,24.890240860385436,-32.059041581788954,52.65,-0.049
FC,-1.25,5.42,"Whitlock, Garrett",676477,foul,L,1,0,-0.02,0.51,0.29,1.99,3.8644065061618407,-127.78323368909774,-3.279222132964728,-1.0147545749649067,27.4536715204912,-26.156259862708108,52.61,-0.044
SI,-1.18,5.45,"Whitlock, Garrett",676477,ball,L,0,0,-1.47,0.7,-1.08,3.63,3.6181670698444903,-135.95868843897043,-0.439479481396536,-19.043338212001,32.02415539887888,-23.696867369037527,52.58,0.032
SL,-1.49,5.57,"Whitlock, Garrett",676477,ball,L,3,2,0.27,-0.24,-0.07,0.99,2.848906263257025,-123.500013938888,-3.961848525615526,2.1476981888557605,24.57611221503764,-34.102075152589315,53.07,0.231
SL,-1.28,5.71,"Whitlock, Garrett",676477,foul,L,3,2,0.34,-0.46,0.11,2.99,2.5679211083439912,-120.93572985273008,1.1216631961219905,2.860090908148031,21.667299494010397,-37.12024436347362,52.97,0.0
SL,-1.5,5.6,"Whitlock, Garrett",676477,ball,L,2,2,0.07,-0.45,-0.26,0.89,2.7821016285725984,-120.89907188946054,-3.5375174102900644,0.1489653035640101,23.11979771910676,-36.08528448370989,52.94,0.115
ST,-1.33,5.67,"Whitlock, Garrett",676477,called_strike,L,2,1,0.58,-0.61,-0.74,2.95,0.2049836518178689,-118.41958514726244,1.6999770206600555,5.476138585246913,20.919876277837197,-38.478885065957016,53.13,-0.105
SL,-1.42,5.63,"Whitlock, Garrett",676477,called_strike,L,2,0,0.19,-0.38,0.14,1.73,3.2969493892979336,-121.53317463602586,-1.8751855174586087,1.3386360822228605,21.68148674101282,-35.77760175525043,53.06,-0.057
FC,-1.55,5.42,"Whitlock, Garrett",676477,ball,L,1,0,0.12,0.67,-0.58,3.79,2.1205380472236444,-124.898114756878,1.013523642349508,0.9183937107620572,21.41341677075636,-25.46386995973537,52.89,0.066
FC,-1.66,5.44,"Whitlock, Garrett",676477,ball,L,0,0,0.21,0.67,-1.29,3.76,0.4518906877227311,-124.33965535642952,0.9568163161361014,2.082913682385943,22.27058035295187,-25.57656544911693,53.09,0.044
ST,-1.72,5.35,"Whitlock, Garrett",676477,hit_into_play,R,2,2,1.46,-0.39,0.36,2.13,1.849251169039425,-116.70293567851154,0.385699607283176,12.9611899510662,23.00956008250717,-36.019405815109614,53.5,-0.367
SI,-1.46,5.42,"Whitlock, Garrett",676477,foul,R,2,2,-1.34,0.43,-0.46,1.65,5.67482322108855,-136.42192590829652,-5.040205489681956,-17.981419464458433,30.85128025145009,-25.84995205096624,53.29,0.0
ST,-1.77,5.4,"Whitlock, Garrett",676477,foul,R,2,2,1.26,-0.33,0.22,2.96,2.039847552163797,-116.80437103980444,2.0103835765987297,11.1217413903378,22.841629120868262,-35.808379341177755,53.07,0.0
ST,-1.67,5.28,"Whitlock, Garrett",676477,ball,R,1,2,1.25,-0.26,0.64,1.15,2.804779490741765,-116.51253181493564,-1.9029558164352645,10.7415370130024,23.406454451734916,-34.33638125937866,52.88,0.077
ST,-1.71,5.31,"Whitlock, Garrett",676477,called_strike,R,1,1,1.19,-0.27,0.91,1.49,3.6160714794384896,-116.62627240479118,-1.1723425015286908,10.094129163136,23.695211342140343,-34.60082446728214,53.1,-0.078
CH,-1.27,5.59,"Whitlock, Garrett",676477,blocked_ball,R,0,1,-1.4,0.33,0.45,-0.28,6.926032819382295,-122.56570435331707,-8.058883470980652,-15.453655770377386,24.79484776036735,-27.34217860425688,52.98,0.057
SI,-1.38,5.45,"Whitlock, Garrett",676477,foul,R,0,0,-1.43,1.01,-0.23,2.0,6.2267872696577085,-136.16530142009185,-5.424225100637315,-19.10099637604391,33.3749831828487,-18.555442127932324,53.21,-0.064
CH,-1.27,5.75,"Whitlock, Garrett",676477,hit_into_play,R,1,1,-1.45,0.53,-0.12,2.39,5.765352888835243,-123.2739425271939,-2.595896253305649,-15.95868663270984,25.051498007580037,-26.472636754534957,52.79,0.421
ST,-1.75,5.45,"Whitlock, Garrett",676477,foul,R,1,0,1.62,-0.25,1.0,1.92,3.0509431278160597,-116.38011086061904,-0.507997226267434,14.025545823987716,24.04634559854436,-34.57903633048819,52.92,-0.044
SI,-1.13,5.54,"Whitlock, Garrett",676477,ball,R,0,0,-1.47,0.6,-0.1,1.16,5.96128502207888,-134.7045485862302,-6.756943677331013,-19.16523364134028,32.304391133927616,-23.554862729368185,53.12,0.032
SL,-1.53,5.61,"Whitlock, Garrett",676477,hit_into_play,L,2,2,0.54,-0.45,-0.52,2.04,1.2787927111195807,-120.58679174973322,-0.787099031623522,5.047177642353991,23.46142493894666,-36.63046171773097,53.07,-0.328
SL,-1.39,5.63,"Whitlock, Garrett",676477,foul,L,2,2,0.3,-0.31,-0.09,2.52,2.472898724408527,-122.08843313480192,-0.1973172196357833,2.5333849606110834,22.932365126001358,-35.47893433900811,52.85,0.0
SL,-1.26,5.59,"Whitlock, Garrett",676477,foul,L,2,2,0.22,-0.57,0.69,1.15,4.198830295040573,-123.04576633321103,-2.899174040997342,1.430978188373247,23.726157328375056,-37.66256962655625,53.23,0.0
SL,-1.32,5.66,"Whitlock, Garrett",676477,foul,L,2,2,0.39,-0.57,-0.32,1.94,1.5804650353968854,-121.94526684575077,-1.0138012230784113,3.513493456459367,25.73485760829221,-37.88994440681087,53.03,0.0
FC,-1.65,5.47,"Whitlock, Garrett",676477,ball,L,1,2,0.48,0.34,0.6,4.21,4.586539306205065,-128.7568579213911,2.3703892872705765,4.354573962178774,27.53180293504752,-29.1270833309396,52.87,0.012
SL,-1.24,5.61,"Whitlock, Garrett",676477,foul,L,1,2,0.03,-0.59,0.57,1.09,4.328442335147878,-124.45771674687762,-3.18686650719716,-0.6836559146150896,27.45568574576876,-37.77777056409211,52.79,0.0
CH,-1.25,5.48,"Whitlock, Garrett",676477,blocked_ball,L,0,2,-1.5,0.48,0.69,0.71,7.918039066295723,-126.07843079683153,-6.29553499657876,-17.597230154174827,26.88696383467396,-25.885597308554264,52.86,0.009
SL,-1.49,5.68,"Whitlock, Garrett",676477,foul,L,0,2,0.52,-0.63,0.31,1.2,3.170214277642551,-121.01078887722058,-2.656558905269105,4.518167825730173,22.330246204342146,-38.10874632672496,53.01,0.0
SL,-1.35,5.62,"Whitlock, Garrett",676477,foul,L,0,1,0.29,-0.36,0.19,1.48,3.090202250648058,-123.31524714173884,-2.6439742278144447,2.3121290091495204,24.44319688305543,-35.51459145563401,53.13,-0.068
CH,-1.19,5.65,"Whitlock, Garrett",676477,foul,L,0,0,-1.66,0.24,0.21,1.69,6.874218431621298,-125.48760200427608,-3.735884742633667,-18.90626651059756,26.26685671408019,-29.054564988636763,52.89,-0.073
FC,-1.47,5.39,"Whitlock, Garrett",676477,hit_into_play,L,0,1,0.33,0.41,0.3,3.04,3.6538055535117455,-126.46714047500164,-0.281954772300052,2.754760123812828,26.43431171051246,-27.937236836270312,53.06,0.345
FC,-1.55,5.47,"Whitlock, Garrett",676477,called_strike,L,0,0,0.14,0.54,-0.24,2.89,2.933776731424304,-127.3152234249173,-1.2130681750710914,0.900567730814783,25.691412592292476,-26.29316889026032,53.08,-0.042
CH,-1.42,5.61,"Whitlock, Garrett",676477,hit_into_play,R,1,1,-1.43,0.81,0.16,2.52,6.848757291644072,-126.50016283543695,-2.925222351955007,-16.714390399625035,25.666605953642264,-23.127462500750752,53.12,-0.287
SI,-1.31,5.48,"Whitlock, Garrett",676477,ball,R,0,1,-1.52,0.44,-1.25,3.85,3.596998657327373,-135.4026671559276,0.7117158283831962,-19.477306676571413,32.7502197748506,-27.190384076423577,53.09,0.031
ST,-1.69,5.4,"Whitlock, Garrett",676477,called_strike,R,0,0,1.12,-0.65,0.32,2.23,2.36510267214187,-116.07331957007771,1.0981402535255846,9.593140732727512,23.009129143138868,-38.49764165679879,53.01,-0.042
FC,-1.25,5.51,"Whitlock, Garrett",676477,hit_into_play,L,0,1,0.13,0.55,0.72,2.5,4.600806053915118,-127.22759059518424,-2.192070435531717,0.3412625769887714,28.93952557886304,-26.012709052588143,52.95,-0.312
CH,-1.28,5.67,"Whitlock, Garrett",676477,foul,L,0,0,-1.64,0.59,-0.79,2.42,4.579551750427082,-124.61900985141912,-2.5726407407853515,-18.027543827224257,27.233125861411025,-25.69289428723847,53.34,-0.064
SI,-1.3,5.62,"Whitlock, Garrett",676477,ball,R,3,2,-1.41,0.7,-0.62,4.27,4.943606770186779,-135.7718029026515,0.8039981946112228,-18.44920647279765,31.74003264747174,-23.97884077892283,53.27,0.343
SI,-1.45,5.36,"Whitlock, Garrett",676477,foul,R,3,1,-1.53,0.84,0.06,1.69,7.416648278674555,-135.65248514414924,-5.576411011117099,-20.556505843567955,32.613848886588016,-20.70896872944944,53.07,-0.078
SI,-1.35,5.44,"Whitlock, Garrett",676477,called_strike,R,3,0,-1.53,0.7,0.65,1.76,8.64480610403408,-135.08490043695073,-5.211896999316016,-20.64287189680257,31.13344571302063,-22.63150454575913,53.18,-0.083
SI,-1.19,5.53,"Whitlock, Garrett",676477,ball,R,2,0,-1.54,0.82,1.56,1.65,10.670072077397617,-135.91941068861152,-6.16202195202934,-21.429649769012805,31.56191163882825,-20.7096138902537,53.16,0.133
ST,-1.75,5.56,"Whitlock, Garrett",676477,ball,R,1,0,1.27,-0.41,-1.19,3.31,-1.2046255451936982,-116.35586044932272,2.625004214273841,11.76574912130267,22.305379821984147,-36.661453613933325,53.36,0.064
ST,-1.35,5.5,"Whitlock, Garrett",676477,ball,R,0,0,1.08,-0.38,1.27,1.65,3.82315350875164,-115.66254285344012,-0.9216562011615208,8.868419731527755,22.92924348637277,-35.63735478306793,52.85,0.032
SI,-1.17,5.5,"Whitlock, Garrett",676477,swinging_strike,R,0,2,-1.35,0.82,0.4,2.96,7.220439523979639,-137.23797904209417,-2.7577086409819285,-18.664047492114072,32.09968050242082,-21.386149737004494,53.13,-0.061
ST,-1.56,5.5,"Whitlock, Garrett",676477,foul,R,0,1,1.33,-0.42,0.39,2.4,1.84384355031342,-117.6848473531944,0.6450639299638572,11.815039112260644,24.97991565703252,-36.41638456397855,52.83,-0.024
ST,-1.52,5.44,"Whitlock, Garrett",676477,called_strike,R,0,0,0.9,0.05,0.29,3.15,2.37310325511622,-118.96041218658571,1.352383143650446,8.08828196495939,22.583157565714245,-32.17492674914194,53.26,-0.015
SI,-1.03,5.53,"Whitlock, Garrett",676477,hit_into_play,L,3,2,-1.4,0.72,0.4,2.43,6.922288973893735,-136.1126432407208,-3.878939651636846,-18.956309095088507,31.90401642347512,-22.534670572229945,53.26,-0.211
FC,-1.62,5.42,"Whitlock, Garrett",676477,foul,L,3,1,-0.11,0.43,0.57,3.28,5.656307273373364,-128.15911045203296,-0.0547469410559645,-2.2039290153676085,23.438128249731943,-27.526848915723257,52.97,-0.059
CH,-1.14,5.59,"Whitlock, Garrett",676477,ball,L,2,1,-1.53,0.57,0.83,1.03,7.969122065424018,-124.73899228043852,-5.803482933622593,-17.631022869923875,25.31523788542789,-25.245118720595023,52.77,0.077
FC,-1.65,5.4,"Whitlock, Garrett",676477,ball,L,1,1,0.06,0.27,0.52,3.37,5.225894072453804,-127.26773761441324,0.6825218619196145,-0.3834964254214435,24.45480435625113,-29.533784758218424,53.16,0.037
FC,-1.47,5.41,"Whitlock, Garrett",676477,called_strike,L,1,0,-0.09,0.45,0.21,2.41,4.416304744388997,-130.15360885987425,-2.4672453304562625,-1.869564654255088,23.877221472751117,-26.690597088760317,53.19,-0.031
CH,-0.98,5.73,"Whitlock, Garrett",676477,ball,L,0,0,-1.63,0.53,0.51,1.19,6.986734793407941,-124.38911138431271,-5.585909434213754,-18.353882764604325,26.125532196626125,-25.690610257082174,52.89,0.024
SI,-1.13,5.55,"Whitlock, Garrett",676477,called_strike,R,3,2,-1.59,0.85,0.08,1.58,6.797187861925862,-137.14223157745994,-6.601574267724482,-21.577742531926837,31.661538339317637,-20.112417212603678,53.29,-0.297
SI,-1.37,5.54,"Whitlock, Garrett",676477,foul,R,3,2,-1.41,0.56,0.07,2.44,7.079789899752352,-138.23406410242058,-3.734311104614693,-19.68631829401265,33.970294672087874,-24.394230635509462,53.16,0.0
ST,-1.42,5.35,"Whitlock, Garrett",676477,ball,R,2,2,1.18,-0.1,1.9,0.35,5.359602842210715,-119.97972668078546,-4.700917607505501,10.325190498418822,24.17629265226401,-32.43337073071823,53.07,0.093
CH,-1.03,5.74,"Whitlock, Garrett",676477,foul,R,2,2,-1.61,0.32,0.2,2.64,6.292589789956677,-124.68429724024844,-1.7269860446346743,-18.09656496132821,24.40786673508556,-28.72228536473933,53.27,0.0
CH,-0.99,5.74,"Whitlock, Garrett",676477,ball,R,1,2,-1.53,0.29,1.05,0.25,8.002399016642142,-123.07622170147476,-7.230107763821321,-17.093727430822362,23.082656099323565,-28.034591868835506,52.95,0.036
ST,-1.64,5.43,"Whitlock, Garrett",676477,foul,R,1,2,1.48,-0.25,0.67,2.48,2.391529765866769,-118.287052362636,0.5157375564363411,13.498613974797566,21.76037965519084,-34.872233397032446,52.86,0.0
CH,-1.4,5.73,"Whitlock, Garrett",676477,foul,R,1,2,-1.57,0.36,-0.53,1.09,5.236327277321677,-122.55577228249548,-5.157647272229881,-16.88399317262098,25.133174893104517,-27.718069446167508,53.37,0.0
ST,-1.71,5.46,"Whitlock, Garrett",676477,called_strike,R,1,1,1.09,0.25,0.98,2.42,4.014720442743331,-118.27999133217897,-0.6376001134094942,9.32563840809586,24.23963266792523,-29.96936414874677,53.01,-0.049
ST,-1.5,5.51,"Whitlock, Garrett",676477,ball,R,0,1,1.01,0.51,1.41,2.55,4.715975602366052,-118.71600358280313,-1.024361535832582,8.509210383067321,24.73597762333048,-27.37350566300736,53.02,0.021
SI,-1.21,5.66,"Whitlock, Garrett",676477,called_strike,R,0,0,-1.3,1.15,0.36,3.02,6.959743969216104,-134.2785134936105,-3.420995230940789,-17.22638079851612,31.79700539464867,-17.704291820958968,53.2,-0.032
ST,-1.46,5.42,"Whitlock, Garrett",676477,hit_into_play,R,1,2,1.07,-0.4,0.85,2.18,3.2269081917086617,-119.88543262900116,0.0230616395460214,9.595895497354254,25.4640343741243,-36.19882808863629,52.93,-0.317
CH,-1.13,5.61,"Whitlock, Garrett",676477,ball,R,0,2,-1.58,0.37,0.92,0.81,8.316059992757515,-126.75084304096646,-6.195953816964422,-18.712342487209195,26.71250302718287,-27.047539783276218,53.25,0.009
ST,-1.71,5.38,"Whitlock, Garrett",676477,swinging_strike,R,0,1,1.36,-0.23,0.86,2.35,3.2588968932050952,-119.76165871574084,0.2245084898208802,12.273089046084634,26.204120844025127,-34.682586507212484,52.81,-0.068
ST,-1.5,5.42,"Whitlock, Garrett",676477,swinging_strike,R,0,0,1.4,-0.38,1.19,2.41,3.484209718492575,-120.5177156219727,0.4747189805305847,12.760928134359268,26.316322846868843,-36.142155442243045,52.76,-0.073
CH,-1.19,5.53,"Whitlock, Garrett",676477,ball,L,3,2,-1.6,0.61,1.41,0.84,9.722671219218263,-125.86402158647124,-6.323521301807942,-19.075941054919863,27.74799445855267,-24.49714035940886,52.84,0.184
CH,-1.23,5.55,"Whitlock, Garrett",676477,foul,L,3,1,-1.63,0.18,-0.32,2.11,5.550002096019386,-123.75628128884028,-2.09328363545058,-17.852213482206132,26.221099443192617,-30.09632151703771,53.01,-0.054
FC,-1.55,5.48,"Whitlock, Garrett",676477,called_strike,L,3,0,0.18,0.63,-0.41,2.81,2.458869374614608,-129.1805515834096,-1.819693689019346,1.522259697762653,27.756766317869907,-24.920206791196005,53.0,-0.047
CH,-0.92,5.67,"Whitlock, Garrett",676477,ball,L,2,0,-1.72,0.45,1.53,1.23,9.45509822153074,-124.0604649838198,-5.145310953027908,-19.63068239077256,25.02903835910512,-26.661546730671965,52.93,0.071
FC,-1.31,5.55,"Whitlock, Garrett",676477,ball,L,1,0,0.12,0.53,1.06,3.77,5.619565330824591,-128.20746058971443,0.7912597557415013,-0.0289078765363484,30.284047215557827,-26.871286203751424,53.07,0.044
CH,-1.12,5.63,"Whitlock, Garrett",676477,ball,L,0,0,-1.58,0.43,0.61,0.8,7.465675028707555,-125.2361604103083,-6.209127312358637,-18.103731205141727,24.93516362207928,-26.53288057027556,53.06,0.027
CH,-1.0,5.77,"Whitlock, Garrett",676477,hit_into_play,L,0,2,-1.63,0.36,-0.05,1.47,5.720639684834293,-125.31287798540554,-4.752868001051262,-18.31027721526956,26.739080566323576,-27.635759744291224,52.93,-0.197
SL,-1.31,5.66,"Whitlock, Garrett",676477,foul,L,0,2,0.02,-0.09,0.14,2.57,3.437059524420043,-124.79232209545232,-0.8431930347007603,-0.4554690860268781,25.243172045940703,-33.194404780138065,53.09,0.0
FC,-1.43,5.58,"Whitlock, Garrett",676477,foul,L,0,1,0.3,0.36,0.21,3.0,3.395863997902253,-126.62862080010431,-0.704012354289274,2.4275519332125146,27.693890650010555,-28.394258541306137,52.93,-0.059
FC,-1.35,5.55,"Whitlock, Garrett",676477,swinging_strike,L,0,0,0.23,0.44,0.47,3.46,4.027841410702222,-128.77069276685765,0.0860023711714418,1.7367937351663694,27.461649731407405,-27.525758668671397,53.28,-0.042
SI,-1.35,5.57,"Whitlock, Garrett",676477,hit_into_play,R,3,1,-1.47,0.78,-0.58,2.95,5.314675742945081,-135.73190861884257,-2.676882731571767,-19.3208862453166,32.12094140906472,-22.22956793927475,53.29,0.158
SI,-1.23,5.45,"Whitlock, Garrett",676477,called_strike,R,3,0,-1.48,0.77,0.66,1.26,8.371114606822529,-136.4648858086192,-6.914983543570749,-20.372978162778363,32.70047297846538,-21.10882894904813,52.96,-0.048
CH,-1.28,5.74,"Whitlock, Garrett",676477,ball,R,2,0,-1.55,0.31,-0.38,1.14,5.35995716891917,-124.05177618185526,-5.21071305827612,-17.106563254865573,25.052060550623608,-28.126507640208413,53.17,0.086
SI,-1.28,5.53,"Whitlock, Garrett",676477,ball,R,1,0,-1.37,0.71,0.92,2.59,8.893345127722597,-135.85628596221636,-3.42943743028495,-18.996864133620445,30.690366160802583,-22.82087020430585,53.01,0.045
ST,-1.54,5.51,"Whitlock, Garrett",676477,ball,R,0,0,1.18,-0.01,2.02,2.59,5.908598985527534,-119.15731010869246,0.0127704491112634,10.142329088375371,22.45867494652692,-32.52607379893992,52.77,0.024
FC,-1.28,5.53,"Whitlock, Garrett",676477,called_strike,L,3,2,0.17,0.51,0.54,1.66,4.169276159355897,-129.12405656926583,-4.562429146563299,1.0536662880415926,27.53978908745649,-25.681567389098515,53.1,-0.297
CH,-1.08,5.8,"Whitlock, Garrett",676477,ball,L,2,2,-1.59,0.49,-0.06,0.39,5.803404415080482,-124.3645083333342,-7.652441617104086,-17.663550400846386,24.452453371148284,-25.79927297910102,52.68,0.093
SL,-1.19,5.78,"Whitlock, Garrett",676477,foul,L,2,2,0.3,-0.15,0.3,2.77,2.9359176330831454,-123.48621342078944,-0.3883004669043256,2.5243137032960656,24.80884956565633,-33.871813543702615,52.97,0.0
FC,-1.17,5.79,"Whitlock, Garrett",676477,ball,L,1,2,-0.27,0.15,0.63,1.32,4.962434455792014,-125.79628917293805,-4.768067876354413,-3.984795216360465,28.214835045687888,-29.775067663712413,52.95,0.036
CH,-1.11,5.82,"Whitlock, Garrett",676477,foul,L,1,1,-1.46,0.59,0.31,1.3,6.411896966574625,-123.58380645894452,-5.5029255784728885,-16.223238967861437,26.5737677327627,-25.202408549388664,52.88,-0.049
FC,-1.22,5.76,"Whitlock, Garrett",676477,ball,L,0,1,0.16,-0.04,1.87,0.9,7.140907481886988,-124.19335426659528,-5.154673949897338,0.1806448917594824,25.96751491350612,-31.68347368564868,52.79,0.021
FC,-1.24,5.73,"Whitlock, Garrett",676477,called_strike,L,0,0,-0.11,0.58,-0.32,2.29,2.516215556272319,-127.71380269299452,-3.432865957216478,-1.7701918264914998,27.271634113214112,-25.360295779235965,53.13,-0.032
CH,-1.29,5.76,"Whitlock, Garrett",676477,swinging_strike,R,1,2,-1.49,0.35,0.33,1.76,7.017742211255061,-125.45759948301806,-4.030806469831794,-17.15458529986188,26.48315419436192,-27.86590569981522,53.14,-0.169
ST,-1.52,5.43,"Whitlock, Garrett",676477,ball,R,0,2,1.26,-0.31,0.83,3.15,2.86541466482846,-116.6771756343259,2.373930528720027,10.927741078263743,23.33742767412541,-35.668186708424166,52.99,0.026
ST,-1.68,5.38,"Whitlock, Garrett",676477,called_strike,R,0,1,1.17,-0.28,0.41,1.87,2.4920421835904256,-118.02597174734768,-0.657297830937414,10.408183986905955,24.160308990878224,-34.826613714877695,52.76,-0.045
SI,-1.61,5.57,"Whitlock, Garrett",676477,foul,R,0,0,-1.57,1.05,-0.59,2.66,6.294125225396583,-137.8955284940276,-4.3254694121747,-21.42206984432955,32.2163984002784,-18.036943534827635,53.18,-0.042
CH,-1.38,5.74,"Whitlock, Garrett",676477,ball,R,3,2,-1.46,0.46,-0.24,1.18,5.768738062496331,-123.9227974506504,-5.439926099615324,-16.16296011737873,24.145313149292697,-26.546092825421223,52.88,0.1
CH,-0.98,5.7,"Whitlock, Garrett",676477,foul,R,3,2,-1.69,0.13,0.22,1.48,6.447142542783527,-124.571786691412,-4.026925859501261,-18.90853062627098,25.43433243833368,-30.15716118413975,52.8,0.0
ST,-1.14,5.44,"Whitlock, Garrett",676477,ball,R,2,2,1.17,-0.03,2.91,1.54,7.1442034511296,-120.19628662409762,-2.311941160586362,9.697174307284616,25.56715043128875,-32.156533839508704,52.64,0.043
CH,-0.94,5.79,"Whitlock, Garrett",676477,foul,R,2,1,-1.59,0.26,0.38,1.13,6.393755882037917,-122.77976756885012,-5.041893094831674,-17.339312257305444,26.485482055706964,-28.71061540610725,52.95,-0.031
ST,-1.31,5.64,"Whitlock, Garrett",676477,ball,R,1,1,1.21,0.07,1.8,2.61,4.712680517075331,-117.41545256210875,-0.1364434240622557,10.131968716150777,24.02848503994707,-31.768703002615,53.09,0.023
ST,-1.25,5.66,"Whitlock, Garrett",676477,ball,R,0,1,0.94,-0.41,1.11,2.45,3.5856511078600257,-119.35993454699634,0.2072870278744178,8.15624498427917,25.82540110130263,-36.372099166074285,53.04,0.011
SI,-1.23,5.64,"Whitlock, Garrett",676477,called_strike,R,0,0,-1.59,0.62,0.15,2.68,7.267445413961293,-136.84551985384113,-3.3524814965320733,-21.548778259995636,33.35002690799313,-23.846189316408907,52.97,-0.015
CH,-1.21,5.83,"Whitlock, Garrett",676477,hit_into_play,L,1,1,-1.59,0.46,0.09,2.05,6.381444051268872,-123.40972342284904,-3.459719822549316,-17.561584605345168,26.054270050877115,-27.013966107691356,52.89,-0.156
CH,-1.17,5.74,"Whitlock, Garrett",676477,called_strike,L,1,0,-1.52,0.32,-0.09,1.97,5.818965558510633,-126.08440289382854,-3.485432145612304,-17.35663588661175,27.37192938909033,-28.2511383153464,53.0,-0.075
FC,-1.23,5.46,"Whitlock, Garrett",676477,ball,L,0,0,0.12,0.61,0.71,1.36,4.525268956587015,-126.68912883975786,-4.974896239711409,0.2950123502657236,27.85245333874011,-24.774062151287023,52.86,0.067
SI,-1.08,5.61,"Whitlock, Garrett",676477,hit_into_play,R,0,1,-1.44,0.94,-0.29,1.85,5.315145525750565,-135.8800638534333,-6.059236889586731,-18.99673172962296,31.885993273341885,-19.41452010777396,53.24,0.442
SI,-1.27,5.68,"Whitlock, Garrett",676477,called_strike,R,0,0,-1.62,0.97,-0.38,2.15,6.032817642452663,-136.88033595393074,-5.623576203846689,-21.62322674004281,34.09775381942487,-18.884082899358468,53.18,-0.032
SI,-1.36,5.44,"Whitlock, Garrett",676477,hit_into_play,L,2,1,-1.43,0.44,-0.06,2.24,6.633374405191439,-135.8265888711747,-3.506173402012802,-19.13829141437549,29.620398226598088,-26.194010031291494,53.22,-0.12
SI,-1.15,5.48,"Whitlock, Garrett",676477,foul,L,2,0,-1.52,0.75,-0.03,3.18,6.345056155462418,-136.1751355999427,-1.892905111353214,-20.328654612881277,27.637397020061314,-22.638793604378456,53.33,-0.022
SI,-1.09,5.41,"Whitlock, Garrett",676477,ball,L,1,0,-1.33,0.62,1.4,1.95,9.529393584318091,-136.51161004292004,-4.728425745844424,-18.58897666636076,27.09375330828519,-23.525141758239712,53.34,0.026
CH,-1.42,5.69,"Whitlock, Garrett",676477,ball,L,0,0,-1.76,0.18,0.43,1.3,7.876938616223951,-121.26242097958784,-4.124469230839724,-18.88328471513538,22.68880211435153,-29.743591904490447,53.03,0.016
SI,-1.28,5.46,"Whitlock, Garrett",676477,called_strike,R,1,2,-1.53,0.79,0.0,1.59,6.89805087591885,-137.63223049659788,-6.383598592138666,-20.951973802499705,25.82017845882409,-21.00362219261125,53.12,-0.116
SI,-1.28,5.49,"Whitlock, Garrett",676477,swinging_strike,R,1,1,-1.28,0.8,-0.2,2.87,5.740898815677172,-136.80310845133224,-2.9595118796951616,-17.288854596029985,27.07166387396461,-21.591344463135783,53.2,-0.04
CH,-1.25,5.64,"Whitlock, Garrett",676477,ball,R,0,1,-1.39,0.09,-0.88,1.65,3.635955396218394,-121.26076819678347,-3.0525783968957314,-14.43915775795696,19.75504302377864,-30.917629375985964,53.12,0.017
SI,-1.51,5.43,"Whitlock, Garrett",676477,called_strike,R,0,0,-1.43,0.79,0.68,2.59,8.907990823229493,-134.96788718229473,-3.2784951541117566,-19.412045124222388,26.518704729023675,-22.000180880783827,53.23,-0.024
SI,-1.2,5.43,"Whitlock, Garrett",676477,hit_into_play,L,2,0,-1.29,0.76,0.4,2.8,7.021156539911737,-135.00437413493634,-2.6342086076392586,-17.294040952654303,28.78292719434133,-22.528617650913827,53.45,-0.324
CH,-1.09,5.66,"Whitlock, Garrett",676477,ball,L,1,0,-1.57,-0.06,0.04,0.95,5.823897309458176,-121.4807405405944,-4.349991340897,-16.720021006470162,24.77072053201071,-32.09233112556921,53.01,0.064
SI,-1.22,5.52,"Whitlock, Garrett",676477,ball,L,0,0,-1.43,0.8,0.92,2.49,8.757084826680783,-135.0122399959595,-3.751443563760821,-19.42740925488696,30.27760427944683,-21.7218572812506,53.24,0.032
SI,-1.41,5.41,"Whitlock, Garrett",676477,hit_into_play,L,0,1,-1.28,0.2,-0.35,1.91,5.6132540128609705,-135.31267405598712,-3.740640616959231,-16.975969724359764,27.158509501232796,-29.086504828049545,53.43,-0.085
CH,-1.05,5.61,"Whitlock, Garrett",676477,swinging_strike,L,0,0,-1.48,0.14,-0.36,1.33,4.539901421741683,-120.29343458624172,-3.602202784378384,-15.217432994833947,21.821072073053905,-30.376733512660167,53.34,-0.015
CH,-1.18,5.6,"Whitlock, Garrett",676477,hit_into_play,L,0,0,-1.44,-0.03,-0.69,2.45,3.995212539172111,-120.80722736266242,-0.6669142955462265,-14.863026805686744,23.350930217361803,-32.53663503907131,53.38,-0.163
SI,-1.25,5.48,"Whitlock, Garrett",676477,swinging_strike,R,3,2,-1.44,0.53,0.06,3.39,6.7458946754171,-137.59759207664396,-1.040032598766897,-19.814727762810183,26.50583228876116,-25.311823820662635,53.36,-0.297
ST,-1.47,5.27,"Whitlock, Garrett",676477,ball,R,2,2,1.11,-0.29,1.1,0.73,3.656057784996011,-116.6866891717616,-2.8465830640437244,9.551464127103683,20.874443234920136,-34.569013914844426,52.98,0.093
SI,-1.32,5.44,"Whitlock, Garrett",676477,called_strike,R,2,1,-1.28,0.66,0.6,2.69,7.7964077407762735,-133.9914321009829,-2.703852747356088,-17.02883068625046,25.01933590838593,-23.7769727042889,53.29,-0.063
SI,-1.19,5.51,"Whitlock, Garrett",676477,called_strike,R,2,0,-1.41,0.89,0.44,2.37,7.34942905101263,-134.17682455382518,-4.160175559169321,-18.604114010999066,28.64058335939896,-20.65776400460924,53.24,-0.057
SI,-1.4,5.41,"Whitlock, Garrett",676477,ball,R,1,0,-1.36,0.7,-0.34,1.2,5.732598142137032,-134.1163347529106,-6.5212774609558,-17.673930553049157,26.68294022541719,-22.58078061837162,53.44,0.064
SI,-1.44,5.54,"Whitlock, Garrett",676477,ball,R,0,0,-1.3,0.49,-0.93,3.01,4.157007789621768,-132.88023534454553,-1.602064876937401,-16.286318462622585,26.424532086498825,-26.24354841339381,53.32,0.032
SI,-1.3,5.36,"Whitlock, Garrett",676477,called_strike,R,3,2,-1.38,0.32,0.36,2.5,7.603072402907402,-138.44577308335823,-2.6726119097419394,-19.365062400241055,28.04431740789819,-27.63309565196276,53.13,-0.305
CH,-1.21,5.54,"Whitlock, Garrett",676477,foul,R,3,2,-1.49,0.22,-0.46,2.45,4.857443726912508,-124.34688825634224,-1.4994330953791672,-16.4488698720619,23.071739819943154,-29.766517335731617,53.35,0.0
CH,-1.19,5.57,"Whitlock, Garrett",676477,blocked_ball,R,2,2,-1.41,0.17,-0.02,0.68,5.737850704036257,-124.63858845468124,-5.728192991632159,-15.828646572655774,24.86961700105441,-29.4616309483796,53.17,0.063
SI,-1.36,5.39,"Whitlock, Garrett",676477,ball,R,1,2,-1.32,0.3,1.17,4.31,9.793187878032567,-138.46076834507986,2.14922922495671,-19.05828840293858,27.791318283547,-28.961300948363835,53.18,0.032
ST,-1.52,5.28,"Whitlock, Garrett",676477,foul,R,1,2,1.09,-0.4,-0.13,2.51,1.0324353359834924,-117.06456378325824,1.357657585102653,9.79523431203391,22.597475532358548,-36.3001748325085,53.02,0.0
ST,-1.56,5.29,"Whitlock, Garrett",676477,foul,R,1,1,1.17,-0.27,-0.01,2.71,1.230317270373516,-116.17672193951071,1.642657429981187,10.283109195541869,22.751908118567265,-35.186507702864766,53.08,-0.087
ST,-1.52,5.27,"Whitlock, Garrett",676477,called_strike,R,1,0,1.11,-0.29,-0.24,2.56,0.7440006025921803,-116.53427030612998,1.3048984357601834,9.989047479383329,21.24320336086888,-35.296451915384026,53.39,-0.054
CH,-1.24,5.5,"Whitlock, Garrett",676477,ball,R,0,0,-1.53,0.01,0.47,0.47,7.272533903407372,-124.94516311599742,-5.847658136102528,-17.436152690369514,22.254376106757444,-31.22422479920628,53.19,0.035
CH,-1.28,5.61,"Whitlock, Garrett",676477,hit_into_play,L,0,0,-1.64,0.05,0.01,1.55,6.455077102324123,-123.92696458295192,-3.439596731927927,-18.237420877864214,21.76636794444247,-31.22726322521862,53.09,-0.327
CH,-1.31,5.51,"Whitlock, Garrett",676477,hit_into_play,R,0,0,-1.6,-0.09,0.04,1.21,6.525486135257829,-124.04681550312284,-3.721081061631104,-17.808331939900444,23.48054532038612,-32.56349567431763,53.14,-0.537
SL,-1.08,5.67,"Whitlock, Garrett",676477,hit_by_pitch,L,1,2,0.07,-0.47,1.96,1.62,7.081536652140671,-123.17347863707164,-2.2345065981288696,-0.6367237336951187,22.69482481087961,-36.805780025002775,53.2,0.472
CH,-1.29,5.62,"Whitlock, Garrett",676477,ball,L,0,2,-1.55,-0.16,0.48,0.03,7.366253328514322,-122.99195538065564,-6.5010548738985126,-17.138336448595012,22.91011312322684,-32.76145470287706,53.16,0.019
SL,-1.34,5.61,"Whitlock, Garrett",676477,foul,L,0,2,0.28,-0.59,0.33,1.98,3.3569247704958265,-120.79915599153604,-0.7266847842627522,2.1664737600434343,20.96918525811197,-38.099269443014215,53.15,0.0
CH,-1.12,5.72,"Whitlock, Garrett",676477,called_strike,L,0,1,-1.5,0.03,-0.77,1.62,3.7861267603254256,-119.2657059238571,-2.84435667001285,-15.113506288652308,21.30671627760328,-31.58616464749193,53.28,-0.047
SL,-1.31,5.61,"Whitlock, Garrett",676477,called_strike,L,0,0,0.12,-0.27,-0.52,3.15,1.5907626916869284,-119.90149077016667,1.3850757486352512,0.9482263507712826,18.73465639785482,-35.15853952356151,53.16,-0.032
ST,-1.62,5.29,"Whitlock, Garrett",676477,hit_into_play,R,2,2,0.62,-0.04,0.59,1.92,3.899749076493261,-119.7182116169521,-1.080152524419422,5.270492199945455,22.188037125699164,-32.52510620404193,52.98,-0.423
SI,-1.3,5.36,"Whitlock, Garrett",676477,called_strike,R,2,1,-1.43,0.53,0.27,2.42,7.441603445504203,-137.73149944308125,-3.2923810716387747,-19.87485177201095,26.43307981716353,-24.92361011470679,53.13,-0.084
ST,-1.55,5.27,"Whitlock, Garrett",676477,ball,R,1,1,0.83,-0.26,2.4,1.7,7.5882209928323165,-120.2920394435928,-1.2268278850612224,6.925940758061134,19.476924984958387,-34.68329171826213,52.91,0.028
ST,-1.5,5.23,"Whitlock, Garrett",676477,ball,R,0,1,0.85,-0.02,1.44,1.34,5.135188502978412,-118.4378751263473,-2.1710387699141185,7.06760669064026,21.60880501697762,-32.13486790926815,52.54,0.056
ST,-1.53,5.3,"Whitlock, Garrett",676477,called_strike,R,0,0,0.79,0.04,-0.2,3.4,1.4805554345813003,-117.31693796468032,2.3804434371194434,7.154479683770777,18.79591727146016,-32.4068704300912,52.6,-0.081
SL,-1.52,5.49,"Whitlock, Garrett",676477,hit_into_play,L,3,1,0.24,-0.48,0.14,2.82,3.485862361225289,-124.36388627649514,0.8702537593438662,1.930286909488629,19.902535481308536,-37.51264369924455,53.45,0.871
CH,-1.32,5.48,"Whitlock, Garrett",676477,ball,L,2,1,-1.4,0.26,-0.12,1.45,5.809806022661989,-124.98861455904267,-3.9594907006297726,-15.832344185074378,22.350521324780978,-28.881824653295435,53.1,0.157
SL,-1.42,5.61,"Whitlock, Garrett",676477,ball,L,1,1,0.12,-0.37,-0.5,3.4,1.934178023871692,-122.96297545766738,1.8708138185497185,0.9333362212835316,20.345085660791398,-36.48503126406416,53.58,0.028
FC,-1.39,5.4,"Whitlock, Garrett",676477,ball,L,0,1,0.05,0.35,2.36,2.4,9.162103560689957,-127.58187869942071,-1.9642932674233329,-1.0267350621563387,22.35116579167791,-28.186865148020104,53.02,0.056
SL,-1.4,5.53,"Whitlock, Garrett",676477,foul,L,0,0,0.13,-0.59,1.0,1.9,5.408199517877638,-122.80520494606635,-1.0278808120401337,0.521875493111944,19.551505903794787,-38.26517952064116,53.28,-0.081
SL,-1.42,5.53,"Whitlock, Garrett",676477,called_strike,L,3,2,0.2,-0.52,-0.47,2.72,1.864724613082388,-124.29752068248445,0.625024111632279,1.8209882201882333,19.443887413060416,-37.94165596578274,53.55,-0.59
CH,-1.2,5.49,"Whitlock, Garrett",676477,blocked_ball,L,2,2,-1.41,0.06,0.87,0.29,8.068784046697514,-126.09878296109775,-6.51280162873479,-16.717798651323196,24.802924618342697,-30.41793041711633,52.82,0.116
SL,-1.53,5.52,"Whitlock, Garrett",676477,foul,L,2,1,0.22,-0.28,0.23,2.14,3.643019250932895,-120.0781047088279,-0.7345870368387164,1.5548314907098866,19.450215193471468,-34.9586945603161,53.32,-0.134
FC,-1.59,5.46,"Whitlock, Garrett",676477,ball,L,1,1,0.03,0.44,0.59,4.6,5.278918719194115,-127.33026431921154,3.247098724570297,-0.758399568700925,27.15308206989877,-28.30483572200878,53.3,0.028
CH,-1.24,5.56,"Whitlock, Garrett",676477,foul,L,1,0,-1.5,-0.06,-0.92,1.78,3.7903355681472215,-122.41550471920831,-2.319954191319929,-15.85769808770756,22.99520345402576,-32.5570027636716,53.37,-0.108
FC,-1.48,5.43,"Whitlock, Garrett",676477,ball,L,0,0,-0.11,0.4,-0.32,4.25,3.0065853091634063,-124.44789450035664,2.7335270240971545,-1.7650727212727546,24.90510515470939,-28.78254016100119,53.35,0.028
SL,-1.37,5.58,"Whitlock, Garrett",676477,swinging_strike_blocked,L,0,2,0.19,-0.49,1.37,0.66,6.076436030969645,-122.84695160558826,-4.176536633660135,0.7952461425922065,23.786698638955755,-36.55230045004947,53.29,-0.364
FC,-1.36,5.48,"Whitlock, Garrett",676477,foul,L,0,1,0.08,0.4,0.7,3.89,4.874851341428273,-126.85056564363714,1.5614844067015727,-0.1111662799498378,25.76653662929581,-28.358934195773145,53.24,-0.135
SL,-1.3,5.71,"Whitlock, Garrett",676477,called_strike,L,0,0,0.15,-0.56,0.66,3.01,4.324488404636604,-121.886051702351,1.3773786017908578,0.6096636597691877,24.558349114414632,-38.297760807896815,52.98,-0.097
CH,-1.26,5.53,"Whitlock, Garrett",676477,hit_into_play,R,3,2,-1.6,0.03,0.09,1.66,6.533668172800943,-125.19492877783574,-3.062513270828456,-18.151810803239023,24.16056629542064,-31.473179459898297,53.42,0.642
CH,-1.19,5.51,"Whitlock, Garrett",676477,ball,R,2,2,-1.58,0.04,0.59,0.93,7.540552937080456,-124.67825031037326,-4.747026299898051,-17.993207909563292,23.33084905819562,-31.025090283019523,53.23,0.083
ST,-1.63,5.38,"Whitlock, Garrett",676477,foul,R,2,1,1.16,-0.1,0.67,2.97,2.9135318529126675,-117.09715010715983,1.6074613054130478,10.03360922623072,24.0202404920808,-33.64448768555521,53.41,-0.074
CH,-1.24,5.57,"Whitlock, Garrett",676477,ball,R,1,1,-1.68,0.07,0.05,0.75,6.436702548932496,-122.3513804528146,-5.043262624590442,-18.18894711171336,23.209894449413262,-30.67094036232024,53.28,0.05
CH,-1.27,5.55,"Whitlock, Garrett",676477,swinging_strike,R,1,0,-1.37,-0.31,0.62,0.76,7.18517555372937,-121.3430666390112,-4.083766623928759,-14.952550216602368,21.71837492369593,-34.70518706544452,53.17,-0.058
ST,-1.67,5.36,"Whitlock, Garrett",676477,ball,R,0,0,1.09,-0.24,-1.15,2.68,-0.9066067987879136,-115.515453611658,1.2964278005325185,9.970810389322766,19.08341787839846,-34.76139291645685,53.65,0.06
SI,-1.33,5.49,"Whitlock, Garrett",676477,hit_into_play,R,0,0,-1.61,0.63,-0.35,1.73,6.124448179846328,-134.79248603571548,-5.287192442698734,-20.92884415893623,28.07573213154357,-23.551716719287956,53.21,0.628
SL,-1.17,5.68,"Whitlock, Garrett",676477,called_strike,L,3,2,0.1,-0.44,0.31,3.26,3.257835426067846,-121.69204252589851,1.6745275007561249,0.4935308487785662,20.366978682916763,-37.0712272484392,53.22,-0.131
SI,-1.14,5.38,"Whitlock, Garrett",676477,ball,L,2,2,-1.17,0.57,1.74,2.12,10.312712175091262,-136.65507409742887,-4.101718931717411,-16.845039658862618,27.96234404132364,-24.35302924440602,52.94,0.043
CH,-1.1,5.55,"Whitlock, Garrett",676477,foul,L,2,2,-1.36,-0.05,0.04,1.47,5.480282585537333,-122.58717559772889,-3.1009687670266928,-14.8437544648924,22.41260954715166,-32.265412999752485,53.0,0.0
CH,-1.11,5.59,"Whitlock, Garrett",676477,ball,L,1,2,-1.55,0.25,-0.59,0.73,4.423283847707863,-123.49285907101724,-5.674497305860554,-16.80050197233534,23.91090299474575,-28.66161396560676,53.12,0.018
SL,-1.31,5.64,"Whitlock, Garrett",676477,foul,L,1,2,0.17,-0.42,0.78,2.32,4.569112072823372,-122.00442599802255,-0.5266740272755612,0.9244122686897048,20.24476664067632,-36.4817258841019,53.32,0.0
CH,-1.18,5.59,"Whitlock, Garrett",676477,foul,L,1,1,-1.37,0.22,-0.05,1.22,5.489636654898353,-123.13796415104966,-4.415713755174308,-15.00379770132982,22.63460611269969,-29.265640716095024,53.11,-0.026
SL,-1.22,5.55,"Whitlock, Garrett",676477,ball,L,0,1,0.06,-0.61,0.25,0.84,3.39738613329896,-123.26573573396172,-3.5863976055803364,0.0177338278375567,20.599330177539304,-38.05405131822447,53.0,0.011
SI,-1.31,5.47,"Whitlock, Garrett",676477,foul,L,0,0,-1.48,0.66,-0.18,2.76,6.3403236283283855,-136.61847877639002,-2.825833734571328,-19.96146788345738,29.111411290690818,-23.443786161071863,53.12,-0.015
CH,-1.22,5.56,"Whitlock, Garrett",676477,swinging_strike,R,2,2,-1.56,0.03,-0.16,0.95,5.760518381391684,-123.95522170758244,-4.718513791547833,-17.25308953527588,22.865649513003483,-31.14273223335969,53.03,-0.142
ST,-1.56,5.28,"Whitlock, Garrett",676477,foul,R,2,2,1.07,-0.12,0.7,2.22,3.081966018968454,-117.49701516699274,0.0642424933503111,9.37231206467413,21.368895638445416,-33.484505735836855,52.74,0.0
ST,-1.72,5.2,"Whitlock, Garrett",676477,foul,R,2,2,1.13,-0.11,0.2,2.45,2.1169850485559416,-115.94259671736944,0.9148026840190346,9.824449438320194,21.358742576343406,-33.54474646419677,53.5,0.0
CH,-1.15,5.56,"Whitlock, Garrett",676477,foul,R,2,1,-1.43,-0.03,0.25,2.01,6.207319739934764,-122.63486354686783,-1.934687013038076,-15.651688888101528,20.857916626344903,-32.30369489870759,53.29,-0.051
SI,-1.23,5.43,"Whitlock, Garrett",676477,called_strike,R,2,0,-1.43,0.61,1.06,2.53,9.259637348053957,-136.28594640494376,-3.2117620448075748,-19.73805902754679,26.242742454191337,-24.081832619021487,53.1,-0.039
ST,-1.57,5.41,"Whitlock, Garrett",676477,ball,R,1,0,0.78,0.13,-0.92,3.8,-0.0276137275304138,-116.64211273775148,2.85301802490891,7.228233287779546,19.02808118106659,-31.605261236668337,53.53,0.045
SI,-1.14,5.5,"Whitlock, Garrett",676477,ball,R,0,0,-1.39,0.55,1.39,2.85,9.830736965567873,-136.71903498606702,-2.496604964962916,-19.36853622915381,23.69745746206837,-24.90339583700551,53.14,0.024
SL,-1.3,5.61,"Whitlock, Garrett",676477,swinging_strike,L,1,2,-0.03,-0.39,1.06,1.7,5.62802666127807,-122.64502440185628,-2.002139741655776,-1.3071394592042789,21.607872387160675,-36.01703209932986,53.44,-0.168
SL,-1.28,5.67,"Whitlock, Garrett",676477,foul,L,1,2,0.12,-0.43,-0.36,2.85,1.902923512204129,-120.68199422847326,0.8371266714394845,0.8396343326368492,21.316288905863967,-36.747307107494926,53.2,0.0
CH,-1.23,5.62,"Whitlock, Garrett",676477,called_strike,L,1,1,-1.38,-0.03,-0.72,2.68,3.9040118989229713,-120.24290635448202,-0.152996486718516,-14.129067152517598,22.24102505947912,-32.6369435236174,53.24,-0.049
FC,-1.31,5.45,"Whitlock, Garrett",676477,ball,L,0,1,0.04,0.35,-0.25,3.4,2.465565526244711,-125.32777171556351,0.7305915398127609,-0.0748506538716653,27.59188690938561,-28.95054268555261,53.27,0.021
SI,-1.07,5.49,"Whitlock, Garrett",676477,foul,L,0,0,-1.47,0.6,0.26,2.1,6.785851276734587,-135.87022705850077,-4.433720404475591,-19.73091918757989,25.405428175470306,-24.02977733048292,53.19,-0.032
