pitch_type,release_pos_x,release_pos_z,player_name,pitcher,description,stand,balls,strikes,pfx_x,pfx_z,plate_x,plate_z,vx0,vy0,vz0,ax,ay,az,release_pos_y,delta_run_exp
SL,-2.8,5.53,"Wingenter, Trey",622259,swinging_strike,R,3,2,0.1,0.02,-0.34,1.56,5.615077821621754,-123.92627560114362,-3.04507116032806,-0.1702350197189375,25.84725230476216,-31.567030952376893,53.79,-0.131
SL,-2.84,5.47,"Wingenter, Trey",622259,ball,R,2,2,0.12,-0.06,0.22,1.37,7.054070821167946,-124.98658770630914,-3.384859024654971,-0.0254228700828728,23.73414377356361,-32.392236695773114,53.7,0.043
SL,-2.9,5.5,"Wingenter, Trey",622259,swinging_strike,R,2,1,0.04,-0.16,0.94,1.39,9.05911855216304,-124.02876207542022,-3.087646431915636,-1.3298051321699418,23.394811906654173,-33.43088898642824,53.63,-0.031
SL,-2.96,5.48,"Wingenter, Trey",622259,ball,R,1,1,0.18,-0.12,-1.04,2.18,4.1564399723847965,-122.63388241004536,-1.091976417019353,1.0624832539734912,22.346884850350506,-33.42818043996243,53.71,0.023
SL,-2.76,5.49,"Wingenter, Trey",622259,ball,R,0,1,0.08,-0.38,1.13,0.92,9.050387421832797,-123.86507826826414,-3.66835286275944,-1.0097381105496894,25.07461583495877,-35.537202758057475,53.7,0.011
FF,-2.7,5.51,"Wingenter, Trey",622259,foul,R,0,0,-0.84,1.17,-0.05,2.59,8.988752942524421,-139.1361907250532,-4.80367427772825,-12.826273571002258,30.189242644278824,-16.004526767319028,53.5,-0.015
SL,-2.97,5.44,"Wingenter, Trey",622259,hit_into_play,L,1,2,0.17,0.03,-0.9,2.07,4.498111388918785,-122.77267675730674,-1.5913222428335048,0.9192890562893932,22.016746056464587,-31.76116724105285,53.92,-0.157
SL,-2.94,5.41,"Wingenter, Trey",622259,ball,L,0,2,0.06,0.0,0.94,0.95,9.104085165210089,-124.3891990098381,-4.290421140291016,-1.068936821382843,23.81675489525624,-31.53604868279708,53.66,0.043
SL,-2.87,5.53,"Wingenter, Trey",622259,swinging_strike,L,0,1,0.15,0.05,1.4,0.82,9.842119733282251,-123.9018816816042,-4.922853286995513,-0.3882730129825882,24.08489658341698,-30.851662843358813,53.63,-0.181
SL,-2.96,5.37,"Wingenter, Trey",622259,swinging_strike,L,0,0,0.04,0.06,0.55,1.49,8.295926611030586,-124.82153224585248,-3.052962888084873,-1.186096156158944,24.309566902690797,-31.133592707196872,53.72,-0.101
FF,-2.67,5.58,"Wingenter, Trey",622259,hit_into_play,R,1,0,-0.85,1.35,-0.77,2.61,7.092278195694989,-140.68555752980407,-5.517187616569041,-12.93600030014775,32.361606857487075,-13.17628722363522,53.49,1.835
SL,-2.7,5.52,"Wingenter, Trey",622259,ball,R,0,0,0.26,-0.25,-0.82,3.01,3.901176586671686,-122.88770616710669,0.9951478066341212,1.9172851421977253,22.83550297436344,-35.14096643867421,53.75,0.113
FF,-2.85,5.48,"Wingenter, Trey",622259,ball,L,3,1,-0.87,1.37,-1.56,3.0,5.397062543156308,-139.3739420386355,-4.061709051638917,-12.536974562855503,31.28807153965104,-13.61131014154535,53.8,0.38
FF,-2.82,5.54,"Wingenter, Trey",622259,called_strike,L,3,0,-0.78,1.35,-0.06,2.47,9.142432312829616,-138.5999804125631,-5.54270764549229,-12.0934678798321,29.44428780216933,-13.72990974851545,53.53,-0.138
FF,-2.81,5.54,"Wingenter, Trey",622259,ball,L,2,0,-0.78,1.32,-1.01,2.52,6.640782754962373,-140.7352209142443,-5.569700660007936,-11.777066144259038,30.331567405616187,-13.575758582132288,53.61,0.207
SL,-2.82,5.48,"Wingenter, Trey",622259,blocked_ball,L,1,0,0.1,-0.16,1.59,0.04,10.269487780123958,-124.63197511750532,-6.294298365993814,-0.9284925410665666,24.230727187615663,-32.79320930242006,53.84,0.096
FF,-2.93,5.47,"Wingenter, Trey",622259,ball,L,0,0,-0.94,1.02,-0.7,1.54,8.121167459430412,-139.41633648698843,-7.219479084220654,-13.99080837896808,27.62532141634881,-17.481220755792755,53.58,0.051
FF,-2.79,5.51,"Wingenter, Trey",622259,hit_into_play,L,0,0,-0.77,1.25,-0.26,2.91,8.57072666485114,-139.69923494625456,-4.196680836148636,-11.996791966818003,29.487814841577688,-15.04564622707646,53.55,0.494
FF,-2.62,5.55,"Wingenter, Trey",622259,hit_into_play,L,3,2,-0.7,0.99,0.05,2.2,8.887561381969784,-141.5972336453467,-5.80609332310187,-11.434281730593904,32.54129442493845,-17.641045011816228,53.52,0.218
SL,-2.87,5.52,"Wingenter, Trey",622259,ball,L,2,2,0.05,-0.04,0.12,1.46,6.995616852388878,-124.27234833015854,-3.1213159206860115,-1.1160502408391877,28.08006075709124,-32.13328454817406,53.73,0.069
SL,-2.93,5.52,"Wingenter, Trey",622259,foul,L,2,2,0.07,-0.16,0.25,0.92,7.366189576462289,-124.34386376302596,-4.289734549907722,-0.5695860459965696,22.716533439319885,-33.26397083860334,53.98,0.0
SL,-2.81,5.42,"Wingenter, Trey",622259,ball,L,1,2,0.05,-0.08,0.96,1.03,8.945030303979486,-125.34590465313649,-4.065773489986648,-1.2521108120645037,25.167015377503056,-32.40407323024628,53.56,0.026
FF,-2.91,5.58,"Wingenter, Trey",622259,swinging_strike,L,1,1,-0.68,1.26,0.24,3.06,9.982232432552696,-140.0705529508721,-4.035416109917003,-11.1279567523114,30.13165447057897,-14.8302814566314,53.66,-0.04
SL,-2.8,5.51,"Wingenter, Trey",622259,ball,L,0,1,-0.05,0.06,0.7,0.1,8.437387599178837,-124.66259060568264,-6.664805833824746,-2.272722356939717,25.86188976149081,-30.28309561065165,53.8,0.017
SL,-2.86,5.51,"Wingenter, Trey",622259,swinging_strike,L,0,0,0.03,0.06,0.98,1.79,8.977665792122288,-123.84900469810444,-2.580346294528775,-1.3933658493124577,24.075342407609803,-31.248608063534963,53.94,-0.024
FF,-2.68,5.64,"Wingenter, Trey",622259,called_strike,L,2,2,-0.92,1.14,0.21,1.81,9.882752877190384,-140.31642270733477,-7.346260757466516,-14.276828399685147,28.75082205364463,-15.623504030215177,53.54,-0.204
SL,-2.87,5.54,"Wingenter, Trey",622259,foul,L,2,2,0.09,0.02,-0.43,1.94,5.559720498425987,-123.307754890762,-2.093331741526012,-0.2059720821839762,24.907298131222124,-31.76179498859074,53.89,0.0
SL,-2.85,5.57,"Wingenter, Trey",622259,swinging_strike,L,2,1,0.1,-0.1,0.3,1.85,7.2160538445539375,-123.67296768532324,-2.24660681643684,-0.2952196232719176,23.039361369191937,-32.94114538516515,54.0,-0.063
FF,-2.71,5.54,"Wingenter, Trey",622259,ball,L,1,1,-0.98,1.26,0.85,1.96,11.782200416237306,-139.15454556693012,-6.825794298487274,-15.33009131211595,29.23739249396644,-14.308223037502268,53.43,0.05
SL,-2.82,5.58,"Wingenter, Trey",622259,ball,L,0,1,0.06,-0.17,0.43,1.14,7.537379862903145,-124.00605918790195,-3.8613263159573616,-0.7709082886876293,22.831664099533093,-33.361330673543186,53.98,0.021
FF,-2.68,5.59,"Wingenter, Trey",622259,foul,L,0,0,-0.94,1.13,-0.44,1.92,8.137777215525647,-139.3463657773199,-6.703896369060125,-14.048323544162722,31.09952326822777,-16.13448824897419,53.59,-0.032
FF,-2.6,5.61,"Wingenter, Trey",622259,hit_into_play,R,2,2,-0.84,1.38,-0.65,1.58,7.2222831285596385,-140.90795283360407,-8.459518456514587,-12.872015440558414,32.08802659494447,-11.973582142463057,53.58,-0.328
SL,-2.72,5.49,"Wingenter, Trey",622259,ball,R,1,2,0.22,0.13,1.85,0.78,10.474543404072994,-124.95857692766606,-5.228313700742808,0.2277912074080305,24.925158277927927,-29.89142576390023,53.71,0.012
SL,-2.63,5.56,"Wingenter, Trey",622259,ball,R,0,2,0.25,0.13,1.47,0.92,9.296385388093524,-125.35073280733567,-5.099066193749818,0.7830708059541147,24.94165133642159,-29.9457117375676,53.75,0.009
SL,-2.75,5.51,"Wingenter, Trey",622259,foul,R,0,1,0.14,-0.14,0.49,2.22,7.34006173494736,-122.74082360272978,-0.994335588029966,-0.0499007566196097,24.526459190609746,-33.638891185259176,53.61,-0.068
FF,-2.49,5.69,"Wingenter, Trey",622259,foul,R,0,0,-0.55,1.31,0.09,2.75,8.177272029156162,-140.0670925826008,-5.253610358309244,-9.09129089434149,31.54653864462382,-13.919022997523465,53.67,-0.073
SL,-2.73,5.46,"Wingenter, Trey",622259,hit_into_play,L,1,0,0.05,0.04,0.32,2.17,7.198941942614506,-124.87912106772,-1.6511966082834366,-0.8283717760333863,23.19409585874835,-31.627860005259983,53.65,-0.116
SL,-2.63,5.46,"Wingenter, Trey",622259,ball,L,0,0,0.02,0.07,1.49,-0.05,9.828488751100735,-125.06821163191374,-6.997617741487018,-1.8445271634684184,25.80504983823196,-30.14763536259829,53.64,0.016
FF,-2.48,5.53,"Wingenter, Trey",622259,hit_into_play,R,3,1,-0.61,1.21,0.63,3.02,9.698855864238414,-139.0971029613611,-3.7692099600719073,-10.060551464599932,30.170427993402463,-15.825273719304704,53.57,2.417
FF,-2.33,5.67,"Wingenter, Trey",622259,ball,R,2,1,-0.57,1.31,-0.87,3.43,5.141540365717244,-138.40830448509996,-3.197966368790632,-8.459393564515292,31.173455145344008,-14.885954323483714,53.69,0.157
FF,-2.34,5.58,"Wingenter, Trey",622259,ball,R,1,1,-0.49,1.22,1.57,3.07,11.53203177997488,-138.54046427732598,-3.730202173962893,-8.844204971974172,30.617091418894365,-15.799546488604758,53.52,0.028
FF,-2.32,5.7,"Wingenter, Trey",622259,ball,R,0,1,-0.57,1.18,-0.13,4.37,7.081500619239736,-138.21576381424893,-0.4625019370572997,-8.948071398375621,31.2558480534226,-17.212895929078837,53.64,0.056
FF,-2.37,5.61,"Wingenter, Trey",622259,swinging_strike,R,0,0,-0.59,1.35,-0.35,3.19,6.756533719687504,-139.64377632509664,-3.913546848523934,-9.2266887071393,31.253978929125072,-13.872546231950883,53.53,-0.081
SL,-2.53,5.53,"Wingenter, Trey",622259,swinging_strike,R,2,2,0.14,0.07,0.72,1.37,7.593290341573886,-126.8875298261798,-4.018117098344431,-0.0204827115873281,26.264386954173148,-30.764277774368463,53.62,-0.475
FF,-2.42,5.56,"Wingenter, Trey",622259,foul,R,2,2,-0.8,1.21,0.21,2.95,8.96539988212193,-140.9538870482854,-4.295928057660744,-12.579650928428077,28.44871666429489,-15.141704360890529,53.48,0.0
FF,-2.3,5.62,"Wingenter, Trey",622259,foul,R,2,2,-0.78,1.36,0.82,1.99,10.28804242863404,-141.5813235144969,-7.478442359960307,-12.557899259596276,27.75144038466209,-12.297740359019416,53.57,0.0
SL,-2.49,5.44,"Wingenter, Trey",622259,blocked_ball,R,1,2,-0.06,-0.15,1.2,0.64,8.962200767456556,-125.16637768760614,-4.8294913415701295,-2.598603238732056,27.100961784911224,-32.84643113195523,53.66,0.032
FF,-2.34,5.56,"Wingenter, Trey",622259,foul,R,1,2,-0.69,1.31,0.48,3.12,9.181616808157267,-140.68275589042275,-4.002586913951792,-11.09033311481003,29.49767449347036,-14.048980947779013,53.66,0.0
SL,-2.43,5.52,"Wingenter, Trey",622259,blocked_ball,R,0,2,-0.03,0.1,1.68,0.3,9.974057369800889,-125.69431470892197,-6.472856856696094,-2.4582736060117707,26.722628107354343,-29.921458103829867,53.6,-0.046
SL,-2.52,5.58,"Wingenter, Trey",622259,swinging_strike,R,0,1,0.17,0.03,-0.09,2.6,5.498202101759253,-126.09714722254196,-1.034074337030995,0.7878685309864069,23.52608152640536,-31.837719515917648,53.79,-0.09
FF,-2.3,5.61,"Wingenter, Trey",622259,called_strike,R,0,0,-0.77,1.26,0.39,3.27,9.086329887853491,-141.1421601213973,-3.6699552010570415,-12.3183778472779,29.46609852319005,-14.5969365663383,53.5,-0.081
FF,-2.53,5.55,"Wingenter, Trey",622259,hit_into_play,L,0,0,-0.71,1.1,0.19,2.97,8.919139410516253,-139.44215978205256,-3.773018345738985,-11.21240523371136,30.14793822349672,-17.152154755566066,53.48,-0.516
FF,-2.26,5.68,"Wingenter, Trey",622259,ball,R,3,1,-0.61,1.21,1.44,1.93,11.303099955016846,-139.38725626555149,-7.162214012097975,-10.412124800316157,29.021946339334207,-14.95338625093093,53.56,0.385
SL,-2.63,5.59,"Wingenter, Trey",622259,blocked_ball,R,2,1,0.11,-0.13,1.29,0.66,9.081833424021935,-124.33167064806456,-5.073686552194923,-0.6728254242956886,25.218106598149312,-32.703777127614536,53.75,0.158
FF,-2.35,5.59,"Wingenter, Trey",622259,ball,R,1,1,-0.76,1.05,1.48,2.26,12.009115852430408,-139.72272429809033,-5.704779209296789,-12.590549846892408,29.46277862468595,-17.231130105322002,53.61,0.074
FF,-2.36,5.73,"Wingenter, Trey",622259,ball,R,0,1,-0.59,1.14,-1.48,3.73,3.74514287298126,-140.9569689109457,-2.468336915933125,-8.733950803345262,28.404286991441456,-16.478821560873644,53.86,0.057
FF,-2.55,5.63,"Wingenter, Trey",622259,called_strike,R,0,0,-0.75,1.14,0.0,2.94,8.634035768423287,-140.6401687426921,-4.315824005538982,-11.743658283293936,28.12562142904272,-16.172399008207083,53.51,-0.064
FF,-2.44,5.68,"Wingenter, Trey",622259,hit_into_play,R,1,0,-0.71,1.42,-0.27,1.74,7.455029648919428,-139.64910253634167,-8.16543995277813,-10.95568391785711,32.20701228468899,-11.885344848947286,53.47,0.378
FF,-2.29,5.64,"Wingenter, Trey",622259,ball,R,0,0,-0.69,1.48,1.33,1.75,11.324463621657696,-140.0916608045293,-8.202951600219409,-11.72240278440571,32.31619490018486,-10.954427726075352,53.48,0.032
